efficacy,coverage,vacc_start,vacc_window,durability,vacc_type,infected,death
0,0,0,1,0,none,"[[0.01, 0.009218546420913139, 0.008861068736292907, 0.008775059817687893, 0.008868449567113188, 0.009085566642598953, 0.009392725835453884, 0.009769579362513532, 0.01020392074925149, 0.010688557960127241, 0.011219427672209735, 0.011794454821549486, 0.01241286036989116, 0.01307473923798244, 0.013780801593045011, 0.014532213342499456, 0.015330497248638431, 0.016177471404884368, 0.017075211011260007, 0.018026024912779593, 0.019032441690730168, 0.020097202103860835, 0.021223255891617485, 0.022413761690599995, 0.023672089267678893, 0.025001823552230237, 0.026406770123903474, 0.0278909619222187, 0.029458667014792144, 0.031114397307029994, 0.032862918106752514, 0.03470925847791946, 0.03665872233179582, 0.038716900213603696, 0.04088968174924401, 0.04318326872085063, 0.04560418874227044, 0.04815930950636851, 0.05085585357554032, 0.053701413685096885, 0.05670396852634194, 0.05987189897221747, 0.06321400470335627, 0.06673952118623344, 0.07045813694781788, 0.07438001108264218, 0.07851579091847727, 0.08287662975574639, 0.08747420458336572, 0.09232073365977261, 0.09742899383240862, 0.1028123374517711, 0.10848470871724297, 0.11446065927116116, 0.1207553628349035, 0.1273846286560802, 0.13436491350913746, 0.14171333196276228, 0.14944766459638129, 0.15758636381476449, 0.16614855687429467, 0.17515404569691106, 0.18462330300818783, 0.1945774642946363, 0.2050383150323613, 0.21602827259497728, 0.2275703622036132, 0.23968818623643465, 0.252405886170032, 0.2657480963810605, 0.2797398889946173, 0.29440670892712834, 0.30977429823730734, 0.325868608870567, 0.34271570286184566, 0.36034163905114663, 0.3787723453673779, 0.39803347575178816, 0.4181502508251113, 0.4391472814553657, 0.46104837445921193, 0.483876319772124, 0.5076526585547252, 0.5323974318678898, 0.5581289097509348, 0.5848633007785741, 0.6126144424561186, 0.6413934731410165, 0.6712084865539151, 0.7020641703647744, 0.7339614308088129, 0.7668970058015088, 0.800863069578128, 0.8358468324760239, 0.8718301400997959, 0.9087890767504644, 0.946693578647668, 0.9855070631133946, 1.0251860804990294, 1.065679996204002, 1.106930710631034, 1.148872425324841, 1.191431463821475, 1.2345261558668352, 1.278066793617858, 1.321955668192331, 1.3660871944594901, 1.4103481312437067, 1.4546179031332624, 1.4987690288378521, 1.5426676595228732, 1.586174228776141, 1.6291442138544567, 1.671429005645828, 1.7128768824119087, 1.7533340798994037, 1.7926459478938694, 1.8306581808082114, 1.8672181075311234, 1.9021760235910312, 1.935386546802119, 1.9667099760303823, 1.9960136316215034, 2.023173155429467, 2.0480737483211686, 2.070611323535916, 2.0906935553576638, 2.1082408041987026, 2.12318690136117, 2.1354797793813076, 2.145081936895972, 2.1519707303108233, 2.1561384880920067, 2.1575924471376347, 2.1563545142987675, 2.152460859600987, 2.145961350963073, 2.136918843126095, 2.125408336016599, 2.111516019811372, 2.0953382255076067, 2.0769803008104746, 2.0565554316289667, 2.034183429437966, 2.009989504253715, 1.9841030420290013, 1.9566564039621153, 1.9277837635960693, 1.8976199957322244, 1.8662996291668172, 1.833955873149822, 1.8007197253287437, 1.7667191668348519, 1.7320784481479181, 1.6969174674810488, 1.6613512416939675, 1.6254894681963257, 1.5894361749587202, 1.5532894546164613, 1.517141277730836, 1.4810773795595658, 1.4451772141720802, 1.409513969411874, 1.3741546360403463, 1.3391601243750202, 1.3045854218397133, 1.270479785054709, 1.2368869603912607, 1.2038454272778496, 1.171388658957834, 1.1395453958434485, 1.108339927075308, 1.0777923763673307, 1.0479189886838818, 1.0187324147503918, 0.9902419908338749, 0.9624540116404602, 0.9353719945594636, 0.9089969338352, 0.8833275435672557, 0.858360488726882, 0.8340906036318226, 0.8105110975452112, 0.7876137472575374, 0.765389076675884, 0.7438265235836422, 0.7229145938488977, 0.7026410034528541, 0.682992808783261, 0.6639565256940307, 0.6455182378731679, 0.6276636950888019, 0.6103784018993708, 0.5936476974205789, 0.5774568267402193, 0.5617910045637317, 0.5466354716597347, 0.5319755446568452, 0.5177966597218749, 0.5040844106258225, 0.4908245816786988, 0.47800317598776654, 0.4656064394667579, 0.4536208809965056, 0.44203328911053286, 0.4308307455527922, 0.420000636029144, 0.40953065844949793, 0.39940882893393864, 0.38962348583370404, 0.38016329199664367, 0.3710172354867865, 0.3621746289488994, 0.35362510779141043, 0.3453586273447844, 0.33736545913733385, 0.32963618641648523, 0.32216169903064945, 0.31493318777501067, 0.30794213829369693, 0.3011803246208657, 0.29463980243417637, 0.28831290208586563, 0.28219222146913914, 0.27627061877078674, 0.27054120515476565, 0.2649973374159296, 0.25963261063805887, 0.2544408508858266, 0.2494161079562749, 0.244552648211733, 0.23984494751284843, 0.23528768426749222, 0.23087573260870226, 0.22660415571252168, 0.22246819926453928, 0.21846328508212615, 0.21458500489776075, 0.21082911430742446, 0.2071915268868116, 0.2036683084770149, 0.2002556716404022, 0.19694997028658204, 0.19374769446764542, 0.19064546534126411, 0.18764003029970505, 0.18472825826237974, 0.18190713512917764, 0.17917375939152416, 0.17652533789785171, 0.17395918176996822, 0.17147270246664764, 0.16906340799064337, 0.16672889923523743, 0.1644668664663773, 0.16227508593641785, 0.16015141662547322, 0.15809379710638974, 0.15610024252937424, 0.15416884172234857, 0.15229775440315058, 0.1504852084997604, 0.14872949757479903, 0.14702897835061973, 0.145382068331394, 0.14378724351867794, 0.14224303621703321, 0.1407480329263682, 0.13930087231775712, 0.13790024328958952, 0.13654488310099708, 0.13523357557959945, 0.13396514940070547, 0.13273847643519998, 0.1315524701634392, 0.13040608415256952, 0.1292983105947738, 0.12822817890403934, 0.12719475436912578, 0.12619713686049824, 0.12523445958907162, 0.12430588791469313, 0.12341061820236843, 0.12254787672431164, 0.12171691860597415, 0.1209170268142778, 0.12014751118634699, 0.1194077074971015, 0.11869697656413544, 0.11801470338837092, 0.11736029632903429, 0.1167331863115611, 0.11613282606709159, 0.11555868940227208, 0.1150102704981295, 0.11448708323683579, 0.113988660555227, 0.11351455382398709, 0.11306433225145157, 0.11263758231102743, 0.11223390719126704, 0.11185292626767264, 0.11149427459534485, 0.11115760242162534, 0.1108425747179173, 0.11054887072990074, 0.11027618354539108, 0.11002421967911925, 0.10979269867374121, 0.10958135271641149, 0.10938992627028252, 0.10921817572031627, 0.10906586903281926, 0.10893278542813496, 0.1088187150659495, 0.10872345874268803, 0.10864682760049892, 0.10858864284734229, 0.10854873548771787, 0.1085269460635843, 0.10852312440503913, 0.10853712939034431, 0.10856882871489744, 0.10861809866876307, 0.10868482392239265, 0.10876889732017421, 0.10887021968146583, 0.10898869960877852, 0.10912425330278525, 0.10927680438384389, 0.10944628371973184, 0.10963262925929944, 0.10983578587175885, 0.11005570519133341, 0.11029234546700063, 0.11054567141706993, 0.1108156540883433, 0.11110227071961401, 0.11140550460926502, 0.1117253449867349, 0.11206178688762448, 0.11241483103222337, 0.11278448370724004, 0.11317075665052419, 0.11357366693857447, 0.11399323687662863, 0.114429493891137, 0.11488247042442425, 0.11535220383134659, 0.11583873627775604, 0.1163421146405848, 0.11686239040936633, 0.11739961958901153, 0.11795386260366096, 0.11852518420143544, 0.11911365335990969, 0.11971934319213486, 0.12034233085303736, 0.12098269744602251, 0.12164052792961279, 0.1223159110239512, 0.12300893911700135, 0.12371970817027607, 0.12444831762392773, 0.12519487030103296, 0.12595947231090565]]","[[0, 6.376880005047202e-05, 0.00012384871691641303, 0.0001825152146708144, 0.00024124551299550023, 0.00030103455005925893, 0.0003625855199138157, 0.0004264251756720361, 0.0004929739623078232, 0.0005625889920522516, 0.0006355906618758741, 0.0007122793937595005, 0.0007929463918747008, 0.0008778807609041452, 0.0009673744003980305, 0.0010617255322944257, 0.0011612413835287083, 0.0012662403438432925, 0.0013770537970989255, 0.0014940277506151109, 0.0016175243421784067, 0.0017479232768733244, 0.0018856232289237514, 0.0020310432331460742, 0.0021846240839191967, 0.0023468297552701254, 0.002518148852848274, 0.0026990961066648204, 0.0028902139121674206, 0.0030920739262966803, 0.0033052787244985385, 0.0035304635241632507, 0.0037682979795729686, 0.0040194880531299335, 0.004284777967380887, 0.004564952242132271, 0.004860837820751237, 0.005173306289558225, 0.005503276194028542, 0.005851715455324442, 0.006219643890468175, 0.006608135839232694, 0.007018322900563024, 0.007451396781040398, 0.007908612257555524, 0.008391290255959092, 0.008900821046998693, 0.00943866756032318, 0.010006368816728962, 0.010605543478128483, 0.011237893513928723, 0.011905207981606492, 0.012609366918246002, 0.01335234533865083, 0.014136217334344281, 0.014963160266316186, 0.015835459042746657, 0.016755510471124176, 0.01772582767216222, 0.01874904454069086, 0.01982792023624282, 0.020965343683353278, 0.022164338058635234, 0.023428065238465086, 0.024759830177604643, 0.02616308518528643, 0.027641434061191975, 0.029198636049353657, 0.03083860956330956, 0.03256543563084231, 0.03438336100134772, 0.036296800853324485, 0.03831034103367772, 0.04042873975452168, 0.04265692866699687, 0.045000013225341376, 0.04746327224814872, 0.050052156577492, 0.05277228673050193, 0.055629449432177756, 0.058629592912829334, 0.0617788208487601, 0.06508338482079204, 0.06854967516221401, 0.07218421006593698, 0.07599362282031664, 0.0799846470445303, 0.0841640997978612, 0.08853886244305512, 0.09311585915238325, 0.09790203295648771, 0.10290431925080783, 0.10812961669267955, 0.11358475544432732, 0.11927646274314847, 0.1252113258110872, 0.13139575214959529, 0.1378359273056784, 0.14453777023771422, 0.15150688645686072, 0.15874851917056323, 0.16626749870836802, 0.1740681905662392, 0.18215444246295112, 0.19052953085980795, 0.19919610745165975, 0.2081561461915093, 0.2174108914613603, 0.22696080804665308, 0.23680553360890214, 0.24694383437920178, 0.2573735648123507, 0.26809163194581176, 0.2790939651981044, 0.2903754923163004, 0.30193012214118164, 0.3137507348008266, 0.325829179868904, 0.3381562829332576, 0.3507218609145043, 0.3635147463549256, 0.3765228207670646, 0.389733056991777, 0.40313157037013453, 0.41670367838598277, 0.4304339682898167, 0.44430637207377444, 0.4583042480357674, 0.47241046805170267, 0.4866075095717488, 0.5008775512725472, 0.5152025712345265, 0.5295644464737322, 0.5439450526418242, 0.5583263627163577, 0.5726905435356364, 0.5870200490870765, 0.6012977095332578, 0.615506815053207, 0.6296311936850357, 0.6436552824765787, 0.6575641913796999, 0.6713437594578949, 0.6849806031122601, 0.6984621561645037, 0.7117767017644079, 0.7249133962103397, 0.7378622848827973, 0.7506143105907541, 0.7631613147174128, 0.7754960316250364, 0.7876120768374013, 0.7995039295631122, 0.8111669101539416, 0.8225971531101994, 0.833791576250875, 0.8447478466610834, 0.8554643440144969, 0.8659401218453338, 0.876174867314524, 0.8861688599792816, 0.8959229300358311, 0.9054384164627316, 0.9147171254482778, 0.9237612894408723, 0.932573527116968, 0.9411568045179423, 0.9495143975657357, 0.9576498561277546, 0.9655669697648116, 0.9732697352620077, 0.9807623260116335, 0.9880490632894681, 0.9951343894412726, 1.0020228429747886, 1.008719035534012, 1.015227630716816, 1.0215533246839263, 1.027700828496648, 1.0336748521123587, 1.0394800899604357, 1.0451212080167307, 1.0506028322917538, 1.0559295386461558, 1.0611058438467276, 1.0661361977767703, 1.0710249767161766, 1.0757764776087402, 1.080394913236939, 1.0848844082276061, 1.0892489958153793, 1.0934926152945443, 1.0976191100937367, 1.1016322264119027, 1.1055356123578761, 1.1093328175398323, 1.1130272930547365, 1.1166223918316316, 1.120121369286222, 1.1235273842476632, 1.1268435001217598, 1.1300726862578978, 1.1332178194899691, 1.1362816858243157, 1.1392669822502934, 1.1421763186514617, 1.145012219797632, 1.1477771274000703, 1.1504734022140481, 1.1531033261746844, 1.1556691045536187, 1.1581728681255257, 1.1606166753348068, 1.1630025144540173, 1.1653323057266785, 1.1676079034881326, 1.1698310982589841, 1.1720036188064926, 1.1741271341700028, 1.1762032556471531, 1.1782335387381846, 1.1802194850461936, 1.1821625441316324, 1.1840641153197708, 1.1859255494601955, 1.1877481506377385, 1.1895331778345113, 1.1912818465429593, 1.1929953303300695, 1.1946747623530403, 1.1963212368268905, 1.1979358104446107, 1.1995195037505806, 1.201073302468068, 1.20259815878171, 1.2040949925759359, 1.2055646926303503, 1.2070081177731324, 1.2084260979935386, 1.209819435514619, 1.211188905827274, 1.2125352586867815, 1.2138592190729312, 1.2151614881148964, 1.2164427439819685, 1.2177036427412655, 1.2189448191835148, 1.2201668876179899, 1.2213704426376637, 1.2225560598556187, 1.2237242966137327, 1.2248756926646318, 1.2260107708278822, 1.2271300376213614, 1.2282339838687286, 1.229323085283883, 1.230397803033274, 1.2314585842769024, 1.2325058626888217, 1.2335400589579255, 1.2345615812697783, 1.2355708257702231, 1.2365681770114747, 1.2375540083813783, 1.2385286825164958, 1.2394925516996518, 1.2404459582425527, 1.2413892348540672, 1.242322704994736, 1.2432466832180562, 1.244161475499066, 1.2450673795507348, 1.245964685128645, 1.2468536743244327, 1.2477346218484342, 1.2486077953019732, 1.2494734554397002, 1.2503318564223833, 1.2511832460605328, 1.2520278660492268, 1.25286595219449, 1.2536977346315654, 1.2545234380354011, 1.2553432818236665, 1.2561574803525972, 1.2569662431059543, 1.2577697748773737, 1.2585682759463728, 1.2593619422482643, 1.260150965538224, 1.2609355335497436, 1.2617158301476952, 1.2624920354762197, 1.263264326101648, 1.2640328751506522, 1.2647978524438142, 1.2655594246247983, 1.2663177552852984, 1.2670730050859296, 1.2678253318732242, 1.268574890792888, 1.2693218343994603, 1.2700663127625256, 1.2708084735696086, 1.271548462225885, 1.2722864219508319, 1.27302249387194, 1.2737568171156017, 1.2744895288952844, 1.275220764597097, 1.27595065786285, 1.276679340670707, 1.2774069434135222, 1.2781335949749495, 1.278859422803414, 1.2795845529840268, 1.2803091103085191, 1.2810332183432749, 1.2817569994955331, 1.2824805750778288, 1.2832040653707397, 1.2839275896840023, 1.2846512664160579, 1.285375213112087, 1.286099546520589, 1.2868243826485588, 1.2875498368153115, 1.2882760237050075, 1.2890030574179177, 1.2897310515204814, 1.2904601190941916, 1.291190372783355, 1.2919219248417588, 1.2926548871782875, 1.2933893714015172, 1.2941254888633287, 1.294863350701563, 1.2956030678817547, 1.2963447512379682, 1.2970885115127642, 1.2978344593963216, 1.2985827055647394, 1.299333360717538, 1.3000865356143825, 1.3008423411110481, 1.3016008881946426, 1.3023622880181052, 1.3031266519339955, 1.3038940915275874, 1.30466471864928, 1.3054386454463365, 1.3062159843939625, 1.3069968483257324, 1.3077813504633706, 1.308569604445895, 1.309361724358128, 1.3101578247585797, 1.3109580207067053, 1.3117624277895397, 1.3125711621477094, 1.3133843405008219, 1.3142020801722303, 1.315024499113172, 1.3158517159262766, 1.3166838498884372, 1.3175210209730428]]"
50.0,80.0,4,30,90,I0-S0,"[[0.01, 0.009218546420913139, 0.008861068736292907, 0.008775059817687893, 0.008868448502353592, 0.009085509765466605, 0.009391907719397649, 0.009765761923199437, 0.010192729470973914, 0.010663081652941274, 0.011169942129994129, 0.01170822181132857, 0.012273972047916443, 0.012863989236396782, 0.0134755709127382, 0.01410636355225371, 0.014754266289500346, 0.015417369094236933, 0.016093912478407153, 0.01678226089763663, 0.01748088504495911, 0.01818835004755191, 0.01890330766534865, 0.0196244912484524, 0.020350712613300688, 0.02108086024919275, 0.021813898428363857, 0.022548866900447877, 0.023284880927206097, 0.024021131468337047, 0.024756885371363394, 0.025491485452324027, 0.026224350381811354, 0.026954974314281017, 0.02768292621842433, 0.028407951173731665, 0.02913099635092741, 0.029854734098221574, 0.030582919418790783, 0.03131988206030306, 0.032070200292013455, 0.03283849496064185, 0.03362930373689121, 0.03444700897217947, 0.03529580134461887, 0.036179667231248866, 0.03710239157980515, 0.038067570642416615, 0.039078630701832276, 0.040138850140887486, 0.04125138305488916, 0.042419283200883576, 0.043645527495133986, 0.04493303856328148, 0.04628470605282275, 0.04770340655995672, 0.04919202212033166, 0.05075345727845357, 0.05239065479261519, 0.054106610057774215, 0.055904384342643595, 0.05778711694285346, 0.05975803635194637, 0.06182047054802648, 0.0639778564874358, 0.06623374888883528, 0.06859182838220469, 0.07105590908801449, 0.0736299456824859, 0.07631803999565044, 0.07912444717997434, 0.0820535814786973, 0.08511002161477485, 0.0882985158134103, 0.09162398646359605, 0.0950915344168212, 0.0987064429141068, 0.10247418112575685, 0.10640040728162045, 0.11049097136320753, 0.11475191732264724, 0.11918948478719125, 0.12381011020171306, 0.12862042735541504, 0.13362726723270926, 0.1388376571219732, 0.1442588189095936, 0.14989816648040216, 0.15576330213928713, 0.16186201196245253, 0.16820225998052085, 0.1747921810894732, 0.18164007257933995, 0.18875438416465606, 0.19614370639504802, 0.2038167573190085, 0.2117823672690388, 0.22004946163200606, 0.22862704146490562, 0.23752416181337213, 0.24674990758841364, 0.25631336685611883, 0.266223601395704, 0.2764896143834294, 0.28712031506384894, 0.2981244802757986, 0.3095107127087315, 0.321287395775735, 0.33346264500308187, 0.3460442558527608, 0.3590396479143697, 0.37245580542631557, 0.3862992141137065, 0.40057579436189483, 0.41529083078054546, 0.4304488982535491, 0.44605378461520956, 0.46210841014298665, 0.4786147441116776, 0.49557371871319533, 0.5129851407098769, 0.5308476012572412, 0.5491583844038997, 0.567913374851355, 0.5871069656339826, 0.6067319664587287, 0.6267795135238986, 0.6472389817156563, 0.6680979001580875, 0.6893418721663062, 0.7109545007203678, 0.7329173206387671, 0.7552097386820033, 0.7778089828569443, 0.8006900622192985, 0.8238257384821612, 0.8471865107311589, 0.8707406145190435, 0.8944540365627665, 0.9182905461923785, 0.9422117446021812, 0.9661771328294323, 0.9901441992340666, 1.01406852707442, 1.0379039225695146, 1.0616025636094595, 1.0851151690240546, 1.1083911880485957, 1.13137900933881, 1.1540261885881165, 1.1762796934950766, 1.1980861645225844, 1.2193921895892146, 1.2401445905436925, 1.2602907190024235, 1.279778758884144, 1.2985580327616575, 1.316579308974501, 1.3337951063139057, 1.3501599930074277, 1.3656308766990564, 1.3801672821441953, 1.3937316134191775, 1.4062893975820563, 1.4178095069140044, 1.428264357116069, 1.437630079130146, 1.4458866625904807, 1.4530180692861965, 1.4590123154187962, 1.4638615218629436, 1.4675619320753073, 1.4701138977357617, 1.4715218326386756, 1.4717941357705921, 1.470943084906004, 1.468984702417596, 1.4659385953246675, 1.4618277718879449, 1.4566784372963746, 1.4505197711787516, 1.4433836898085237, 1.4353045959534543, 1.4263191193539002, 1.416465850796308, 1.405785072685195, 1.3943184889113065, 1.3821089566704452, 1.3692002227118623, 1.355636666292561, 1.3414630508901515, 1.3267242864877011, 1.3114652039949504, 1.2957303431166503, 1.2795637547255556, 1.2630088185492814, 1.2461080767407606, 1.2289030836748074, 1.2114342721010862, 1.1937408355888308, 1.1758606270225176, 1.1578300727514932, 1.139684101860773, 1.1214560899149906, 1.1031778164324242, 1.084879435270505, 1.0665894570472139, 1.0483347426831249, 1.030140507125151, 1.0120303323038025, 0.9940261883793946, 0.9761484623475392, 0.958415993098823, 0.9408461120602658, 0.9234546885854599, 0.9062561793048295, 0.88926368069591, 0.8724889841847375, 0.8559426331423097, 0.8396339811936655, 0.8235712513106305, 0.8077615952119632, 0.7922111526459501, 0.7769251101799249, 0.7619077591683757, 0.7471625526159306, 0.7326921606933976, 0.7184985247040129, 0.7045829093330658, 0.6909459530470923, 0.6775877165388827, 0.6645077291417051, 0.6517050331604914, 0.63917822608939, 0.6269255007041918, 0.614944683034842, 0.6032332682377043, 0.5917884543996313, 0.5806071743163551, 0.5696861252964346, 0.5590217970491229, 0.5486104977202155, 0.5384483781443493, 0.5285314543854943, 0.5188556286396365, 0.5094167085750255, 0.5002104251859576, 0.49123244923600706, 0.4824784063659804, 0.4739438909407594, 0.4656244787076837, 0.4575157383372809, 0.44961324191504315, 0.4419125744506339, 0.43440934246843016, 0.4270991817407171, 0.41997776422218414, 0.41304080424166056, 0.40628406400430367, 0.399703358454736, 0.39329455954893955, 0.387053599980076, 0.3809764764008181, 0.37505925218227, 0.3692980597471219, 0.36368910251234354, 0.35822865647446783, 0.3529130714683588, 0.3477387721283015, 0.34270225857828607, 0.33780010687649753, 0.3330289692372547, 0.3283855740519718, 0.3238667257291372, 0.31946930437181925, 0.3151902653098084, 0.31102663850219425, 0.3069755278249412, 0.30303411025687643, 0.29919963497642293, 0.2954694223804042, 0.29184086303530765, 0.2883114165705188, 0.28487861052222285, 0.2815400391359148, 0.2782933621347546, 0.27513630346035345, 0.27206664999197255, 0.2690822502495557, 0.2661810130855017, 0.26336090636960374, 0.2606199556711425, 0.25795624294171277, 0.2553679052019903, 0.25285313323530006, 0.25041017029053025, 0.24803731079664776, 0.24573289909080132, 0.24349532816175662, 0.2413230384101825, 0.23921451642710428, 0.23716829379165255, 0.23518294588906602, 0.23325709074975223, 0.23138938791006924, 0.22957853729536232, 0.22782327812567535, 0.22612238784445046, 0.22447468107043525, 0.2228790085729313, 0.22133425627044082, 0.21983934425269974, 0.21839322582602347, 0.21699488658183622, 0.215643343488207, 0.2143376440041708, 0.21307686521657587, 0.21186011299916432, 0.21068652119356399, 0.2095552508118439, 0.20846548926026387, 0.2074164495838303, 0.20640736973125395, 0.20543751183989303, 0.20450616154025358, 0.20361262727961102, 0.2027562396643101, 0.20193635082029565, 0.20115233377142303, 0.20040358183509602, 0.19968950803477883, 0.19900954452892974, 0.19836314205590536, 0.19774976939438757, 0.19716891283888796, 0.19662007568988865, 0.1961027777581836, 0.19561655488298912, 0.19516095846339795, 0.19473555500275797, 0.19433992566556207, 0.19397366584644324, 0.19363638475087486, 0.19332770498718452, 0.19304726216949578, 0.19279470453122005, 0.19256969254872866, 0.19237189857484194, 0.1922010064817801, 0.19205671131322816, 0.19193871894517492, 0.1918467457551925, 0.19178051829983236, 0.1917397729998186, 0.1917242558327291, 0.1917337220328606, 0.1917679357979819, 0.1918266700026859, 0.19190970591805903, 0.19201683293739213, 0.19214784830766543, 0.19230255686654535, 0.19248077078463824, 0.19268230931275293, 0.19290699853392942, 0.19315467111999832]]","[[0.01, 0.011673645222856313, 0.01362924433757481, 0.01580189558251425, 0.018156401286789386, 0.020675337583463536, 0.023351364071527585, 0.026182518912466587, 0.029169808023212195, 0.03231581016450102, 0.03562385435781054, 0.0390975387988627, 0.04274045293666314, 0.04655601993642793, 0.050547410217462445, 0.054717496838355494, 0.05906883549760506, 0.06360365905104641, 0.06832388066718176, 0.07323110222174467, 0.07832662597845486, 0.08361146843589658, 0.08908637569270787, 0.0947518399447898, 0.10060811686807533, 0.10665524371119794, 0.11289305795515654, 0.11932121640987754, 0.1259392146208628, 0.13274640645877708, 0.13974202376408376, 0.14692519591931577, 0.15429496922398483, 0.16185032595166876, 0.1695902029753655, 0.1775136174292505, 0.18562084673926266, 0.19391436793138736, 0.20239857879769352, 0.21107949804431841, 0.21996454159559284, 0.22906235192841326, 0.2383826657194016, 0.24793621016592685, 0.2577346214829464, 0.26779038105115477, 0.27811676595703594, 0.28872781149663856, 0.29963828377721713, 0.31086366094396084, 0.32242012184347907, 0.33432454114867427, 0.3465944901341541, 0.3592482424218906, 0.37230478412271706, 0.3857838278865488, 0.3997058304470372, 0.41409201330759793, 0.42896438626745514, 0.44434577353008825, 0.4602598421734413, 0.47673113279242396, 0.49378509215036603, 0.5114481076978261, 0.5297475438350293, 0.5487117798086639, 0.5683702491451808, 0.5887534805314167, 0.6098931400595795, 0.6318220747575883, 0.6545743573276566, 0.6781853320159652, 0.7026916615344304, 0.7281313749520039, 0.7545439164677348, 0.7819701949710126, 0.8104526342860358, 0.8400352239876394, 0.8707635706641633, 0.9026849494900603, 0.9358483559564176, 0.970304557591484, 1.0061061454856433, 1.0433075854160256, 1.0819652683451029, 1.1221375600451289, 1.163884849576181, 1.2072695963198083, 1.2523563752429054, 1.299211920037447, 1.347905163751133, 1.3985072764918967, 1.4510916997556684, 1.5057341768918693, 1.5625127791849645, 1.621507926993182, 1.682802405347413, 1.7464813733745699, 1.8126323668705904, 1.8813452933091688, 1.9527124185335323, 2.0268283443406596, 2.1037899761307095, 2.1836964797597167, 2.266649226701445, 2.352751726595377, 2.4421095462330102, 2.5348302140147316, 2.6310231088955636, 2.730799332831033, 2.834271565735374, 2.9415539019744616, 3.052761667436476, 3.168011216255574, 3.2874197063091604, 3.411104852668963, 3.5391846582613797, 3.6717771210847574, 3.808999917441613, 3.9509700607734386, 4.097803535835669, 4.2496149081214485, 4.406516908635647, 4.568619994335466, 4.736031884791051, 4.908857075878317, 5.087196331596184, 5.271146155400077, 5.460798242761462, 5.656238916996803, 5.857548550755851, 6.064800975915146, 6.278062884983669, 6.497393227489123, 6.722842605169776, 6.954452670142142, 7.192255530542543, 7.43627316844358, 7.686516875117551, 7.942986708950129, 8.205670981491568, 8.47454577726169, 8.749574512991645, 9.030707541983142, 9.317881809188467, 9.611020562456924, 9.910033125151527, 10.214814735011224, 10.52524645371762, 10.841195151121997, 11.162513567500968, 11.489040456542025, 11.820600811020332, 12.157006172323877, 12.498055024126211, 12.84353326960687, 13.193214790692924, 13.546862086856386, 13.904226990067198, 14.26505145158741, 14.629068395415256, 14.996002632365288, 15.365571828017982, 15.737487517104336, 16.111456156320816, 16.487180207109088, 16.864359239591984, 17.24269104863874, 17.621872772942304, 18.001602008030584, 18.381577904299768, 18.761502241447033, 19.141080471084745, 19.520022719829093, 19.898044745761798, 20.274868841850473, 20.6502246806673, 21.02385009555122, 21.39549179420033, 21.764906001542368, 22.131859029597102, 22.496127772899698, 22.857500128885604, 23.215775343432302, 23.570764282500818, 23.922289631510765, 24.270186024709574, 24.614300107353912, 24.954490534004982, 25.290627906647714, 25.622594656676085, 25.950284875043966, 26.273604095065537, 26.592469032464656, 26.906807287323268, 27.216557012569957, 27.52166655358712, 27.822094063404666, 28.117807097796348, 28.408782194407895, 28.695004439830353, 28.976467028293552, 29.25317081539905, 29.52512387004477, 29.792341027419457, 30.05484344566877, 30.312658168560038, 30.56581769620285, 30.81435956562072, 31.05832594271725, 31.297763226940784, 31.532721669725653, 31.763255007576976, 31.989420110470512, 32.21127664605926, 32.4288867600149, 32.64231477268433, 32.851626892109394, 33.056890943340534, 33.25817611387257, 33.45555271494138, 33.64909195834428, 33.838865748382275, 34.02494648846943, 34.20740690191116, 34.38631986631976, 34.56175826110963, 34.733794827496936, 34.902502040416856, 35.067951991766186, 35.23021628437872, 35.38936593614476, 35.54547129369417, 35.69860195507331, 35.848826700859995, 35.996213433176656, 36.14082912207937, 36.2827397588197, 36.422010315496365, 36.55870471063417, 36.69288578024948, 36.82461525398243, 36.95395373589764, 37.080960689576756, 37.205694427146724, 37.328212101908505, 37.44856970425099, 37.56682206055414, 37.683022834804305, 37.797224532662845, 37.90947850774607, 38.01983496989179, 38.12834299520278, 38.235050537673224, 38.34000444221788, 38.44325045893752, 38.54483325846676, 38.64479644826256, 38.74318258970275, 38.84003321587465, 38.935388849943834, 39.02928902400222, 39.121772298303455, 39.212876280801694, 39.30263764691729, 39.39109215946002, 39.478274688647, 39.564219232158386, 39.648958935179756, 39.73252611038499, 39.814952257818504, 39.896268084639956, 39.97650352469875, 40.05568775790924, 40.13384922940119, 40.21101566842309, 40.28721410697885, 40.362470898181144, 40.43681173430696, 40.51026166454323, 40.58284511241255, 40.65458589287054, 40.72550722906844, 40.79563176877572, 40.86498160045915, 40.93357826901582, 41.001442791158745, 41.06859567045488, 41.13505691201597, 41.200846036843714, 41.265982095831426, 41.33048368342476, 41.39436895094501, 41.45765561957868, 41.52036099303764, 41.5825019698944, 41.644095055597575, 41.70515637417266, 41.76570167961363, 41.825746366970975, 41.885305483142105, 41.94439373736986, 42.00302551145532, 42.06121486969104, 42.11897556852072, 42.17632106593159, 42.23326453058576, 42.28981885069653, 42.34599664265601, 42.40181025941999, 42.457271798656215, 42.51239311066208, 42.567185806057545, 42.62166126325923, 42.67583063574138, 42.729704859089395, 42.78329465785145, 42.83661055219361, 42.88966286436394, 42.942461724970656, 42.99501707907956, 43.04733869213572, 43.09943615571428, 43.15131889310516, 43.202996164736305, 43.25447707344, 43.305770569566704, 43.3568854559506, 43.40783039273111, 43.4586139020344, 43.50924437251886, 43.55973006378823, 43.6100791106763, 43.66029952740659, 43.710399211630545, 43.76038594834769, 43.81026741371095, 43.86005117872025, 43.9097447128075, 43.95935538731599, 44.008890478876836, 44.0583571726855, 44.1077625656808, 44.15711366962913, 44.20641741411628, 44.25568064944922, 44.30491014947027, 44.35411261428567, 44.403294672910825, 44.45246288583415, 44.501623747501554, 44.550783688723385, 44.59994907900567, 44.64912622880734, 44.69832139172514, 44.747540766607706, 44.79679049960048, 44.84607668612275, 44.89540537277824, 44.94478255920063, 44.99421419983512, 45.04370620565737, 45.09326444583084, 45.142894749303615, 45.19260290634579, 45.24239467002828]]","[array([6.37688001e-05, 6.00799169e-05, 5.86664978e-05, 5.87303122e-05,
       5.97889619e-05, 6.15487931e-05, 6.38259906e-05, 6.65018588e-05,
       6.94974015e-05, 7.27580186e-05, 7.62442795e-05, 7.99263351e-05,
       8.37805146e-05, 8.77872365e-05, 9.19297138e-05, 9.61931408e-05,
       1.00564175e-04, 1.05030603e-04, 1.09581120e-04, 1.14205185e-04,
       1.18892921e-04, 1.23635056e-04, 1.28422875e-04, 1.33248196e-04,
       1.38103356e-04, 1.42981196e-04, 1.47875064e-04, 1.52778810e-04,
       1.57686787e-04, 1.62593855e-04, 1.67495379e-04, 1.72387231e-04,
       1.77265787e-04, 1.82127925e-04, 1.86971156e-04, 1.91796990e-04,
       1.96617752e-04, 2.01455209e-04, 2.06336535e-04, 2.11291567e-04,
       2.16351056e-04, 2.21545585e-04, 2.26904915e-04, 2.32457635e-04,
       2.38231005e-04, 2.44250924e-04, 2.50541986e-04, 2.57127590e-04,
       2.64030071e-04, 2.71270857e-04, 2.78870628e-04, 2.86849472e-04,
       2.95227045e-04, 3.04022707e-04, 3.13255669e-04, 3.22945117e-04,
       3.33110330e-04, 3.43770791e-04, 3.54946286e-04, 3.66656996e-04,
       3.78923585e-04, 3.91767271e-04, 4.05209905e-04, 4.19274031e-04,
       4.33982950e-04, 4.49360775e-04, 4.65432485e-04, 4.82223972e-04,
       4.99762088e-04, 5.18074685e-04, 5.37190659e-04, 5.57139984e-04,
       5.77953746e-04, 5.99664178e-04, 6.22304690e-04, 6.45909891e-04,
       6.70515623e-04, 6.96158975e-04, 7.22878305e-04, 7.50713260e-04,
       7.79704784e-04, 8.09895129e-04, 8.41327864e-04, 8.74047871e-04,
       9.08101346e-04, 9.43535786e-04, 9.80399979e-04, 1.01874398e-03,
       1.05861909e-03, 1.10007781e-03, 1.14317381e-03, 1.18796186e-03,
       1.23449781e-03, 1.28283844e-03, 1.33304148e-03, 1.38516541e-03,
       1.43926945e-03, 1.49541334e-03, 1.55365730e-03, 1.61406180e-03,
       1.67668744e-03, 1.74159473e-03, 1.80884391e-03, 1.87849471e-03,
       1.95060610e-03, 2.02523603e-03, 2.10244116e-03, 2.18227651e-03,
       2.26479515e-03, 2.35004781e-03, 2.43808256e-03, 2.52894433e-03,
       2.62267451e-03, 2.71931048e-03, 2.81888517e-03, 2.92142647e-03,
       3.02695681e-03, 3.13549253e-03, 3.24704334e-03, 3.36161177e-03,
       3.47919251e-03, 3.59977188e-03, 3.72332715e-03, 3.84982597e-03,
       3.97922572e-03, 4.11147295e-03, 4.24650274e-03, 4.38423815e-03,
       4.52458967e-03, 4.66745468e-03, 4.81271702e-03, 4.96024652e-03,
       5.10989866e-03, 5.26151424e-03, 5.41491919e-03, 5.56992437e-03,
       5.72632556e-03, 5.88390350e-03, 6.04242401e-03, 6.20163829e-03,
       6.36128331e-03, 6.52108232e-03, 6.68074548e-03, 6.83997069e-03,
       6.99844447e-03, 7.15584305e-03, 7.31183353e-03, 7.46607526e-03,
       7.61822125e-03, 7.76791978e-03, 7.91481605e-03, 8.05855401e-03,
       8.19877819e-03, 8.33513567e-03, 8.46727807e-03, 8.59486356e-03,
       8.71755896e-03, 8.83504171e-03, 8.94700194e-03, 9.05314442e-03,
       9.15319043e-03, 9.24687959e-03, 9.33397156e-03, 9.41424753e-03,
       9.48751170e-03, 9.55359248e-03, 9.61234352e-03, 9.66364461e-03,
       9.70740231e-03, 9.74355039e-03, 9.77205005e-03, 9.79288997e-03,
       9.80608607e-03, 9.81168111e-03, 9.80974408e-03, 9.80036938e-03,
       9.78367590e-03, 9.75980577e-03, 9.72892317e-03, 9.69121284e-03,
       9.64687856e-03, 9.59614155e-03, 9.53923873e-03, 9.47642098e-03,
       9.40795135e-03, 9.33410330e-03, 9.25515883e-03, 9.17140677e-03,
       9.08314101e-03, 8.99065884e-03, 8.89425929e-03, 8.79424162e-03,
       8.69090385e-03, 8.58454138e-03, 8.47544575e-03, 8.36390345e-03,
       8.25019488e-03, 8.13459340e-03, 8.01736450e-03, 7.89876504e-03,
       7.77904267e-03, 7.65843527e-03, 7.53717056e-03, 7.41546574e-03,
       7.29352726e-03, 7.17155068e-03, 7.04972057e-03, 6.92821052e-03,
       6.80718317e-03, 6.68679034e-03, 6.56717322e-03, 6.44846252e-03,
       6.33077880e-03, 6.21423270e-03, 6.09892528e-03, 5.98494834e-03,
       5.87238483e-03, 5.76130915e-03, 5.65178760e-03, 5.54387873e-03,
       5.43763375e-03, 5.33309695e-03, 5.23030604e-03, 5.12929258e-03,
       5.03008236e-03, 4.93269576e-03, 4.83714811e-03, 4.74345009e-03,
       4.65160799e-03, 4.56162413e-03, 4.47349712e-03, 4.38722217e-03,
       4.30279139e-03, 4.22019406e-03, 4.13941688e-03, 4.06044425e-03,
       3.98325846e-03, 3.90783992e-03, 3.83416738e-03, 3.76221813e-03,
       3.69196813e-03, 3.62339225e-03, 3.55646435e-03, 3.49115749e-03,
       3.42744402e-03, 3.36529573e-03, 3.30468395e-03, 3.24557967e-03,
       3.18795359e-03, 3.13177629e-03, 3.07701825e-03, 3.02364992e-03,
       2.97164182e-03, 2.92096459e-03, 2.87158902e-03, 2.82348616e-03,
       2.77662727e-03, 2.73098394e-03, 2.68652810e-03, 2.64323203e-03,
       2.60106841e-03, 2.56001033e-03, 2.52003134e-03, 2.48110542e-03,
       2.44320701e-03, 2.40631104e-03, 2.37039295e-03, 2.33542863e-03,
       2.30139451e-03, 2.26826751e-03, 2.23602505e-03, 2.20464507e-03,
       2.17410601e-03, 2.14438683e-03, 2.11546696e-03, 2.08732637e-03,
       2.05994550e-03, 2.03330529e-03, 2.00738716e-03, 1.98217300e-03,
       1.95764519e-03, 1.93378656e-03, 1.91058041e-03, 1.88801047e-03,
       1.86606092e-03, 1.84471638e-03, 1.82396189e-03, 1.80378289e-03,
       1.78416525e-03, 1.76509521e-03, 1.74655944e-03, 1.72854494e-03,
       1.71103913e-03, 1.69402975e-03, 1.67750493e-03, 1.66145312e-03,
       1.64586312e-03, 1.63072406e-03, 1.61602538e-03, 1.60175684e-03,
       1.58790849e-03, 1.57447070e-03, 1.56143411e-03, 1.54878965e-03,
       1.53652852e-03, 1.52464218e-03, 1.51312235e-03, 1.50196101e-03,
       1.49115037e-03, 1.48068290e-03, 1.47055127e-03, 1.46074841e-03,
       1.45126744e-03, 1.44210170e-03, 1.43324475e-03, 1.42469033e-03,
       1.41643238e-03, 1.40846504e-03, 1.40078262e-03, 1.39337963e-03,
       1.38625072e-03, 1.37939074e-03, 1.37279468e-03, 1.36645771e-03,
       1.36037514e-03, 1.35454243e-03, 1.34895520e-03, 1.34360919e-03,
       1.33850029e-03, 1.33362453e-03, 1.32897805e-03, 1.32455713e-03,
       1.32035817e-03, 1.31637768e-03, 1.31261231e-03, 1.30905879e-03,
       1.30571397e-03, 1.30257482e-03, 1.29963839e-03, 1.29690184e-03,
       1.29436243e-03, 1.29201751e-03, 1.28986451e-03, 1.28790097e-03,
       1.28612449e-03, 1.28453278e-03, 1.28312360e-03, 1.28189482e-03,
       1.28084437e-03, 1.27997023e-03, 1.27927050e-03, 1.27874332e-03,
       1.27838689e-03, 1.27819948e-03, 1.27817945e-03, 1.27832517e-03,
       1.27863513e-03, 1.27910781e-03, 1.27974180e-03, 1.28053572e-03,
       1.28148824e-03, 1.28259808e-03, 1.28386402e-03, 1.28528488e-03,
       1.28685951e-03])]","[[0, 6.376880005047202e-05, 0.00012384871691641303, 0.0001825152146708144, 0.00024124552686846215, 0.00030103448877914096, 0.00036258328187350466, 0.00042640927244849724, 0.0004929111312269682, 0.0005624085327677853, 0.0006351665513718546, 0.0007114108308450422, 0.0007913371659414726, 0.0008751176805202896, 0.0009629049170058245, 0.0010548346308078384, 0.0011510277716390834, 0.0012515919469301162, 0.0013566225503577815, 0.0014662036707560528, 0.0015804088554154736, 0.0016993017763206404, 0.0018229368318794603, 0.0019513597063983744, 0.0020846079027214194, 0.002222711258753382, 0.0023656924552413693, 0.0025135675197254462, 0.002666346329705369, 0.002824033116634806, 0.0029866269712394903, 0.0031541223497919936, 0.003326509580316194, 0.003503775367204876, 0.0036859032923880824, 0.003872874448195294, 0.0040646714386580575, 0.004261289190471838, 0.004462744399452018, 0.004669080934649748, 0.004880372501391671, 0.005096723557604451, 0.005318269142402866, 0.005545174056980451, 0.00577763169190461, 0.006015862696620933, 0.006260113620187812, 0.006510655606603167, 0.006767783196763241, 0.007031813267612293, 0.007303084124378956, 0.007581954751890665, 0.00786880422439013, 0.008164031269054779, 0.008468053975841409, 0.008781309644846545, 0.00910425476173261, 0.009437365091666084, 0.009781135882463371, 0.010136082168112048, 0.0105027391644363, 0.010881662749339488, 0.011273430020738167, 0.011678639925968815, 0.012097913957080344, 0.01253189690700853, 0.012981257682155216, 0.01344669016736109, 0.013928914139664761, 0.014428676227582794, 0.014946750912926802, 0.01548394157239656, 0.01604108155635468, 0.01661903530230112, 0.017218699480626973, 0.01784100417023873, 0.018486914061608538, 0.019157429684724215, 0.01985358865928682, 0.020576466964333833, 0.021327180224253766, 0.022106885007903698, 0.022916780137244925, 0.023758108001574286, 0.024632155873049167, 0.025540257218783242, 0.026483793004326926, 0.0274641929828417, 0.028482936963730325, 0.02954155605389594, 0.030641633864171722, 0.0317848076727902, 0.03297276953704747, 0.034207267343563955, 0.035490105786751054, 0.03682314726426423, 0.03820831267736035, 0.03964758212318345, 0.0411429954650827, 0.04269665276612457, 0.04431071457000306, 0.04598740201258544, 0.04772899674636374, 0.0495378406591243, 0.051416335367210235, 0.05336694146284614, 0.055392177494137065, 0.057494618655558306, 0.05967689516603844, 0.06194169031112391, 0.06429173812522083, 0.06672982068956218, 0.06925876502137057, 0.07188143952970587, 0.07460075001373018, 0.07741963517962107, 0.08034106165314721, 0.08336801846601995, 0.08650351099558266, 0.08975055433922702, 0.09311216610716336, 0.09659135861984948, 0.10019113049952584, 0.10391445764893793, 0.10776428361446928, 0.1117435093355737, 0.11585498228759179, 0.12010148503076411, 0.12448572318450318, 0.12901031285274012, 0.1336777675333891, 0.13849048455263316, 0.14345073107277048, 0.1485606297307059, 0.15382214397273963, 0.15923706315999944, 0.16480698752756837, 0.17053331308894895, 0.1764172165858385, 0.18245964059111033, 0.18866127888024375, 0.19502256219304562, 0.20154364451318377, 0.20822438999762904, 0.21506436069140128, 0.22206280516486915, 0.22921864821110313, 0.23653048173928898, 0.2439965569968521, 0.2516147782476332, 0.25938269802612696, 0.2672975140784269, 0.27535606808911983, 0.2835548462800047, 0.29188998195126714, 0.300357260018772, 0.30895212358263024, 0.31766968254238653, 0.3265047242533322, 0.3354517261968826, 0.34450487061600515, 0.35365806104470365, 0.3629049406389299, 0.37223891219538374, 0.3816531597248521, 0.39114067142839, 0.40069426390809965, 0.4103066074298249, 0.4199702520430158, 0.429677654353553, 0.43942120473861884, 0.44919325478887606, 0.45898614476231137, 0.46879223083611493, 0.47860391194782376, 0.4884136560245319, 0.49821402540908344, 0.507997701304586, 0.5177575070730491, 0.5274864302401558, 0.5371776430758015, 0.5468245216387321, 0.5564206631930431, 0.5659599019241145, 0.575436322901416, 0.5848442742552098, 0.594178377553202, 0.6034335363813891, 0.6126049431504709, 0.621688084165069, 0.630678743007427, 0.6395730023001629, 0.6483672439239115, 0.657058147775273, 0.6656426891583823, 0.6741181349096281, 0.6824820383596459, 0.6907322332397368, 0.6988668266414355, 0.7068841911381576, 0.7147829561768271, 0.7225619988452484, 0.7302204341178774, 0.7377576046786957, 0.7451730704152477, 0.7524665976726823, 0.7596381483509824, 0.7666878689225903, 0.7736160794414434, 0.7804232626081415, 0.7871100529496466, 0.7936772261656655, 0.8001256886877445, 0.8064564674911754, 0.8126707001941248, 0.8187696254729889, 0.8247545738178813, 0.830626958647394, 0.836388267797357, 0.8420400553942577, 0.8475839341202798, 0.8530215678735672, 0.8583546648243209, 0.8635849708646631, 0.8687142634478652, 0.8737443458104897, 0.8786770415692533, 0.8835141896829335, 0.8882576397684105, 0.892909247758938, 0.8974708718919443, 0.901944369013067, 0.9063315911826936, 0.9106343825710115, 0.9148545766274242, 0.9189939935101777, 0.9230544377621217, 0.9270376962187038, 0.9309455361345463, 0.9347797035152664, 0.9385419216415685, 0.9422338897730452, 0.9458572820195666, 0.9494137463686049, 0.9529049038573276, 0.9563323478787925, 0.9596976436120797, 0.9630023275667055, 0.9662479072321651, 0.9694358608239511, 0.9725676371178812, 0.9756446553650531, 0.9786683052802019, 0.9816399470966917, 0.9845609116818049, 0.9874325007064113, 0.9902559868634963, 0.9930326141304138, 0.9957635980700903, 0.9984501261667519, 1.0010933581920762, 1.0036944265979788, 1.0062544369325372, 1.0087744682758304, 1.011255573692733, 1.013698780699941, 1.0161050917447423, 1.0184754846932487, 1.020810913326013, 1.0231123078391364, 1.0253805753491443, 1.0276166004000715, 1.0298212454713462, 1.031995351485199, 1.0341397383124526, 1.036255205275671, 1.0383425316487458, 1.0404024771521108, 1.0424357824428607, 1.0444431695991394, 1.0464253425982393, 1.04838298778793, 1.0503167743505972, 1.0522273547598329, 1.0541153652291768, 1.0559814261527567, 1.0578261425376225, 1.05965010442761, 1.0614538873186101, 1.0632380525651506, 1.0650031477782314, 1.066749707214382, 1.068478252155932, 1.0701892912825135, 1.071883321033829, 1.073560825963739, 1.0752222790857406, 1.0768681422099207, 1.0784988662714792, 1.0801148916509318, 1.081716648486106, 1.0833045569760593, 1.0848790276770477, 1.086440461790685, 1.0879892514444347, 1.0895257799645794, 1.0910504221418225, 1.0925635444896666, 1.0940655054957313, 1.0955566558661594, 1.097037338763269, 1.0985078900366094, 1.0999686384475742, 1.1014199058877265, 1.1028620075909936, 1.1042952523398781, 1.105719942665843, 1.1071363750440137, 1.1085448400823497, 1.1099456227054258, 1.111339002332971, 1.112725253053298, 1.1141046437917692, 1.1154774384744248, 1.1168438961869127, 1.1182042713288438, 1.1195588137637011, 1.120907768964426, 1.1222513781547994, 1.1235898784467375, 1.1249235029736149, 1.1262524810197245, 1.1275770381459869, 1.1288973963120077, 1.1302137739945908, 1.1315263863028024, 1.1328354450896847, 1.1341411590607104, 1.1354437338790702, 1.1367433722678786, 1.1380402741093862, 1.1393346365412766, 1.1406266540501306, 1.1419165185621314, 1.143204419531088, 1.1444905440238466, 1.1457750768031594, 1.1470582004080758, 1.1483400952319256, 1.1496209395979484, 1.1509009098326357, 1.1521801803368386, 1.1534589236546995, 1.1547373105404575, 1.1560155100231817, 1.1572936894694787, 1.158572014644223, 1.1598506497693548, 1.1611297575807864, 1.162409499383463, 1.1636900351046116, 1.1649715233452187, 1.166254121429774, 1.1675379854543106, 1.1688232703327783, 1.1701101298417762]]"
50.0,80.0,4,30,90,I1-S0,"[[0.01, 0.009218546420913139, 0.008861068736292907, 0.008775059817687893, 0.008868448502353592, 0.009085509823682333, 0.009391910891257103, 0.009765793609783606, 0.010192886470907053, 0.010663611988195376, 0.011171349808604798, 0.01171138864555079, 0.012280288931893006, 0.012875490492968829, 0.013495066759476183, 0.014137567096616106, 0.014801912618758907, 0.015487324949957094, 0.01619327571467089, 0.01691944945069869, 0.01766571552669831, 0.018432106349763014, 0.01921880015480104, 0.020026107265839452, 0.020854459079338052, 0.021704399240243002, 0.02257657662053964, 0.023471739800969497, 0.024390732818737392, 0.025334491988648258, 0.026304043638656866, 0.027300502627054538, 0.02832507152967546, 0.029379040402921525, 0.03046378704291882, 0.031580900362174334, 0.03273342562758578, 0.03392654688017413, 0.0351668635335437, 0.036461802744928676, 0.037819240791625824, 0.03924726815715152, 0.04075405289106992, 0.042347770466810986, 0.04403657793812943, 0.04582861693872625, 0.047732034830436317, 0.049755016667620396, 0.051905823015696885, 0.05419283032597654, 0.056624571729661705, 0.059209776915402246, 0.061957410300499796, 0.06487670706987049, 0.06797720689247397, 0.07126878527031709, 0.07476168255772156, 0.07846653072783426, 0.08239437797321543, 0.08655671121751851, 0.09096547659258088, 0.09563309790435869, 0.10057249307523351, 0.1057970885113939, 0.11132083130360541, 0.11715819912856935, 0.12332420767672972, 0.12983441539109947, 0.1367049252605882, 0.14395238337050872, 0.15159397387248782, 0.15964740999599336, 0.16813092068425398, 0.17706323239868918, 0.1864635455983797, 0.1963515053649794, 0.20674716560930725, 0.21767094626428934, 0.22914358284071332, 0.2411860676983227, 0.25381958236617597, 0.2670654202341507, 0.2809448989333677, 0.2954792617286881, 0.31068956726300345, 0.3265965670226436, 0.3432205699378537, 0.360581293594034, 0.37869770161046273, 0.3975878268457327, 0.41726858021531055, 0.43775554505855985, 0.459062757172174, 0.48120247083588696, 0.5041849113958385, 0.5280180152418148, 0.552707158316876, 0.578254874630929, 0.6046605666119441, 0.6319202095169896, 0.6600260525360105, 0.6889663196488452, 0.7187249137333256, 0.7492811278608048, 0.7806093681447456, 0.8126788929160649, 0.8454535733721645, 0.8788916811699279, 0.9129457086902238, 0.9475622278756188, 0.9826817936167099, 1.0182388976186687, 1.0541619785020964, 1.0903734935667035, 1.1267900571608185, 1.1633226499458857, 1.1998769025189127, 1.236353455858344, 1.2726483998971456, 1.3086537902143962, 1.344258241393758, 1.3793475940509865, 1.4138056509170132, 1.447514975718003, 1.4803577469641735, 1.5122166571938938, 1.5429758467696246, 1.572521860038798, 1.6007446106050796, 1.6275383416487517, 1.652802566728091, 1.6764429763170399, 1.6983722955085203, 1.7185110788461946, 1.736788429136652, 1.7531426283224654, 1.767521670035379, 1.7798836852575615, 1.7901972545467677, 1.7984416024697263, 1.804606672172688, 1.808693080331472, 1.8107119549978852, 1.8106846610300373, 1.8086424198008932, 1.8046258316699204, 1.7986843112336202, 1.7908754466094425, 1.7812642949327409, 1.769922626848317, 1.7569281330582465, 1.7423636059580385, 1.726316109074985, 1.708876146444691, 1.6901368432592017, 1.670193148131883, 1.6491410661917418, 1.6270769309851394, 1.60409672186698, 1.5802954322450886, 1.5557664927359698, 1.5306012520284449, 1.5048885170600457, 1.4787141530105794, 1.4521607426239294, 1.4253073034938608, 1.398229061198622, 1.3709972755444615, 1.343679116678174, 1.3163375874486123, 1.2890314881294989, 1.2618154194516282, 1.2347398198211466, 1.2078510326107248, 1.1811913994904075, 1.1547993759031019, 1.1287096649748305, 1.1029533663713718, 1.0775581368609473, 1.0525483596083414, 1.0279453195014068, 1.0037673820895663, 0.9800301739899162, 0.95674676288518, 0.9339278354952745, 0.9115818721477617, 0.8897153167998647, 0.8683327415746337, 0.8474370050654555, 0.8270294038361312, 0.8071098166983305, 0.7876768414848481, 0.7687279241564852, 0.7502594801834934, 0.7322670082304361, 0.7147451962472134, 0.6976880201300866, 0.6810888351660482, 0.664940460513048, 0.6492352569985617, 0.6339651985409215, 0.6191219375127605, 0.6046968643748415, 0.5906811619123542, 0.577065854405285, 0.5638418520604385, 0.5509999910257775, 0.5385310692985334, 0.526425878827536, 0.514675234097863, 0.5032699974726099, 0.4922011015526388, 0.4814595688008793, 0.4710365286633388, 0.4609232324046332, 0.4511110658617244, 0.4415915603057665, 0.43235640158862365, 0.4233974377377889, 0.41470668515116965, 0.4062763335315377, 0.3980987496893948, 0.3901664803325921, 0.3824722539512545, 0.37500898189739956, 0.36776975875008827, 0.36074786204898057, 0.35393675147177683, 0.34733006752417256, 0.34092162980462376, 0.33470543490037497, 0.3286756539658216, 0.3228266300293314, 0.3171528750701085, 0.31164906690252314, 0.3063100459015222, 0.30113081159925514, 0.296106519179876, 0.29123247589658674, 0.2865041374323522, 0.2819171042233227, 0.27746711776182376, 0.27315005689379984, 0.26896193412381186, 0.2648988919390693, 0.2609571991625169, 0.2571332473436764, 0.2534235471947518, 0.2498247250784393, 0.24633351955291516, 0.24294677797861328, 0.23966145319062818, 0.23647460023988395, 0.23338337320559163, 0.23038502208096295, 0.22747688973365754, 0.22465640894200353, 0.22192109950764444, 0.21926856544492343, 0.21669649224701565, 0.214202644228555, 0.2117848619442711, 0.20944105968295082, 0.2071692230358667, 0.20496740653866294, 0.20283373138556368, 0.20076638321465962, 0.1987636099629385, 0.19682371978965008, 0.1949450790665361, 0.19312611043340633, 0.19136529091750587, 0.1896611501150907, 0.1880122684336104, 0.18641727539288633, 0.1848748479836691, 0.18338370908196192, 0.18194262591750315, 0.18055040859481364, 0.17920590866522995, 0.1779080177483644, 0.17665566620145426, 0.17544782183508767, 0.1742834886738205, 0.1731617057602268, 0.17208154600095518, 0.171042115053395, 0.1700425502515877, 0.16908201957005137, 0.1681597206242194, 0.1672748797062283, 0.16642675085482164, 0.165614614958172, 0.16483777888845524, 0.1640955746670446, 0.16338735865922518, 0.1627125107973612, 0.16207043383148073, 0.1614605526062734, 0.1608823133635281, 0.1603351830690668, 0.15981864876326088, 0.15933221693424485, 0.1588754129129702, 0.15844778028926995, 0.15804888034813055, 0.15767829152539414, 0.15733560888213902, 0.15702044359701037, 0.15673242247579777, 0.15647118747757768, 0.1562363952567625, 0.15602771672041832, 0.15584483660023454, 0.15568745303854903, 0.15555527718785064, 0.15544803282320102, 0.15536545596703433, 0.1553072945258119, 0.15527330793802457, 0.15526326683305236, 0.155276952700406, 0.15531415756889047, 0.15537468369524382, 0.1554583432618198, 0.15556495808289478, 0.155694359319193, 0.155846387200236, 0.1560208907541338, 0.15621772754444713, 0.15643676341376003, 0.1566778722336135, 0.1569409356604599, 0.157225842897308, 0.15753249046073764, 0.15786078195297149, 0.15821062783870055, 0.15858194522636712, 0.15897465765361798, 0.15938869487664703, 0.15982399266315447, 0.16028049258865654, 0.16075814183588602, 0.1612568929970309, 0.16177670387856413, 0.16231753730842424, 0.16287936094531144, 0.16346214708987022, 0.16406587249753488, 0.1646905181928192, 0.16533606928483757, 0.16600251478384873, 0.16668984741861975, 0.16739806345441144, 0.16812716251139165, 0.16887714738328816, 0.16964802385609648, 0.17043980052666363, 0.1712524886209726, 0.17208610181195746, 0.17294065603668402, 0.1738161693127338, 0.17471266155363652, 0.17563015438319846, 0.17656867094858048, 0.1775282357319837]]","[[0.01, 0.011673645222856313, 0.01362924433757481, 0.01580189558251425, 0.018156401286789386, 0.020675337643774508, 0.023351367484893613, 0.026182554264261578, 0.029169989585060854, 0.032316445679416064, 0.0356256016106684, 0.03910160849116597, 0.04274885365283736, 0.04657184038908625, 0.05057513394353049, 0.05476334478536428, 0.05914113232695864, 0.06371321940787847, 0.06848441208349496, 0.07345962171378101, 0.0786438877660838, 0.0840424005526094, 0.08966052357327162, 0.0955038153778324, 0.1015780509863866, 0.10788924296596755, 0.11444366228339324, 0.12124785905766389, 0.12830868332900197, 0.13563330595138284, 0.143229239704017, 0.1511043607061676, 0.15926693020957297, 0.16772561683381723, 0.17648951930224474, 0.18556831876090032, 0.19497370989574547, 0.20472059284277705, 0.21482681056186714, 0.22531284386282013, 0.23620159296754456, 0.24751822519840308, 0.2592900740642037, 0.2715465788712256, 0.2843192567082637, 0.29764170061642314, 0.31154959919468084, 0.3260807739660086, 0.34127523163913703, 0.3571752290179147, 0.37382534878246304, 0.39127258472863297, 0.4095664353297783, 0.42875900469609773, 0.44890511016560863, 0.4700623958776346, 0.4922914517624537, 0.5156559374355191, 0.5402227105160547, 0.5660619589013729, 0.5932473365226383, 0.6218561020870327, 0.6519692602768562, 0.6836717048291379, 0.7170523628606136, 0.7522043397330153, 0.7892250636728838, 0.8282164292688347, 0.8692849388675412, 0.9125418407778174, 0.9581032630702111, 1.0060903416276699, 1.0566293409613638, 1.1098517661550193, 1.1658944641416762, 1.2248997123493162, 1.2870152925772886, 1.3523945477850774, 1.4211964192902387, 1.4935854616851973, 1.5697318325952805, 1.6498112542156678, 1.7340049433860663, 1.8224995067926661, 1.9154867977316357, 2.0131637307320562, 2.1157320502243246, 2.223398049358921, 2.3363722350368414, 2.4548689352144164, 2.5791058445996082, 2.7093035049726564, 2.8456847165499086, 2.9884738770747803, 3.1378962456729966, 3.2941771289593307, 3.4575409874380805, 3.628210460906898, 3.806405312359301, 3.9923412907896454, 4.186228914337745, 4.388272176368252, 4.598667178358789, 4.8176006948634695, 5.04524867731346, 5.2817747049977735, 5.527328393214774, 5.782043770272002, 6.04603763670781, 6.319407921776898, 6.6022320538420365, 6.894565362801272, 7.196439534005055, 7.507861134230583, 7.828810231129649, 8.159239128100928, 8.499071236709975, 8.848200108547143, 9.206488647739063, 9.573768524186097, 9.949839805970308, 10.334470827263218, 10.727398305471223, 11.128327718316365, 11.536933948104178, 11.952862196637618, 12.375729170170676, 12.80512452954439, 13.240612596310273, 13.681734301327863, 14.128009358135396, 14.578938639446863, 15.034006731532983, 15.49268463809808, 15.954432602657715, 16.418703016426438, 16.88494337739571, 17.352599265653133, 17.82111730007811, 18.289948042335904, 18.758548815550544, 19.226386407115942, 19.692939627734678, 20.157701701872078, 20.620182468284725, 21.079910373026262, 21.536434241244432, 21.989324818058215, 22.43817607274332, 22.882606264266524, 23.322258769812752, 23.756802681274372, 24.18593317766385, 24.60937168402736, 25.02686582965068, 25.43818922014604, 25.843141039388623, 26.24154549824473, 26.633251147619806, 27.01813007358224, 27.396076992221808, 27.767008261518406, 28.130860826868172, 28.4875911160822, 28.837173898679257, 29.179601123178184, 29.514880744895457, 29.843035555502965, 30.164102024330976, 30.478129160138316, 30.785177400838272, 31.08531753748356, 31.37862967769124, 31.66520225263991, 31.945131070804784, 32.218518420715654, 32.48547222423128, 32.74610524112058, 33.00053432512525, 33.2488797311461, 33.49126447274284, 33.72781372875874, 33.95865429757162, 34.183914097225966, 34.403721709509966, 34.61820596590126, 34.827495573209184, 35.03171877668401, 35.231003058339866, 35.42547486824191, 35.615259386536486, 35.80048031404989, 35.981259689344384, 36.15771773019501, 36.329972697535226, 36.49814078001038, 36.6623359973736, 36.8226701210569, 36.97925261034932, 37.13219056271294, 37.28158867686486, 37.427549227348294, 37.5701720494084, 37.70955453307672, 37.84579162545319, 37.978975840255146, 38.1091972737792, 38.236543626493656, 38.361100229546906, 38.48295007554028, 38.602173852972804, 38.71884998382024, 38.83305466376152, 38.94486190461267, 39.05434357857192, 39.161569463919356, 39.26660729185148, 39.36952279416453, 39.47037975153132, 39.569240042144486, 39.66616369052484, 39.76120891631672, 39.85443218291374, 39.94588824577754, 40.0356302003296, 40.12370952931219, 40.21017614952866, 40.29507845788637, 40.37846337667701, 40.46037639803966, 40.54086162756126, 40.61996182697764, 40.69771845594558, 40.7741717128634, 40.84936057472323, 40.9233228359836, 40.996095146455616, 41.06771304820023, 41.138211011437555, 41.207622469472554, 41.27597985264428, 41.34331462130795, 41.40965729786164, 41.475037497830904, 41.53948396002624, 41.60302457578963, 41.66568641734753, 41.72749576528835, 41.788478135183475, 41.848658303371195, 41.908060331923515, 41.966707592815965, 42.024622791320894, 42.08182798864471, 42.1383446238296, 42.19419353494022, 42.249394979555696, 42.30396865458718, 42.357933715440865, 42.41130879454623, 42.46411201926891, 42.516361029227276, 42.568072993031464, 42.619264624463256, 42.66995219811477, 42.72015156450349, 42.769878164680854, 42.819147044351155, 42.86797286751699, 42.9163699296672, 42.96435217052275, 43.01193318635554, 43.05912624189474, 43.10594428183479, 43.15239994195892, 43.19850555989129, 43.24427318549088, 43.28971459089952, 43.334841280256114, 43.379664499088896, 43.42419524339695, 43.46844426843197, 43.51242209719088, 43.55613902862941, 43.599605145606745, 43.64283032257053, 43.6858242329916, 43.728596356557226, 43.77115598613152, 43.81351223449122, 43.85567404084483, 43.89765017714279, 43.939449254186115, 43.98107972754055, 44.02254990326328, 44.06386794344859, 44.10504187159902, 44.1460795778281, 44.18698882390053, 44.22777724811553, 44.2684523700388, 44.309021595088375, 44.349492218979364, 44.389871432032535, 44.430166323351294, 44.470383884871666, 44.510531015289466, 44.5506145238689, 44.59064113413651, 44.6306174874643, 44.670550146545665, 44.71044559876771, 44.750310259483236, 44.79015047518563, 44.82997252658979, 44.869782631622066, 44.90958694832186, 44.949391577657885, 44.98920256626139, 45.02902590907901, 45.06886755194749, 45.1087333940926, 45.14862929055435, 45.188561054540536, 45.22853445971065, 45.26855524239187, 45.30862910372894, 45.3487617117697, 45.38895870348765, 45.42922568674326, 45.469568242185204, 45.50999192509305, 45.55050226716252, 45.59110477823457, 45.63180494796935, 45.67260824746602, 45.71352013082955, 45.75454603668517, 45.79569138964144, 45.83696160170264, 45.87836207363119, 45.91989819626069, 45.961575351760196, 46.00339891485019, 46.045374253970756, 46.087506732402304, 46.12980170933916, 46.172264540916416, 46.21490058119012, 46.25771518307114, 46.300713699212686, 46.34390148285166, 46.38728388860391, 46.43086627321321, 46.4746539962541, 46.51865242078832, 46.562866913974844, 46.60730284763317, 46.65196559875975, 46.69686054999725, 46.74199309005633, 46.787368614089644, 46.83299252401754, 46.87887022880529, 46.92500714469111, 46.971408695364744]]","[array([6.37688001e-05, 6.00799169e-05, 5.86664978e-05, 5.87303122e-05,
       5.97889620e-05, 6.15487993e-05, 6.38260795e-05, 6.65024016e-05,
       6.94994955e-05, 7.27641068e-05, 7.62589102e-05, 7.99570097e-05,
       8.38385760e-05, 8.78887607e-05, 9.20963767e-05, 9.64530395e-05,
       1.00952591e-04, 1.05590699e-04, 1.10364569e-04, 1.15272727e-04,
       1.20314856e-04, 1.25491668e-04, 1.30804797e-04, 1.36256722e-04,
       1.41850697e-04, 1.47590700e-04, 1.53481392e-04, 1.59528085e-04,
       1.65736713e-04, 1.72113821e-04, 1.78666546e-04, 1.85402613e-04,
       1.92330331e-04, 1.99458593e-04, 2.06797043e-04, 2.14360152e-04,
       2.22175628e-04, 2.30283145e-04, 2.38729717e-04, 2.47566521e-04,
       2.56846880e-04, 2.66625042e-04, 2.76955513e-04, 2.87892737e-04,
       2.99491037e-04, 3.11804693e-04, 3.24888128e-04, 3.38796138e-04,
       3.53584158e-04, 3.69308529e-04, 3.86026773e-04, 4.03797850e-04,
       4.22682405e-04, 4.42743004e-04, 4.64044346e-04, 4.86653470e-04,
       5.10639935e-04, 5.36075996e-04, 5.63036757e-04, 5.91600318e-04,
       6.21847903e-04, 6.53863975e-04, 6.87736341e-04, 7.23556240e-04,
       7.61418417e-04, 8.01421179e-04, 8.43666438e-04, 8.88259733e-04,
       9.35310229e-04, 9.84930696e-04, 1.03723747e-03, 1.09235035e-03,
       1.15039256e-03, 1.21149051e-03, 1.27577373e-03, 1.34337455e-03,
       1.41442791e-03, 1.48907104e-03, 1.56744305e-03, 1.64968458e-03,
       1.73593724e-03, 1.82634313e-03, 1.92104417e-03, 2.02018144e-03,
       2.12389437e-03, 2.23231991e-03, 2.34559157e-03, 2.46383838e-03,
       2.58718376e-03, 2.71574431e-03, 2.84962846e-03, 2.98893505e-03,
       3.13375187e-03, 3.28415398e-03, 3.44020206e-03, 3.60194066e-03,
       3.76939629e-03, 3.94257557e-03, 4.12146326e-03, 4.30602027e-03,
       4.49618169e-03, 4.69185475e-03, 4.89291694e-03, 5.09921408e-03,
       5.31055852e-03, 5.52672747e-03, 5.74746154e-03, 5.97246335e-03,
       6.20139652e-03, 6.43388484e-03, 6.66951182e-03, 6.90782053e-03,
       7.14831390e-03, 7.39045541e-03, 7.63367024e-03, 7.87734691e-03,
       8.12083944e-03, 8.36347000e-03, 8.60453211e-03, 8.84329430e-03,
       9.07900438e-03, 9.31089406e-03, 9.53818411e-03, 9.76008983e-03,
       9.97582697e-03, 1.01846178e-02, 1.03856973e-02, 1.05783199e-02,
       1.07617656e-02, 1.09353463e-02, 1.10984123e-02, 1.12503577e-02,
       1.13906266e-02, 1.15187173e-02, 1.16341874e-02, 1.17366576e-02,
       1.18258149e-02, 1.19014147e-02, 1.19632830e-02, 1.20113170e-02,
       1.20454853e-02, 1.20658272e-02, 1.20724511e-02, 1.20655327e-02,
       1.20453115e-02, 1.20120880e-02, 1.19662193e-02, 1.19081145e-02,
       1.18382301e-02, 1.17570649e-02, 1.16651542e-02, 1.15630648e-02,
       1.14513888e-02, 1.13307389e-02, 1.12017425e-02, 1.10650364e-02,
       1.09212622e-02, 1.07710613e-02, 1.06150705e-02, 1.04539184e-02,
       1.02882210e-02, 1.01185792e-02, 9.94557541e-03, 9.76977125e-03,
       9.59170555e-03, 9.41189257e-03, 9.23082068e-03, 9.04895137e-03,
       8.86671857e-03, 8.68452831e-03, 8.50275858e-03, 8.32175948e-03,
       8.14185356e-03, 7.96333640e-03, 7.78647723e-03, 7.61151986e-03,
       7.43868352e-03, 7.26816399e-03, 7.10013463e-03, 6.93474758e-03,
       6.77213489e-03, 6.61240979e-03, 6.45566781e-03, 6.30198804e-03,
       6.15143428e-03, 6.00405617e-03, 5.85989036e-03, 5.71896151e-03,
       5.58128341e-03, 5.44685988e-03, 5.31568579e-03, 5.18774786e-03,
       5.06302558e-03, 4.94149193e-03, 4.82311414e-03, 4.70785438e-03,
       4.59567035e-03, 4.48651595e-03, 4.38034171e-03, 4.27709539e-03,
       4.17672238e-03, 4.07916611e-03, 3.98436847e-03, 3.89227013e-03,
       3.80281083e-03, 3.71592973e-03, 3.63156557e-03, 3.54965697e-03,
       3.47014262e-03, 3.39296140e-03, 3.31805264e-03, 3.24535617e-03,
       3.17481249e-03, 3.10636286e-03, 3.03994940e-03, 2.97551516e-03,
       2.91300418e-03, 2.85236159e-03, 2.79353359e-03, 2.73646753e-03,
       2.68111194e-03, 2.62741652e-03, 2.57533219e-03, 2.52481108e-03,
       2.47580655e-03, 2.42827317e-03, 2.38216673e-03, 2.33744423e-03,
       2.29406387e-03, 2.25198505e-03, 2.21116832e-03, 2.17157540e-03,
       2.13316914e-03, 2.09591351e-03, 2.05977357e-03, 2.02471545e-03,
       1.99070634e-03, 1.95771446e-03, 1.92570900e-03, 1.89466017e-03,
       1.86453909e-03, 1.83531786e-03, 1.80696942e-03, 1.77946765e-03,
       1.75278723e-03, 1.72690372e-03, 1.70179346e-03, 1.67743356e-03,
       1.65380191e-03, 1.63087715e-03, 1.60863859e-03, 1.58706627e-03,
       1.56614089e-03, 1.54584380e-03, 1.52615697e-03, 1.50706300e-03,
       1.48854505e-03, 1.47058688e-03, 1.45317279e-03, 1.43628760e-03,
       1.41991668e-03, 1.40404587e-03, 1.38866151e-03, 1.37375039e-03,
       1.35929978e-03, 1.34529736e-03, 1.33173124e-03, 1.31858996e-03,
       1.30586241e-03, 1.29353791e-03, 1.28160611e-03, 1.27005705e-03,
       1.25888108e-03, 1.24806891e-03, 1.23761157e-03, 1.22750038e-03,
       1.21772698e-03, 1.20828329e-03, 1.19916153e-03, 1.19035416e-03,
       1.18185394e-03, 1.17365385e-03, 1.16574713e-03, 1.15812727e-03,
       1.15078797e-03, 1.14372315e-03, 1.13692697e-03, 1.13039377e-03,
       1.12411811e-03, 1.11809473e-03, 1.11231858e-03, 1.10678475e-03,
       1.10148856e-03, 1.09642545e-03, 1.09159107e-03, 1.08698120e-03,
       1.08259177e-03, 1.07841889e-03, 1.07445879e-03, 1.07070785e-03,
       1.06716258e-03, 1.06381963e-03, 1.06067577e-03, 1.05772789e-03,
       1.05497302e-03, 1.05240829e-03, 1.05003094e-03, 1.04783833e-03,
       1.04582791e-03, 1.04399725e-03, 1.04234401e-03, 1.04086595e-03,
       1.03956093e-03, 1.03842688e-03, 1.03746184e-03, 1.03666392e-03,
       1.03603133e-03, 1.03556234e-03, 1.03525531e-03, 1.03510867e-03,
       1.03512094e-03, 1.03529069e-03, 1.03561657e-03, 1.03609729e-03,
       1.03673163e-03, 1.03751844e-03, 1.03845663e-03, 1.03954515e-03,
       1.04078303e-03, 1.04216934e-03, 1.04370322e-03, 1.04538386e-03,
       1.04721049e-03, 1.04918239e-03, 1.05129891e-03, 1.05355942e-03,
       1.05596334e-03, 1.05851014e-03, 1.06119935e-03, 1.06403050e-03,
       1.06700319e-03, 1.07011705e-03, 1.07337174e-03, 1.07676697e-03,
       1.08030247e-03, 1.08397801e-03, 1.08779339e-03, 1.09174844e-03,
       1.09584302e-03, 1.10007701e-03, 1.10445034e-03, 1.10896294e-03,
       1.11361477e-03, 1.11840582e-03, 1.12333610e-03, 1.12840563e-03,
       1.13361447e-03, 1.13896268e-03, 1.14445034e-03, 1.15007755e-03,
       1.15584444e-03, 1.16175111e-03, 1.16779771e-03, 1.17398440e-03,
       1.18031132e-03])]","[[0, 6.376880005047202e-05, 0.00012384871691641303, 0.0001825152146708144, 0.00024124552686846215, 0.000301034488833563, 0.0003625832881464029, 0.0004264093676487785, 0.0004929117691988001, 0.000562411264707031, 0.0006351753714821716, 0.0007114342817042907, 0.0007913912914531004, 0.0008752298674316215, 0.0009631186281572548, 0.0010552150049025501, 0.0011516680443688246, 0.0012526206352706855, 0.001358211334255171, 0.0014685759029372033, 0.0015838486295944284, 0.0017041634857882177, 0.001829655153726508, 0.001960459950960855, 0.002096716672910351, 0.002238567369499338, 0.002386158069165028, 0.0025396394612128407, 0.0026991675457211576, 0.0028649042587723266, 0.003037018079619744, 0.0032156846254315077, 0.003401087238438896, 0.0035934175696336543, 0.0037928761625798937, 0.003999673205161714, 0.004214033357614538, 0.004436208986041634, 0.0046664921306058035, 0.004905221847217959, 0.0051527883682056805, 0.005409635247824715, 0.005676260290211266, 0.005953215802712068, 0.006241108539484009, 0.006540599576044078, 0.00685240426920116, 0.007177292397360735, 0.007516088535673772, 0.007869672693297098, 0.008238981222150686, 0.008625007995148853, 0.009028805844916329, 0.00945148825003188, 0.009894231253847656, 0.010358275600190068, 0.010844929070252786, 0.011355569005394413, 0.011891645001112712, 0.012454681758022194, 0.013046282076105389, 0.013668129978770756, 0.014321993953288904, 0.015009730293967377, 0.015733286533948267, 0.01649470495076483, 0.01729612612977024, 0.018139792568252867, 0.019028052301479307, 0.019963362530059977, 0.0209482932259149, 0.021985530691731873, 0.02307788104615871, 0.02422827360406054, 0.025439764118007715, 0.02671553784374902, 0.028058912388778754, 0.029473340299241264, 0.030962411336351324, 0.03252985438926949, 0.034179538966989755, 0.035915476207312155, 0.03774181933643375, 0.039662863508155295, 0.04168304494723722, 0.04380693931712762, 0.046039259228220046, 0.048384850799088, 0.05084868917990596, 0.05343587294464116, 0.05615161725673503, 0.05900124571205447, 0.06199018076305806, 0.06512393262958167, 0.06840808660460154, 0.07184828866798747, 0.07545022932782353, 0.07921962561755767, 0.08316220118824308, 0.08728366444864044, 0.09158968472212302, 0.09608586640829632, 0.10077772115910298, 0.10567063810396536, 0.11076985218620042, 0.11608041070342104, 0.12160713817773017, 0.12735459971693702, 0.13332706306539188, 0.13952845958185142, 0.14596234442143705, 0.15263185623850914, 0.1595396767663106, 0.16668799066659426, 0.17407844607711245, 0.18171211631571535, 0.18958946322574186, 0.1977103026672415, 0.20607377267121862, 0.2146783047784857, 0.22352159907991037, 0.23260060346005795, 0.24191149752088859, 0.2514496816259315, 0.2612097714581819, 0.27118559842710976, 0.2813702161922352, 0.2917559134936518, 0.3023342333949402, 0.3130959989527043, 0.3240313452313587, 0.3351297574838916, 0.34638011522141476, 0.3577707417987504, 0.3692894590524953, 0.38092364644425925, 0.39266030408728153, 0.40448611897131376, 0.416387533650165, 0.428350816619901, 0.4403621335942303, 0.45240761887751896, 0.46447344604511176, 0.47654589716472856, 0.48861142983074907, 0.5006567413339311, 0.5126688293509303, 0.5246350486090591, 0.536543163060015, 0.5483813931796937, 0.5601384580975197, 0.5718036123458788, 0.5833666771062043, 0.5948180659112382, 0.6061488048413373, 0.6173505473250431, 0.6284155837193995, 0.6393368459028466, 0.6501079071624111, 0.6607229776970689, 0.6711768960905413, 0.6814651171296094, 0.6915836963586527, 0.7015292717680941, 0.7112990430144241, 0.7208907485632292, 0.7303026411349827, 0.7395334618171038, 0.7485824131857868, 0.7574491317581737, 0.7661336600703574, 0.7746364186501797, 0.7829581781264955, 0.7911000316890693, 0.7990633680860872, 0.8068498453198062, 0.8144613651754917, 0.8219000486947842, 0.8291682126821891, 0.8362683473126683, 0.8432030948893873, 0.8499752297836143, 0.8565876395735501, 0.8630433073854743, 0.8693452954289523, 0.8754967297078825, 0.8815007858807609, 0.8873606762366065, 0.8930796377473866, 0.8986609211533962, 0.9041077810347566, 0.9094234668198705, 0.9146112146802045, 0.9196742402600385, 0.924615732189734, 0.9294388463315101, 0.9341467007076231, 0.9387423710620993, 0.9432288870087335, 0.9476092287198533, 0.9518863241123093, 0.956063046489234, 0.9601422125982736, 0.9641265810692037, 0.9680188511960488, 0.9718216620310307, 0.9755375917598285, 0.9791691573297427, 0.9827188143043987, 0.9861889569205817, 0.9895819183246798, 0.9928999709679891, 0.9961453271418341, 0.999320139635047, 1.002426502497851, 1.0054664518976, 1.0084419670531346, 1.011354971235737, 1.014207332825805, 1.01700086641541, 1.0197373339478772, 1.0224184458864232, 1.0250458624047043, 1.0276211945928895, 1.0301460056735625, 1.032621812222391, 1.0350500853890814, 1.0374322521146637, 1.0397696963416312, 1.042063760213896, 1.0443157452639182, 1.0465269135847215, 1.0486984889848365, 1.0508316581244999, 1.0529275716317055, 1.0549873451969358, 1.0570120606456186, 1.0590027669875406, 1.0609604814426212, 1.0628861904426015, 1.0647808506083354, 1.0666453897024955, 1.0684807075576048, 1.0702876769794034, 1.0720671446256391, 1.073819931860443, 1.0755468355845144, 1.077248629041391, 1.0789260626001296, 1.0805798645147595, 1.0822107416609055, 1.0838193802500078, 1.0854064465215838, 1.0869725874140024, 1.0885184312142497, 1.0900445881871828, 1.0915516511847707, 1.0930401962358316, 1.0945107831167773, 1.0959639559038752, 1.0974002435075412, 1.0988201601891683, 1.1002242060609997, 1.101612867569542, 1.1029866179630152, 1.1043459177433221, 1.1056912151030174, 1.1070229463477452, 1.1083415363046054, 1.1096473987168995, 1.1109409366256966, 1.1122225427386496, 1.1134925997864837, 1.1147514808675625, 1.1159995497809352, 1.117237161348249, 1.118464661724906, 1.1196823887008307, 1.1208906719912017, 1.122089833517497, 1.1232801876791831, 1.1244620416163764, 1.1256356954637858, 1.126801442596248, 1.1279595698661424, 1.129110357832975, 1.130254080985407, 1.1313910079559895, 1.132521401728868, 1.1336455198407, 1.1347636145750275, 1.1358759331503359, 1.1369827179020233, 1.1380842064584948, 1.1391806319115894, 1.1402722229815407, 1.1413592041766651, 1.142441795947963, 1.1435202148388106, 1.1445946736299208, 1.1456653814797322, 1.1467325440603915, 1.1477963636894826, 1.14885703945765, 1.1499147673522594, 1.1509697403772339, 1.1520221486691957, 1.1530721796100447, 1.1541200179360898, 1.1551658458438558, 1.1562098430926762, 1.1572521871041792, 1.1582930530587732, 1.1593326139892297, 1.1603710408714596, 1.1614085027125756, 1.1624451666363274, 1.1634811979659947, 1.164516760304819, 1.1655520156140504, 1.1665871242886856, 1.167622245230965, 1.168657535921699, 1.1696931524894871, 1.170729249777891, 1.1717659814106218, 1.1728034998547978, 1.1738419564823228, 1.1748815016294412, 1.1759222846545139, 1.1769644539940627, 1.1780081572171275, 1.1790535410779748, 1.180100751567201, 1.181149933961262, 1.1822012328704683, 1.1832547922854761, 1.184310755622306, 1.185369265765917, 1.186430465112363, 1.187494495609559, 1.188561498796676, 1.1896316158421896, 1.1907049875806013, 1.1917817545478488, 1.192862057015425, 1.1939460350232163, 1.1950338284110786, 1.1961255768491577, 1.197221419866969, 1.1983214968812426, 1.1994259472225404, 1.2005349101606568, 1.2016485249287998, 1.2027669307465636, 1.203890266841689, 1.205018672470617, 1.2061522869378314, 1.2072912496139943, 1.208435699952865, 1.2095857775070042, 1.2107416219422578, 1.2119033730510111, 1.2130711707642108, 1.2142451551621443, 1.2154254664839685]]"
50.0,80.0,4,30,90,I0-S1,"[[0.01, 0.009218546420913139, 0.008861068736292907, 0.008775059817687893, 0.008868448502353592, 0.009085537635402171, 0.0093923149128912, 0.009767653781288752, 0.0101982402442112, 0.010675527193887167, 0.01119389158504639, 0.011749514787110811, 0.012339698767280657, 0.012962445496929521, 0.013616195891447342, 0.014299665948534494, 0.01501174255288832, 0.015751416290031822, 0.016517737536477953, 0.017309787453107118, 0.018126658732902163, 0.01896744289887792, 0.01983122212544788, 0.020717064273232708, 0.021624020267049508, 0.022551123219552393, 0.02349738887472686, 0.024461817055829012, 0.0254433938752789, 0.026441094513874507, 0.027453886412209878, 0.02848073274365507, 0.029520596058915077, 0.03057244200900497, 0.03163524306767165, 0.03270803244304082, 0.03379041366167441, 0.03488283312363586, 0.03598629460611255, 0.037102143959726316, 0.038231938795319984, 0.039377369716842504, 0.0405402129328725, 0.04172230202394023, 0.04292551144797509, 0.04415174727575281, 0.04540294241161965, 0.04668105462440668, 0.04798806636276651, 0.04932598572367313, 0.05069684818279323, 0.05210271884165462, 0.05354569503587721, 0.05502790920355857, 0.05655153194678291, 0.058118775240367564, 0.059731895755351434, 0.06139319827337257, 0.06310503917379394, 0.06486982997931098, 0.0666900409484714, 0.06856820470545201, 0.0705069198988096, 0.07250885488189683, 0.07457675140829882, 0.07671342833605682, 0.07892178533463907, 0.08120480658861648, 0.08356556449182216, 0.08600722332542889, 0.08853304291287682, 0.0911463822439334, 0.09385070305937226, 0.0966495733868238, 0.09954667101727853, 0.10254578691051937, 0.10565082851641966, 0.10886582299757297, 0.11219492033711614, 0.11564239631387067, 0.11921265532505533, 0.12291023303481703, 0.1267397988246835, 0.13070615801976107, 0.13481425386208168, 0.1390691691999461, 0.1434761278594144, 0.14804049566126162, 0.15276778104375072, 0.15766363524847643, 0.1627338520233121, 0.16798436679315187, 0.17342125524569538, 0.17905073127598087, 0.18487914422975524, 0.19091297538209206, 0.19715883358395625, 0.2036234500056944, 0.21031367190273503, 0.21723645532515146, 0.22439885668921505, 0.23180802312570076, 0.23947118151655225, 0.24739562612864163, 0.2555887047508351, 0.26405780323848543, 0.2728103283679019, 0.2818536889023979, 0.29119527477129076, 0.30084243426384755, 0.31080244914175736, 0.32108250757639806, 0.3316896748211031, 0.3426308615339636, 0.3539127896735869, 0.36554195589883276, 0.37752459241403225, 0.3898666252137263, 0.40257362969570837, 0.41565078362828184, 0.42910281747729734, 0.4429339621208637, 0.4571478940047501, 0.47174767781951626, 0.4867357068114004, 0.5021136408729888, 0.5178823425966939, 0.5340418115140078, 0.5505911167862862, 0.567528328658243, 0.5848504490331825, 0.6025533415788983, 0.620631661824726, 0.6390787877629156, 0.6578867515206914, 0.6770461727223401, 0.6965461942126189, 0.7163744208627348, 0.7365168622271073, 0.7569578798619281, 0.777680140153985, 0.7986645735390052, 0.8198903410115655, 0.8413348088420463, 0.8629735324187783, 0.8847802501241209, 0.9067268881304142, 0.928783576964416, 0.9509186806359117, 0.9730988390568679, 0.9952890243911688, 1.0174526118713425, 1.0395514654977631, 1.0615460388979951, 1.0833954914700334, 1.1050578197644028, 1.1264900038780876, 1.1476481684402073, 1.1684877575677746, 1.1889637229628072, 1.20903072411286, 1.2286433393494236, 1.247756286316594, 1.2663246502100844, 1.2843041179683063, 1.3016512164370897, 1.3183235523917372, 1.3342800521883564, 1.3494811987342308, 1.3638892634173356, 1.3774685306203656, 1.3901855124664533, 1.402009151503052, 1.4129110091272814, 1.422865437689611, 1.4318497343814092, 1.439844275213134, 1.4468326276204413, 1.4528016404912414, 1.457741510683055, 1.4616458253917628, 1.4645115800344555, 1.466339171614815, 1.467132367843491, 1.4668982525825072, 1.4656471484663864, 1.463392517818291, 1.4601508432224473, 1.455941489330498, 1.4507865476659114, 1.4447106663447093, 1.437740866750823, 1.4299063492895072, 1.4212382903923315, 1.4117696329630227, 1.4015348724362462, 1.390569840573293, 1.3789114890421559, 1.3665976747276265, 1.353666948593159, 1.3401583497739142, 1.326111206423288, 1.3115649446670865, 1.2965589068439891, 1.2811321800315554, 1.265323435677072, 1.2491707809750507, 1.2327116224608543, 1.2159825421251356, 1.1990191861984967, 1.1818561666116332, 1.164526975004476, 1.1470639090393586, 1.1294980106685741, 1.1118590159160735, 1.0941753156564664, 1.0764739268115973, 1.0587804733353072, 1.0411191763198495, 1.0235128525320087, 1.0059829206723283, 0.9885494146460058, 0.9712310031379008, 0.9540450147956812, 0.9370074683433274, 0.9201331069710207, 0.9034354363758383, 0.8869267658597606, 0.8706182519263688, 0.8545199438544919, 0.8386408307652136, 0.8229888897374319, 0.8075711345660121, 0.7923936647949805, 0.7774617146957751, 0.762779701896935, 0.7483512754065004, 0.7341793628015839, 0.720266216390901, 0.7066134581853875, 0.6932221235393224, 0.680092703349574, 0.6672251847236915, 0.6546190900486176, 0.6422735144108189, 0.6301871613357238, 0.6183583768295746, 0.6067851817202574, 0.5954653023054609, 0.5843961993267457, 0.573575095296892, 0.5629990002153401, 0.5526647357127649, 0.5425689576709344, 0.532708177368103, 0.5230787812033796, 0.51367704905589, 0.5044991713362096, 0.4955412647885622, 0.48679938710274206, 0.478269550394698, 0.4699477336142782, 0.4618298939378433, 0.4539119772023629, 0.4461899274362735, 0.4386596955408319, 0.43131724717399644, 0.42415856988703815, 0.41717967956216284, 0.4103766261974359, 0.40374549908327356, 0.39728243141271546, 0.3909836043656439, 0.38484525070507836, 0.3788636579216661, 0.3730351709605185, 0.36735619456261975, 0.3618231952511641, 0.3564327029913704, 0.35118131255057694, 0.3460656845837407, 0.3410825464678614, 0.33622869290730956, 0.33150098633057623, 0.326896357097567, 0.32241180353523924, 0.31804439181813055, 0.31379125570913935, 0.3096495961748013, 0.3056166808882509, 0.30168984363206647, 0.2978664836122639, 0.29414406469383236, 0.2905201145673836, 0.28699222385572326, 0.2835580451684343, 0.2802152921118935, 0.27696173826152104, 0.2737952161024806, 0.2707136159445063, 0.2677148848160342, 0.2647970253423448, 0.26195809461199454, 0.259196203035412, 0.2565095131991623, 0.2538962387190419, 0.2513546430948479, 0.2488830385693739, 0.24647978499391296, 0.24414328870230195, 0.24187200139531145, 0.2396644190369747, 0.23751908076425704, 0.23543456781128966, 0.23340950244922865, 0.231442546942653, 0.2295324025232783, 0.22767780838163976, 0.22587754067728485, 0.22413041156791358, 0.2224352682578101, 0.22079099206582586, 0.21919649751309686, 0.21765073143060837, 0.21615267208665867, 0.21470132833421599, 0.2132957387781133, 0.21193497096198016, 0.21061812057476967, 0.20934431067670445, 0.2081126909444323, 0.20692243693515455, 0.20577274936946638, 0.20466285343262575, 0.20359199809395018, 0.20255945544402376, 0.2015645200493839, 0.20060650832434562, 0.199684757919612, 0.19879862712731142, 0.1979474943020971, 0.1971307572979385, 0.1963478329202324, 0.1955981563928586, 0.1948811808398047, 0.19419637678098367, 0.19354323164186985, 0.19292124927658008, 0.19232994950402868, 0.1917688676567885, 0.19123755414229326, 0.19073557401602093, 0.19026250656630092, 0.18981794491039414, 0.1894014956014986, 0.18901277824633908, 0.18865142513300467, 0.18831708086870366, 0.18800940202711067, 0.18772805680498722, 0.18747272468776238, 0.18724309612376677, 0.18703887220681842, 0.18685976436686566, 0.18670549406839834, 0.18657579251634412]]","[[0.01, 0.011673645222856313, 0.01362924433757481, 0.01580189558251425, 0.018156401286789386, 0.020675366902778512, 0.02335181433227869, 0.026184715024235264, 0.029176515177096355, 0.0323316723092009, 0.03565577977588984, 0.03915504210677479, 0.042835959426514414, 0.046705136186708913, 0.05076916364691052, 0.055034546041793114, 0.05950765262853973, 0.06419468512106641, 0.06910165436916865, 0.07423436272158261, 0.07959839003573467, 0.08519908219055461, 0.09104154147735809, 0.09713061853987653, 0.10347090569897878, 0.11006673158473027, 0.11692215704049909, 0.12404097228009524, 0.13142669528086995, 0.13908257139010144, 0.14701157411286575, 0.15521640703928924, 0.16369950685895793, 0.17246304740107568, 0.1815089446311129, 0.1908389153802317, 0.20045505661880564, 0.21036031895676435, 0.2205584022703511, 0.23105365357594282, 0.2418510063979867, 0.2529559453974438, 0.264374486519858, 0.2761131667952341, 0.2881790402579553, 0.30057967786510564, 0.3133231701429819, 0.3264181318053891, 0.3398737078969226, 0.3536995812004819, 0.36790598075953623, 0.3825036914317567, 0.39750406442946146, 0.4129190288247819, 0.42876110401012496, 0.44504341311137124, 0.4617796973547063, 0.47898433138947477, 0.49667233956981616, 0.5148594131975897, 0.5335619287284947, 0.5527969669425012, 0.572582333078779, 0.5929365779343013, 0.6138790199241724, 0.6354297681004971, 0.6576097461252283, 0.680440717190883, 0.7039453098812676, 0.7281470449623696, 0.7530703630913262, 0.7787406534288352, 0.8051842831374975, 0.8324286277453455, 0.8605021023501811, 0.8894341936362882, 0.9192554926705693, 0.949997728440146, 0.9816938020879237, 1.0143778217965234, 1.0480851382642864, 1.082852380709728, 1.1187174933328157, 1.1557197721527508, 1.1938999021324768, 1.2332999944899252, 1.2739636240849692, 1.315935866759174, 1.3592633364926796, 1.403994222228873, 1.4501783242029114, 1.4978670895945874, 1.547113647309491, 1.5979728416748873, 1.6505012648181965, 1.704757287476447, 1.76080108796455, 1.8186946790087843, 1.8785019321294731, 1.9402885992335626, 2.0041223310537233, 2.0700726920457755, 2.1382111713308034, 2.2086111892423794, 2.2813480990130492, 2.3564991831077786, 2.4341436436856783, 2.514362586645211, 2.597238998682577, 2.68285771676832, 2.7713053894238246, 2.86267042915762, 2.9570429554017847, 3.0545147272716533, 3.1551790654581064, 3.2591307625514627, 3.366465981090082, 3.477282138625867, 3.5916777791036463, 3.709752429862677, 3.8316064435870167, 3.957340824558071, 4.087057038598076, 4.220856806138428, 4.358841877902494, 4.501113792759548, 4.6477736173857025, 4.798921667459618, 4.954657210226282, 5.115078148381515, 5.280280685363699, 5.450358972287633, 5.625404736918491, 5.805506895261545, 5.990751146534964, 6.181219552498226, 6.376990102326252, 6.5781362644481, 6.784726527007261, 6.996823928846145, 7.214485583167907, 7.4377621962814215, 7.666697584086822, 7.901328189205858, 8.141682601899626, 8.387781088141477, 8.639635128420768, 8.897246971038708, 9.160609203815966, 9.429704348258106, 9.7045044803143, 9.984970881912474, 10.271053727455666, 10.562691809415849, 10.859812307059423, 11.16233060218017, 11.470150145498847, 11.783162377112694, 12.101246704042989, 12.424270537535723, 12.752089392321638, 13.08454704954121, 13.421475784492264, 13.76269665976913, 14.10801988373976, 14.45724523365934, 14.810162542055139, 15.16655224434735, 15.526185985005515, 15.888827278890346, 16.254232223807694, 16.622150259715696, 16.992324969488408, 17.364494915658934, 17.738394507151263, 18.11375488966997, 18.490304853157223, 18.86777174955132, 19.245882413993698, 19.624364082632933, 20.002945300264347, 20.381356811219923, 20.759332427181697, 21.136609865926776, 21.512931555416934, 21.888045398112176, 22.261705490906653, 22.633672796647016, 23.003715763787454, 23.371610891351644, 23.73714323699932, 24.100106866623616, 24.460305244525454, 24.81755156381333, 25.171669017253404, 25.52249100933789, 25.86986131084363, 26.213634157612116, 26.55367429569346, 26.889856975356636, 27.22206789677586, 27.550203110456884, 27.874168875668257, 28.193881480292216, 28.509267025610047, 28.820261179590137, 29.126808902256876, 29.428864146688753, 29.726389539128302, 30.01935604158939, 30.307742600222753, 30.5915357825531, 30.8707294065347, 31.145324164191052, 31.415327242411962, 31.680751943281674, 31.94161730610775, 32.19794773311531, 32.44977262056754, 32.69712599687336, 32.94004616904878, 33.178575378711535, 33.41275946861009, 33.64264756051941, 33.868291745177814, 34.08974678479185, 34.30706982850021, 34.520320141063515, 34.72955884493344, 34.93484867575312, 35.13625375124966, 35.33383935339948, 35.527671723676576, 35.7178178711332, 35.904345393010395, 36.087322307532226, 36.26681689850156, 36.44289757128639, 36.61563271976309, 36.78509060376651, 36.95133923658495, 37.11444628203166, 37.274478960621515, 37.431503964382415, 37.585587379835026, 37.736794618681195, 37.88519035575023, 38.03083847376323, 38.17380201448799, 38.314143135870886, 38.451923074746716, 38.58720211474294, 38.72003955901085, 38.85049370743243, 38.978621837968134, 39.10448019182749, 39.228123962160595, 39.34960728598505, 39.46898323907861, 39.58630383358342, 39.70162001808289, 39.814981679926774, 39.926437649594355, 40.036035706898915, 40.143822588850036, 40.24984399900248, 40.35414461813235, 40.456768116092604, 40.557757164710566, 40.6571534516003, 40.75499769477244, 40.85132965793277, 40.94618816636978, 41.03961112333915, 41.131635526860755, 41.22229748685076, 41.31163224251811, 41.399674179960606, 41.48645684990192, 41.572012985515784, 41.656374520288956, 41.73957260587904, 41.82163762992747, 41.902599233792145, 41.98248633016766, 42.0613271205648, 42.1391491126237, 42.215979137238456, 42.29184336547322, 42.36676732525257, 42.44077591781111, 42.513893433889315, 42.586143569664536, 42.65754944240786, 42.72813360585918, 42.797918065314015, 42.866924292417366, 42.93517323966059, 43.002685354578865, 43.069480593647405, 43.135578435875686, 43.20099789609973, 43.265757537973116, 43.32987548665816, 43.3933694412191, 43.45625668671992, 43.51855410602954, 43.580278191337875, 43.64144505538625, 43.702070442416286, 43.762169738841365, 43.82175798364526, 43.88084987851247, 43.93945979769514, 43.99760179762145, 44.05528962625055, 44.112536732179194, 44.16935627350517, 44.22576112645286, 44.28176389376605, 44.33737691287339, 44.392612263831616, 44.44748177705185, 44.50199704081414, 44.55616940857536, 44.61001000607563, 44.66352973824832, 44.71673929593846, 44.769649162434696, 44.822269619819444, 44.87461075514205, 44.92668246641963, 44.97849446847014, 45.03005629858221, 45.08137732202607, 45.13246673740988, 45.183333581885705, 45.2339867362092, 45.28443492965696, 45.33468674480557, 45.384750622176036, 45.43463486474731, 45.48434764234262, 45.533896995892015, 45.583290841574566, 45.632536974843525, 45.68164307433773, 45.73061670568223, 45.779465325181405, 45.828196283407216, 45.876816828685726, 45.92533411048446, 45.97375518270331, 46.02208700687169, 46.07033645525431, 46.118510313867965, 46.16661528541184, 46.214657992113445, 46.26264497849243, 46.3105827140443, 46.35847759584618, 46.40633595108647, 46.45416403952033, 46.50196805585281, 46.5497541320513, 46.59752833958911]]","[array([6.37688001e-05, 6.00799169e-05, 5.86664978e-05, 5.87303122e-05,
       5.97889996e-05, 6.15498741e-05, 6.38327746e-05, 6.65250309e-05,
       6.95550697e-05, 7.28764435e-05, 7.64581592e-05, 8.02787880e-05,
       8.43228579e-05, 8.85786251e-05, 9.30366841e-05, 9.76890905e-05,
       1.02528799e-04, 1.07549299e-04, 1.12744375e-04, 1.18107949e-04,
       1.23633974e-04, 1.29316365e-04, 1.35148959e-04, 1.41125485e-04,
       1.47239557e-04, 1.53484670e-04, 1.59854209e-04, 1.66341459e-04,
       1.72939623e-04, 1.79641840e-04, 1.86441210e-04, 1.93330818e-04,
       2.00303756e-04, 2.07353147e-04, 2.14472243e-04, 2.21656104e-04,
       2.28905010e-04, 2.36223944e-04, 2.43620830e-04, 2.51105402e-04,
       2.58688522e-04, 2.66381764e-04, 2.74197174e-04, 2.82147118e-04,
       2.90244202e-04, 2.98501224e-04, 3.06931155e-04, 3.15547126e-04,
       3.24362440e-04, 3.33390574e-04, 3.42645195e-04, 3.52140177e-04,
       3.61889616e-04, 3.71907856e-04, 3.82209501e-04, 3.92809447e-04,
       4.03722897e-04, 4.14965384e-04, 4.26552801e-04, 4.38501417e-04,
       4.50827908e-04, 4.63549375e-04, 4.76683373e-04, 4.90247934e-04,
       5.04261591e-04, 5.18743403e-04, 5.33712982e-04, 5.49190514e-04,
       5.65196786e-04, 5.81753209e-04, 5.98881844e-04, 6.16605426e-04,
       6.34947384e-04, 6.53931869e-04, 6.73583776e-04, 6.93928764e-04,
       7.14993280e-04, 7.36804579e-04, 7.59390746e-04, 7.82780713e-04,
       8.07004279e-04, 8.32092126e-04, 8.58075834e-04, 8.84987900e-04,
       9.12861741e-04, 9.41731713e-04, 9.71633114e-04, 1.00260219e-03,
       1.03467614e-03, 1.06789312e-03, 1.10229222e-03, 1.13791349e-03,
       1.17479788e-03, 1.21298728e-03, 1.25252445e-03, 1.29345305e-03,
       1.33581752e-03, 1.37966315e-03, 1.42503594e-03, 1.47198261e-03,
       1.52055051e-03, 1.57078756e-03, 1.62274216e-03, 1.67646315e-03,
       1.73199963e-03, 1.78940092e-03, 1.84871643e-03, 1.90999548e-03,
       1.97328724e-03, 2.03864046e-03, 2.10610341e-03, 2.17572361e-03,
       2.24754767e-03, 2.32162104e-03, 2.39798781e-03, 2.47669044e-03,
       2.55776947e-03, 2.64126327e-03, 2.72720771e-03, 2.81563584e-03,
       2.90657757e-03, 3.00005928e-03, 3.09610347e-03, 3.19472838e-03,
       3.29594755e-03, 3.39976943e-03, 3.50619691e-03, 3.61522695e-03,
       3.72685003e-03, 3.84104978e-03, 3.95780245e-03, 4.07707648e-03,
       4.19883201e-03, 4.32302045e-03, 4.44958402e-03, 4.57845528e-03,
       4.70955677e-03, 4.84280055e-03, 4.97808790e-03, 5.11530894e-03,
       5.25434233e-03, 5.39505507e-03, 5.53730227e-03, 5.68092699e-03,
       5.82576022e-03, 5.97162084e-03, 6.11831568e-03, 6.26563972e-03,
       6.41337626e-03, 6.56129732e-03, 6.70916400e-03, 6.85672706e-03,
       7.00372750e-03, 7.14989727e-03, 7.29496018e-03, 7.43863271e-03,
       7.58062512e-03, 7.72064254e-03, 7.85838618e-03, 7.99355464e-03,
       8.12584525e-03, 8.25495553e-03, 8.38058471e-03, 8.50243523e-03,
       8.62021432e-03, 8.73363565e-03, 8.84242084e-03, 8.94630115e-03,
       9.04501894e-03, 9.13832929e-03, 9.22600140e-03, 9.30782002e-03,
       9.38358672e-03, 9.45312112e-03, 9.51626197e-03, 9.57286812e-03,
       9.62281932e-03, 9.66601692e-03, 9.70238438e-03, 9.73186761e-03,
       9.75443523e-03, 9.77007856e-03, 9.77881149e-03, 9.78067025e-03,
       9.77571290e-03, 9.76401879e-03, 9.74568780e-03, 9.72083951e-03,
       9.68961219e-03, 9.65216174e-03, 9.60866050e-03, 9.55929598e-03,
       9.50426956e-03, 9.44379509e-03, 9.37809747e-03, 9.30741126e-03,
       9.23197918e-03, 9.15205071e-03, 9.06788067e-03, 8.97972780e-03,
       8.88785343e-03, 8.79252018e-03, 8.69399071e-03, 8.59252655e-03,
       8.48838697e-03, 8.38182798e-03, 8.27310138e-03, 8.16245384e-03,
       8.05012619e-03, 7.93635268e-03, 7.82136036e-03, 7.70536857e-03,
       7.58858847e-03, 7.47122267e-03, 7.35346496e-03, 7.23550004e-03,
       7.11750339e-03, 6.99964116e-03, 6.88207013e-03, 6.76493777e-03,
       6.64838223e-03, 6.53253250e-03, 6.41750858e-03, 6.30342159e-03,
       6.19037405e-03, 6.07846011e-03, 5.96776579e-03, 5.85836929e-03,
       5.75034127e-03, 5.64374516e-03, 5.53863749e-03, 5.43506819e-03,
       5.33308097e-03, 5.23271356e-03, 5.13399811e-03, 5.03696149e-03,
       4.94162559e-03, 4.84800766e-03, 4.75612058e-03, 4.66597318e-03,
       4.57757054e-03, 4.49091421e-03, 4.40600256e-03, 4.32283094e-03,
       4.24139200e-03, 4.16167589e-03, 4.08367047e-03, 4.00736156e-03,
       3.93273310e-03, 3.85976735e-03, 3.78844507e-03, 3.71874568e-03,
       3.65064744e-03, 3.58412755e-03, 3.51916234e-03, 3.45572734e-03,
       3.39379744e-03, 3.33334700e-03, 3.27434993e-03, 3.21677977e-03,
       3.16060983e-03, 3.10581323e-03, 3.05236296e-03, 3.00023199e-03,
       2.94939330e-03, 2.89981993e-03, 2.85148507e-03, 2.80436205e-03,
       2.75842442e-03, 2.71364598e-03, 2.67000080e-03, 2.62746326e-03,
       2.58600807e-03, 2.54561029e-03, 2.50624538e-03, 2.46788914e-03,
       2.43051784e-03, 2.39410811e-03, 2.35863704e-03, 2.32408215e-03,
       2.29042139e-03, 2.25763318e-03, 2.22569638e-03, 2.19459028e-03,
       2.16429465e-03, 2.13478971e-03, 2.10605612e-03, 2.07807501e-03,
       2.05082792e-03, 2.02429688e-03, 1.99846431e-03, 1.97331311e-03,
       1.94882657e-03, 1.92498842e-03, 1.90178281e-03, 1.87919429e-03,
       1.85720782e-03, 1.83580876e-03, 1.81498284e-03, 1.79471619e-03,
       1.77499532e-03, 1.75580708e-03, 1.73713871e-03, 1.71897778e-03,
       1.70131221e-03, 1.68413026e-03, 1.66742052e-03, 1.65117189e-03,
       1.63537359e-03, 1.62001516e-03, 1.60508642e-03, 1.59057748e-03,
       1.57647876e-03, 1.56278092e-03, 1.54947491e-03, 1.53655196e-03,
       1.52400352e-03, 1.51182132e-03, 1.49999731e-03, 1.48852370e-03,
       1.47739291e-03, 1.46659760e-03, 1.45613065e-03, 1.44598512e-03,
       1.43615432e-03, 1.42663173e-03, 1.41741105e-03, 1.40848615e-03,
       1.39985110e-03, 1.39150013e-03, 1.38342767e-03, 1.37562830e-03,
       1.36809678e-03, 1.36082802e-03, 1.35381709e-03, 1.34705922e-03,
       1.34054977e-03, 1.33428426e-03, 1.32825834e-03, 1.32246780e-03,
       1.31690856e-03, 1.31157667e-03, 1.30646831e-03, 1.30157977e-03,
       1.29690746e-03, 1.29244791e-03, 1.28819776e-03, 1.28415375e-03,
       1.28031273e-03, 1.27667166e-03, 1.27322758e-03, 1.26997765e-03,
       1.26691911e-03, 1.26404929e-03, 1.26136561e-03, 1.25886558e-03,
       1.25654678e-03, 1.25440689e-03, 1.25244366e-03, 1.25065491e-03,
       1.24903854e-03, 1.24759253e-03, 1.24631491e-03, 1.24520381e-03,
       1.24425738e-03])]","[[0, 6.376880005047202e-05, 0.00012384871691641303, 0.0001825152146708144, 0.00024124552686846215, 0.00030103452642535957, 0.0003625844005035713, 0.00042641717514146796, 0.0004929422060489652, 0.0005624972757224349, 0.0006353737192426874, 0.000711831878432831, 0.0007921106664736044, 0.0008764335244098547, 0.0009650121494925503, 0.0010580488335911332, 0.0011557379240428938, 0.0012582667228840153, 0.00136581602162833, 0.0014785603965837791, 0.0015966683455281173, 0.00172030231926433, 0.0018496186844652008, 0.001984767643289451, 0.0021258931281020596, 0.0022731326848098154, 0.0024266173549551233, 0.0025864715642666554, 0.0027528130235218457, 0.002925752646135765, 0.003105394485731322, 0.003291835695990498, 0.003485166514286827, 0.003685470269923914, 0.003892823417232239, 0.004107295660706256, 0.004328951765120291, 0.0045578567748864535, 0.00479408071855165, 0.005037701548473155, 0.005288806950718615, 0.005547495472223409, 0.005813877236025596, 0.0060880744096439956, 0.006370221527531953, 0.006660465729593578, 0.0069589669540613555, 0.007265898108596944, 0.007581445234653404, 0.007905807674722303, 0.00823919824874657, 0.008581843443898755, 0.008933983620612578, 0.009295873236914892, 0.009667781092554341, 0.010049990594052045, 0.010442800041541687, 0.01084652293808058, 0.011261488321974607, 0.011688041122552693, 0.012126542539740865, 0.012577370447715563, 0.013040919822856349, 0.013517603196166348, 0.014007851130282429, 0.014512112721154293, 0.01503085612443089, 0.015564569106552378, 0.01611375962050508, 0.016678956406154306, 0.017260709615024662, 0.017859591459348102, 0.018476196885146113, 0.019111144269052516, 0.019765076138516954, 0.02043865991495504, 0.021132588679328566, 0.021847581959547356, 0.022584386538982017, 0.02334377728526371, 0.024126557998421595, 0.02493356227727042, 0.025765654402808636, 0.026623730237220516, 0.02750871813689338, 0.0284215798776618, 0.029363311590274152, 0.03033494470384188, 0.03133754689477737, 0.03237222303845186, 0.03344011616050907, 0.03454240838445287, 0.0356803218717869, 0.036855119750620946, 0.0380681070282712, 0.039320631482970256, 0.040614084529366073, 0.041949902052028316, 0.043329565200694496, 0.04475460114047821, 0.04622658374972748, 0.04774713425766429, 0.04931792181335719, 0.050940663976980216, 0.05261712712369388, 0.05434912674985178, 0.0561385276705916, 0.05798724409721592, 0.05989723958211133, 0.061870526818298, 0.0639091672800537, 0.06601527069042136, 0.06819099430079693, 0.07043854196721273, 0.07276016300739013, 0.07515815082214625, 0.077634841264313, 0.08019261073797769, 0.08283387401059579, 0.08556108172037391, 0.08837671756129142, 0.09128329512823917, 0.09428335440502146, 0.09737945787841333, 0.10057418626210636, 0.10387013381523535, 0.107269903241273, 0.1107761001544315, 0.1143913271023376, 0.11811817713566942, 0.12195922691767581, 0.12591702936905808, 0.12999410584659135, 0.1341929378571073, 0.13851595831205904, 0.1429655423318412, 0.1475439976133411, 0.1522535543788406, 0.15709635492935461, 0.16207444283075886, 0.16718975176659534, 0.1724440940972056, 0.17783914917078586, 0.1833764514380211, 0.189057378428074, 0.19488313864980147, 0.20085475948806117, 0.20697307517076088, 0.21323871488779367, 0.21965209114808415, 0.2262133884655359, 0.2329225524686008, 0.23977927953137404, 0.24678300702643774, 0.2539329043010231, 0.26122786447833163, 0.26866649718495483, 0.2762471223031815, 0.2839677648435121, 0.291826151027868, 0.29981970566776056, 0.3079455509140725, 0.31620050644612135, 0.3245810911573779, 0.33308352638367417, 0.3417037407070715, 0.3504373763548937, 0.35927979719893505, 0.3682260983447088, 0.3772711172850134, 0.38640944657629434, 0.3956354479804999, 0.40494326799961966, 0.41432685471510794, 0.42377997583017285, 0.43329623779970294, 0.4428691059206257, 0.45249192524495796, 0.46215794216889494, 0.47186032654415266, 0.4815921941525347, 0.49134662938144075, 0.5011167079368022, 0.5108955194307347, 0.5206761896840111, 0.5304519025882024, 0.5402159213789186, 0.549961609179859, 0.5596824486871937, 0.5693720608749543, 0.5790242226144057, 0.5886328831135793, 0.5981921790970379, 0.6076964486602859, 0.6171402437478023, 0.6265183412182248, 0.6358257524745545, 0.6450577316511681, 0.6542097823627492, 0.6632776630328179, 0.6722573908312197, 0.6811452442606132, 0.6899377644415892, 0.6986317551544997, 0.7072242817033378, 0.715712668673067, 0.7240944966566711, 0.7323675980318938, 0.7405300518702124, 0.7485801780621014, 0.7565165307431463, 0.7643378911051594, 0.772043259675204, 0.7796318481434414, 0.7871030708180755, 0.7944565357824734, 0.8016920358258746, 0.8088095392150655, 0.8158091803700703, 0.822691250502373, 0.8294561882695184, 0.8361045704952088, 0.8426371029992779, 0.8490546115772399, 0.8553580331645325, 0.8615484072161258, 0.8676268673279062, 0.8735946331221758, 0.8794530024157685, 0.885203343685679, 0.8908470888437522, 0.8963857263288847, 0.9018207945223525, 0.9071538754893045, 0.912386589047133, 0.9175205871593581, 0.9225575486518197, 0.9274991742463584, 0.9323471819057711, 0.9371033024826265, 0.9417692756635226, 0.9463468461995346, 0.9508377604129303, 0.9552437629697088, 0.959566593907122, 0.9638079859050769, 0.9679696617901468, 0.9720533322608563, 0.9760606938229227, 0.9799934269232243, 0.9838531942714238, 0.9876416393383791, 0.9913603850207294, 0.9950110324613376, 0.9985951600155856, 1.0021143223538733, 1.0055700496910316, 1.0089638471337363, 1.0122971941374042, 1.0155715440644337, 1.0187883238360573, 1.0219489336704548, 1.0250547469001694, 1.0281071098622485, 1.0311073418549035, 1.0340567351548486, 1.036956555089828, 1.0398080401611844, 1.0426124022116476, 1.0453708266338415, 1.048084472615304, 1.0507544734161063, 1.0533819366754331, 1.0559679447437433, 1.05851355503738, 1.0610198004127347, 1.0634876895572865, 1.0659182073950515, 1.0683123155041712, 1.0706709525445517, 1.072995034693643, 1.0752854560886032, 1.0775430892732523, 1.0797687856483538, 1.0819633759239, 1.0841276705721976, 1.0862624602806656, 1.0883685164033605, 1.09044659141035, 1.0924974193341395, 1.094521716212444, 1.0965201805266782, 1.0984934936356041, 1.1004423202036502, 1.1023673086234675, 1.104269091432354, 1.1061482857222213, 1.1080054935428343, 1.1098413022980893, 1.1116562851351415, 1.113451001326226, 1.11522599664305, 1.1169818037236667, 1.118718942431761, 1.1204379202083115, 1.1221392324156085, 1.1238233626736298, 1.1254907831887937, 1.1271419550751272, 1.128777328667897, 1.130397343829769, 1.1320024302495673, 1.1335930077337215, 1.1351694864904913, 1.1367322674070723, 1.1382817423196874, 1.139818294276779, 1.1413422977954184, 1.142854119111056, 1.1443541164207327, 1.1458426401198871, 1.1473200330328797, 1.1487866306373722, 1.150242761282691, 1.1516887464023058, 1.153124900720558, 1.154551532453773, 1.1559689435058838, 1.1573774296587007, 1.1587772807569559, 1.1601687808882515, 1.1615522085580399, 1.1629278368597593, 1.1642959336402505, 1.165656761660576, 1.1670105787523612, 1.1683576379697758, 1.1696981877372699, 1.1710324719931788, 1.1723607303293064, 1.1736831981265967, 1.1750001066869973, 1.1763116833616212, 1.1776181516753035, 1.178919731447657, 1.1802166389107163, 1.1815090868232698, 1.1827972845819656, 1.1840814383292833, 1.1853617510584533, 1.1866384227154148, 1.1879116502978821, 1.1891816279516114, 1.190448547063931, 1.1917125963546198, 1.1929739619641992, 1.1942328275397112, 1.1954893743180466, 1.1967437812068926, 1.1979962248633602, 1.1992468797703502, 1.200495918310721, 1.2017435108393135, 1.202989825752883, 1.2042350295579987, 1.2054792869369562]]"
50.0,80.0,4,30,90,I1-S1,"[[0.01, 0.009218546420913139, 0.008861068736292907, 0.008775059817687893, 0.008868448502353592, 0.009085537693632295, 0.009392318087880437, 0.0097676855372899, 0.010198397848083846, 0.010676060680661154, 0.011195311183595796, 0.01175271776558092, 0.01234610895415835, 0.012974159873209875, 0.01363613397284385, 0.014331718889590733, 0.015060919899379913, 0.015823989065919496, 0.016621376901511324, 0.01745369854615019, 0.01832170956474033, 0.019226288312751343, 0.020168422933308082, 0.02114920172343562, 0.022169806021529098, 0.023231505027116208, 0.024335652129712112, 0.02548368243274286, 0.026677111232878224, 0.027917533267595943, 0.02920662258213765, 0.030546132895899986, 0.031937898370620534, 0.03338383470029043, 0.0348859404567413, 0.03644635897958457, 0.038067991120157955, 0.03975482843258046, 0.041511597167518816, 0.04334347374732196, 0.04525590618045682, 0.04725450769881051, 0.049344999062200176, 0.05153318309873271, 0.05382494009919746, 0.056226236254122305, 0.05874313983695267, 0.06138184159837005, 0.06414867706153829, 0.06705014925129844, 0.07009295096340079, 0.07328398606259717, 0.07663038954793545, 0.08013954628064152, 0.08381910836348082, 0.08767701121090424, 0.09172148837094181, 0.0959610851626831, 0.10040467118413102, 0.10506145172888269, 0.10994097812956816, 0.11505315702327074, 0.12040825851051813, 0.1260169231556179, 0.131890167752523, 0.1380393897572407, 0.14447637026509752, 0.15121327538891816, 0.15826265587231406, 0.16563744475073783, 0.17335095285169125, 0.1814168619044467, 0.18984921500886004, 0.1986624041923633, 0.2078711547641198, 0.21749050615574825, 0.2275357889191717, 0.23802259753428187, 0.24896675866254553, 0.2603842944678055, 0.27229138061279273, 0.28470429852980056, 0.29763938155716396, 0.3111129545303268, 0.3251412664181023, 0.3397404156020724, 0.35492626741082556, 0.3707143635418625, 0.38711982303353326, 0.40415723448837554, 0.4218405392988101, 0.440182905687433, 0.45919659344822983, 0.47889280936299033, 0.49928155337001046, 0.5203714556806951, 0.5421696051746195, 0.5646813695554416, 0.5879102079189671, 0.6118574765704925, 0.6365222291307021, 0.6619010121867897, 0.6879876579764685, 0.7147730758348388, 0.7422450443847031, 0.7703880067061151, 0.7991828709761646, 0.8286068193198656, 0.8586331278513418, 0.889231001104318, 0.9203654242445215, 0.9519970366156887, 0.9840820302866703, 1.0165720773306441, 1.0494142895696124, 1.082551214449471, 1.1159208705648425, 1.1494568261214526, 1.1830883233014011, 1.2167404510792752, 1.250334368523071, 1.2837875800041882, 1.3170142630392825, 1.3499256487005697, 1.382430453670802, 1.4144353620984949, 1.445845554445451, 1.4765652795326116, 1.5064984650050226, 1.5355493604775894, 1.563623206717223, 1.5906269233913974, 1.6164698071952304, 1.641064231584737, 1.6643263389162226, 1.686176715540752, 1.7065410403436805, 1.725350697362499, 1.7425433434659536, 1.7580634226314238, 1.7718626191071967, 1.7839002426765105, 1.7941435403299095, 1.8025679298751034, 1.8091571523381833, 1.813903341402434, 1.8168070095546534, 1.8178769520267128, 1.8171300709954867, 1.8145911238026273, 1.810292400145476, 1.8042733342443817, 1.7965800588875709, 1.787264908975835, 1.7763858827249697, 1.7640060690294588, 1.7501930496475757, 1.7350182848425109, 1.7185564909179287, 1.7008850177351698, 1.6820832338121674, 1.6622319260024279, 1.6414127200590223, 1.6197075276269484, 1.5971980244007333, 1.5739651633550864, 1.550088726125584, 1.5256469148025205, 1.5007159856205208, 1.4753699252930328, 1.449680170065346, 1.423715366950592, 1.3975411760758467, 1.3712201126031374, 1.3448114263037114, 1.3183710165523315, 1.2919513802688316, 1.2656015901626563, 1.2393673005274286, 1.2132907777808717, 1.187410952944235, 1.1617634932981251, 1.13638089053162, 1.1112925628122459, 1.086524968339565, 1.062101728098918, 1.0380437556989355, 1.014369392351957, 0.9910945452362031, 0.9682328276587759, 0.9457956996161749, 0.9237926075214584, 0.9022311220323747, 0.8811170730711542, 0.8604546812730214, 0.8402466852360666, 0.820494464069455, 0.8011981548498674, 0.7823567646976185, 0.7639682772743436, 0.7460297535838785, 0.7285374270275108, 0.7114867927247607, 0.6948726911619174, 0.6786893862734285, 0.6629306380966162, 0.6475897701688063, 0.632659731858491, 0.618133155839301, 0.6040024109279526, 0.5902596505155984, 0.5768968568266816, 0.5639058812410126, 0.5512784809138161, 0.5390063519253737, 0.527081159186987, 0.515494563323671, 0.5042382447465361, 0.49330392511951854, 0.4826833864161952, 0.47236848775306217, 0.4623511801760555, 0.45262351956737074, 0.4431776778299363, 0.4340059524972928, 0.42510077490722764, 0.4164547170683586, 0.40806049734001487, 0.3999109850372574, 0.39199920406474925, 0.38431833567543816, 0.3768617204426711, 0.3696228595274168, 0.36259541531573575, 0.3557732114954956, 0.34915023263558204, 0.34272062332548175, 0.33647868692811006, 0.33041888399409935, 0.3245358303814452, 0.3188242951204055, 0.3132791980598479, 0.30789560732782506, 0.3026687366360116, 0.2975939424547382, 0.2926667210826999, 0.2878827056329724, 0.2832376629547342, 0.2787274905080448, 0.2743482132071602, 0.27009598024615694, 0.2659670619190827, 0.2619578464454331, 0.2580648368104662, 0.25428464762869785, 0.2506140020378578, 0.24704972862962957, 0.24358875842262376, 0.240228121882253, 0.23696494599146833, 0.23379645137567803, 0.23071994948459928, 0.22773283983327752, 0.22483260730404833, 0.2220168195108055, 0.21928312422657154, 0.21662924687503957, 0.2140529880864678, 0.21155222131804866, 0.20912489053865022, 0.20676900797762832, 0.20448265193723372, 0.20226396466798668, 0.20011115030626112, 0.1980224728732062, 0.19599625433403792, 0.19403087271665034, 0.19212476028842868, 0.1902764017900891, 0.18848433272532522, 0.1867471377050038, 0.1850634488446258, 0.1834319442137473, 0.18185134633604289, 0.18032042073868526, 0.17883797454971367, 0.1774028551420656, 0.17601394882295285, 0.17467017956727338, 0.17337050779376295, 0.17211392918260707, 0.17089947353325113, 0.16972620366116728, 0.16859321433235777, 0.1674996312343978, 0.1664446099828451, 0.16542733516186822, 0.16444701939797163, 0.16350290246572172, 0.16259425042440465, 0.16172035478457364, 0.1608805317034706, 0.1600741212083336, 0.15930048644662903, 0.15855901296227365, 0.15784910799693802, 0.15717019981555014, 0.15652173705514194, 0.15590318809620868, 0.15531404045577482, 0.154753800201385, 0.15422199138526257, 0.15371815549790177, 0.1532418509403816, 0.15279265251471308, 0.15237015093155212, 0.15197395233463182, 0.15160367784128875, 0.15125896309847708, 0.1509394578536845, 0.150644825540182, 0.15037474287605812, 0.15012889947650593, 0.1499069974788477, 0.14970875117979862, 0.14953388668448772, 0.1493821415667682, 0.1492532645403653, 0.14914701514042317, 0.14906316341502723, 0.14900148962629042, 0.14896178396060566, 0.14894384624767842, 0.14894748568796568, 0.14897252058815844, 0.14901877810435682, 0.14908609399259606, 0.14917431236639309, 0.14928328546099237, 0.1494128734039992, 0.14956294399209807, 0.14973337247356147, 0.14992404133626386, 0.15013484010092248, 0.1503656651192951, 0.15061641937707154, 0.15088701230120333, 0.15117735957142206, 0.15148738293570413, 0.15181701002944495, 0.1521661741981126, 0.15253481432315574, 0.1529228746509467, 0.15333030462454575, 0.1537570587180775, 0.15420309627351544, 0.15466838133967528, 0.1551528825132224, 0.1556565727815028, 0.15617942936701135, 0.15672143357331536, 0.15728257063225545, 0.1578628295522489, 0.1584622029675254, 0.15908068698812833, 0.15971828105051764]]","[[0.01, 0.011673645222856313, 0.01362924433757481, 0.01580189558251425, 0.018156401286789386, 0.020675366963104316, 0.02335181774896243, 0.026184750451667255, 0.029176697415806724, 0.03233231145686681, 0.03565754115767189, 0.03915915584270759, 0.042844476991871494, 0.046721230866969235, 0.05079747184398758, 0.05508154666196012, 0.05958208212223276, 0.06430798607475846, 0.06926845583681233, 0.0744729907178677, 0.07993140679758878, 0.0856538529543298, 0.09165082762621561, 0.09793319605814034, 0.10451220793579243, 0.11139951538494808, 0.11860719135164506, 0.1261477483943478, 0.13403415792310408, 0.14227986991876773, 0.150898833160821, 0.15990551598688374, 0.1693149276015064, 0.17914263994669616, 0.18940481014195598, 0.20011826696062773, 0.21130122559188114, 0.22297388171144544, 0.23515829192277057, 0.24787823864036654, 0.26115914227190956, 0.2750280096526681, 0.28951341051112, 0.3046454757895089, 0.32045591316048017, 0.33697803621481076, 0.35424680464684283, 0.37229887340592605, 0.391172649266433, 0.41090835363422923, 0.431548090682388, 0.4531359201147406, 0.4757179340085502, 0.4993423372992658, 0.5240595315500806, 0.5499222017037999, 0.5769854055495419, 0.6053066656560075, 0.6349460635294223, 0.6659663357500069, 0.6984329718276066, 0.7324143134961271, 0.7679816551385359, 0.8052093450000253, 0.8441748868069062, 0.884959041363186, 0.9276459276457525, 0.9723231228627338, 1.0190817608779863, 1.0680166283377879, 1.1192262577637377, 1.1728130167985766, 1.2288831927092554, 1.287547071164171, 1.348919008209267, 1.4131174942708933, 1.480265208912316, 1.5504890649660288, 1.623920240556151, 1.700694197414984, 1.7809506837861593, 1.8648337200949119, 1.9524915654551942, 2.0440766629752067, 2.1397455617193324, 2.239658813087531, 2.3439808392854324, 2.4528797714823765, 2.5665272551935367, 2.685098220379409, 2.8087706137349997, 2.9377250906460244, 3.0721446643245356, 3.212214309706156, 3.358120519800173, 3.5100508123369165, 3.6681931847589686, 3.8327355158585403, 4.003864912677395, 4.181767001662171, 4.3666251635105775, 4.558619711655672, 4.757927014918325, 4.964718565513012, 5.179159994318757, 5.401410036123254, 5.63161944841011, 5.869929888180594, 6.116472752274015, 6.371367987663985, 6.63472287924801, 6.906630823698971, 7.187170098990289, 7.476402640220839, 7.774372833327104, 8.081106339153257, 8.396608961127512, 8.72086557043715, 9.053839103076628, 9.395469643435446, 9.745673609168456, 10.104343051927545, 10.471345088109414, 10.846521473074487, 11.229688331306255, 11.620636053705638, 12.019129371655056, 12.424907615653867, 12.837685164241117, 13.257152086611804, 13.682974979836251, 14.114797998953271, 14.55224407547783, 14.994916317099829, 15.44239957861286, 15.894262191463296, 16.350057836813455, 16.809327544729047, 17.27160180008708, 17.7364027341068, 18.203246379076063, 18.67164496291146, 19.141109219676142, 19.61115069209479, 20.08128400245067, 20.551029069012078, 21.019913246291505, 21.487473368956493, 21.953257681043358, 22.416827634224347, 22.877759541189207, 23.335646072665433, 23.79009758915729, 24.240743301072477, 24.68723225347015, 25.129234134151893, 25.566439906180566, 25.99856226810961, 26.425335947203862, 26.8465178327055, 27.26188695772757, 27.671244339631496, 28.074412689760543, 28.471236004161238, 28.86157904743852, 29.245326742170718, 29.622383476376008, 29.992672341392897, 30.356134312236485, 30.712727382044157, 31.06242566165309, 31.40521845468197, 31.741109317744048, 32.07011511461996, 32.39226507238713, 32.70759984665609, 33.01617060221905, 33.318038114586805, 33.61327189708684, 33.90194935742998, 34.184154986930366, 34.45997958489099, 34.729519520046985, 34.992876030395045, 35.25015456222857, 35.50146414874624, 35.74691682820359, 35.986627101232166, 36.22071142665501, 36.449287754879016, 36.67247509773912, 36.890393133503885, 37.10316184562278, 37.31090119369842, 37.513730815099116, 37.71176975558446, 37.9051362272962, 38.09394739246508, 38.27831917119932, 38.45836607174819, 38.634201041673926, 38.805935338413214, 38.973678417765, 39.13753783890194, 39.297619184567395, 39.45402599518691, 39.60685971569153, 39.75621965391927, 39.90220294952987, 40.044904552435284, 40.18441720981489, 40.32083146084839, 40.454235638361446, 40.58471587663854, 40.7123561247143, 40.83723816450846, 40.95944163322085, 41.07904404945077, 41.19612084255072, 41.31074538476648, 41.42298902575583, 41.532921129114676, 41.640609110573855, 41.74611847756222, 41.849512869860575, 41.95085410109877, 42.0502022008732, 42.14761545728531, 42.243150459722735, 42.33686214172458, 42.42880382378987, 42.51902725600473, 42.60758266037871, 42.694518772794275, 42.77988288448577, 42.86372088297543, 42.946077292404134, 43.02699531320389, 43.10651686106724, 43.18468260517628, 43.26153200566082, 43.33710335026123, 43.41143379017686, 43.484559375085915, 43.55651508732693, 43.62733487523579, 43.697051685635856, 43.76569749548147, 43.833303342658105, 43.89989935594458, 43.96551478414475, 44.0301780243981, 44.09391664967988, 44.15675743550312, 44.21872638583549, 44.27984875824549, 44.340149088292755, 44.39965121317806, 44.45837829466933, 44.516352841319986, 44.57359672999653, 44.63013122673241, 44.68597700692525, 44.74115417489466, 44.79568228281787, 44.84958034906024, 44.90286687591765, 44.95555986678776, 45.007676842786566, 45.05923485882693, 45.11025051917512, 45.16073999250128, 45.21071902643954, 45.26020296167301, 45.3092067455586, 45.357744945306386, 45.405831760727885, 45.45348103656703, 45.50070627442762, 45.54752064431049, 45.59393699577317, 45.63996786872476, 45.685625503868124, 45.730921852801245, 45.77586858778932, 45.82047711121865, 45.86475856474325, 45.90872383813457, 45.95238357784459, 45.99574819529204, 46.038827874881314, 46.08163258176329, 46.12417206934698, 46.166455886570624, 46.2084933849405, 46.25029372534569, 46.29186588465633, 46.333218662113055, 46.37436068551483, 46.41530041721217, 46.456046159912496, 46.49660606230418, 46.5369881245056, 46.577200203345186, 46.617250017478455, 46.657145152347475, 46.69689306498845, 46.73650108869244, 46.77597643752445, 46.815326210705585, 46.854557396863164, 46.89367687815311, 46.93269143425908, 46.97160774627249, 47.01043240045746, 47.049171891904585, 47.087832628077145, 47.12642093225355, 47.16494304686924, 47.20340513676149, 47.24181329232027, 47.280173532548254, 47.31849180803278, 47.3567740038328, 47.395025942283304, 47.43325338572, 47.4714620391266, 47.50965755270718, 47.54784552438588, 47.58603150223611, 47.62422098684143, 47.662419433589996, 47.70063225490458, 47.73886482241002, 47.77712246903968, 47.81541049108283, 47.853734150174304, 47.892098675228134, 47.93050926431648, 47.96897108649525, 48.0074892835778, 48.04606897185772, 48.08471524378219, 48.12343316957668, 48.16222779882228, 48.20110416198648, 48.240067271908394, 48.279122125239276, 48.318273703839054, 48.35752697612981, 48.39688689840665, 48.4363584161068, 48.47594646503744, 48.515655972562826, 48.55549185875117, 48.595459037481724, 48.63556241751249, 48.67580690350887, 48.716197397033575, 48.75673879749804, 48.797436003075546, 48.838293911576315, 48.87931742128451, 48.92051143175748, 48.961880844587114, 49.003430564123356]]","[array([6.37688001e-05, 6.00799169e-05, 5.86664978e-05, 5.87303122e-05,
       5.97889996e-05, 6.15498803e-05, 6.38328637e-05, 6.65255754e-05,
       6.95571742e-05, 7.28825766e-05, 7.64729377e-05, 8.03098691e-05,
       8.43818950e-05, 8.86822566e-05, 9.32075299e-05, 9.79567390e-05,
       1.02930774e-04, 1.08131998e-04, 1.13563980e-04, 1.19231300e-04,
       1.25139413e-04, 1.31294547e-04, 1.37703627e-04, 1.44374223e-04,
       1.51314505e-04, 1.58533217e-04, 1.66039656e-04, 1.73843655e-04,
       1.81955583e-04, 1.90386336e-04, 1.99147338e-04, 2.08250549e-04,
       2.17708468e-04, 2.27534141e-04, 2.37741254e-04, 2.48346143e-04,
       2.59371917e-04, 2.70847831e-04, 2.82807017e-04, 2.95284966e-04,
       3.08318594e-04, 3.21945701e-04, 3.36204708e-04, 3.51134555e-04,
       3.66774725e-04, 3.83165321e-04, 4.00347195e-04, 4.18362088e-04,
       4.37252784e-04, 4.57063255e-04, 4.77838814e-04, 4.99626244e-04,
       5.22473937e-04, 5.46432004e-04, 5.71552398e-04, 5.97889005e-04,
       6.25497748e-04, 6.54436671e-04, 6.84766018e-04, 7.16548303e-04,
       7.49848384e-04, 7.84733511e-04, 8.21273382e-04, 8.59540187e-04,
       8.99608638e-04, 9.41555994e-04, 9.85462080e-04, 1.03140929e-03,
       1.07948256e-03, 1.12976939e-03, 1.18235974e-03, 1.23734605e-03,
       1.29482310e-03, 1.35488796e-03, 1.41763986e-03, 1.48318005e-03,
       1.55161162e-03, 1.62303934e-03, 1.69756938e-03, 1.77530910e-03,
       1.85636671e-03, 1.94085097e-03, 2.02887077e-03, 2.12053472e-03,
       2.21595071e-03, 2.31522531e-03, 2.41846327e-03, 2.52576686e-03,
       2.63723516e-03, 2.75296334e-03, 2.87304183e-03, 2.99755548e-03,
       3.12658258e-03, 3.26019392e-03, 3.39845169e-03, 3.54140839e-03,
       3.68910563e-03, 3.84157295e-03, 3.99882650e-03, 4.16086777e-03,
       4.32768221e-03, 4.49923786e-03, 4.67548397e-03, 4.85634962e-03,
       5.04174232e-03, 5.23154670e-03, 5.42562315e-03, 5.62380664e-03,
       5.82590551e-03, 6.03170048e-03, 6.24094369e-03, 6.45335796e-03,
       6.66863621e-03, 6.88644106e-03, 7.10640470e-03, 7.32812898e-03,
       7.55118581e-03, 7.77511780e-03, 7.99943929e-03, 8.22363762e-03,
       8.44717484e-03, 8.66948969e-03, 8.88999998e-03, 9.10810528e-03,
       9.32318997e-03, 9.53462664e-03, 9.74177971e-03, 9.94400943e-03,
       1.01406760e-02, 1.03311441e-02, 1.05147871e-02, 1.06909920e-02,
       1.08591641e-02, 1.10187313e-02, 1.11691490e-02, 1.13099044e-02,
       1.14405208e-02, 1.15605613e-02, 1.16696326e-02, 1.17673883e-02,
       1.18535314e-02, 1.19278171e-02, 1.19900541e-02, 1.20401062e-02,
       1.20778929e-02, 1.21033898e-02, 1.21166281e-02, 1.21176933e-02,
       1.21067247e-02, 1.20839125e-02, 1.20494960e-02, 1.20037608e-02,
       1.19470354e-02, 1.18796878e-02, 1.18021219e-02, 1.17147738e-02,
       1.16181072e-02, 1.15126097e-02, 1.13987885e-02, 1.12771665e-02,
       1.11482777e-02, 1.10126638e-02, 1.08708703e-02, 1.07234428e-02,
       1.05709235e-02, 1.04138486e-02, 1.02527448e-02, 1.00881273e-02,
       9.92049689e-03, 9.75033857e-03, 9.57811938e-03, 9.40428712e-03,
       9.22926910e-03, 9.05347127e-03, 8.87727751e-03, 8.70104914e-03,
       8.52512474e-03, 8.34982006e-03, 8.17542813e-03, 8.00221959e-03,
       7.83044305e-03, 7.66032566e-03, 7.49207372e-03, 7.32587341e-03,
       7.16189160e-03, 7.00027667e-03, 6.84115939e-03, 6.68465383e-03,
       6.53085833e-03, 6.37985639e-03, 6.23171761e-03, 6.08649864e-03,
       5.94424408e-03, 5.80498736e-03, 5.66875160e-03, 5.53555046e-03,
       5.40538895e-03, 5.27826413e-03, 5.15416592e-03, 5.03307776e-03,
       4.91497723e-03, 4.79983672e-03, 4.68762397e-03, 4.57830261e-03,
       4.47183270e-03, 4.36817113e-03, 4.26727212e-03, 4.16908757e-03,
       4.07356748e-03, 3.98066020e-03, 3.89031285e-03, 3.80247151e-03,
       3.71708152e-03, 3.63408772e-03, 3.55343461e-03, 3.47506661e-03,
       3.39892818e-03, 3.32496397e-03, 3.25311898e-03, 3.18333869e-03,
       3.11556912e-03, 3.04975694e-03, 2.98584958e-03, 2.92379526e-03,
       2.86354309e-03, 2.80504305e-03, 2.74824613e-03, 2.69310428e-03,
       2.63957047e-03, 2.58759871e-03, 2.53714409e-03, 2.48816273e-03,
       2.44061186e-03, 2.39444975e-03, 2.34963578e-03, 2.30613036e-03,
       2.26389499e-03, 2.22289223e-03, 2.18308566e-03, 2.14443989e-03,
       2.10692056e-03, 2.07049430e-03, 2.03512872e-03, 2.00079237e-03,
       1.96745479e-03, 1.93508639e-03, 1.90365851e-03, 1.87314337e-03,
       1.84351404e-03, 1.81474445e-03, 1.78680931e-03, 1.75968418e-03,
       1.73334534e-03, 1.70776986e-03, 1.68293553e-03, 1.65882087e-03,
       1.63540507e-03, 1.61266800e-03, 1.59059020e-03, 1.56915281e-03,
       1.54833763e-03, 1.52812701e-03, 1.50850391e-03, 1.48945184e-03,
       1.47095484e-03, 1.45299751e-03, 1.43556493e-03, 1.41864267e-03,
       1.40221680e-03, 1.38627384e-03, 1.37080076e-03, 1.35578497e-03,
       1.34121428e-03, 1.32707692e-03, 1.31336151e-03, 1.30005707e-03,
       1.28715294e-03, 1.27463887e-03, 1.26250491e-03, 1.25074147e-03,
       1.23933927e-03, 1.22828934e-03, 1.21758303e-03, 1.20721196e-03,
       1.19716804e-03, 1.18744345e-03, 1.17803064e-03, 1.16892231e-03,
       1.16011141e-03, 1.15159112e-03, 1.14335487e-03, 1.13539630e-03,
       1.12770926e-03, 1.12028783e-03, 1.11312628e-03, 1.10621907e-03,
       1.09956086e-03, 1.09314650e-03, 1.08697101e-03, 1.08102957e-03,
       1.07531754e-03, 1.06983046e-03, 1.06456399e-03, 1.05951396e-03,
       1.05467636e-03, 1.05004729e-03, 1.04562303e-03, 1.04139994e-03,
       1.03737457e-03, 1.03354354e-03, 1.02990364e-03, 1.02645174e-03,
       1.02318485e-03, 1.02010007e-03, 1.01719462e-03, 1.01446584e-03,
       1.01191113e-03, 1.00952804e-03, 1.00731416e-03, 1.00526722e-03,
       1.00338501e-03, 1.00166543e-03, 1.00010644e-03, 9.98706097e-04,
       9.97462544e-04, 9.96373988e-04, 9.95438717e-04, 9.94655093e-04,
       9.94021547e-04, 9.93536582e-04, 9.93198764e-04, 9.93006728e-04,
       9.92959171e-04, 9.93054850e-04, 9.93292585e-04, 9.93671252e-04,
       9.94189784e-04, 9.94847169e-04, 9.95642448e-04, 9.96574714e-04,
       9.97643112e-04, 9.98846833e-04, 1.00018512e-03, 1.00165725e-03,
       1.00326257e-03, 1.00500044e-03, 1.00687029e-03, 1.00887156e-03,
       1.01100377e-03, 1.01326644e-03, 1.01565916e-03, 1.01818152e-03,
       1.02083318e-03, 1.02361382e-03, 1.02652315e-03, 1.02956091e-03,
       1.03272688e-03, 1.03602086e-03, 1.03944270e-03, 1.04299224e-03,
       1.04666939e-03, 1.05047405e-03, 1.05440616e-03, 1.05846568e-03,
       1.06265261e-03])]","[[0, 6.376880005047202e-05, 0.00012384871691641303, 0.0001825152146708144, 0.00024124552686846215, 0.00030103452647979275, 0.00036258440678135035, 0.00042641727050330786, 0.0004929428459148799, 0.000562500020161186, 0.0006353825967292494, 0.0007118555344708228, 0.0007921654035769649, 0.0008765472985392043, 0.0009652295550946425, 0.0010584370849966076, 0.001156393823970204, 0.0012593245976321812, 0.0013674565957221044, 0.0014810205758887668, 0.001600251876177882, 0.0017253912893916482, 0.0018566858361794161, 0.0019943894632390834, 0.002138763686084761, 0.0022900781911125156, 0.0024486114083618945, 0.0026146510639377908, 0.0027884947192266456, 0.002970450302627839, 0.00316083663840736, 0.0033599839763891887, 0.0035682345254775547, 0.003785942993413135, 0.004013477134680901, 0.0042512183891180045, 0.004499564531733069, 0.004758936448801688, 0.005029784279357188, 0.005312591295923236, 0.005607876262115655, 0.0059161948559443515, 0.006238140557114801, 0.006574345264695486, 0.006925479819773576, 0.007292254544433467, 0.007675419865191952, 0.00807576705993652, 0.008494129148179085, 0.008931381932024179, 0.009388445187506164, 0.009866284001354378, 0.010365910245730256, 0.010888384182301931, 0.011434816186664934, 0.012006368584231061, 0.012604257589054552, 0.01322975533748895, 0.013884192008968607, 0.014568958026522706, 0.01528550632981918, 0.016035354713580686, 0.01682008822410436, 0.017641361606348247, 0.018500901793620347, 0.01940051043132326, 0.02034206642547156, 0.021327528505813396, 0.022358937792355125, 0.023438420352910393, 0.024568189737975237, 0.025750549477769617, 0.0269878955246856, 0.028282718622644358, 0.02963760658299084, 0.031055246444549225, 0.03253842649332843, 0.03409003811511031, 0.03571307745178196, 0.03741064682979685, 0.039185955926580945, 0.04104232263805484, 0.042983173607741045, 0.04501204437519169, 0.04713257909873326, 0.04934852980481711, 0.05166375511362615, 0.05408221838806529, 0.056607985250909175, 0.05924522041275412, 0.061998183751589345, 0.06487122558334005, 0.06786878106172223, 0.07099536364527702, 0.07425555756961459, 0.07765400926379794, 0.08119541765154152, 0.08488452328059996, 0.08872609622749163, 0.09272492272965396, 0.09688579050337338, 0.10121347271347747, 0.10571271056991834, 0.11038819453709539, 0.11524454415413125, 0.12028628647836723, 0.12551783318010243, 0.13094345633404486, 0.13656726297201746, 0.14239316848206923, 0.14842486896112952, 0.15466581265151377, 0.16111917061567835, 0.1677878068283167, 0.17467424788980496, 0.18178065258970869, 0.18910878157305636, 0.19665996738482333, 0.204435085188967, 0.21243452447678365, 0.2206581620946854, 0.22910533693307428, 0.2377748266251983, 0.2466648266071148, 0.2557729318866352, 0.2650961218599259, 0.2746307484989509, 0.28437252821094183, 0.2943165376424961, 0.3044572136658239, 0.3147883577433515, 0.32530314481978906, 0.3359941368385092, 0.34685330092247, 0.3578720321999128, 0.3690411811927935, 0.3803510856225916, 0.3917916064251053, 0.4033521677044449, 0.41502180029806185, 0.4267891885706201, 0.4386427200061029, 0.4505705371258764, 0.4625605912264856, 0.47460069740551936, 0.48667859032752336, 0.49878198017498343, 0.5108986082319426, 0.5230163015596851, 0.5351230262447202, 0.5472069387284089, 0.5592564347641834, 0.5712601955914216, 0.5832072309635495, 0.5950869187206543, 0.6068890406525311, 0.6186038144554027, 0.6302219216433017, 0.6417345313321027, 0.6531333198693596, 0.6644104863354653, 0.6755587639903657, 0.6865714277844553, 0.6974422980918, 0.7081657408581247, 0.718736664384822, 0.729150512993518, 0.7394032578335168, 0.7494913851069086, 0.7594118819935362, 0.7691622205607211, 0.7787403399410753, 0.7881446270563173, 0.7973738961562815, 0.8064273674307387, 0.8153046449377602, 0.8240056940766294, 0.8325308188162119, 0.8408806388716733, 0.8490560670038731, 0.8570582865970428, 0.864888729651763, 0.8725490553120878, 0.880041129028125, 0.8873670024386758, 0.8945288940427877, 0.9015291707144067, 0.9083703301007847, 0.915054983932956, 0.9215858422654609, 0.9279656986525442, 0.9341974162592841, 0.9402839148984524, 0.946228158977332, 0.9520331463331457, 0.9577018979311276, 0.9632374483955002, 0.9686428373406553, 0.9739211014675769, 0.9790752673889314, 0.9841083451451964, 0.9890233223736551, 0.9938231590919547, 0.9985107830581827, 1.0030890856699735, 1.007560918365982, 1.0119290894940969, 1.0161963616119685, 1.0203654491867682, 1.0244390166625281, 1.0284196768649168, 1.0323099897148496, 1.0361124612239072, 1.0398295427460966, 1.0434636304620497, 1.0470170650732848, 1.0504921316856408, 1.0538910598624478, 1.057216023829382, 1.0604691428142932, 1.0636524815065658, 1.0667680506217825, 1.06981780755861, 1.0728036571359032, 1.075727452399046, 1.0785909954854944, 1.0813960385403856, 1.0841442846739038, 1.0868373889528695, 1.0894769594197358, 1.0920645581328423, 1.0946017022223908, 1.097089864957176, 1.099530476817624, 1.1019249265711755, 1.104274562346489, 1.1065806927033408, 1.108844587695474, 1.1110674799239768, 1.1132505655790856, 1.1153950054685813, 1.1175019260312038, 1.11957242033374, 1.1216075490506459, 1.1236083414252507, 1.1255757962117676, 1.1275108825974764, 1.1294145411045893, 1.1312876844714288, 1.1331311985126589, 1.1349459429584037, 1.1367327522721808, 1.1384924364476467, 1.1402257817842234, 1.1419335516417335, 1.1436164871742232, 1.1452753080431968, 1.1469107131105296, 1.1485233811113515, 1.150113971307233, 1.151683124120021, 1.1532314617466952, 1.1547595887556343, 1.1562680926646898, 1.157757544501481, 1.1592284993463278, 1.1606814968582486, 1.162117061784448, 1.1635357044537267, 1.1649379212542401, 1.1663241950960377, 1.1676949958588052, 1.1690507808252342, 1.170391995100434, 1.1717190720178012, 1.1730324335317481, 1.1743324905976933, 1.1756196435397026, 1.1768942824061686, 1.1781567873138994, 1.1794075287809904, 1.1806468680488338, 1.1818751573936193, 1.1830927404276668, 1.1842999523909246, 1.1854971204329583, 1.1866845638857437, 1.1878625945275731, 1.1890315168383707, 1.1901916282467073, 1.1913432193687963, 1.1924865742397401, 1.1936219705372928, 1.1947496797983952, 1.1958699676287288, 1.1969830939055273, 1.198089312973881, 1.1991888738367542, 1.2002820203389368, 1.2013689913451358, 1.2024500209124125, 1.2035253384571603, 1.204595168916811, 1.2056597329064553, 1.2067192468705494, 1.2077739232298836, 1.208823970523971, 1.2098695935490205, 1.2109109934916424, 1.2119483680584364, 1.2129819116016045, 1.214011815240723, 1.2150382669808095, 1.2160614518268076, 1.2170815518946165, 1.2180987465187796, 1.2191132123569481, 1.2201251234912274, 1.2211346515265131, 1.2221419656859167, 1.2231472329033786, 1.224150617913563, 1.2251522833391235, 1.2261523897754267, 1.2271510958728178, 1.2281485584165064, 1.2291449324041512, 1.2301403711212158, 1.2311350262141676, 1.2321290477615865, 1.2331225843432503, 1.2341157831072567, 1.2351087898352442, 1.2361017490057675, 1.2370948038558838, 1.2380880964409993, 1.2390817676930315, 1.2400759574769284, 1.2410708046455972, 1.2420664470932796, 1.243063021807421, 1.2440606649190693, 1.2450595117518424, 1.2460596968695004, 1.2470613541221556, 1.2480646166911535, 1.2490696171326545, 1.2500764874199444, 1.2510853589845028, 1.2520963627558537, 1.2531096292002217, 1.2541252883580165, 1.2551434698801684, 1.2561643030633318, 1.2571879168839761, 1.2582144400313817, 1.2592440009395534, 1.2602767278180687, 1.261312748681872, 1.2623521913800266, 1.2633951836234345, 1.2644418530115338, 1.2654923270579805, 1.2665467332153233, 1.2676051988986745, 1.268667851508385]]"
50.0,80.0,4,30,180,I0-S0,"[[0.01, 0.009218546420913139, 0.008861068736292907, 0.008775059817687893, 0.008868448502353592, 0.009085509733851685, 0.009391906768938498, 0.009765755108251084, 0.010192702202817022, 0.010663002244413031, 0.011169752765091624, 0.011707828110363798, 0.01227323134177901, 0.012862697642677268, 0.013473449305674488, 0.014103042528477513, 0.01474927024678576, 0.015410099557332465, 0.016083630822265133, 0.01676807063245246, 0.01746171383846396, 0.018162931667419977, 0.01887016402811726, 0.01958191476095032, 0.02029674898833624, 0.02101329196939083, 0.021730229020878886, 0.02244630617121099, 0.023160331286838216, 0.023871175463359574, 0.02457777451437075, 0.025279130423857113, 0.025974312655288094, 0.026662459233977243, 0.027342777539598948, 0.028014644130389555, 0.028678601958768882, 0.029336865116350534, 0.02999268943469748, 0.030649874400958343, 0.031312442174076444, 0.031984433911848006, 0.03266978435481551, 0.03337224875715304, 0.03409536478394317, 0.034842437604056156, 0.0356165401471327, 0.036420523017703106, 0.037257030283989766, 0.03812851854906725, 0.03903727754023905, 0.03998545103228152, 0.04097505732747189, 0.04200800880149236, 0.04308613022475141, 0.0442111757080252, 0.045384844216968846, 0.04660879366435501, 0.04788465363075631, 0.04921403679022899, 0.05059854913204803, 0.05203979907608912, 0.053539405580527485, 0.05509900533792709, 0.056720259150827755, 0.05840485757153845, 0.06015452588367465, 0.06197102849550211, 0.06385617280768527, 0.06581181261079576, 0.0678398510610478, 0.06994224327626866, 0.07212099858811945, 0.07437818248106455, 0.07671591824353607, 0.07913638835213166, 0.08164183560549058, 0.08423456402068111, 0.08691693950146771, 0.08969139028467522, 0.09256040716799546, 0.09552654351996061, 0.09859241507040664, 0.1017606994775457, 0.10503413566573506, 0.10841552292615238, 0.11190771977084586, 0.11551364252901009, 0.11923626367283006, 0.12307860985883139, 0.12704375966936376, 0.13113484103762632, 0.13535502833851165, 0.13970753912650405, 0.14419563050091355, 0.14882259507786935, 0.15359175654773544, 0.15850646479595715, 0.16357009056480865, 0.16878601963309744, 0.17415764649060642, 0.17968836748392913, 0.18538157341039768, 0.19124064153702686, 0.19726892702182788, 0.2034697537154922, 0.20984640432233745, 0.21640210990056136, 0.22314003868328908, 0.23006328420364883, 0.23717485270919306, 0.24447764985342094, 0.2519744666549785, 0.25966796471833714, 0.26756066071340123, 0.27565491011559873, 0.2839528902125719, 0.29245658238864236, 0.301167753703776, 0.3100879377898376, 0.31921841509350596, 0.32856019250232066, 0.3381139823979472, 0.34788018118886466, 0.3578588473832869, 0.36804967927219073, 0.3784519923018135, 0.389064696224847, 0.39988627212974326, 0.41091474945798695, 0.4221476831298058, 0.4335821309094843, 0.44521463115211873, 0.45704118108417996, 0.4690572157805026, 0.48125758801015606, 0.49363654913290805, 0.5061877312365072, 0.5189041307125997, 0.5317780934755774, 0.5448013020338306, 0.5579647646265535, 0.5712588066412259, 0.5846730645269682, 0.598196482416954, 0.6118173116687694, 0.625523113524878, 0.6393007650860175, 0.6531364687782972, 0.6670157654798822, 0.6809235514553726, 0.6948440992252749, 0.7087610824743339, 0.7226576050760046, 0.7365162342810858, 0.7503190380866781, 0.7640476267673783, 0.7776831985142342, 0.7912065890887953, 0.8045983253599623, 0.8178386825507082, 0.8309077449805655, 0.8437854700485926, 0.856451755160869, 0.8688865072670312, 0.8810697146325256, 0.8929815204377445, 0.9046022977626185, 0.9159127254861584, 0.9268938646054311, 0.9375272344580418, 0.9477948883168459, 0.9576794878157355, 0.9671643756612717, 0.9762336460869088, 0.9848722125147408, 0.9930658719041415, 1.0008013652873333, 1.0080664340186425, 1.0148498712967338, 1.0211415685571006, 1.0269325563750618, 1.0322150395669527, 1.0369824262284437, 1.04122935050331, 1.0449516889327535, 1.0481465702937427, 1.0508123788939927, 1.0529487513503288, 1.0545565669354415, 1.0556379316346622, 1.0561961561086228, 1.0562357278087853, 1.055762277540232, 1.0547825408092046, 1.053304314331214, 1.0513364081087155, 1.04888859351508, 1.0459715478436624, 1.0425967957971416, 1.0387766484028993, 1.034524139845192, 1.0298529627043567, 1.0247774020875777, 1.0193122691251246, 1.0134728342908401, 1.0072747609864445, 1.0007340398063826, 0.9938669238739873, 0.9866898656111581, 0.9792194552730895, 0.9714723615473354, 0.9634652744831689, 0.9552148509832712, 0.9467376630557197, 0.9380501489904567, 0.9291685675913046, 0.9201089555624865, 0.9108870881178223, 0.9015184428515586, 0.8920181668823634, 0.8824010472565577, 0.8726814845732865, 0.862873469773137, 0.8529905640127557, 0.8430458815313034, 0.8330520754001046, 0.8230213260345595, 0.812965332337216, 0.8028953053327649, 0.7928219641495088, 0.7827555341974641, 0.7727057473905286, 0.7626818442589722, 0.7526925777987353, 0.7427462189054975, 0.7328505632440787, 0.7230129394073083, 0.7132402182229053, 0.7035388230720345, 0.6939147410889, 0.6843735351169075, 0.6749203563034517, 0.6655599572221635, 0.6562967054184012, 0.6471345972808011, 0.6380772721487452, 0.629128026572586, 0.6202898286503501, 0.6115653323713531, 0.6029568919036771, 0.5944665757687424, 0.5860961808522258, 0.5778472462063163, 0.5697210666037382, 0.5617187058091025, 0.5538410095379651, 0.5460886180784649, 0.5384619785546014, 0.5309613568140742, 0.5235868489271726, 0.516338392286466, 0.5092157763000206, 0.5022186526735657, 0.49534654527947003, 0.4885988596125685, 0.48197489183482767, 0.47547383741255983, 0.4690947993514098, 0.4628367960356571, 0.4566987686795136, 0.4506795883990678, 0.44477806291434296, 0.43899294289161245, 0.43332292793666183, 0.42776667225011705, 0.4223227899562824, 0.4169898601171596, 0.41176643144346314, 0.40665102671451403, 0.4016421469188921, 0.3967382751276702, 0.3919378801119377, 0.3872394197161668, 0.3826413439987779, 0.378142098151031, 0.3737401252051141, 0.3694338685420189, 0.36522177420949564, 0.36110229306006675, 0.35707388271875107, 0.35313500938982106, 0.3492841495115743, 0.34551979126775983, 0.34184043596395725, 0.33824459927686695, 0.334730812384128, 0.3312976229819485, 0.32794359619750313, 0.3246673154027297, 0.32146738293584104, 0.3183424207365614, 0.31529107090079683, 0.3123119961601598, 0.30940388029148663, 0.3065654284612156, 0.3037953675092324, 0.30109244617653774, 0.2984554352808495, 0.2958831278440215, 0.2933743391749368, 0.29092790691132336, 0.2885426910237332, 0.2862175737847369, 0.2839514597061964, 0.2817432754473057, 0.27959196969592104, 0.2774965130255427, 0.27545589773016005, 0.2734691376390288, 0.2715352679133122, 0.26965334482639136, 0.2678224455295272, 0.2660416678044413, 0.26431012980427543, 0.26262696978428723, 0.26099134582354083, 0.25940243553876274, 0.2578594357914461, 0.2563615623892054, 0.254908049782309, 0.2534981507562445, 0.25213113612110455, 0.2508062943985193, 0.24952293150680058, 0.24828037044490928, 0.24707795097580432, 0.2459150293096835, 0.24479097778758097, 0.24370518456574347, 0.24265705330116785, 0.24164600283864512, 0.2406714668996216, 0.2397328937731558, 0.23882974600921897, 0.23796150011456005, 0.23712764625132832, 0.23632768793862474, 0.23556114175712842, 0.23482753705692522, 0.23412641566864553, 0.23345733161800009, 0.2328198508437868, 0.23221355091942553, 0.2316380207780637, 0.23109286044128322, 0.23057768075142615, 0.23009210310754635, 0.2296357592049836, 0.22920829077854796, 0.22880934934929315, 0.22843859597485022, 0.228095701003286, 0.22778034383044338, 0.22749221266071656, 0.2272310042712072]]","[[0.01, 0.011673645222856313, 0.01362924433757481, 0.01580189558251425, 0.018156401286789386, 0.02067533755044323, 0.023351363038079314, 0.026182511200882337, 0.02916977594674093, 0.032315713176333305, 0.03562361450472849, 0.03909702226954733, 0.04273944747306317, 0.04655420788170265, 0.05054433699661461, 0.05471253470241317, 0.05906114240549618, 0.0635921326124308, 0.06830710712226713, 0.07320730048865925, 0.07829358685346753, 0.08356648908525696, 0.08902618962588829, 0.0946725427063825, 0.10050508772862896, 0.1065230636751298, 0.11272542443598049, 0.11911085494893772, 0.12567778804531857, 0.1324244218876613, 0.1393487378779179, 0.14644851890921057, 0.15372136783070187, 0.1611647259941906, 0.16877589175262417, 0.17655214328585242, 0.1844918850916756, 0.19259555637871498, 0.20086535306331163, 0.2093049286232065, 0.21791916841158263, 0.22671401496996899, 0.2356963300373122, 0.24487378388268652, 0.25425476564014665, 0.2638483102422463, 0.2736640387785604, 0.2837121099134673, 0.2940031805436384, 0.30454837425701525, 0.31535925643050644, 0.32644781500942316, 0.33782644617028523, 0.34950794419424114, 0.3615054949800546, 0.37383267270940385, 0.3865034392471659, 0.3995321459182502, 0.4129335373524546, 0.42672275713127666, 0.4409153550068192, 0.4555272954938227, 0.4705749676622158, 0.4860751959800339, 0.5020452520756493, 0.5185028673044444, 0.5354662460187207, 0.5529540794511062, 0.57098556013128, 0.5895803967637235, 0.6087588295006324, 0.6285416455492657, 0.648950195057022, 0.6700064072205354, 0.6917328065672085, 0.7141525293589165, 0.7372893400682295, 0.7611676478774599, 0.7858125231502213, 0.811249713824028, 0.8375056616708125, 0.8646075183701363, 0.8925831613373397, 0.921461209245957, 0.9512710371804294, 0.9820427913515108, 1.0138074033027933, 1.0465966035325043, 1.0804429344501643, 1.115379762582856, 1.1514412899407653, 1.188662564446333, 1.2270794893258201, 1.2667288313563607, 1.3076482278556838, 1.3498761922956544, 1.3934521184146405, 1.4384162826974993, 1.4848098450857166, 1.5326748477739833, 1.5820542119432917, 1.6329917322745247, 1.6855320690805733, 1.7397207378892763, 1.795604096304042, 1.853229327963921, 1.9126444234202493, 1.9738981577428703, 2.0370400646654243, 2.1021204070764274, 2.169190143660884, 2.238300891496165, 2.30950488440591, 2.382854926876916, 2.4584043433465115, 2.5362069226718535, 2.616316857598151, 2.6987886790500646, 2.783677185079653, 2.8710373643153826, 2.9609243137699472, 3.0533931508802152, 3.148498919670541, 3.246296490951163, 3.3468404564864858, 3.450185017093892, 3.556383864662346, 3.6654900581115544, 3.7775558933468276, 3.8926327673020933, 4.01077103620367, 4.132019868230412, 4.256427090791518, 4.384039032691632, 4.514900361503493, 4.649053916521281, 4.78654053772251, 4.927398891222574, 5.071665291763499, 5.2193735228365075, 5.370554655096368, 5.525236863783406, 5.683445245926052, 5.845201638152127, 6.010524435990089, 6.17942841559137, 6.351924558851034, 6.528019882945362, 6.7077172753409515, 6.891015335359577, 7.077908223405613, 7.268385518977563, 7.462432088591324, 7.660027964739613, 7.861148236998872, 8.065762956371406, 8.273837053916044, 8.485330274674949, 8.70019712784722, 8.918386854091365, 9.139843410759013, 9.364505475771368, 9.592306470748467, 9.8231746038899, 10.05703293298505, 10.293799448802048, 10.533387178968708, 10.77570431231694, 11.020654343515917, 11.268136237670223, 11.51804461440889, 11.770269950841342, 12.024698802608713, 12.281214042115282, 12.539695112887037, 12.800018298873935, 13.062057007391346, 13.325682064285646, 13.590762019810695, 13.857163463617006, 14.124751347185052, 14.393389311979226, 14.662940021559994, 14.93326549586943, 15.204227445899612, 15.475687606964296, 15.74750806882169, 16.019551600939373, 16.291681971250807, 16.563764256825536, 16.835665144960892, 17.107253223300685, 17.378399257694305, 17.64897645662671, 17.918860721173985, 18.187930879569233, 18.456068905597434, 18.72316012017444, 18.9890933756023, 19.253761222129455, 19.51706005657847, 19.778890252934318, 20.03915627491174, 20.29776677063971, 20.554634649713506, 20.809677142969562, 21.06281584543442, 21.31397674298622, 21.563090223344876, 21.8100910720753, 22.054918454346296, 22.297515883236603, 22.537831175418678, 22.775816395080955, 23.01142778697029, 23.24462569944904, 23.475374498465982, 23.703642473337712, 23.929401735227646, 24.152628109194417, 24.373301020660374, 24.5914033771251, 24.80692144591886, 25.01984472875743, 25.230165833823193, 25.437880346058698, 25.642986696318264, 25.84548602998148, 26.04538207558978, 26.242681014024548, 26.437391348702285, 26.629523777220133, 26.819091064843445, 27.00610792018661, 27.190590873399007, 27.37255815713036, 27.55202959051352, 27.729026466368417, 27.903571441798434, 28.075688432319925, 28.245402509636975, 28.41273980314699, 28.577727405238075, 28.740393280416512, 28.900766178281998, 29.058875550349487, 29.214751470699415, 29.36842456042293, 29.51992591581508, 29.669287040256982, 29.816539779717463, 29.96171626179555, 30.104848838217503, 30.245970030695407, 30.385112480049074, 30.522308898488532, 30.65759202495105, 30.79099458338408, 30.92254924386382, 31.052288586438046, 31.180245067581545, 31.306450989152705, 31.43093846974049, 31.553739418292288, 31.674885509914656, 31.794408163740883, 31.912338522761615, 32.02870743551705, 32.14354543955207, 32.25688274653842, 32.36874922897095, 32.47917440834818, 32.5881874447504, 32.69581712773186, 32.80209186844669, 32.90703969293158, 33.01068823647141, 33.11306473897699, 33.21419604130776, 33.31410858247482, 33.41282839766309, 33.51038111701421, 33.606791965114894, 33.70208576113793, 33.79628691958618, 33.88941945159224, 33.981506966729235, 34.07257267529056, 34.16263939099877, 34.251729534106175, 34.33986513485188, 34.42706783724202, 34.51335890312205, 34.59875921651186, 34.68328928817624, 34.7669692604051, 34.8498189119793, 34.93185766329981, 35.013104581659135, 35.09357838663553, 35.173297455591836, 35.25227982926205, 35.33054321740987, 35.40810500454475, 35.484982255681906, 35.561191722133835, 35.63674984732185, 35.71167277259697, 35.785976343060376, 35.8596761133746, 35.93278735355696, 36.005325054747985, 36.07730393494769, 36.14873844471369, 36.2196427728152, 36.29003085183798, 36.35991636373549, 36.42931274532199, 36.498233193703975, 36.56669067164653, 36.63469791287162, 36.70226742728571, 36.76941150613447, 36.83614222708252, 36.90247145921653, 36.96841086797022, 37.03397191997008, 37.09916588780073, 37.16400385468927, 37.228496719107895, 37.29265519929442, 37.35648983769041, 37.420011005296814, 37.48322890594707, 37.54615358049785, 37.608794910937604, 37.671162624413356, 37.73326629717602, 37.79511535844486, 37.85671909419156, 37.91808665084465, 37.97922703891484, 38.04014913654214, 38.10086169296544, 38.16137333191542, 38.221692554931614, 38.28182774460457, 38.341787167743874, 38.401578978473125, 38.46121122125267, 38.52069183383104, 38.58002865012616, 38.639229403037156, 38.69830172718776, 38.75725316160227, 38.81609115231505, 38.874823054914444, 38.9334561370221, 38.99199758070858, 39.05045448484626, 39.108833867400314, 39.167142667658695, 39.22538774840211, 39.28357589801466, 39.3417138325361, 39.39980819765653]]","[array([6.37688001e-05, 6.00799169e-05, 5.86664978e-05, 5.87303122e-05,
       5.97889619e-05, 6.15487910e-05, 6.38259694e-05, 6.65017572e-05,
       6.94970698e-05, 7.27571638e-05, 7.62424005e-05, 7.99226486e-05,
       8.37738729e-05, 8.77760377e-05, 9.19118048e-05, 9.61657139e-05,
       1.00523660e-04, 1.04972552e-04, 1.09500092e-04, 1.14094628e-04,
       1.18745049e-04, 1.23440732e-04, 1.28171490e-04, 1.32927553e-04,
       1.37699558e-04, 1.42478538e-04, 1.47255931e-04, 1.52023584e-04,
       1.56773758e-04, 1.61499141e-04, 1.66192860e-04, 1.70848485e-04,
       1.75460041e-04, 1.80022012e-04, 1.84529479e-04, 1.88981402e-04,
       1.93387224e-04, 1.97765516e-04, 2.02140015e-04, 2.06536935e-04,
       2.10983242e-04, 2.15505575e-04, 2.20129596e-04, 2.24879629e-04,
       2.29778488e-04, 2.34847428e-04, 2.40106189e-04, 2.45573074e-04,
       2.51265077e-04, 2.57198005e-04, 2.63386626e-04, 2.69844802e-04,
       2.76585625e-04, 2.83621542e-04, 2.90964474e-04, 2.98625923e-04,
       3.06617071e-04, 3.14948869e-04, 3.23632120e-04, 3.32677546e-04,
       3.42095858e-04, 3.51897809e-04, 3.62094248e-04, 3.72696163e-04,
       3.83714722e-04, 3.95161309e-04, 4.07047554e-04, 4.19385360e-04,
       4.32186931e-04, 4.45464787e-04, 4.59231788e-04, 4.73501148e-04,
       4.88286449e-04, 5.03601652e-04, 5.19461109e-04, 5.35879570e-04,
       5.52872192e-04, 5.70454540e-04, 5.88642595e-04, 6.07452752e-04,
       6.26901827e-04, 6.47007050e-04, 6.67786065e-04, 6.89256928e-04,
       7.11438102e-04, 7.34348444e-04, 7.58007207e-04, 7.82434020e-04,
       8.07648882e-04, 8.33672144e-04, 8.60524497e-04, 8.88226950e-04,
       9.16800811e-04, 9.46267666e-04, 9.76649347e-04, 1.00796791e-03,
       1.04024561e-03, 1.07350485e-03, 1.10776815e-03, 1.14305811e-03,
       1.17939739e-03, 1.21680859e-03, 1.25531430e-03, 1.29493696e-03,
       1.33569883e-03, 1.37762194e-03, 1.42072802e-03, 1.46503839e-03,
       1.51057395e-03, 1.55735502e-03, 1.60540132e-03, 1.65473185e-03,
       1.70536479e-03, 1.75731741e-03, 1.81060597e-03, 1.86524558e-03,
       1.92125011e-03, 1.97863207e-03, 2.03740247e-03, 2.09757071e-03,
       2.15914441e-03, 2.22212932e-03, 2.28652916e-03, 2.35234544e-03,
       2.41957737e-03, 2.48822168e-03, 2.55827246e-03, 2.62972102e-03,
       2.70255576e-03, 2.77676195e-03, 2.85232167e-03, 2.92921357e-03,
       3.00741278e-03, 3.08689076e-03, 3.16761514e-03, 3.24954961e-03,
       3.33265380e-03, 3.41688314e-03, 3.50218879e-03, 3.58851750e-03,
       3.67581159e-03, 3.76400883e-03, 3.85304245e-03, 3.94284104e-03,
       4.03332858e-03, 4.12442445e-03, 4.21604344e-03, 4.30809581e-03,
       4.40048736e-03, 4.49311953e-03, 4.58588955e-03, 4.67869055e-03,
       4.77141178e-03, 4.86393878e-03, 4.95615365e-03, 5.04793530e-03,
       5.13915971e-03, 5.22970033e-03, 5.31942831e-03, 5.40821297e-03,
       5.49592214e-03, 5.58242260e-03, 5.66758047e-03, 5.75126174e-03,
       5.83333269e-03, 5.91366037e-03, 5.99211314e-03, 6.06856113e-03,
       6.14287675e-03, 6.21493524e-03, 6.28461513e-03, 6.35179876e-03,
       6.41637277e-03, 6.47822858e-03, 6.53726285e-03, 6.59337790e-03,
       6.64648217e-03, 6.69649057e-03, 6.74332484e-03, 6.78691393e-03,
       6.82719421e-03, 6.86410978e-03, 6.89761267e-03, 6.92766301e-03,
       6.95422916e-03, 6.97728781e-03, 6.99682399e-03, 7.01283111e-03,
       7.02531091e-03, 7.03427334e-03, 7.03973646e-03, 7.04172630e-03,
       7.04027660e-03, 7.03542860e-03, 7.02723078e-03, 7.01573850e-03,
       7.00101374e-03, 6.98312470e-03, 6.96214542e-03, 6.93815537e-03,
       6.91123909e-03, 6.88148569e-03, 6.84898848e-03, 6.81384447e-03,
       6.77615398e-03, 6.73602015e-03, 6.69354854e-03, 6.64884666e-03,
       6.60202356e-03, 6.55318942e-03, 6.50245513e-03, 6.44993193e-03,
       6.39573099e-03, 6.33996311e-03, 6.28273835e-03, 6.22416573e-03,
       6.16435291e-03, 6.10340596e-03, 6.04142907e-03, 5.97852435e-03,
       5.91479159e-03, 5.85032809e-03, 5.78522851e-03, 5.71958470e-03,
       5.65348558e-03, 5.58701705e-03, 5.52026190e-03, 5.45329972e-03,
       5.38620689e-03, 5.31905652e-03, 5.25191840e-03, 5.18485908e-03,
       5.11794178e-03, 5.05122649e-03, 4.98476994e-03, 4.91862569e-03,
       4.85284415e-03, 4.78747264e-03, 4.72255547e-03, 4.65813401e-03,
       4.59424674e-03, 4.53092937e-03, 4.46821492e-03, 4.40613376e-03,
       4.34471377e-03, 4.28398040e-03, 4.22395676e-03, 4.16466372e-03,
       4.10612002e-03, 4.04834234e-03, 3.99134541e-03, 3.93514211e-03,
       3.87974356e-03, 3.82515919e-03, 3.77139686e-03, 3.71846293e-03,
       3.66636233e-03, 3.61509870e-03, 3.56467440e-03, 3.51509062e-03,
       3.46634749e-03, 3.41844407e-03, 3.37137850e-03, 3.32514803e-03,
       3.27974908e-03, 3.23517732e-03, 3.19142772e-03, 3.14849460e-03,
       3.10637170e-03, 3.06505220e-03, 3.02452882e-03, 2.98479382e-03,
       2.94583904e-03, 2.90765599e-03, 2.87023585e-03, 2.83356950e-03,
       2.79764759e-03, 2.76246055e-03, 2.72799859e-03, 2.69425182e-03,
       2.66121016e-03, 2.62886346e-03, 2.59720147e-03, 2.56621387e-03,
       2.53589033e-03, 2.50622047e-03, 2.47719390e-03, 2.44880026e-03,
       2.42102920e-03, 2.39387042e-03, 2.36731366e-03, 2.34134872e-03,
       2.31596550e-03, 2.29115395e-03, 2.26690413e-03, 2.24320619e-03,
       2.22005041e-03, 2.19742715e-03, 2.17532690e-03, 2.15374030e-03,
       2.13265807e-03, 2.11207112e-03, 2.09197044e-03, 2.07234719e-03,
       2.05319268e-03, 2.03449834e-03, 2.01625576e-03, 1.99845666e-03,
       1.98109293e-03, 1.96415659e-03, 1.94763983e-03, 1.93153496e-03,
       1.91583447e-03, 1.90053097e-03, 1.88561723e-03, 1.87108617e-03,
       1.85693086e-03, 1.84314451e-03, 1.82972047e-03, 1.81665223e-03,
       1.80393344e-03, 1.79155787e-03, 1.77951945e-03, 1.76781221e-03,
       1.75643036e-03, 1.74536821e-03, 1.73462021e-03, 1.72418095e-03,
       1.71404514e-03, 1.70420761e-03, 1.69466331e-03, 1.68540733e-03,
       1.67643487e-03, 1.66774123e-03, 1.65932186e-03, 1.65117228e-03,
       1.64328817e-03, 1.63566527e-03, 1.62829945e-03, 1.62118670e-03,
       1.61432308e-03, 1.60770477e-03, 1.60132804e-03, 1.59518927e-03,
       1.58928491e-03, 1.58361152e-03, 1.57816575e-03, 1.57294434e-03,
       1.56794409e-03, 1.56316192e-03, 1.55859481e-03, 1.55423984e-03,
       1.55009413e-03, 1.54615492e-03, 1.54241951e-03, 1.53888525e-03,
       1.53554960e-03, 1.53241007e-03, 1.52946422e-03, 1.52670971e-03,
       1.52414425e-03, 1.52176560e-03, 1.51957160e-03, 1.51756015e-03,
       1.51572918e-03])]","[[0, 6.376880005047202e-05, 0.00012384871691641303, 0.0001825152146708144, 0.00024124552686846215, 0.00030103448874263744, 0.0003625832797179431, 0.0004264092491592532, 0.0004929110063356858, 0.0005624080761537733, 0.0006351652399905679, 0.0007114076404982734, 0.0007913302891242637, 0.000875104162052607, 0.0009628801997646784, 0.001054792004517809, 0.0011509577184080626, 0.0012514813780545016, 0.0013564539298701814, 0.0014659540222391372, 0.0015800486497403524, 0.001698793699164597, 0.001822234431110936, 0.0019504059206605763, 0.002083333473773837, 0.0022210330313178956, 0.0023635115692234193, 0.002510767500720176, 0.002662791084635854, 0.002819564842189656, 0.002981063983468758, 0.003147256843775415, 0.003318105329231527, 0.0034935653703951535, 0.0036735873821565007, 0.003858116861180855, 0.0040470982631923835, 0.004240485487334142, 0.004438251003340628, 0.004640391018759693, 0.004846927954220941, 0.0050579111963148324, 0.005273416770973942, 0.005493546366896975, 0.005718425996265027, 0.005948204484108837, 0.006183051912504617, 0.0064231581011886816, 0.006668731175575289, 0.006919996252154493, 0.007177194256890063, 0.00744058088252316, 0.007710425684228918, 0.007987011308902565, 0.008270632850787095, 0.008561597324711134, 0.008860223247537586, 0.009166840318282993, 0.00948178918757658, 0.00980542130755968, 0.010138098853890162, 0.010480194712148925, 0.010832092521602294, 0.011194186769924853, 0.01156688293311225, 0.011950597655400156, 0.012345758964546653, 0.012752806518327381, 0.01317219187853493, 0.01360437880916696, 0.014049843595833368, 0.014509075383714211, 0.014982576531659807, 0.015470862980245997, 0.0159744646317837, 0.01649392574043597, 0.017029805310720493, 0.017582677502773474, 0.018153132042824767, 0.018741774637385786, 0.01934922738968356, 0.01997612921688768, 0.020623136266673586, 0.021290922331647043, 0.021980179260121923, 0.022691617361697614, 0.023425965806024598, 0.02418397301307776, 0.024966407033177502, 0.02577405591490973, 0.02660772805899744, 0.0274682525560703, 0.02835647950616385, 0.02927328031765861, 0.030219547983240783, 0.031196197330332076, 0.03220416524329624, 0.033244410854585515, 0.03431791570184177, 0.03542568384781522, 0.03656874195981001, 0.037748139345210284, 0.038964947939485094, 0.04022026224291558, 0.04151519920213545, 0.04285089803242673, 0.04422851997656915, 0.04564924799590414, 0.04711428638914639, 0.0486248603343579, 0.050182215349394585, 0.051787616666045325, 0.05344234851301123, 0.05514771330282027, 0.05690503071774316, 0.05871563668977288, 0.06058088226975534, 0.06250213238081619, 0.0644807644513215, 0.06651816692274147, 0.06861573762795956, 0.07077488203578951, 0.07299701135772975, 0.07528354051330649, 0.07763588595073248, 0.08005546332004422, 0.0825436849963775, 0.08510195745160282, 0.08773167847317105, 0.09043423422971707, 0.09321099618373677, 0.09606331785249164, 0.09899253141920519, 0.10199994419759618, 0.10508683495384395, 0.10825445009119812, 0.11150399970362608, 0.11483665350613168, 0.1182535366506728, 0.12175572543794635, 0.12534424293668942, 0.12902005452355478, 0.13278406335804763, 0.1366371058084459, 0.14057994684605565, 0.14461327542656124, 0.14873769987860164, 0.15295374332102207, 0.15726183913149766, 0.16166232649038184, 0.1661554460246817, 0.17074133557798166, 0.175420026132909, 0.18019143791334064, 0.18505537669396863, 0.19001153034505805, 0.19505946564022522, 0.2001986253548239, 0.20542832568203717, 0.21074775399302362, 0.21615596696644965, 0.22165188911144962, 0.22723431170649044, 0.23290189217478022, 0.23865315391475395, 0.24448648660180597, 0.25040014697483043, 0.2563922601182943, 0.2624608212475264, 0.26860369800168316, 0.2748186332454768, 0.28110324837725986, 0.2874550471374801, 0.29387141990789656, 0.3003496484883152, 0.30688691133400525, 0.313480289233434, 0.3201267714025537, 0.3268232619686249, 0.3335665868135137, 0.3403535007435833, 0.34718069495075765, 0.35404480472709204, 0.3609424173932725, 0.3678700803999041, 0.374824309559261, 0.3818015973643624, 0.38879842135182824, 0.3958112524649477, 0.40283656337376883, 0.4098708367097723, 0.41691057317381985, 0.42395229947754604, 0.4309925760801683, 0.4380280046847996, 0.44505523546072784, 0.452070973960746, 0.45907198770543806, 0.46605511240931535, 0.4730172578268133, 0.47995541319936535, 0.4868666522880291, 0.49374813797941247, 0.5005971264558995, 0.5074109709243734, 0.5141871249007458, 0.5209231450505967, 0.5276166935890866, 0.534265540245997, 0.5408675638042633, 0.5474207532226806, 0.5539232083555653, 0.5603731402840391, 0.5667688712752644, 0.5731088343873914, 0.5793915727391837, 0.5856157384642772, 0.5917800913707849, 0.5978834973275278, 0.6039249263985158, 0.6099034507474809, 0.6158182423342479, 0.6216685704245604, 0.6274537989346569, 0.6331733836314398, 0.6388268692085035, 0.6444138862576143, 0.6499341481544653, 0.6553874478766898, 0.660773654771215, 0.6660927112870849, 0.6713446296889002, 0.6765294887650106, 0.6816474305435748, 0.6866986570285782, 0.6916834269668793, 0.6966020526563489, 0.7014548968041844, 0.7062423694435199, 0.7109649249155293, 0.7156230589233263, 0.7202173056631188, 0.7247482350372627, 0.7292164499530996, 0.7336225837107424, 0.7379672974823032, 0.7422512778844327, 0.7464752346454632, 0.7506398983679148, 0.7547460183866395, 0.7587943607224358, 0.7627857061305663, 0.7667208482432538, 0.7706005918049113, 0.7744257509985799, 0.7781971478618032, 0.7819156107899501, 0.7855819731248211, 0.7891970718262135, 0.7927617462239992, 0.7962768368481654, 0.799743184334188, 0.8031616284010511, 0.8065330068991876, 0.8098581549255892, 0.8131379040033329, 0.8163730813227738, 0.8195645090416751, 0.8227130036415757, 0.8258193753377342, 0.8288844275400373, 0.8319089563623145, 0.83489375017756, 0.8378395892166297, 0.8407472452080524, 0.8436174810566615, 0.8464510505588344, 0.8492486981522033, 0.8520111586977739, 0.8547391572924755, 0.8574334091102388, 0.8600946192697803, 0.8627234827273496, 0.8653206841927732, 0.8678868980672054, 0.8704227884010706, 0.8729290088707568, 0.8754062027726898, 0.8778550030334878, 0.880276032234964, 0.8826699026528086, 0.8850372163078495, 0.8873785650288437, 0.8896945305258209, 0.8919856844730466, 0.8942525886007335, 0.8964957947946801, 0.8987158452030617, 0.9009132723496532, 0.9030885992528005, 0.9052423395495071, 0.9073749976240394, 0.9094870687404961, 0.9115790391788212, 0.9136513863737777, 0.9157045790564324, 0.9177390773977312, 0.9197553331537782, 0.9217537898124561, 0.9237348827410549, 0.925699039334599, 0.9276466791645894, 0.929578214127896, 0.9314940485955583, 0.9333945795612739, 0.9352801967893696, 0.9371512829620682, 0.9390082138258832, 0.9408513583369836, 0.9426810788053912, 0.9444977310378796, 0.9463016644794642, 0.9480932223533765, 0.9498727417994319, 0.9516405540107092, 0.9533969843684673, 0.9551423525752364, 0.9568769727860268, 0.9586011537376075, 0.9603151988758117, 0.9620194064808356, 0.9637140697904993, 0.9653994771214486, 0.9670759119882757, 0.9687436532205482, 0.9704029750777339, 0.9720541473620158, 0.9736974355289973, 0.9753331007962944, 0.9769614002500226, 0.9785825869491825, 0.9801969100279542, 0.9818046147959106, 0.9834059428361642, 0.9850011321014607, 0.9865904170082361, 0.9881740285286564, 0.9897521942806566, 0.9913251386160008, 0.9928930827063837, 0.9944562446275953, 0.9960148394417712, 0.9975690792777507, 0.999119173409568, 1.0006653283330973, 1.0022077478408782, 1.0037466330951443, 1.0052821826990803, 1.0068145927663283, 1.008344056988773, 1.009870766702625, 1.0113949109528284, 1.012916676555815, 1.0144362481606306, 1.0159538083084532, 1.0174695374905296]]"
50.0,80.0,4,30,180,I1-S0,"[[0.01, 0.009218546420913139, 0.008861068736292907, 0.008775059817687893, 0.008868448502353592, 0.00908550979211305, 0.009391909946064614, 0.009765786875031712, 0.01019285974156281, 0.010663534891262951, 0.011171167914775695, 0.011711014813638683, 0.012279594055842117, 0.01287429374613418, 0.013493125381269832, 0.014134565734795837, 0.014797452221154035, 0.0154809111882885, 0.016184306917413065, 0.016907204019561042, 0.01764933881081583, 0.018410596952102072, 0.019190995645970176, 0.01999066928105936, 0.0208098577745501, 0.021648897083116774, 0.02250821149144589, 0.02338830737783091, 0.024289768218098636, 0.02521325063337672, 0.02615948132046085, 0.027129254729553173, 0.028123431375138862, 0.029142936683083355, 0.030188760291504326, 0.03126207592456767, 0.03236546038454167, 0.03350356098252155, 0.03468238507366256, 0.035908721972060395, 0.03718976924752772, 0.03853289956323966, 0.0399455236206057, 0.04143501812517339, 0.04300869704696794, 0.04467381104213393, 0.04643756455928871, 0.048307143444088554, 0.05028974817625655, 0.05239262950391835, 0.05462312437839818, 0.05698869087972725, 0.05949694136003645, 0.06215567339127881, 0.0649728983374785, 0.06795686751737007, 0.071116096007707, 0.07445938417984474, 0.07799583707605293, 0.08173488172698722, 0.08568628249456016, 0.08986015449972831, 0.09426697516560584, 0.09891759387492347, 0.1038232397085369, 0.1089955271993047, 0.11444646000371227, 0.12018843236240252, 0.12623422819043353, 0.13259701760868964, 0.1392903506994655, 0.14632814824186136, 0.1537246891563341, 0.16149459436264438, 0.16965280673167898, 0.1782145667894287, 0.18719538381104409, 0.19661100192474504, 0.2064773608298573, 0.21681055072092068, 0.22762676100126802, 0.23894222236540913, 0.2507731418307574, 0.263135630306577, 0.2760456223024573, 0.28951878740116266, 0.30357043315244825, 0.31821539908650814, 0.33346794159929866, 0.34934160952822446, 0.36584911031673184, 0.3830021667613082, 0.400811364445212, 0.4192859900907843, 0.43843386120703287, 0.4582611475716689, 0.47877218526692283, 0.49996928418583514, 0.5218525301394125, 0.5444195829235602, 0.5676654719459261, 0.5915823912638544, 0.616159496141929, 0.6413827034966082, 0.667234498850914, 0.6936937526678475, 0.7207355491601641, 0.7483310308785874, 0.7764472625520351, 0.8050471177830651, 0.8340891922802948, 0.8635277473277417, 0.8933126871398975, 0.9233895736224882, 0.9536996818449431, 0.9841800992256389, 1.01476387103093, 1.0453801942920213, 1.075954661650763, 1.1064095559603586, 1.1366641956970118, 1.1666353303943384, 1.196237584408198, 1.2253839463730287, 1.2539863007426177, 1.281955996842006, 1.3092044499185498, 1.3356437677960709, 1.3611873959340153, 1.3857507730005787, 1.409251988510248, 1.4316124336748628, 1.4527574363921383, 1.4726168712609353, 1.4911257356773018, 1.5082246834322282, 1.5238605077975305, 1.5379865668401356, 1.55056314463081, 1.561557743088728, 1.5709453004007772, 1.578708333242654, 1.5848370013731274, 1.5893290945372769, 1.5921899429626754, 1.5934322540291588, 1.5930758789050858, 1.5911475140415217, 1.587680343375707, 1.5827136278968463, 1.5762922498567389, 1.5684662193570584, 1.5592901513120343, 1.548822720873342, 1.5371261053217795, 1.5242654201907893, 1.5103081570067909, 1.4953236295301113, 1.4793824347794164, 1.4625559344443764, 1.4449157615584078, 1.4265333565377132, 1.4074795359152301, 1.387824096327485, 1.3676354555654904, 1.3469803317920672, 1.3259234613690254, 1.3045273551375374, 1.2828520924602655, 1.260955151868335, 1.238891276761844, 1.2167123742890131, 1.1944674452743271, 1.1722025428767442, 1.1499607575307205, 1.127782225650116, 1.105704159552094, 1.0837608960787195, 1.0619839614517885, 1.0404021499852643, 1.0190416143935606, 0.9979259655671764, 0.977076379834636, 0.9565117118866185, 0.9362486117004148, 0.916301643966777, 0.8966834086837601, 0.8774046617407137, 0.8584744344681124, 0.8399001512737773, 0.8216877446220667, 0.8038417667389429, 0.7863654975419581, 0.7692610483999173, 0.7525294614222522, 0.7361708040631864, 0.720184258900918, 0.7045682085177578, 0.6893203154639835, 0.6744375973367118, 0.6599164970459926, 0.6457529483742581, 0.6319424369628679, 0.6184800568814418, 0.6053605629525831, 0.59257841901707, 0.5801278423331997, 0.5680028443092221, 0.5561972677701928, 0.5447048209605476, 0.5335191084816441, 0.5226336593598053, 0.512041952435339, 0.5017374392568841, 0.4917135646585073, 0.481963785189432, 0.47248158555833814, 0.4632604932459643, 0.4542940914314146, 0.44557603036923105, 0.43710003734603, 0.42885992533739137, 0.42084960047779396, 0.41306306844875074, 0.4054944398829565, 0.39813793487523236, 0.3909878866843634, 0.3840387447035815, 0.37728507677144957, 0.37072157088925917, 0.36434303640575205, 0.35814440472501236, 0.35212072958874047, 0.34626718697979825, 0.3405790746898981, 0.3350518115905784, 0.32968093664315273, 0.32446210768012584, 0.319391099987616, 0.3144638047156046, 0.3096762271403252, 0.3050244848008022, 0.30050480552942954, 0.2961135253945401, 0.29184708657113456, 0.2877020351543091, 0.28367501892843233, 0.2797627851037579, 0.2759621780309179, 0.27227013690260876, 0.26868369345074805, 0.2651999696464415, 0.2618161754092448, 0.25852960633142924, 0.2553376414222551, 0.25223774087661827, 0.24922744387185763, 0.24630436639598843, 0.24346619911015174, 0.2407107052476465, 0.23803571855152428, 0.2354391412523811, 0.23291894208767103, 0.23047315436358484, 0.2280998740602899, 0.22579725798110137, 0.22356352194595797, 0.22139693902939572, 0.21929583784305798, 0.2172586008626389, 0.21528366279903544, 0.2133695090133745, 0.21151467397548784, 0.20971773976532362, 0.20797733461671394, 0.2062921315028546, 0.20466084676280188, 0.20308223876824658, 0.20155510662978834, 0.20007828894190313, 0.19865066256577193, 0.19727114144911934, 0.1959386754821968, 0.19465224938903375, 0.19341088165307452, 0.1922136234763146, 0.19105955777105013, 0.18994779818335672, 0.18887748814741798, 0.18784779996983092, 0.18685793394302389, 0.18590711748693242, 0.18499460431808953, 0.18411967364529946, 0.18328162939107695, 0.18247979943804862, 0.1817135348995271, 0.18098220941348428, 0.18028521845916598, 0.1796219786956053, 0.17899192732130972, 0.17839452145441181, 0.17782923753259108, 0.17729557073209032, 0.17679303440516664, 0.17632115953533342, 0.1758794942097659, 0.17546760310825907, 0.17508506700814244, 0.17473148230457186, 0.17440646054563402, 0.17410962798171414, 0.17384062512859277, 0.1735991063437511, 0.17338473941537946, 0.17319720516359705, 0.17303619705340403, 0.1729014208189014, 0.1727925940983258, 0.1727094460794599, 0.1726517171549899, 0.17261915858739524, 0.17261153218296557, 0.17262860997455182, 0.1726701739126691, 0.17273601556457968, 0.17282593582099406, 0.17293974461003844, 0.17307726061814643, 0.17323831101754178, 0.17342273119998836, 0.17363036451649186, 0.17386106202264648, 0.17411468222932786, 0.17439109085844134, 0.1746901606034428, 0.1750117708943558, 0.1753558076670172, 0.1757221631362896, 0.17611073557298593, 0.17652142908425825, 0.17695415339720943, 0.17740882364549224, 0.177885360158667, 0.17838368825409434, 0.1789037380311465, 0.1794454441675248, 0.1800087457174781, 0.18059358591172164, 0.18119991195886134, 0.18182767484813409, 0.18247682915327984, 0.18314733283736662, 0.18383914705839438, 0.18455223597550954, 0.1852865665556666, 0.18604210838057875, 0.18681883345380423, 0.1876167160078209, 0.188435732310946, 0.18927586047396422, 0.19013708025633153, 0.1910193728718286, 0.19192272079354222, 0.19284710755805934, 0.19379251756876353]]","[[0.01, 0.011673645222856313, 0.01362924433757481, 0.01580189558251425, 0.018156401286789386, 0.020675337610801103, 0.023351366457057904, 0.026182546640897402, 0.029169958120055645, 0.03231635139670669, 0.03562537077267625, 0.039101116672222144, 0.04274790691420569, 0.0465701535103938, 0.050572305633298995, 0.05475882976869441, 0.059134210189627785, 0.06370296006180978, 0.06846963770757092, 0.07343886501532942, 0.07861534640126128, 0.08400388753771454, 0.08960941351324792, 0.09543698633249519, 0.10149182178894772, 0.10777930580202963, 0.11430501033159081, 0.12107470898543621, 0.12809439242852266, 0.1353702836914013, 0.1429088534632681, 0.15071683544307707, 0.15880124181124322, 0.16716937887474762, 0.17582886292996505, 0.18478776278656323, 0.19405599488578595, 0.20364648368044977, 0.213574895989642, 0.22385933271240113, 0.2345201042715098, 0.24557956984519558, 0.25706202598390476, 0.2689936339669827, 0.28140237790641404, 0.29431804751697954, 0.3077722408766629, 0.321798383548897, 0.33643176122965474, 0.3517095636857507, 0.36767093821359126, 0.3843570512038316, 0.4018111566715346, 0.42007867082162365, 0.4392072518792623, 0.459246884534565, 0.48024996843861195, 0.5022714102491384, 0.5253687187641607, 0.5496021027037741, 0.5750345707072004, 0.601732033106013, 0.629763405016966, 0.6592007102702748, 0.6901191856524865, 0.7225973848979934, 0.7567172818103222, 0.7925643718340409, 0.8302277713308004, 0.8698003137389833, 0.9113786417159626, 0.9550632942753594, 1.0009587878392772, 1.0491736900276734, 1.0998206849042713, 1.1530166282913212, 1.208882591654804, 1.2675438929482026, 1.3291301126878259, 1.3937750934171165, 1.4616169206029044, 1.5327978828949544, 1.6074644095734203, 1.685766982909296, 1.767860023073296, 1.85390174315177, 1.9440539717675775, 2.038481940762948, 2.137354035384198, 2.2408415044190613, 2.349118127780807, 2.462359839114106, 2.580744301120624, 2.7044504314726354, 2.833657877405503, 2.9685464373595236, 3.109295428382912, 3.256082998414671, 3.409085383042147, 3.5684761068757753, 3.734425130304224, 3.9070979430869706, 4.086654607006682, 4.273248750637243, 4.467026520179302, 4.668125491265965, 4.876673547636335, 5.092787733600965, 5.316573088265107, 5.548121470514458, 5.787510384782765, 6.034801818587534, 6.290041103713607, 6.55325581371729, 6.824454711087625, 7.103626757907891, 7.390740204181343, 7.685741768094128, 7.98855592236132, 8.299084300418755, 8.617205235568289, 8.942773445247372, 9.275619871372495, 9.615551686204244, 9.962352471412316, 10.315782576002402, 10.675579656533044, 11.041459400636857, 11.413116432311803, 11.790225394816236, 12.172442204342735, 12.559405465020616, 12.950738033267237, 13.346048717135439, 13.744934094147592, 14.14698042922027, 14.551765672715511, 14.95886151744451, 15.367835492627384, 15.778253072397396, 16.18967977643714, 16.601683240743778, 17.013835237324777, 17.425713622798217, 17.83690419737744, 18.247002457513663, 18.65561522750265, 19.06236215757728, 19.46687707834951, 19.86880920387535, 20.267824178038026, 20.66360496132458, 21.055852557360748, 21.444286580725038, 21.828645669549335, 22.208687748200745, 22.584190146906447, 22.95494958651553, 23.320782037682704, 23.681522464607447, 24.03702446407473, 24.387159810930566, 24.731817921302074, 25.07090524485637, 25.404344597205686, 25.732074443230342, 26.05404814162948, 26.370233160444776, 26.680610272657358, 26.985172740253898, 27.28392549441442, 27.576884318709556, 27.8640750414249, 28.145532742368527, 28.421300978776575, 28.691431034220457, 28.95598119374562, 29.215016047841512, 29.468605827259395, 29.71682577016198, 29.959755522606866, 30.197478572935466, 30.43008172025875, 30.65765457689972, 30.880289104367193, 31.098079182194073, 31.31112020877207, 31.51950873315127, 31.723342116643025, 31.922718222965443, 32.11773513559865, 32.30849090096902, 32.49508329605435, 32.67760961899293, 32.856166501285784, 33.03084974020044, 33.20175415001448, 33.36897343077567, 33.5326000533005, 33.69272515918386, 33.84943847464655, 34.00282823710449, 34.15298113340205, 34.29998224871088, 34.443915025155114, 34.58486122928194, 34.722900927554136, 34.85811246909657, 34.990572474982805, 35.120355833399294, 35.24753570007433, 35.372183503405765, 35.494368953765985, 35.61416005650473, 35.731623128209755, 35.84682281582249, 35.95982211824037, 36.07068241006987, 36.17946346722447, 36.286223494089406, 36.39101915200114, 36.493905588813384, 36.59493646934338, 36.69416400651272, 36.79163899301547, 36.88741083336365, 36.98152757617592, 37.07403594658949, 37.16498137868882, 37.25440804785641, 37.342358902962076, 37.42887569831721, 37.51399902532938, 37.597768343801114, 37.680222012824075, 37.76139732122674, 37.841330517539646, 37.920056839448016, 37.99761054270652, 38.074024929495316, 38.14933237620079, 38.223564360607796, 38.29675148849369, 38.36892351961719, 38.440109393097785, 38.51033725218368, 38.57963446840833, 38.648027665137384, 38.715542740509605, 38.782204889776416, 38.8480386270464, 38.91306780644166, 38.977315642674235, 39.04080473105139, 39.10355706691922, 39.16559406455479, 39.22693657551716, 39.28760490646839, 39.34761883647564, 39.40699763380589, 39.465760072224846, 39.52392444681187, 39.58150858930264, 39.63852988297153, 39.69500527706535, 39.75095130080037, 39.80638407693432, 39.861319334924865, 39.915772423686086, 39.96975832395431, 40.02329166027436, 40.07638671261733, 40.12905742764048, 40.18131742960002, 40.233180030927, 40.28465824247656, 40.33576478346038, 40.38651209107206, 40.43691232981496, 40.486977400541534, 40.53671894921341, 40.586148375390756, 40.63527684045954, 40.684115275605045, 40.73267438953952, 40.780964675991996, 40.828996420967684, 40.87677970978445, 40.92432443389348, 40.97164029749104, 41.01873682392809, 41.065623361924246, 41.112309091592394, 41.15880303028003, 41.20511403823327, 41.251250824089176, 41.29722195020201, 41.34303583780861, 41.388700772038185, 41.434224906771405, 41.4796162693536, 41.524882765166744, 41.57003218206464, 41.61507219467566, 41.66001036857722, 41.70485416434584, 41.749610941486914, 41.794287962247616, 41.83889239531676, 41.88343131941488, 41.92791172677795, 41.97234052653786, 42.01672454800276, 42.061070543840174, 42.10538519316567, 42.14967510453988, 42.19394681887641, 42.2382068122631, 42.282461498699064, 42.32671723274978, 42.3709803121224, 42.41525698016333, 42.459553428280174, 42.50387579828982, 42.54823018469452, 42.59262263688775, 42.6370591612914, 42.681545723425906, 42.726088249914774, 42.77069263042494, 42.815364719544185, 42.86011033859706, 42.90493527740026, 42.94984529595874, 42.99484612610352, 43.03994347307221, 43.08514301703319, 43.13045041455411, 43.17587130001583, 43.221411286972206, 43.267075969456606, 43.31287092323568, 43.35880170701095, 43.40487386356877, 43.45109292087908, 43.49746439314334, 43.54399378179208, 43.5906865764323, 43.63754825574491, 43.684584288332694, 43.73180013351866, 43.779201242095084, 43.82679305702327, 43.874581014084185, 43.92257054247974, 43.97076706538499, 44.019176000450955, 44.06780276025807, 44.11665275272009, 44.16573138143838, 44.215044046006184, 44.26459614226295, 44.31439306249817, 44.36444019560463, 44.414742927180725, 44.465306639581506]]","[array([6.37688001e-05, 6.00799169e-05, 5.86664978e-05, 5.87303122e-05,
       5.97889619e-05, 6.15487972e-05, 6.38260586e-05, 6.65023016e-05,
       6.94991721e-05, 7.27632819e-05, 7.62571169e-05, 7.99535325e-05,
       8.38323872e-05, 8.78784542e-05, 9.20800982e-05, 9.64284139e-05,
       1.00916647e-04, 1.05539790e-04, 1.10294291e-04, 1.15177834e-04,
       1.20189169e-04, 1.25327981e-04, 1.30594784e-04, 1.35990830e-04,
       1.41518044e-04, 1.47178964e-04, 1.52976695e-04, 1.58914873e-04,
       1.64997632e-04, 1.71229587e-04, 1.77615807e-04, 1.84161811e-04,
       1.90873552e-04, 1.97757414e-04, 2.04820369e-04, 2.12073965e-04,
       2.19542551e-04, 2.27262032e-04, 2.35275320e-04, 2.43629202e-04,
       2.52372344e-04, 2.61554080e-04, 2.71223727e-04, 2.81430260e-04,
       2.92222224e-04, 3.03647788e-04, 3.15754904e-04, 3.28591505e-04,
       3.42205744e-04, 3.56646225e-04, 3.71962246e-04, 3.88204026e-04,
       4.05422912e-04, 4.23671587e-04, 4.43004246e-04, 4.63476764e-04,
       4.85146848e-04, 5.08074172e-04, 5.32320501e-04, 5.57949798e-04,
       5.85028322e-04, 6.13624708e-04, 6.43810040e-04, 6.75657910e-04,
       7.09244461e-04, 7.44648418e-04, 7.81951108e-04, 8.21236459e-04,
       8.62590987e-04, 9.06103763e-04, 9.51866364e-04, 9.99972796e-04,
       1.05051940e-03, 1.10360474e-03, 1.15932944e-03, 1.21779601e-03,
       1.27910865e-03, 1.34337301e-03, 1.41069587e-03, 1.48118485e-03,
       1.55494808e-03, 1.63209369e-03, 1.71272948e-03, 1.79696229e-03,
       1.88489753e-03, 1.97663852e-03, 2.07228579e-03, 2.17193642e-03,
       2.27568315e-03, 2.38361357e-03, 2.49580922e-03, 2.61234453e-03,
       2.73328584e-03, 2.85869025e-03, 2.98860451e-03, 3.12306372e-03,
       3.26209016e-03, 3.40569191e-03, 3.55386159e-03, 3.70657492e-03,
       3.86378944e-03, 4.02544309e-03, 4.19145289e-03, 4.36171362e-03,
       4.53609655e-03, 4.71444831e-03, 4.89658972e-03, 5.08231488e-03,
       5.27139031e-03, 5.46355428e-03, 5.65851633e-03, 5.85595702e-03,
       6.05552788e-03, 6.25685167e-03, 6.45952284e-03, 6.66310843e-03,
       6.86714911e-03, 7.07116070e-03, 7.27463594e-03, 7.47704663e-03,
       7.67784610e-03, 7.87647200e-03, 8.07234943e-03, 8.26489431e-03,
       8.45351710e-03, 8.63762669e-03, 8.81663445e-03, 8.98995853e-03,
       9.15702819e-03, 9.31728816e-03, 9.47020300e-03, 9.61526144e-03,
       9.75198049e-03, 9.87990942e-03, 9.99863344e-03, 1.01077771e-02,
       1.02070074e-02, 1.02960363e-02, 1.03746229e-02, 1.04425752e-02,
       1.04997515e-02, 1.05460605e-02, 1.05814621e-02, 1.06059669e-02,
       1.06196350e-02, 1.06225752e-02, 1.06149427e-02, 1.05969374e-02,
       1.05688011e-02, 1.05308143e-02, 1.04832939e-02, 1.04265887e-02,
       1.03610767e-02, 1.02871612e-02, 1.02052666e-02, 1.01158354e-02,
       1.00193238e-02, 9.91619860e-03, 9.80693318e-03, 9.69200448e-03,
       9.57188966e-03, 9.44706314e-03, 9.31799385e-03, 9.18514268e-03,
       9.04896025e-03, 8.90988490e-03, 8.76834091e-03, 8.62473701e-03,
       8.47946515e-03, 8.33289946e-03, 8.18539550e-03, 8.03728966e-03,
       7.88889879e-03, 7.74052005e-03, 7.59243084e-03, 7.44488898e-03,
       7.29813292e-03, 7.15238218e-03, 7.00783778e-03, 6.86468281e-03,
       6.72308309e-03, 6.58318787e-03, 6.44513051e-03, 6.30902929e-03,
       6.17498820e-03, 6.04309771e-03, 5.91343562e-03, 5.78606781e-03,
       5.66104908e-03, 5.53842388e-03, 5.41822710e-03, 5.30048479e-03,
       5.18521486e-03, 5.07242777e-03, 4.96212718e-03, 4.85431052e-03,
       4.74896964e-03, 4.64609131e-03, 4.54565777e-03, 4.44764716e-03,
       4.35203406e-03, 4.25878981e-03, 4.16788300e-03, 4.07927975e-03,
       3.99294411e-03, 3.90883831e-03, 3.82692311e-03, 3.74715799e-03,
       3.66950143e-03, 3.59391115e-03, 3.52034422e-03, 3.44875733e-03,
       3.37910691e-03, 3.31134925e-03, 3.24544070e-03, 3.18133772e-03,
       3.11899699e-03, 3.05837556e-03, 2.99943086e-03, 2.94212080e-03,
       2.88640387e-03, 2.83223910e-03, 2.77958621e-03, 2.72840559e-03,
       2.67865832e-03, 2.63030626e-03, 2.58331201e-03, 2.53763896e-03,
       2.49325130e-03, 2.45011402e-03, 2.40819291e-03, 2.36745460e-03,
       2.32786652e-03, 2.28939692e-03, 2.25201484e-03, 2.21569016e-03,
       2.18039353e-03, 2.14609639e-03, 2.11277096e-03, 2.08039024e-03,
       2.04892797e-03, 2.01835863e-03, 1.98865744e-03, 1.95980032e-03,
       1.93176391e-03, 1.90452552e-03, 1.87806313e-03, 1.85235539e-03,
       1.82738157e-03, 1.80312158e-03, 1.77955593e-03, 1.75666573e-03,
       1.73443266e-03, 1.71283898e-03, 1.69186749e-03, 1.67150151e-03,
       1.65172489e-03, 1.63252201e-03, 1.61387769e-03, 1.59577728e-03,
       1.57820654e-03, 1.56115173e-03, 1.54459952e-03, 1.52853700e-03,
       1.51295168e-03, 1.49783148e-03, 1.48316470e-03, 1.46894000e-03,
       1.45514642e-03, 1.44177336e-03, 1.42881055e-03, 1.41624805e-03,
       1.40407626e-03, 1.39228588e-03, 1.38086791e-03, 1.36981366e-03,
       1.35911469e-03, 1.34876288e-03, 1.33875035e-03, 1.32906948e-03,
       1.31971292e-03, 1.31067353e-03, 1.30194445e-03, 1.29351900e-03,
       1.28539077e-03, 1.27755352e-03, 1.27000126e-03, 1.26272816e-03,
       1.25572862e-03, 1.24899721e-03, 1.24252869e-03, 1.23631800e-03,
       1.23036024e-03, 1.22465071e-03, 1.21918483e-03, 1.21395820e-03,
       1.20896657e-03, 1.20420585e-03, 1.19967206e-03, 1.19536140e-03,
       1.19127017e-03, 1.18739483e-03, 1.18373193e-03, 1.18027819e-03,
       1.17703041e-03, 1.17398552e-03, 1.17114057e-03, 1.16849271e-03,
       1.16603919e-03, 1.16377738e-03, 1.16170474e-03, 1.15981881e-03,
       1.15811726e-03, 1.15659782e-03, 1.15525833e-03, 1.15409669e-03,
       1.15311090e-03, 1.15229904e-03, 1.15165927e-03, 1.15118983e-03,
       1.15088900e-03, 1.15075518e-03, 1.15078681e-03, 1.15098240e-03,
       1.15134053e-03, 1.15185985e-03, 1.15253905e-03, 1.15337690e-03,
       1.15437221e-03, 1.15552387e-03, 1.15683080e-03, 1.15829198e-03,
       1.15990645e-03, 1.16167329e-03, 1.16359162e-03, 1.16566061e-03,
       1.16787950e-03, 1.17024753e-03, 1.17276401e-03, 1.17542829e-03,
       1.17823973e-03, 1.18119775e-03, 1.18430182e-03, 1.18755141e-03,
       1.19094604e-03, 1.19448526e-03, 1.19816865e-03, 1.20199582e-03,
       1.20596640e-03, 1.21008006e-03, 1.21433647e-03, 1.21873536e-03,
       1.22327644e-03, 1.22795947e-03, 1.23278422e-03, 1.23775047e-03,
       1.24285805e-03, 1.24810675e-03, 1.25349643e-03, 1.25902692e-03,
       1.26469809e-03, 1.27050981e-03, 1.27646195e-03, 1.28255441e-03,
       1.28878708e-03])]","[[0, 6.376880005047202e-05, 0.00012384871691641303, 0.0001825152146708144, 0.00024124552686846215, 0.00030103448879709226, 0.0003625832859998258, 0.0004264093445679401, 0.000492911646194619, 0.0005624108183232139, 0.0006351741002052091, 0.0007114312171060637, 0.000791384749567885, 0.0008752171367340159, 0.0009630955909617963, 0.0010551756891921706, 0.0011516041030772402, 0.0012525207499615915, 0.0013580605400041, 0.0014683548310589188, 0.0015835326646868944, 0.001703721833392531, 0.0018290498147344862, 0.0019596445987385925, 0.0020956354289453924, 0.0022371534732185156, 0.0023843324374063614, 0.0025373091326650727, 0.002696224005465559, 0.002861221637870769, 0.003032451224488501, 0.0032100670315201025, 0.003394228842496219, 0.0035851023945886844, 0.0037828598087911902, 0.003987680178233654, 0.004199754142889465, 0.004419296693452684, 0.004646558725090378, 0.004881834045203658, 0.005125463247376161, 0.005377835591739117, 0.005639389671774004, 0.005910613398488556, 0.006192043658686913, 0.006484265882463524, 0.0067879136705811475, 0.007103668574150869, 0.007432260079309045, 0.007774465822904736, 0.008131112047667352, 0.00850307429413258, 0.008891278319779171, 0.009296701231957008, 0.009720372819267112, 0.010163377065381689, 0.010626853829374155, 0.01111200067712451, 0.01162007484904176, 0.01215239535004641, 0.012710345148380264, 0.013295373470293107, 0.013908998177957408, 0.014552808218061071, 0.015228466128414274, 0.015937710589576326, 0.016682359007963887, 0.017464310116146447, 0.01828554657507446, 0.019148137561825804, 0.020054241325103816, 0.02100610768918176, 0.022006080485271244, 0.023056599887403353, 0.024160204627859543, 0.025319534064984224, 0.026537330073863896, 0.02781643872788201, 0.029159811736570607, 0.03057050760249859, 0.03205169245718536, 0.03360664053323494, 0.03523873422708215, 0.03695146370396673, 0.03874842599404776, 0.0406333235259898, 0.042609962041951416, 0.044682247835751684, 0.04685418425415323, 0.049129867399762, 0.05151348097309288, 0.05400929019098178, 0.05662163471884189, 0.05935492055537278, 0.0622136108103499, 0.06520221531916506, 0.06832527904197375, 0.07158736920074898, 0.07499306111435675, 0.07854692270005754, 0.08225349761969605, 0.08611728706034068, 0.09014273015233124, 0.09433418304261387, 0.09869589665788019, 0.10323199321034067, 0.10794644151886153, 0.11284303123954223, 0.1179253461224174, 0.12319673643458155, 0.1286602907143498, 0.13431880704570884, 0.1401747640668496, 0.14623029195051432, 0.15248714361669302, 0.15894666645927927, 0.1656097748870237, 0.1724769239948599, 0.1795480846937807, 0.18682272063528302, 0.19429976726938378, 0.20197761337280606, 0.20985408537569603, 0.2179264348008108, 0.22619132910830392, 0.2346448462119584, 0.24328247289907787, 0.25209910734651403, 0.2610890658799427, 0.2702460940731341, 0.2795633822294154, 0.28903358522976, 0.2986488466720807, 0.3084008271655717, 0.3182807365836441, 0.3282793700204688, 0.33838714714072693, 0.34859415456115267, 0.358890190857054, 0.36926481374827724, 0.3797073889879576, 0.39020714045457483, 0.4007532009338093, 0.411334663071713, 0.4219406299847994, 0.4325602650255718, 0.4431828402233137, 0.4537977829489811, 0.4643947203889303, 0.4749635214539875, 0.4854943357969169, 0.49597762966149445, 0.506404218338928, 0.5167652950610834, 0.527052456213703, 0.5372577228054537, 0.5473735581792122, 0.5573928819996216, 0.5673090805948909, 0.5771160137704696, 0.5868080182471775, 0.5963799079063082, 0.6058269710490093, 0.6151449648968546, 0.6243301075750703, 0.6333790678295659, 0.6422889527340381, 0.6510572936443441, 0.6596820306544702, 0.6681614958022226, 0.6764943952637035, 0.6846797907641701, 0.6927170804194954, 0.7006059792075787, 0.708346499253139, 0.715938930092736, 0.7233838190699617, 0.7306819519938387, 0.7378343341768209, 0.7448421719526419, 0.7517068547587872, 0.7584299378537218, 0.7650131257253018, 0.7714582562341066, 0.7777672855238125, 0.7839422737201895, 0.7899853714308652, 0.7958988070496249, 0.8016848748616862, 0.8073459239400433, 0.8128843478175737, 0.8183025749150671, 0.8236030597016208, 0.8287882745608578, 0.8338607023341181, 0.8388228295100589, 0.8436771400289241, 0.848426109669037, 0.8530722009827669, 0.8576178587492769, 0.862065505911703, 0.8664175399670193, 0.8706763297776414, 0.8748442127747911, 0.8789234925247414, 0.8829164366302568, 0.8868252749408038, 0.8906521980464249, 0.8943993560314968, 0.8980688574659418, 0.9016627686127974, 0.905183112832363, 0.9086318701644327, 0.9120109770713729, 0.9153223263260069, 0.9185677670294305, 0.9217491047449882, 0.9248681017356863, 0.9279264772933268, 0.9309259081485766, 0.9338680289520813, 0.9367544328175588, 0.9395866719185871, 0.9423662581315322, 0.945094663717728, 0.9477733220386606, 0.9504036282984824, 0.9529869403087252, 0.9555245792705813, 0.9580178305705754, 0.9604679445858787, 0.9628761374959015, 0.9652435920971598, 0.9675714586187357, 0.969860855535953, 0.9721128703801605, 0.9743285605427664, 0.9765089540718935, 0.9786550504602315, 0.98076782142285, 0.9828482116639087, 0.9848971396313511, 0.9869154982588124, 0.9889041556940952, 0.9908639560136795, 0.992795719922841, 0.9947002454410363, 0.9965783085723021, 0.9984306639604854, 1.00025804552919, 1.002061167106381, 1.0038407230336426, 1.0055973887601304, 1.0073318214212983, 1.0090446604025194, 1.0107365278877454, 1.0124080293933853, 1.0140597542875955, 1.015692276295208, 1.0173061539885262, 1.0189019312642427, 1.0204801378067403, 1.0220412895380515, 1.0235858890547522, 1.0251144260520797, 1.0266273777355657, 1.0281252092204773, 1.0296083739193633, 1.0310773139180012, 1.0325324603400439, 1.0339742337006583, 1.035403044249454, 1.0368192923029873, 1.0382233685671354, 1.0396156544496182, 1.0409965223629536, 1.042366336018119, 1.0437254507091902, 1.0450742135892253, 1.0464129639376527, 1.0477420334194192, 1.0490617463361465, 1.0503724198695414, 1.051674364317299, 1.052967883321726, 1.0542532740913164, 1.0555308276154969, 1.0568008288727555, 1.058063557032365, 1.0593192856499012, 1.0605682828567546, 1.061810811543826, 1.0630471295395922, 1.0642774897827203, 1.0655021404894074, 1.0667213253156136, 1.0679352835143499, 1.0691442500881847, 1.0703484559371172, 1.0715481280019687, 1.0727434894034362, 1.0739347595769437, 1.0751221544034297, 1.0763058863361967, 1.0774861645239493, 1.0786631949301428, 1.0798371804487568, 1.0810083210166064, 1.0821768137223013, 1.0833428529119555, 1.0845066302917479, 1.0856683350274317, 1.086828153840887, 1.0879862711038026, 1.0891428689285783, 1.0902981272565262, 1.091452223943454, 1.0926053348427058, 1.0937576338857329, 1.0949092931602675, 1.096060482986166, 1.0972113719889849, 1.0983621271713557, 1.0995129139822144, 1.1006638963839437, 1.1018152369174843, 1.1029670967654646, 1.1041196358133987, 1.105273012709003, 1.1064273849196722, 1.1075829087881608, 1.1087397395865082, 1.1098980315682496, 1.1110579380189456, 1.1122196113050666, 1.1133832029212665, 1.1145488635360732, 1.115716743036028, 1.1168869905682994, 1.1180597545817976, 1.1192351828668141, 1.1204134225932068, 1.1215946203471543, 1.1227789221664957, 1.1239664735746742, 1.125157419613303, 1.1263519048733646, 1.1275500735250594, 1.1287520693463158, 1.1299580357499688, 1.1311681158096232, 1.1323824522842016, 1.1336011876411913, 1.1348244640785907, 1.1360524235455631, 1.1372852077617994, 1.138522958235593, 1.1397658162806288, 1.1410139230314862, 1.142267419457854, 1.1435264463774588, 1.1447911444677028, 1.1460616542760071, 1.1473381162288576, 1.1486206706395483, 1.1499094577146154]]"
50.0,80.0,4,30,180,I0-S1,"[[0.01, 0.009218546420913139, 0.008861068736292907, 0.008775059817687893, 0.008868448502353592, 0.009085537603786513, 0.009392313962336305, 0.009767646964623887, 0.01019821296249824, 0.010675447716935443, 0.011193701960728985, 0.011749120281195576, 0.012338955908938265, 0.012961148775755523, 0.013614063144237918, 0.014296322479445532, 0.015006704043663154, 0.01574407057427702, 0.016507325331207426, 0.017295382160390903, 0.018107145443348228, 0.018941496746061055, 0.019797286155716996, 0.020673327008172992, 0.02156839314596672, 0.02248121811649919, 0.023410495888706938, 0.024354882773870375, 0.02531300030610881, 0.02628343888506322, 0.027264762016042804, 0.02825551100685632, 0.029254209998934314, 0.030259371225181856, 0.03126950039952064, 0.03228315099273079, 0.03329942142891184, 0.0343182213471386, 0.035339994483222, 0.03636550901556262, 0.03739573005830413, 0.038431741949004866, 0.03947470082210723, 0.04052580564544105, 0.041586280547321365, 0.04265736407827776, 0.04374030275857417, 0.04483634729796547, 0.04594675050221652, 0.0470727662620403, 0.04821564925145254, 0.04937665510303555, 0.050557040913029656, 0.051758065981241025, 0.0529809927226428, 0.05422708770723737, 0.055497622797071336, 0.056793876357170044, 0.05811713452234064, 0.05946869250533456, 0.06084985593439237, 0.062261942210088385, 0.0637062818728725, 0.0651842199739016, 0.06669711744274129, 0.06824635244634629, 0.06983332173442358, 0.0714594419668643, 0.0731261510194116, 0.07483490926412227, 0.07658720082148632, 0.07838453478130034, 0.08022844638955133, 0.08212049819866557, 0.0840622811785159, 0.08605541578556768, 0.08810155298748099, 0.09020237524038113, 0.09235959741586311, 0.09457496767461387, 0.09685026828332034, 0.0991873163712856, 0.10158796462290254, 0.10405410190183502, 0.10658765380243494, 0.10919058312357968, 0.11186489025975119, 0.11461261350379615, 0.11743582925540805, 0.1203366521289583, 0.12331723495387523, 0.1263797686603295, 0.12952648204253267, 0.13275964139149446, 0.1360815499886149, 0.13949454745101325, 0.14300100891901513, 0.14660334407574058, 0.1503039959882538, 0.15410543975926141, 0.15801018097787511, 0.1620207539574972, 0.16613971974844208, 0.17036966391248193, 0.1747131940461014, 0.17917293703887344, 0.18375153605302855, 0.18845164720999105, 0.1932759359694057, 0.19822707318598057, 0.2033077308293404, 0.20852057735202165, 0.21386827269076006, 0.2193534628863312, 0.2249787743074141, 0.23074680746427065, 0.23666013039847908, 0.24272127163554008, 0.24893271268790307, 0.25529688009684987, 0.26181613700273554, 0.2684927742343376, 0.27532900090951634, 0.28232693454105456, 0.2894885906434399, 0.2968158718384867, 0.30431055646008287, 0.3119742866610001, 0.319808556027633, 0.3278146967117478, 0.33599386609182447, 0.3443470329803808, 0.3528749633977723, 0.3615782059373689, 0.370457076751716, 0.3795116441942912, 0.38874171315675005, 0.3981468091471159, 0.4077261621601714, 0.41747869039734786, 0.42740298389964254, 0.43749728816348726, 0.44775948781601155, 0.45818709043273026, 0.4687772105872935, 0.4795265542294954, 0.49043140349418735, 0.5014876020499943, 0.5126905411027178, 0.524035146173925, 0.5355158647803869, 0.5471266551446259, 0.5588609760707693, 0.5707117781230671, 0.5826714962467032, 0.5947320439718078, 0.6068848093417402, 0.619120652705657, 0.6314299065129958, 0.6438023772436962, 0.6562273496026562, 0.6686935931000033, 0.6811893711301765, 0.693702452652527, 0.7062201265641086, 0.7187292188415486, 0.7312161125133564, 0.7436667705068064, 0.7560667613946654, 0.7684012880466259, 0.7806552191684807, 0.7928131236889808, 0.8048593079301357, 0.8167778554716709, 0.8285526695946731, 0.8401675181634161, 0.8516060807782437, 0.8628519980065193, 0.8738889224733484, 0.8847005715693945, 0.8952707815099826, 0.9055835624581625, 0.9156231544048464, 0.9253740834818615, 0.9348212183690888, 0.9439498264450947, 0.9527456293220491, 0.9611948574005061, 0.9692843030779682, 0.9770013722472081, 0.9843341337261666, 0.9912713662709105, 0.9978026028365902, 1.0039181717685066, 1.0096092346261303, 1.014867820367009, 1.0196868556447172, 1.0240601910050082, 1.0279826227967972, 1.0314499106491328, 1.0344587904014775, 1.0370069824119565, 1.039093195206299, 1.0407171244684732, 1.0418794474120712, 1.0425818126087931, 1.0428268253865323, 1.0426180289440623, 1.0419598813618296, 1.0408577287184542, 1.039317774549938, 1.0373470459129819, 1.034953356335011, 1.0321452659513146, 1.0289320391440189, 1.0253236000083643, 1.0213304859789403, 1.0169637999521923, 1.0122351612417473, 1.0071566557000453, 1.0017407853335902, 0.9960004177300714, 0.9899487356038801, 0.9835991867524444, 0.9769654346996088, 0.9700613102842838, 0.9629007644331109, 0.9554978223352217, 0.9478665392156314, 0.9400209578816879, 0.9319750681945893, 0.9237427685955403, 0.9153378297939159, 0.9067738607030333, 0.898064276688041, 0.8892222701701706, 0.8802607836123374, 0.8711924848929335, 0.8620297450577589, 0.8527846184244352, 0.843468824999434, 0.8340937351550292, 0.8246703565020937, 0.8152093228846844, 0.8057208854137796, 0.7962149054503213, 0.7867008494418104, 0.7771877855120608, 0.7676843817002539, 0.7581989057430947, 0.7487392262925507, 0.7393128154612874, 0.7299267525884078, 0.7205877291193695, 0.7113020544959062, 0.7020756629543365, 0.6929141211337194, 0.6838226363988316, 0.6748060657868206, 0.6658689254905654, 0.6570154007961745, 0.6482493563966186, 0.6395743470081772, 0.6309936282211038, 0.6225101675206731, 0.6141266554194821, 0.605845516646542, 0.5976689213432503, 0.5895987962207747, 0.5816368356376718, 0.5737845125606977, 0.5660430893757202, 0.5584136285194072, 0.5508970029059388, 0.5434939061263535, 0.5362048624013066, 0.529030236270969, 0.5219702420085537, 0.515024952746503, 0.5081943093067238, 0.5014781287284198, 0.4948761124890435, 0.48838785441568755, 0.4820128482858617, 0.4757504951180631, 0.4696001101538577, 0.46356092953435496, 0.45763211667498277, 0.45181276834337314, 0.4461019204459457, 0.4404985535294491, 0.4350015980042879, 0.4296099390969363, 0.4243224215391289, 0.4191378540018276, 0.4140550132822015, 0.40907264825203066, 0.40418948357605716, 0.399404223208871, 0.3947155536789322, 0.3901221471683044, 0.38562266439661275, 0.3812157573176427, 0.37690007163687395, 0.372674249158096, 0.3685369299670838, 0.3644867544601275, 0.3605223652250091, 0.35664240878180953, 0.35284553719070755, 0.34913040953370383, 0.3454956932769726, 0.34194006552030426, 0.338462214139867, 0.33506083883027415, 0.33173465205170805, 0.32848237988761386, 0.32530276281824444, 0.32219455641510636, 0.31915653196113253, 0.31618747700118477, 0.3132861958272755, 0.3104515099026862, 0.30768225822895706, 0.3049772976595239, 0.30233550316358754, 0.29975576804361453, 0.2972370041096913, 0.29477814181378004, 0.29237813034676163, 0.29003593770099034, 0.2877505507009333, 0.2855209750043238, 0.2833462350761148, 0.2812253741373895, 0.27915745409125553, 0.27714155542763025, 0.2751767771087081, 0.27326223643679126, 0.27139706890606063, 0.269580428039764, 0.2678114852142053, 0.26608942947082787, 0.2644134673176013, 0.26278282252083973, 0.2611967358885052, 0.2596544650459756, 0.25815528420519085, 0.25669848392802536, 0.255283370884675, 0.2539092676077895, 0.25257551224302666, 0.2512814582966554, 0.2500264743807853, 0.2488099439567567, 0.24763126507718192, 0.24648985012708924, 0.24538512556458403, 0.24431653166140566, 0.24328352224372632, 0.24228556443350774, 0.24132213839070146, 0.24039273705655295, 0.23949686589824326, 0.238634042655079, 0.23780379708641913]]","[[0.01, 0.011673645222856313, 0.01362924433757481, 0.01580189558251425, 0.018156401286789386, 0.02067536686975745, 0.023351813298727625, 0.026184707310769342, 0.02917648308536548, 0.032331575241963034, 0.03565553961525993, 0.0391545245989957, 0.04283495128183642, 0.04670331758857247, 0.050766075867466065, 0.05502955387647663, 0.05949990138823063, 0.06418305195435424, 0.06908469372793044, 0.07421024582913802, 0.07956483826714876, 0.08515329432812409, 0.09098011485992143, 0.09704946418134269, 0.1033651575084169, 0.10993064987658868, 0.11674902657815801, 0.12382299514819729, 0.1311548789309799, 0.1387466122495688, 0.1465997371877392, 0.15471540197829578, 0.16309436097654978, 0.1717369761831046, 0.18064322026665708, 0.18981273238812796, 0.19924538047761262, 0.20894172060552427, 0.21890289390966305, 0.22913052494547786, 0.23962665974227226, 0.2503937278459926, 0.2614345189084714, 0.27275216813044745, 0.2843501471280164, 0.29623225815922494, 0.3084026304738945, 0.32086571804906405, 0.3336262982736687, 0.34668947132722633, 0.36006066010568233, 0.37374561061184, 0.38775039276542056, 0.40208140160934625, 0.4167453589007628, 0.43174931508153713, 0.44710065162584095, 0.4628070837634081, 0.4788766635769799, 0.49531778347184374, 0.5121391800145212, 0.5293499381367338, 0.5469594956998663, 0.564977648414291, 0.5834145551071354, 0.6022807433313647, 0.6215871153084028, 0.6413449541959164, 0.6615659306718282, 0.6822621098250801, 0.7034459583431326, 0.7251303519856473, 0.7473285833332307, 0.7700543697995322, 0.7933218618943508, 0.8171456517247228, 0.8415407817202222, 0.8665227535678971, 0.892107537341387, 0.9183115808078068, 0.9451518188949419, 0.9726456833001664, 1.0008111122212706, 1.0296665601880592, 1.059231007972153, 1.0895239725508912, 1.1205655170995894, 1.1523762609846433, 1.1849773897280957, 1.2183906649122873, 1.2526384339910923, 1.2877436399719981, 1.3237298309309216, 1.3606211693191548, 1.3984424410192202, 1.4372190641036544, 1.4769770972478724, 1.517743247745261, 1.5595448790695263, 1.6024100179260783, 1.6463673607308802, 1.6914462794517233, 1.7376768267433238, 1.7850897403039738, 1.8337164463777407, 1.8835890623223894, 1.934740398159338, 1.9872039570180355, 2.041013934383224, 2.0962052160496016, 2.1528133746844906, 2.2108746648952384, 2.270426016694285, 2.331505027251145, 2.39414995081699, 2.4583996867041726, 2.524293765199855, 2.591872331290061, 2.661176126067871, 2.7322464656973127, 2.8051252178027073, 2.8798547751519585, 2.956478026501515, 3.0350383244706287, 3.1155794503130774, 3.1981455754558366, 3.282781219676344, 3.369531205793048, 3.4584406107479935, 3.5495547129653167, 3.6429189358758096, 3.7385787875052134, 3.8365797960327517, 3.9369674412366247, 4.039787081754891, 4.145083878103402, 4.2529027114072795, 4.363288097818958, 4.4762840986139985, 4.591934225975864, 4.710281344502572, 4.831367568491664, 4.955234155085216, 5.081921393383706, 5.211468489666264, 5.3439134488852815, 5.479292952635329, 5.6176422338297005, 5.7589949483526555, 5.903383043991226, 6.050836626987254, 6.201383826587756, 6.355050658009601, 6.511860884272536, 6.671835877392415, 6.834994479463791, 7.0013528641974165, 7.1709243995132255, 7.343719511822665, 7.519745552665288, 7.699006668392897, 7.881503673619753, 8.067233929178888, 8.25619122534203, 8.44836567107343, 8.643743590095667, 8.842307424547746, 9.044035647012151, 9.248902681677592, 9.456878835387673, 9.667930239302384, 9.882018801868881, 10.099102173760517, 10.31913372539835, 10.54206253761744, 10.767833405981392, 10.996386859182929, 11.227659191896196, 11.461582512368388, 11.698084804954709, 11.93709000771232, 12.178518105076305, 12.42228523554489, 12.668303814202797, 12.916482669811833, 13.166727196097476, 13.418939516760505, 13.673018663644468, 13.92886076739441, 14.186359259850457, 14.445405087333034, 14.705886933895266, 14.967691453543896, 15.230703510363218, 15.494806425418364, 15.759882229265045, 16.02581191885346, 16.29247571758476, 16.559753337259647, 16.82752424065056, 17.095667903431455, 17.36406407421234, 17.63259303144943, 17.90113583603531, 18.1695745784167, 18.43779261913965, 18.70567482178228, 18.9731077773031, 19.239980018907342, 19.50618222661393, 19.771607420790332, 20.03615114401107, 20.299711630686765, 20.562189964003217, 20.823490219803364, 21.083519597138046, 21.342188535303066, 21.599410817269725, 21.8551036595027, 22.10918778824198, 22.361587502404426, 22.612230723334278, 22.861049031700464, 23.10797769190138, 23.352955664394614, 23.595925606419748, 23.836833861626626, 24.075630439159557, 24.312268982779525, 24.54670673063199, 24.77890446628742, 25.008826461695268, 25.236440412700414, 25.461717367774003, 25.684631650608836, 25.905160777223053, 26.12328536820554, 26.338989056722355, 26.55225839288615, 26.763082745070335, 26.971454198727116, 27.177367453243768, 27.38081971734512, 27.58181060352247, 27.780342021940527, 27.976418074244393, 28.17004494765911, 28.36123080974425, 28.549985704136414, 28.736321447583187, 28.920251528543297, 29.101791007599722, 29.280956419905326, 29.45776567985443, 29.632237988148727, 29.804393741402084, 29.974254444406036, 30.141842625156624, 30.307181752723082, 30.47029615802022, 30.631210957529003, 30.78995197999381, 30.946545696110007, 31.101019151202124, 31.2533999008806, 31.403715949654, 31.55199569246374, 31.698267859099428, 31.842561461445236, 31.984905743500857, 32.125330134114634, 32.263864202361525, 32.40053761549421, 32.53538009939223, 32.668421401431246, 32.799691255692245, 32.929219350429015, 33.05703529771113, 33.18316860515906, 33.30764864968788, 33.43050465317634, 33.55176565997856, 33.671460516196454, 33.78961785063239, 33.90626605734257, 34.021433279713584, 34.1351473959861, 34.24743600615174, 34.358326420150924, 34.46784564730203, 34.576020386893894, 34.68287701987641, 34.78844160158583, 34.89273985544412, 34.99579716757364, 35.09763858227109, 35.19828879828664, 35.29777216585683, 35.3961126844417, 35.49333400111914, 35.5894594095914, 35.68451184976104, 35.77851390783547, 35.8714878169214, 35.963455458072474, 36.0544383617551, 36.14445770969966, 36.23353433710556, 36.32168873517095, 36.40894105391883, 36.49531110529355, 36.580818366502754, 36.66548198358143, 36.74932077515618, 36.83235323638906, 36.914597543081605, 36.996071555920956, 37.07679282485106, 37.15677859355306, 37.23604580401997, 37.314611101211966, 37.39249083777901, 37.46970107883918, 37.54625760680119, 37.62217592622089, 37.69747126868198, 37.772158597692126, 37.84625261358609, 37.919767758428335, 37.992718220908074, 38.06511794122017, 38.13698061592609, 38.2083197027894, 38.2791484255808, 38.349479778848156, 38.41932653264746, 38.48870123723087, 38.55761622768849, 38.62608362854081, 38.69411535827906, 38.761723133851106, 38.82891847509052, 38.89571270908708, 38.962116974496986, 39.028142225791186, 39.093799237440685, 39.15909860803772, 39.2240507643519, 39.288665965320504, 39.352954305972474, 39.41692572128553, 39.48058998997617, 39.543956738222235, 39.60703544331809, 39.66983543726225, 39.73236591027766, 39.79463591426472, 39.85665436618732, 39.918430051392214, 39.979971626861996, 40.04128762440229, 40.102386453763344, 40.16327640569688, 40.22396565494838, 40.28446226318571, 40.34477418186448]]","[array([6.37688001e-05, 6.00799169e-05, 5.86664978e-05, 5.87303122e-05,
       5.97889995e-05, 6.15498720e-05, 6.38327535e-05, 6.65249293e-05,
       6.95547377e-05, 7.28755878e-05, 7.64562770e-05, 8.02750923e-05,
       8.43161932e-05, 8.85673743e-05, 9.30186669e-05, 9.76614532e-05,
       1.02487897e-04, 1.07490572e-04, 1.12662215e-04, 1.17995562e-04,
       1.23483240e-04, 1.29117691e-04, 1.34891129e-04, 1.40795511e-04,
       1.46822530e-04, 1.52963609e-04, 1.59209914e-04, 1.65552370e-04,
       1.71981682e-04, 1.78488359e-04, 1.85062748e-04, 1.91695065e-04,
       1.98375428e-04, 2.05093894e-04, 2.11840559e-04, 2.18607212e-04,
       2.25390655e-04, 2.32192212e-04, 2.39016013e-04, 2.45867890e-04,
       2.52754707e-04, 2.59683953e-04, 2.66663491e-04, 2.73701405e-04,
       2.80805909e-04, 2.87985289e-04, 2.95247871e-04, 3.02602001e-04,
       3.10056034e-04, 3.17618332e-04, 3.25297264e-04, 3.33101204e-04,
       3.41038540e-04, 3.49117677e-04, 3.57347044e-04, 3.65735103e-04,
       3.74290353e-04, 3.83021342e-04, 3.91936673e-04, 4.01045016e-04,
       4.10355113e-04, 4.19875790e-04, 4.29615964e-04, 4.39584655e-04,
       4.49790993e-04, 4.60244226e-04, 4.70953731e-04, 4.81929024e-04,
       4.93179764e-04, 5.04715765e-04, 5.16547005e-04, 5.28683630e-04,
       5.41135965e-04, 5.53914522e-04, 5.67030006e-04, 5.80493319e-04,
       5.94315574e-04, 6.08508093e-04, 6.23082421e-04, 6.38050324e-04,
       6.53423800e-04, 6.69215082e-04, 6.85436641e-04, 7.02101192e-04,
       7.19221695e-04, 7.36811361e-04, 7.54883653e-04, 7.73452286e-04,
       7.92531229e-04, 8.12134708e-04, 8.32277202e-04, 8.52973444e-04,
       8.74238417e-04, 8.96087353e-04, 9.18535730e-04, 9.41599264e-04,
       9.65293905e-04, 9.89635829e-04, 1.01464143e-03, 1.04032731e-03,
       1.06671028e-03, 1.09380731e-03, 1.12163557e-03, 1.15021236e-03,
       1.17955514e-03, 1.20968148e-03, 1.24060903e-03, 1.27235555e-03,
       1.30493882e-03, 1.33837665e-03, 1.37268685e-03, 1.40788718e-03,
       1.44399533e-03, 1.48102889e-03, 1.51900527e-03, 1.55794170e-03,
       1.59785519e-03, 1.63876243e-03, 1.68067980e-03, 1.72362325e-03,
       1.76760831e-03, 1.81264999e-03, 1.85876271e-03, 1.90596025e-03,
       1.95425569e-03, 2.00366129e-03, 2.05418847e-03, 2.10584768e-03,
       2.15864835e-03, 2.21259879e-03, 2.26770610e-03, 2.32397605e-03,
       2.38141306e-03, 2.44001999e-03, 2.49979815e-03, 2.56074713e-03,
       2.62286469e-03, 2.68614670e-03, 2.75058699e-03, 2.81617727e-03,
       2.88290701e-03, 2.95076330e-03, 3.01973080e-03, 3.08979159e-03,
       3.16092508e-03, 3.23310791e-03, 3.30631383e-03, 3.38051365e-03,
       3.45567508e-03, 3.53176271e-03, 3.60873790e-03, 3.68655871e-03,
       3.76517985e-03, 3.84455260e-03, 3.92462479e-03, 4.00534076e-03,
       4.08664135e-03, 4.16846386e-03, 4.25074208e-03, 4.33340632e-03,
       4.41638342e-03, 4.49959682e-03, 4.58296661e-03, 4.66640966e-03,
       4.74983966e-03, 4.83316729e-03, 4.91630038e-03, 4.99914399e-03,
       5.08160070e-03, 5.16357072e-03, 5.24495216e-03, 5.32564124e-03,
       5.40553257e-03, 5.48451943e-03, 5.56249402e-03, 5.63934781e-03,
       5.71497183e-03, 5.78925704e-03, 5.86209464e-03, 5.93337644e-03,
       6.00299523e-03, 6.07084516e-03, 6.13682207e-03, 6.20082391e-03,
       6.26275112e-03, 6.32250696e-03, 6.37999789e-03, 6.43513398e-03,
       6.48782918e-03, 6.53800171e-03, 6.58557439e-03, 6.63047489e-03,
       6.67263605e-03, 6.71199616e-03, 6.74849917e-03, 6.78209492e-03,
       6.81273931e-03, 6.84039449e-03, 6.86502898e-03, 6.88661774e-03,
       6.90514231e-03, 6.92059076e-03, 6.93295780e-03, 6.94224466e-03,
       6.94845910e-03, 6.95161532e-03, 6.95173382e-03, 6.94884128e-03,
       6.94297040e-03, 6.93415970e-03, 6.92245330e-03, 6.90790068e-03,
       6.89055646e-03, 6.87048007e-03, 6.84773549e-03, 6.82239097e-03,
       6.79451865e-03, 6.76419431e-03, 6.73149699e-03, 6.69650869e-03,
       6.65931399e-03, 6.61999975e-03, 6.57865478e-03, 6.53536947e-03,
       6.49023549e-03, 6.44334548e-03, 6.39479272e-03, 6.34467082e-03,
       6.29307349e-03, 6.24009416e-03, 6.18582584e-03, 6.13036077e-03,
       6.07379024e-03, 6.01620433e-03, 5.95769177e-03, 5.89833968e-03,
       5.83823343e-03, 5.77745652e-03, 5.71609036e-03, 5.65421421e-03,
       5.59190505e-03, 5.52923747e-03, 5.46628363e-03, 5.40311314e-03,
       5.33979305e-03, 5.27638778e-03, 5.21295912e-03, 5.14956619e-03,
       5.08626544e-03, 5.02311066e-03, 4.96015298e-03, 4.89744091e-03,
       4.83502035e-03, 4.77293462e-03, 4.71122454e-03, 4.64992844e-03,
       4.58908222e-03, 4.52871943e-03, 4.46887131e-03, 4.40956686e-03,
       4.35083291e-03, 4.29269417e-03, 4.23517335e-03, 4.17829118e-03,
       4.12206652e-03, 4.06651640e-03, 4.01165615e-03, 3.95749941e-03,
       3.90405825e-03, 3.85134321e-03, 3.79936341e-03, 3.74812660e-03,
       3.69763921e-03, 3.64790646e-03, 3.59893242e-03, 3.55072002e-03,
       3.50327121e-03, 3.45658693e-03, 3.41066722e-03, 3.36551127e-03,
       3.32111748e-03, 3.27748349e-03, 3.23460625e-03, 3.19248207e-03,
       3.15110668e-03, 3.11047524e-03, 3.07058242e-03, 3.03142240e-03,
       2.99298896e-03, 2.95527549e-03, 2.91827503e-03, 2.88198028e-03,
       2.84638367e-03, 2.81147739e-03, 2.77725339e-03, 2.74370340e-03,
       2.71081902e-03, 2.67859166e-03, 2.64701263e-03, 2.61607312e-03,
       2.58576423e-03, 2.55607702e-03, 2.52700246e-03, 2.49853152e-03,
       2.47065514e-03, 2.44336425e-03, 2.41664978e-03, 2.39050271e-03,
       2.36491403e-03, 2.33987478e-03, 2.31537604e-03, 2.29140896e-03,
       2.26796475e-03, 2.24503472e-03, 2.22261022e-03, 2.20068273e-03,
       2.17924379e-03, 2.15828507e-03, 2.13779831e-03, 2.11777538e-03,
       2.09820825e-03, 2.07908901e-03, 2.06040986e-03, 2.04216312e-03,
       2.02434122e-03, 2.00693673e-03, 1.98994233e-03, 1.97335083e-03,
       1.95715517e-03, 1.94134839e-03, 1.92592368e-03, 1.91087435e-03,
       1.89619384e-03, 1.88187569e-03, 1.86791361e-03, 1.85430138e-03,
       1.84103296e-03, 1.82810238e-03, 1.81550383e-03, 1.80323160e-03,
       1.79128011e-03, 1.77964389e-03, 1.76831760e-03, 1.75729600e-03,
       1.74657398e-03, 1.73614653e-03, 1.72600876e-03, 1.71615588e-03,
       1.70658321e-03, 1.69728620e-03, 1.68826037e-03, 1.67950136e-03,
       1.67100491e-03, 1.66276687e-03, 1.65478317e-03, 1.64704984e-03,
       1.63956303e-03, 1.63231894e-03, 1.62531389e-03, 1.61854429e-03,
       1.61200663e-03, 1.60569749e-03, 1.59961352e-03, 1.59375147e-03,
       1.58810816e-03])]","[[0, 6.376880005047202e-05, 0.00012384871691641303, 0.0001825152146708144, 0.00024124552686846215, 0.0003010345263888555, 0.0003625843983478266, 0.000426417151847934, 0.0004929420811134349, 0.0005624968188318857, 0.0006353724066111937, 0.0007118286835792242, 0.0007921037759194325, 0.0008764199691640766, 0.0009649873434604715, 0.001058006010312496, 0.0011556674634952593, 0.0012581553605214865, 0.0013656459323824162, 0.0014783081472401851, 0.0015963037097091056, 0.0017197869501834563, 0.0018489046416676484, 0.0019837957707316816, 0.0021245912821415648, 0.002271413811950378, 0.002424377420505224, 0.002583587334398103, 0.0027491397045421068, 0.0029211213860910546, 0.003099609744719388, 0.0032846724927646626, 0.0034763675578601432, 0.0036747429859200725, 0.0038798368796658825, 0.004091677438841486, 0.004310284650615606, 0.0045356753054126165, 0.0047678675175698996, 0.0050068835306471505, 0.00525275142036281, 0.005505506127194488, 0.005765190080165303, 0.006031853571039127, 0.006305554976121948, 0.006586360885219407, 0.006874346174423903, 0.00716959404548308, 0.007472196046011744, 0.007782252079615221, 0.008099870411798174, 0.00842516767555336, 0.00875826887928288, 0.009099307418911825, 0.009448425095535586, 0.009805772139592201, 0.010171507242305705, 0.010545797594967224, 0.010928818936484137, 0.011320755609519718, 0.011721800625457891, 0.012132155738354427, 0.012552031527973866, 0.012981647491958164, 0.013421232147127116, 0.013871023139870606, 0.0143312673655579, 0.014802221096858493, 0.015284150120841987, 0.015777329884700198, 0.01628204564991289, 0.016798592654658363, 0.017327276284251413, 0.017868412249373158, 0.018422326771839866, 0.01898935677764039, 0.019569850096954312, 0.02016416567084457, 0.02077267376429932, 0.021395756185277736, 0.022033806509392764, 0.02268723030984105, 0.023356445392165397, 0.024041882033408415, 0.024743983225187473, 0.025463204920189903, 0.026200016281554238, 0.026954899934567456, 0.027728352220069804, 0.028520883448917633, 0.02933301815681083, 0.030165295358744643, 0.031018268802295815, 0.031892507218900266, 0.032788594572223516, 0.033707130302666005, 0.034648729566983304, 0.03561402347193559, 0.03660365930081227, 0.03761830073160563, 0.03865862804553259, 0.03972533832452534, 0.04081914563623068, 0.0419407812049738, 0.04309099356705554, 0.044270548708662726, 0.04548023018457944, 0.046720839215793335, 0.04799319476399525, 0.04929813358087325, 0.05063651023000388, 0.05200919707904456, 0.05341708425983179, 0.05486107959389123, 0.05634210848076817, 0.05786111374649092, 0.05941905544938636, 0.061016910640377134, 0.06265567307480432, 0.06433635287273926, 0.06605997612467455, 0.06782758443941869, 0.06964023443096097, 0.07149899714102786, 0.07340495739401652, 0.07535921308097009, 0.0773628743692535, 0.07941706283459861, 0.0815229105122171, 0.08368155886372901, 0.08589415765672684, 0.08816186375389172, 0.09048583980870073, 0.09286725286491569, 0.09530727285722529, 0.09780707101062622, 0.10036781813637737, 0.10299068282264523, 0.1056768295182812, 0.10842741650853287, 0.11124359378189426, 0.11412650078774482, 0.11707726408491438, 0.12009699488184354, 0.12318678646958364, 0.12634771154950092, 0.12958081945821145, 0.1328871332929794, 0.13626764694155685, 0.1397233220212286, 0.14325508473264592, 0.1468638226348865, 0.1505503813490606, 0.15431556119868753, 0.15816011379599254, 0.16208473858420738, 0.16609007934690073, 0.17017672069630055, 0.17434518455349798, 0.17859592663432713, 0.18292933295559075, 0.18734571637713643, 0.1918453131960705, 0.19642827981011704, 0.20109468946777462, 0.20584452912348358, 0.21067769641647766, 0.21559399679234664, 0.22059314078656955, 0.2256747414893779, 0.2308383122112703, 0.23608326436830915, 0.241408905605984, 0.24681443817991383, 0.25229895761098103, 0.25786145163163576, 0.2635007994390828, 0.26921577126986185, 0.2750050283089622, 0.2808671229450732, 0.286800499381879, 0.2928034946134584, 0.29887433976987143, 0.30501116183690763, 0.3112119857517598, 0.31747473687408806, 0.3237972438295705, 0.33017724172062257, 0.3366123756965311, 0.3431002048728118, 0.34963820658719147, 0.3562237809772561, 0.36285425586252756, 0.36952689191155114, 0.3762388880725258, 0.38298738724410514, 0.38976948216126633, 0.3965822214696042, 0.4034226159600742, 0.4102876449351022, 0.41717426267610347, 0.4240794049818283, 0.43099999574657505, 0.4379329535471908, 0.44487519820791266, 0.45182365731249, 0.4587752726336561, 0.46572700645088433, 0.4726758477284551, 0.47961881812715557, 0.48655297782442614, 0.49347543111943115, 0.5003833318013445, 0.5072738882610887, 0.5141443683288145, 0.5209921038215506, 0.52781449478764, 0.5346090134368193, 0.5413732077470381, 0.5481047047413493, 0.5548012134304117, 0.5614605274182914, 0.5680805271713402, 0.5746591819519207, 0.5811945514206498, 0.5876847869126097, 0.594128132394637, 0.6005229251123206, 0.6068675959367247, 0.6131606694220859, 0.6194007635868269, 0.625586589431162, 0.6317169502053637, 0.6377907404434019, 0.6438069447771636, 0.6497646365468281, 0.6556629762232001, 0.6615012096579072, 0.6672786661773609, 0.6729947565362572, 0.6786489707461737, 0.6842408757945129, 0.6897701132686501, 0.695236396899683, 0.700639510039656, 0.7059793030855606, 0.7112556908627872, 0.7164686499800571, 0.7216182161671731, 0.7267044816062362, 0.7317275922662532, 0.736687745250349, 0.7415851861640758, 0.7464202065125989, 0.7511931411338395, 0.7559043656739676, 0.7605542941109693, 0.7651433763313713, 0.7696720957645783, 0.7741409670786924, 0.7785505339411126, 0.7829013668466805, 0.7871940610156322, 0.7914292343631435, 0.7956075255418162, 0.7997295920580394, 0.8037961084627844, 0.8078077646170435, 0.8117652640318042, 0.8156693222821606, 0.8195206654949074, 0.8233200289087221, 0.8270681555058389, 0.8307657947139295, 0.8344137011767504, 0.8380126335919724, 0.8415633536144949, 0.8450666248234439, 0.8485232117509758, 0.8519338789709394, 0.8552993902454009, 0.8586205077270007, 0.8618979912150853, 0.8651325974635466, 0.8683250795382994, 0.8714761862223309, 0.8745866614662796, 0.8776572438825135, 0.8806886662807161, 0.8836816552430155, 0.8866369307367392, 0.8895552057629125, 0.8924371860386727, 0.895283569711818, 0.8980950471057616, 0.9008723004932181, 0.9036160038970029, 0.9063268229163838, 0.9090054145774762, 0.9116524272062392, 0.9142685003226778, 0.9168542645549204, 0.9194103415718917, 0.9219373440333646, 0.9244358755562178, 0.926906530695793, 0.9293498949412867, 0.9317665447241705, 0.9341570474386793, 0.9365219614734581, 0.938861836253503, 0.9411772122915791, 0.9434686212483412, 0.945736586000424, 0.9479816207158129, 0.9502042309358418, 0.9524049136632042, 0.9545841574553985, 0.9567424425230642, 0.9588802408326977, 0.9609980162132674, 0.9630962244662792, 0.9651753134788704, 0.9672357233395391, 0.96927788645614, 0.9713022276758031, 0.9733091644064554, 0.9752991067396471, 0.9772724575744047, 0.9792296127418532, 0.9811709611303692, 0.9830968848110441, 0.9850077591632499, 0.9869039530001227, 0.9887858286937872, 0.9906537423001623, 0.9925080436832023, 0.9943490766384373, 0.9961771790156901, 0.9979926828408586, 0.9997959144366597, 1.0015871945422432, 1.0033668384315924, 1.005135156030635, 1.0068924520329976, 1.0086390260143439, 1.0103751725452417, 1.0121011813025134, 1.013817337179027, 1.0155239203918924, 1.0172212065890338, 1.0189094669541092, 1.0205889683097569, 1.0222599732191522, 1.0239227400858584, 1.025577523251962, 1.0272245730944853, 1.0288641361200725, 1.0304964550579445, 1.0321217689511253, 1.0337403132459435, 1.03535231987981, 1.036958017367282, 1.03855763088442, 1.0401513823514459, 1.041739490513717]]"
50.0,80.0,4,30,180,I1-S1,"[[0.01, 0.009218546420913139, 0.008861068736292907, 0.008775059817687893, 0.008868448502353592, 0.009085537662062285, 0.00939231714259787, 0.009767678801012316, 0.010198371107435204, 0.01067598353024073, 0.011195129099227154, 0.011752343376052505, 0.01234541266590558, 0.0129729599256002, 0.013634185951116685, 0.014328704690311094, 0.015056436123943214, 0.01581753480710483, 0.01661234088331344, 0.017441345575958916, 0.018305166257860602, 0.019204528051235337, 0.02014025002342787, 0.021113234718438907, 0.022124460178346395, 0.023174973867298224, 0.024265888076022202, 0.025398376493511985, 0.026573671706479944, 0.027793063439265714, 0.02905789738490253, 0.030369574506664318, 0.0317295507115345, 0.03313933681447451, 0.03460049872631235, 0.03611471695263192, 0.037684386586947755, 0.039312945032204165, 0.041004524032995524, 0.04276367046297759, 0.044595170024859465, 0.0465039411078356, 0.04849497591681472, 0.05057331290469986, 0.05274402944271792, 0.05501224713211314, 0.057383144604196655, 0.059861974368132065, 0.06245408145702192, 0.06516492244353898, 0.06800008395465343, 0.07096530018847805, 0.07406646918037663, 0.07730966771985204, 0.08070116491248447, 0.08424743443221393, 0.08795516553251292, 0.0918312728901879, 0.09588290534936954, 0.10011745362024019, 0.10454255697023047, 0.10916610892676455, 0.11399626199138882, 0.11904143134602473, 0.12431029751355566, 0.12981180791718955, 0.13555517726609434, 0.14154988667866822, 0.14780568143942638, 0.1543325672707914, 0.16114080498700115, 0.16824090338384753, 0.17564361020500452, 0.18335990101329577, 0.19140096578342508, 0.19977819302151023, 0.20850315120632457, 0.21758756733759652, 0.22704330236821782, 0.23688232328997672, 0.24711667163671303, 0.2577584281648709, 0.26881967346963254, 0.2803124442955135, 0.29224868530388665, 0.30464019606682124, 0.31749857306734025, 0.33083514650121687, 0.3446609116952785, 0.35898645498240167, 0.37382187390452765, 0.3891766916526562, 0.4050597656974283, 0.4214791906161064, 0.43844219518197564, 0.45595503385082203, 0.47402287285652794, 0.4926496712141549, 0.5118380570242363, 0.5315891995762705, 0.5519026778622824, 0.5727763462322727, 0.5942061980515837, 0.6161862283545776, 0.6387082966281086, 0.6617619910002794, 0.6853344952527456, 0.7094104602158067, 0.7339718812417627, 0.7589979835801911, 0.7844651175952272, 0.810346665865615, 0.8366129642889636, 0.8632312393678595, 0.8901655638827046, 0.9173768331498735, 0.9448227640196776, 0.9724579186826705, 1.0002337552215164, 1.028098706666122, 1.0559982900800315, 1.0838752469252566, 1.111669715621059, 1.139319436831383, 1.1667599915888194, 1.193925071894954, 1.2207467829340983, 1.2471559755077901, 1.27308260675063, 1.2984561266350325, 1.3232058872254486, 1.3472615711147056, 1.3705536349799325, 1.3930137637469404, 1.4145753304634208, 1.4351738566657157, 1.454747467792715, 1.4732373380635067, 1.4905881192004429, 1.5067483474514631, 1.5216708235472196, 1.5353129605191387, 1.5476370947002591, 1.5586107557246807, 1.5682068919239425, 1.5764040481771713, 1.5831864939915938, 1.588544300354416, 1.5924733646881808, 1.5949753840409262, 1.5960577774310627, 1.5957335590266952, 1.5940211645530635, 1.5909442339744553, 1.5865313540750408, 1.5808157650557368, 1.573835035663299, 1.565630711668101, 1.5562479427061089, 1.5457350925988538, 1.5341433382658227, 1.521526262252127, 1.5079394437180778, 1.493440052485656, 1.4780864504202857, 1.4619378040561886, 1.4450537119617322, 1.4274938498994751, 1.4093176363756499, 1.39058392070663, 1.3713506952656478, 1.3516748331207538, 1.3316118518426687, 1.3112157038553647, 1.2905385933282325, 1.269630819270533, 1.2485406441891924, 1.2273141874114226, 1.2059953419545932, 1.1846257136467293, 1.1632445810606709, 1.1418888747213063, 1.1205931739758608, 1.0993897198790765, 1.0783084424350617, 1.0573770005522842, 1.0366208331042324, 1.0160632195423112, 0.995725348576339, 0.9756263935184638, 0.9557835929755725, 0.936212335670692, 0.9169262482731138, 0.8979372852179374, 0.8792558195966129, 0.8608907342993367, 0.8428495126865396, 0.8251383281591865, 0.8077621320853627, 0.7907247396230782, 0.7740289130559503, 0.757676442329186, 0.7416682225379596, 0.7260043281788869, 0.7106840840279237, 0.6957061325548625, 0.6810684978259038, 0.6667686458818372, 0.6528035416105016, 0.6391697021587667, 0.6258632469516325, 0.6128799444045634, 0.6002152554302017, 0.587864373852514, 0.5758222638505339, 0.5640836945605119, 0.552643271969764, 0.5414954682381132, 0.5306346485837978, 0.5200550958703269, 0.5097510330292017, 0.4997166434509023, 0.4899460894732296, 0.48043352909215264, 0.4711731310158818, 0.46215908817808815, 0.4533856298211258, 0.4448470322548785, 0.43653762839152227, 0.428451816151138, 0.4205840658277792, 0.4129289265003443, 0.4054810315674578, 0.39823510348056274, 0.3911859577445871, 0.3843285062508926, 0.37765776000275236, 0.37116883128934897, 0.36485693536023617, 0.3587173916483733, 0.3527456245862158, 0.3469371640559299, 0.3412876455115887, 0.3357928098081938, 0.33044850276954985, 0.32525067452438294, 0.32019537863764225, 0.31527877106163543, 0.3104971089295269, 0.3058467492117563, 0.30132414725410805, 0.29692585521447507, 0.29264852041379574, 0.2884888836152042, 0.28444377724410413, 0.2805101235606535, 0.2766849327950222, 0.27296530125475044, 0.26934840941258703, 0.2658315199823169, 0.2624119759892895, 0.2590871988416311, 0.2558546864074578, 0.2527120111027966, 0.24965681799436804, 0.2466868229208767, 0.2437998106359971, 0.24099363297582263, 0.2382662070531666, 0.23561551348075846, 0.2330395946250676, 0.2305365528922035, 0.22810454904708732, 0.22574180056685889, 0.22344658002927759, 0.22121721353668825, 0.2190520791759572, 0.21694960551463446, 0.21490827013346453, 0.21292659819524945, 0.21100316104996325, 0.2091365748759229, 0.20732549935673922, 0.2055686363936986, 0.20386472885316417, 0.20221255934852908, 0.20061094905620863, 0.19905875656511604, 0.19755487675903366, 0.19609823973126148, 0.19468780973090152, 0.19332258414011724, 0.19200159248169135, 0.19072389545619461, 0.18948858400806876, 0.18829477841992176, 0.18714162743433044, 0.18602830740244475, 0.1849540214586897, 0.18391799872086365, 0.1829194935149368, 0.18195778462385953, 0.1810321745596979, 0.18014198885842203, 0.1792865753966819, 0.17846530372991568, 0.1776775644511465, 0.17692276856983427, 0.17620034691016126, 0.17550974952814238, 0.17485044514696296, 0.1742219206099597, 0.1736236803506732, 0.173055245879413, 0.17251615528578926, 0.17200596275667737, 0.1715242381090956, 0.17107056633748713, 0.17064454717491226, 0.17024579466766673, 0.16987393676285673, 0.16952861490847124, 0.16920948366550584, 0.16891621033170245, 0.16864847457648188, 0.16840596808665692, 0.16818839422252452, 0.16799546768394646, 0.16782691418603882, 0.1676824701440996, 0.1675618823674151, 0.1674649077615944, 0.16739131303909127, 0.16734087443758142, 0.16731337744587255, 0.1673086165370329, 0.16732639490843218, 0.16736652422839743, 0.16742882438919382, 0.16751312326604828, 0.16761925648194106, 0.16774706717789759, 0.16789640578852028, 0.1680671298225058, 0.16825910364790092, 0.1684721982818557, 0.16870629118463895, 0.16896126605768727, 0.16923701264546404, 0.1695334265409111, 0.1698504089942808, 0.17018786672514113, 0.17054571173735264, 0.17092386113681973, 0.1713222369518248, 0.17174076595575735, 0.1721793794920558, 0.1726380133011835, 0.17311660734946507, 0.17361510565961363, 0.1741334561427834, 0.17467161043198645, 0.1752295237167166, 0.17580715457862686, 0.17640446482811184, 0.17702141934164903]]","[[0.01, 0.011673645222856313, 0.01362924433757481, 0.01580189558251425, 0.018156401286789386, 0.020675366930130164, 0.023351816721029903, 0.026184742826627517, 0.029176665938035546, 0.0323322171120464, 0.03565731009230495, 0.0391586633403764, 0.042843528476784215, 0.04671953985766965, 0.05079463474246687, 0.05507701423370062, 0.05957512749936603, 0.0642976690961967, 0.06925358352475175, 0.07445207367848554, 0.07990261132426121, 0.08561494860364748, 0.09159913002996962, 0.09786550472791096, 0.10442473881050475, 0.111287827865544, 0.1184661095606953, 0.12597127639187367, 0.13381538860301045, 0.14201088730305092, 0.15057060780107537, 0.15950779317457667, 0.1688361080800257, 0.17856965280932047, 0.18872297759068926, 0.19931115933203472, 0.21035049447953724, 0.2218590754234557, 0.23385666755914714, 0.24636456988655947, 0.2594055208300684, 0.2730036385496915, 0.28718438775367594, 0.30197456700372655, 0.3174023119746645, 0.33349711122947345, 0.35028983189655344, 0.367812753258666, 0.3860996067333545, 0.4051856210798982, 0.42510757193578375, 0.44590383498694686, 0.46761444222622656, 0.49028114086533453, 0.5139474545461028, 0.5386587465535961, 0.5644622847720145, 0.5914073081480679, 0.6195450944386461, 0.6489290290223799, 0.6796146745497634, 0.7116598411951804, 0.7451246572573549, 0.780071639833154, 0.8165657652638044, 0.854674539022818, 0.8944680646815234, 0.9360191115512735, 0.9794031805612726, 1.0246985678876805, 1.0719864258032845, 1.1213508201677072, 1.172878783925939, 1.2266603659281026, 1.282788674325939, 1.341359913741784, 1.402473415344043, 1.466231658899736, 1.5327402858099706, 1.6021081020687404, 1.6744470700198155, 1.7498722877214383, 1.828501954664848, 1.9104573225313293, 1.9958626296145687, 2.084845017481868, 2.177534428400579, 2.274063482016531, 2.374567329740922, 2.479183485282984, 2.5880516297597245, 2.701313389823328, 2.819112087273672, 2.9415924586702222, 3.068900343526841, 3.2011823397672377, 3.3385854252404776, 3.481256544247613, 3.629342158214465, 3.782987759864116, 3.9423373504976618, 4.1075328802848805, 4.278713651798816, 4.456015687400515, 4.6395710614922505, 4.829507199108636, 5.025946142803587, 5.229003790314174, 5.438789106036528, 5.655403309928927, 5.878939048056965, 6.10947954960761, 6.3470977758142695, 6.5918555668434955, 6.843802793284237, 7.102976519440184, 7.369400186141124, 7.643082821246148, 7.924018286395366, 8.212184568862423, 8.507543127553237, 8.810038302272757, 9.119596795328492, 9.436127234345925, 9.759519824827452, 10.089646100486958, 10.426358778732949, 10.769491727854557, 11.118860051490579, 11.474260294839926, 11.835470775814724, 12.202252042960895, 12.574347460495893, 12.951483919263241, 13.333372670805861, 13.719710280144804, 14.110179691248637, 14.504451397624214, 14.902184708984764, 15.303029103588365, 15.706625654618948, 16.11260851793076, 16.520606467619174, 16.9302444652354, 17.341145248044203, 17.752930921540802, 18.16522454149879, 18.57765167111187, 18.98984189931007, 19.401430307061453, 19.81205886939428, 20.221377781968748, 20.6290467022654, 21.034735896809465, 21.438127287286395, 21.838915389891824, 22.23680814376841, 22.631527625882036, 23.022810651152835, 23.410409258056927, 23.79409108122996, 24.17363961381487, 24.548854363388337, 24.919550906261975, 25.285560845777717, 25.646731680898338, 26.002926591933328, 26.354024150639702, 26.699917962202854, 27.0405162467412, 27.37574136800063, 27.70552931682088, 28.02982915677844, 28.348602439152064, 28.66182259402977, 28.96947430399369, 29.271552866393105, 29.56806354975814, 29.859020949428064, 30.14444834697837, 30.424377077538843, 30.69884590860834, 30.967900433497526, 31.231592482073914, 31.489979551048634, 31.74312425563475, 31.9910938040255, 32.233959495788696, 32.47179624495236, 32.704682128266015, 32.93269795886221, 33.15592688531306, 33.37445401587533, 33.58836606754401, 33.79775103938659, 34.0026979095066, 34.203296354883435, 34.39963649325454, 34.5918086461434, 34.77990312209052, 34.964010019113424, 35.14421904540307, 35.320619357257186, 35.49329941325336, 35.662346843675934, 35.82784833422848, 35.98988952308732, 36.14855491037998, 36.3039277792043, 36.45609012733913, 36.60512260883403, 36.75110448470412, 36.89411358199512, 37.03422626052311, 37.17151738663297, 37.3060603133583, 37.437926866403835, 37.567187335408455, 37.693910469983024, 37.81816348005195, 37.940012040060616, 38.05952029664275, 38.176750879371895, 38.291764914250024, 38.404622039613315, 38.515380424160774, 38.62409678683548, 38.73082641831059, 38.83562320385356, 38.93853964736152, 39.0396268963794, 39.13893476792904, 39.23651177499374, 39.33240515351724, 39.426660889789666, 39.519323748105506, 39.61043729859047, 39.70004394510439, 39.78818495313749, 39.87490047762599, 39.96022959062163, 40.04421030875692, 40.12687962045506, 40.20827351283975, 40.2884269983058, 40.36737414071665, 40.445148081199896, 40.521781063516116, 40.597304458980034, 40.67174879091702, 40.7451437586408, 40.81751826094124, 40.88890041907381, 40.95931759924445, 41.02879643458583, 41.0973628466229, 41.1650420662271, 41.23185865406029, 41.297836520510735, 41.36299894512458, 41.42736859553734, 41.490967545910806, 41.55381729488158, 41.615938783028064, 41.67735240986335, 41.73807805036203, 41.79813507102913, 41.85754234552005, 41.916318269820344, 41.974480776994604, 42.032047351513825, 42.089035043170774, 42.14546048059292, 42.20133988436249, 42.25668907975351, 42.31152350909516, 42.36585824377134, 42.419707995865714, 42.473087129461845, 42.526009671607646, 42.57848932295348, 42.63053946807284, 42.68217318547474, 42.73340325731641, 42.78424217882509, 42.83470216743732, 42.884795171663974, 42.934532879689236, 42.98392672771136, 43.032987908033085, 43.081727376909065, 43.13015586215793, 43.17828387054596, 43.22612169494952, 43.27367942130293, 43.32096693533858, 43.367993929125554, 43.41476990741312, 43.461304193785196, 43.507605936631606, 43.55368411494196, 43.59954754392763, 43.645204880477294, 43.69066462845122, 43.73593514381935, 43.78102463964812, 43.825941190940796, 43.87069273933578, 43.91528709766753, 43.95973195439423, 44.00403487789645, 44.0482033206508, 44.09224462328244, 44.13616601850025, 44.179974634918196, 44.22367750076647, 44.267281547495756, 44.31079361327782, 44.35422044640566, 44.39756870859615, 44.44084497819813, 44.4840557533088, 44.52720745480103, 44.57030642926421, 44.61335895186124, 44.65637122910391, 44.69934940154914, 44.74229954641817, 44.7852276801409, 44.828139760827476, 44.87104169066898, 44.91393931826917, 44.95683844090906, 44.9997448067461, 45.042664116949574, 45.08560202777373, 45.12856415257035, 45.17155606374193, 45.21458329463708, 45.25765134138928, 45.300765664700336, 45.343931691569686, 45.387154816970614, 45.430440405474535, 45.47379379282428, 45.51722028745732, 45.5607251719799, 45.60431370459277, 45.64799112046948, 45.6917626330878, 45.73563343551509, 45.77960870164815, 45.823693587408144, 45.86789323189125, 45.912212758475405, 45.95665727588362, 46.00123187920434, 46.04594165086916, 46.0907916615882, 46.135786971243505, 46.18093262974066, 46.226233677818826, 46.271695147819386, 46.317322064413354, 46.363119445287616, 46.409092301790096]]","[array([6.37688001e-05, 6.00799169e-05, 5.86664978e-05, 5.87303122e-05,
       5.97889996e-05, 6.15498782e-05, 6.38328428e-05, 6.65254755e-05,
       6.95568507e-05, 7.28817509e-05, 7.64711421e-05, 8.03063856e-05,
       8.43756915e-05, 8.86719184e-05, 9.31911884e-05, 9.79319956e-05,
       1.02894621e-04, 1.08080736e-04, 1.13493129e-04, 1.19135506e-04,
       1.25012350e-04, 1.31128817e-04, 1.37490649e-04, 1.44104120e-04,
       1.50975984e-04, 1.58113441e-04, 1.65524115e-04, 1.73216026e-04,
       1.81197584e-04, 1.89477573e-04, 1.98065149e-04, 2.06969836e-04,
       2.16201523e-04, 2.25770464e-04, 2.35687364e-04, 2.45965338e-04,
       2.56623961e-04, 2.67688653e-04, 2.79188465e-04, 2.91154581e-04,
       3.03619393e-04, 3.16615958e-04, 3.30177721e-04, 3.44338401e-04,
       3.59131989e-04, 3.74592810e-04, 3.90755626e-04, 4.07655750e-04,
       4.25329178e-04, 4.43812710e-04, 4.63144073e-04, 4.83362032e-04,
       5.04506496e-04, 5.26618610e-04, 5.49740844e-04, 5.73917068e-04,
       5.99192624e-04, 6.25614385e-04, 6.53230813e-04, 6.82092005e-04,
       7.12249732e-04, 7.43757480e-04, 7.76670473e-04, 8.11045695e-04,
       8.46941905e-04, 8.84419644e-04, 9.23541233e-04, 9.64370760e-04,
       1.00697406e-03, 1.05141871e-03, 1.09777392e-03, 1.14611057e-03,
       1.19650107e-03, 1.24901932e-03, 1.30374058e-03, 1.36074139e-03,
       1.42009941e-03, 1.48189330e-03, 1.54620248e-03, 1.61310700e-03,
       1.68268730e-03, 1.75502394e-03, 1.83019733e-03, 1.90828743e-03,
       1.98937343e-03, 2.07353335e-03, 2.16084364e-03, 2.25137877e-03,
       2.34521071e-03, 2.44240846e-03, 2.54303746e-03, 2.64715905e-03,
       2.75482978e-03, 2.86610079e-03, 2.98101708e-03, 3.09961679e-03,
       3.22193041e-03, 3.34797995e-03, 3.47777816e-03, 3.61132759e-03,
       3.74861978e-03, 3.88963428e-03, 4.03433780e-03, 4.18268327e-03,
       4.33460892e-03, 4.49003739e-03, 4.64887487e-03, 4.81101025e-03,
       4.97631433e-03, 5.14463907e-03, 5.31581697e-03, 5.48966046e-03,
       5.66596145e-03, 5.84449096e-03, 6.02499888e-03, 6.20721392e-03,
       6.39084365e-03, 6.57557477e-03, 6.76107353e-03, 6.94698637e-03,
       7.13294072e-03, 7.31854609e-03, 7.50339527e-03, 7.68706586e-03,
       7.86912196e-03, 8.04911603e-03, 8.22659108e-03, 8.40108292e-03,
       8.57212269e-03, 8.73923949e-03, 8.90196320e-03, 9.05982737e-03,
       9.21237221e-03, 9.35914766e-03, 9.49971645e-03, 9.63365714e-03,
       9.76056717e-03, 9.88006572e-03, 9.99179653e-03, 1.00954305e-02,
       1.01906682e-02, 1.02772420e-02, 1.03549178e-02, 1.04234973e-02,
       1.04828186e-02, 1.05327578e-02, 1.05732292e-02, 1.06041861e-02,
       1.06256205e-02, 1.06375628e-02, 1.06400813e-02, 1.06332809e-02,
       1.06173020e-02, 1.05923187e-02, 1.05585374e-02, 1.05161944e-02,
       1.04655534e-02, 1.04069037e-02, 1.03405573e-02, 1.02668462e-02,
       1.01861197e-02, 1.00987420e-02, 1.00050892e-02, 9.90554653e-03,
       9.80050601e-03, 9.69036372e-03, 9.57551742e-03, 9.45636429e-03,
       9.33329871e-03, 9.20671030e-03, 9.07698210e-03, 8.94448886e-03,
       8.80959559e-03, 8.67265624e-03, 8.53401257e-03, 8.39399318e-03,
       8.25291273e-03, 8.11107130e-03, 7.96875392e-03, 7.82623021e-03,
       7.68375422e-03, 7.54156430e-03, 7.39988319e-03, 7.25891809e-03,
       7.11886095e-03, 6.97988872e-03, 6.84216377e-03, 6.70583429e-03,
       6.57103476e-03, 6.43788652e-03, 6.30649828e-03, 6.17696670e-03,
       6.04937701e-03, 5.92380357e-03, 5.80031053e-03, 5.67895239e-03,
       5.55977462e-03, 5.44281426e-03, 5.32810048e-03, 5.21565516e-03,
       5.10549343e-03, 4.99762420e-03, 4.89205066e-03, 4.78877077e-03,
       4.68777771e-03, 4.58906035e-03, 4.49260362e-03, 4.39838891e-03,
       4.30639448e-03, 4.21659576e-03, 4.12896567e-03, 4.04347497e-03,
       3.96009247e-03, 3.87878535e-03, 3.79951938e-03, 3.72225911e-03,
       3.64696812e-03, 3.57360920e-03, 3.50214449e-03, 3.43253566e-03,
       3.36474406e-03, 3.29873082e-03, 3.23445702e-03, 3.17188373e-03,
       3.11097214e-03, 3.05168366e-03, 2.99397998e-03, 2.93782310e-03,
       2.88317547e-03, 2.82999998e-03, 2.77826002e-03, 2.72791953e-03,
       2.67894303e-03, 2.63129564e-03, 2.58494311e-03, 2.53985186e-03,
       2.49598897e-03, 2.45332218e-03, 2.41181995e-03, 2.37145143e-03,
       2.33218646e-03, 2.29399559e-03, 2.25685008e-03, 2.22072188e-03,
       2.18558365e-03, 2.15140874e-03, 2.11817117e-03, 2.08584565e-03,
       2.05440758e-03, 2.02383298e-03, 1.99409855e-03, 1.96518163e-03,
       1.93706018e-03, 1.90971277e-03, 1.88311859e-03, 1.85725741e-03,
       1.83210959e-03, 1.80765606e-03, 1.78387829e-03, 1.76075830e-03,
       1.73827864e-03, 1.71642237e-03, 1.69517308e-03, 1.67451480e-03,
       1.65443209e-03, 1.63490995e-03, 1.61593382e-03, 1.59748962e-03,
       1.57956366e-03, 1.56214269e-03, 1.54521385e-03, 1.52876471e-03,
       1.51278318e-03, 1.49725756e-03, 1.48217652e-03, 1.46752907e-03,
       1.45330457e-03, 1.43949270e-03, 1.42608348e-03, 1.41306723e-03,
       1.40043458e-03, 1.38817644e-03, 1.37628402e-03, 1.36474881e-03,
       1.35356255e-03, 1.34271726e-03, 1.33220521e-03, 1.32201890e-03,
       1.31215110e-03, 1.30259478e-03, 1.29334314e-03, 1.28438961e-03,
       1.27572783e-03, 1.26735163e-03, 1.25925506e-03, 1.25143233e-03,
       1.24387788e-03, 1.23658629e-03, 1.22955235e-03, 1.22277100e-03,
       1.21623735e-03, 1.20994667e-03, 1.20389438e-03, 1.19807607e-03,
       1.19248747e-03, 1.18712443e-03, 1.18198297e-03, 1.17705922e-03,
       1.17234946e-03, 1.16785007e-03, 1.16355759e-03, 1.15946865e-03,
       1.15557999e-03, 1.15188849e-03, 1.14839113e-03, 1.14508497e-03,
       1.14196721e-03, 1.13903512e-03, 1.13628610e-03, 1.13371760e-03,
       1.13132719e-03, 1.12911254e-03, 1.12707137e-03, 1.12520152e-03,
       1.12350088e-03, 1.12196744e-03, 1.12059926e-03, 1.11939447e-03,
       1.11835129e-03, 1.11746799e-03, 1.11674291e-03, 1.11617448e-03,
       1.11576115e-03, 1.11550149e-03, 1.11539407e-03, 1.11543757e-03,
       1.11563070e-03, 1.11597223e-03, 1.11646098e-03, 1.11709585e-03,
       1.11787574e-03, 1.11879966e-03, 1.11986661e-03, 1.12107568e-03,
       1.12242597e-03, 1.12391667e-03, 1.12554695e-03, 1.12731609e-03,
       1.12922334e-03, 1.13126805e-03, 1.13344957e-03, 1.13576729e-03,
       1.13822065e-03, 1.14080911e-03, 1.14353217e-03, 1.14638935e-03,
       1.14938020e-03, 1.15250433e-03, 1.15576133e-03, 1.15915086e-03,
       1.16267257e-03, 1.16632615e-03, 1.17011132e-03, 1.17402781e-03,
       1.17807538e-03])]","[[0, 6.376880005047202e-05, 0.00012384871691641303, 0.0001825152146708144, 0.00024124552686846215, 0.0003010345264433216, 0.0003625844046345981, 0.0004264172474185766, 0.0004929427228727361, 0.0005624995735533941, 0.0006353813244955273, 0.0007118524666058154, 0.000792158852230614, 0.0008765345436901156, 0.0009652064621129918, 0.00105839765047765, 0.0011563296461148782, 0.0012592242672491392, 0.001367305003673722, 0.0014807981325331587, 0.0015999336380883272, 0.0017249459883743406, 0.0018560748053647199, 0.0019935654547914806, 0.0021376695748612545, 0.0022886455583959924, 0.002446758999601897, 0.002612283114243159, 0.0027854991401696223, 0.002966696723734679, 0.0031561742965239684, 0.0033542394459197995, 0.003561209282298471, 0.003777410805060932, 0.004003181269204593, 0.00423886863323124, 0.0044848339712360895, 0.004741457932240299, 0.005009146585094846, 0.005288335049963165, 0.005579489631304128, 0.005883109024463791, 0.006199724982775618, 0.006529902703870826, 0.006874241104725889, 0.007233373093437933, 0.0076079659036975816, 0.00799872152962426, 0.008406377279904741, 0.008831706458087252, 0.009275519168341045, 0.009738663241518668, 0.010222025273918177, 0.010726531770012532, 0.011253150380093982, 0.011802891223932004, 0.012376808291935108, 0.01297600091578909, 0.013601615301020173, 0.014254846114341291, 0.014936938118948907, 0.015649187851127684, 0.01639294533158353, 0.017169615804860497, 0.01798066150000646, 0.01882760340534099, 0.0197120230497514, 0.020635564282405323, 0.02159993504212587, 0.02260690910693218, 0.023658327813409954, 0.0247561017346457, 0.025902212304439853, 0.02709871337441056, 0.02834773268941594, 0.029651473265461654, 0.03101221465292775, 0.03243231406654907, 0.033914207362123444, 0.03546040983840944, 0.03707351684111954, 0.03875620414432642, 0.0405112280829926, 0.042341425408722475, 0.04424971283923848, 0.04623908627052068, 0.04831261961904515, 0.05047346326013802, 0.05272484202715956, 0.055070052735080054, 0.05751246119104407, 0.060055498653783686, 0.06270265770327905, 0.06545748748192508, 0.06832358826869779, 0.07130460534847831, 0.07440422213984284, 0.07762615254632357, 0.08097413249844748, 0.08445191065682713, 0.08806323825026957, 0.09181185802734043, 0.09570149230512287, 0.09973583010508925, 0.10391851337309456, 0.10825312228852871, 0.1127431596766452, 0.1173920345480095, 0.12220304479986398, 0.12717935912594114, 0.13232399819381133, 0.13763981516212967, 0.14312947562403386, 0.14879543707728918, 0.15463992803640333, 0.16066492691663134, 0.16687214083432314, 0.17326298448216815, 0.17983855925126874, 0.1865996327843194, 0.19354661915514812, 0.20067955987915578, 0.2079981059664268, 0.2155015012341439, 0.22318856709710733, 0.23105768905433777, 0.23910680508568447, 0.24733339616485114, 0.25573447908415453, 0.2643066017715556, 0.2730458412620591, 0.2819478044635374, 0.2910076318315834, 0.3002200040393844, 0.3095791516972063, 0.31907886814231406, 0.32871252528456946, 0.3384730924561223, 0.3483531581762162, 0.35834495470485467, 0.36844038522264233, 0.3786310534392629, 0.38890829540049127, 0.3992632132340446, 0.40968671054857814, 0.4201695291782761, 0.4307022869482389, 0.4412755161235703, 0.4518797021979712, 0.462505322675858, 0.4731428855055383, 0.48378296682966393, 0.49441624773278814, 0.5050335496840264, 0.5156258683951003, 0.5261844058398985, 0.5367006002105225, 0.5471661536159464, 0.5575730573622527, 0.5679136146872228, 0.5781804608562116, 0.5883665805600715, 0.5984653225888381, 0.6084704117863982, 0.6183759583209725, 0.6281764643335626, 0.6378668280512104, 0.6474423454737723, 0.6568987097617457, 0.6662320084684306, 0.6754387187723374, 0.6845157008753282, 0.6934601897385917, 0.702269785332382, 0.7109424415766634, 0.7194764541486536, 0.727870447329972, 0.7361233600609539, 0.7442344313629474, 0.7522031852813413, 0.7600294154929396, 0.7677131697113515, 0.7752547340135496, 0.7826546171998657, 0.7899135352886639, 0.797032396235908, 0.8040122849589937, 0.810854448733672, 0.8175602830227535, 0.8241313177856504, 0.8305692043087436, 0.8368757025881133, 0.8430526692883691, 0.8491020462941835, 0.8550258498646747, 0.8608261603949938, 0.8665051127843348, 0.8720648874050742, 0.8775077016638452, 0.8828358021420115, 0.888051457300194, 0.8931569507291918, 0.8981545749277722, 0.90304662558635, 0.9078353963544937, 0.9125231740694445, 0.9171122344223746, 0.9216048380389129, 0.9260032269504885, 0.9303096214332565, 0.9345262171917508, 0.9386551828649238, 0.9426986578328552, 0.9466587503031325, 0.9505375356566866, 0.9543370550337088, 0.9580593141411448, 0.9617062822641648, 0.965279891464915, 0.9687820359527692, 0.9722145716112053, 0.9755793156673204, 0.9788780464908742, 0.9821125035105939, 0.9852843872362966, 0.9883953593761733, 0.9914470430393336, 0.9944410230144339, 0.9973788461158967, 1.0002620215898796, 1.003092021572769, 1.0058702815955498, 1.0085982011279546, 1.011277144156796, 1.0139084397933777, 1.0164933829053138, 1.019033234768511, 1.0215292237354543, 1.023982545916291, 1.0263943658695474, 1.02876581729962, 1.0310980037584656, 1.0333919993491794, 1.0356488494293896, 1.0378695713126285, 1.0400551549660313, 1.042206563702914, 1.0443247348689457, 1.0464105805207904, 1.0484649880962387, 1.050488821074977, 1.0524829196292647, 1.0544481012638947, 1.0563851614449136, 1.0582948742166662, 1.0601779928068098, 1.0620352502190131, 1.063867359813129, 1.0656750158726773, 1.0674588941595373, 1.0692196524557915, 1.0709579310927038, 1.0726743534668584, 1.0743695265435114, 1.0760440413472443, 1.077698473440028, 1.0793333833868326, 1.080949317208939, 1.0825468068251196, 1.084126370480877, 1.0856885131659397, 1.0872337270202206, 1.088762491728461, 1.0902752749037805, 1.0917725324603675, 1.0932547089755427, 1.0947222380414363, 1.0961755426065194, 1.0976150353072285, 1.09904111878993, 1.1004541860234656, 1.101854620602515, 1.1032427970420238, 1.1046190810629253, 1.1059838298693985, 1.1073373924178884, 1.1086801096781216, 1.1100123148863383, 1.1113343337909671, 1.112646484890954, 1.113949079666963, 1.1152424228056552, 1.1165268124172516, 1.1178025402465777, 1.1190698918777864, 1.12032914693295, 1.1215805792647047, 1.122824457143132, 1.1240610434370497, 1.1252905957898869, 1.1265133667903096, 1.1277296041377576, 1.128939550803052, 1.130143445184226, 1.131341521257729, 1.1325340087251456, 1.1337211331555725, 1.134903116123788, 1.1360801753443444, 1.1372525248017136, 1.138420374876607, 1.1395839324685901, 1.1407434011151076, 1.1418989811070315, 1.1430508696008386, 1.144199260727524, 1.1453443456983516, 1.146486312907538, 1.1476253480319643, 1.1487616341280091, 1.149895351725588, 1.1510266789194856, 1.1521557914580618, 1.153282862829412, 1.1544080643450547, 1.1555315652212235, 1.1566535326578304, 1.1577741319151709, 1.1588935263884341, 1.1600118776800838, 1.1611293456701668, 1.1622460885846084, 1.1633622630615537, 1.1644780242158017, 1.1655935257013907, 1.166708919772378, 1.167824357341864, 1.1689399880393088, 1.170055960266175, 1.1711724212499504, 1.172289517096578, 1.1734073928413413, 1.1745261924982324, 1.175646059107841, 1.176767134783798, 1.1778895607578004, 1.1790134774232495, 1.1801390243775307, 1.1812663404629573, 1.1823955638064085, 1.1835268318576795, 1.1846602814265677, 1.1857960487187178, 1.186934269370241, 1.188075078481128, 1.1892186106474731, 1.190364999992523, 1.1915143801965669, 1.1926668845256774, 1.1938226458593177, 1.194981796716824, 1.196144469282771, 1.197310795431234, 1.19848090674895, 1.1996549345573857, 1.2008330099337219]]"
50.0,80.0,4,30,270,I0-S0,"[[0.01, 0.009218546420913139, 0.008861068736292907, 0.008775059817687893, 0.008868448502353592, 0.00908550972329979, 0.009391906451310767, 0.009765752827805629, 0.010192693065906583, 0.010662975599846693, 0.011169689137017845, 0.0117076956359687, 0.01227298174752768, 0.012862261786378022, 0.013472732311983112, 0.014101918549548335, 0.014747576885768242, 0.015407631999118446, 0.016080135722530156, 0.016763239822083914, 0.017455177905585106, 0.018154253483182378, 0.01885883228511403, 0.01956733759443635, 0.020278247750419556, 0.02099009522501403, 0.02170146683181049, 0.022411004730510622, 0.023117407961468966, 0.02381943429693602, 0.02451590223560573, 0.025205692999267455, 0.025887752417305735, 0.02656109260795329, 0.027224793385445825, 0.027878101685784928, 0.02852141884170427, 0.029156798969842232, 0.029787324211947422, 0.030416610182990033, 0.03104848694669845, 0.03168679628354726, 0.03233526655201043, 0.032997439463796914, 0.03367663154433069, 0.03437591860890063, 0.03509813529103787, 0.035845884162122296, 0.03662155069077205, 0.037427321470410405, 0.03826520396443057, 0.03913704659314989, 0.040044558390480336, 0.04098932774194452, 0.04197283991440654, 0.0429964932260972, 0.04406161380042035, 0.04516946891090051, 0.046321278966283574, 0.04751822821060477, 0.04876147422761687, 0.050052156345694473, 0.051391403040649285, 0.05278033843158657, 0.05422008796029365, 0.05571178333860144, 0.05725656684135629, 0.05885559501554174, 0.06051004186901131, 0.06222110159544343, 0.06398999088563806, 0.06581795086921827, 0.06770624872521558, 0.06965617899491415, 0.07166906462569844, 0.07374625777046957, 0.0758891403634404, 0.07809912448975605, 0.08037765256338172, 0.08272619732501976, 0.08514626166943155, 0.08763937830941591, 0.09020710928180634, 0.09285104529916985, 0.09557280494939659, 0.09837403374404141, 0.10125640301509922, 0.10422160865884758, 0.10727136972446154, 0.11040742684428252, 0.11363154050189896, 0.11694548913355936, 0.1203510670578856, 0.1238500822283773, 0.12744435380279542, 0.1311357095231799, 0.13492598289999239, 0.13881701019367834, 0.14281062718681373, 0.14690866573994113, 0.15111295012420883, 0.15542529312400735, 0.15984749190295283, 0.164381323626799, 0.16902854083717234, 0.17379086657042253, 0.17866998921636706, 0.18366755711228744, 0.18878517286821206, 0.19402438742029945, 0.19938669381002178, 0.20487352068784567, 0.2104862255412212, 0.2162260876479223, 0.22209430075714015, 0.22809196550221447, 0.2342200815505035, 0.2404795394976393, 0.2468711125152966, 0.25339544776361694, 0.2600530575815792, 0.26684431047088564, 0.27376942189134096, 0.2808284448882321, 0.2880212605748644, 0.2953475684961649, 0.3028068769021183, 0.3103984929627398, 0.31812151295929897, 0.3259748124895748, 0.33395703672801735, 0.3420665907848055, 0.3503016302108852, 0.35866005169913273, 0.36713948403477725, 0.37573727935110013, 0.38445050474918346, 0.39327593434305075, 0.40221004179391, 0.41124899339931326, 0.42038864180485946, 0.42962452040753546, 0.4389518385208725, 0.4483654773727483, 0.45785998700683894, 0.46742958415838143, 0.4770681511740004, 0.4867692360438456, 0.4965260536121354, 0.5063314880293858, 0.5161780965060786, 0.5260581144232817, 0.5359634618507468, 0.5458857515172792, 0.5558162982716849, 0.5657461300653779, 0.5756660004797753, 0.5855664028129524, 0.595437585730722, 0.6052695704773714, 0.6150521696308106, 0.6247750073759235, 0.6344275412585477, 0.6439990853708301, 0.6534788349068263, 0.662855892015226, 0.6721192928641246, 0.6812580358209532, 0.6902611106391358, 0.6991175285319235, 0.7078163530032837, 0.7163467312958316, 0.7246979263067336, 0.7328593488143983, 0.7408205898517404, 0.7485714530559624, 0.7561019868202662, 0.7634025160697532, 0.7704636734821025, 0.7772764299734711, 0.7838321242714916, 0.7901224914002786, 0.7961396899069931, 0.8018763276657404, 0.8073254861023542, 0.8124807426928966, 0.8173361915993824, 0.8218864623182455, 0.8261267362302613, 0.8300527609549126, 0.8336608624273655, 0.8369479546321726, 0.8399115469443448, 0.8425497490453666, 0.8448612733988952, 0.8468454352880712, 0.8485021504334218, 0.8498319302270498, 0.8508358746350196, 0.8515156628353856, 0.8518735416740271, 0.8519123120341978, 0.8516353132283462, 0.8510464055322113, 0.8501499509913474, 0.8489507926390065, 0.8474542322716715, 0.845666006934425, 0.8435922642727741, 0.8412395369105095, 0.8386147160146931, 0.8357250242089845, 0.8325779879952713, 0.8291814098410478, 0.8255433400862721, 0.8216720488185867, 0.8175759978599655, 0.8132638130010994, 0.8087442566123133, 0.8040262007516072, 0.7991186008816604, 0.7940304702984462, 0.7887708553645894, 0.7833488116308652, 0.7777733809194064, 0.7720535694323366, 0.7661983269397957, 0.7602165270917357, 0.7541169488885352, 0.7479082593364698, 0.7415989973054428, 0.7351975585981892, 0.7287121822324435, 0.722150937930354, 0.7155217148027639, 0.7088322112098597, 0.7020899257741471, 0.695302149516744, 0.6884759590835754, 0.6816182110242156, 0.6747355370828331, 0.6678343404579327, 0.6609207929853418, 0.6540008331971229, 0.6470801652077912, 0.6401642583783427, 0.6332583477081194, 0.6263674349044367, 0.6194962900801209, 0.6126494540296419, 0.6058312410353262, 0.5990457421561844, 0.5922968289531406, 0.5855881576058855, 0.578923173378169, 0.5723051153900621, 0.5657370216575324, 0.5592217343615812, 0.5527619053111372, 0.5463600015658967, 0.540018311187307, 0.5337389490879085, 0.5275238629512455, 0.5213748391965419, 0.5152935089642715, 0.509281354100658, 0.5033397131209758, 0.49746978713331064, 0.49167264570615166, 0.48594923266483536, 0.4803003718034293, 0.47472677250014084, 0.46922903522574844, 0.4638076569358918, 0.4584630363393116, 0.45319547903530655, 0.4480052025147756, 0.4428923410202343, 0.4378569502611404, 0.4328990119817406, 0.42801843837945114, 0.4232150763725245, 0.41848871171642277, 0.4138390729689305, 0.4092658353045892, 0.4047686241795305, 0.4003470188482295, 0.3960005557340899, 0.39172873165612176, 0.38753100691427467, 0.3834068082362514, 0.37935553158885454, 0.3753765448571068, 0.3714691903945459, 0.36763278744822286, 0.3638666344620355, 0.3601700112621053, 0.35654218112796193, 0.35298239275333276, 0.34948988210035214, 0.34606387415100404, 0.3427035845595969, 0.33940822121004116, 0.3361769856816602, 0.3330090746272142, 0.3299036810667593, 0.3268599956008959, 0.323877207546887, 0.32095450600104913, 0.3180910808307339, 0.3152861235991308, 0.3125388284260318, 0.30984839278760556, 0.307214018258133, 0.3046349111965624, 0.30211028338064433, 0.29963935259131075, 0.2972213431498663, 0.29485548641046416, 0.29254102121024395, 0.29027719427941645, 0.28806326061348636, 0.2858984838097153, 0.2837821363698378, 0.28171349997095696, 0.2796918657064613, 0.27771653429872284, 0.27578681628525537, 0.27390203217993536, 0.2720615126108114, 0.27026459843595635, 0.26851064083874493, 0.2667990014038719, 0.2651290521753608, 0.2635001756977483, 0.2619117650415714, 0.26036322381422267, 0.2588539661571861, 0.25738341673060866, 0.2559510106861148, 0.25455619362871806, 0.25319842156863964, 0.2518771608637962, 0.25059188815367733, 0.2493420902852911, 0.24812726423181689, 0.2469469170045669, 0.2458005655588225, 0.24468773669407615, 0.24360796694917886, 0.2425608024928604, 0.24154579901006162, 0.24056252158448932, 0.2396105445777778, 0.23868945150561655, 0.2377988349111785, 0.23693829623616222, 0.23610744568973804, 0.23530590211566968, 0.23453329285786212, 0.23378925362456932, 0.2330734283514774, 0.2323854690638634, 0.23172503573801337, 0.23109179616207012, 0.23048542579646625]]","[[0.01, 0.011673645222856313, 0.01362924433757481, 0.01580189558251425, 0.018156401286789386, 0.020675337539422387, 0.023351362692728354, 0.026182508620573967, 0.029169765199949297, 0.032315680639068894, 0.0356235339330854, 0.03909684852543169, 0.04273910881430193, 0.046553596728923306, 0.05054329909656204, 0.05471085661901563, 0.0590585372848655, 0.06358822418521892, 0.0683014119256969, 0.07319920831049051, 0.07828233942060935, 0.0835511570402022, 0.08900564785418308, 0.09464544409754935, 0.1004698354709807, 0.10647778220143023, 0.11266792915166413, 0.11903862088738337, 0.12558791760531904, 0.13231361181663742, 0.13921324567053303, 0.146284128794845, 0.15352335652478608, 0.16092782838775135, 0.16849426671169085, 0.17621933865458148, 0.18410079119523762, 0.19213834890439688, 0.20033343642813586, 0.20868887984838702, 0.21720868062101992, 0.2258978398572349, 0.23476221878786446, 0.24380842612996895, 0.253043726095776, 0.26247596268339324, 0.2721134971068121, 0.2819651560229965, 0.2920401887548359, 0.30234823208634687, 0.3128992814791444, 0.3237036677627696, 0.3347720385082547, 0.3461153434183951, 0.3577448231686154, 0.3696720012150137, 0.3819086781551695, 0.3944669282854238, 0.40735909804762616, 0.42059780610031966, 0.4341959447851873, 0.4481666827902518, 0.4625234688375732, 0.47728003624565823, 0.49245040823601655, 0.5080489038697215, 0.5240901445138382, 0.5405890607495054, 0.557560899643569, 0.5750212323142223, 0.5929859617283003, 0.6114713306739006, 0.6304939298569977, 0.6500707060748274, 0.6702189704221483, 0.6909564064891404, 0.7123010785117605, 0.7342714394369118, 0.7568863388658643, 0.7801650308400432, 0.8041271814336152, 0.8287928761173159, 0.8541826268576798, 0.8803173789153131, 0.9072185173051098, 0.9349078728803626, 0.9634077280016181, 0.992740821749851, 1.0229303546421342, 1.0539999928064607, 1.0859738715707559, 1.1188765984194078, 1.1527332552688734, 1.1875694000120816, 1.223411067279489, 1.2602847683627456, 1.2982174902450287, 1.3372366936802054, 1.3773703102611201, 1.4186467384154773, 1.4610948382660272, 1.5047439252900883, 1.5496237627118612, 1.5957645525595492, 1.6431969253179957, 1.691951928106438, 1.7420610113100523, 1.7935560135932773, 1.846469145222475, 1.9008329696253472, 1.9566803831147046, 2.0140445927047157, 2.072959091948687, 2.1334576347287624, 2.1955742069297273, 2.259342995931393, 2.324798357856849, 2.3919747825172557, 2.460906855997831, 2.531629220834284, 2.60417653373425, 2.6785834208042445, 2.754884430249369, 2.8331139825204765, 2.9133063178917364, 2.9954954414606085, 3.079715065572086, 3.1659985496797787, 3.2543788376679355, 3.344888392670871, 3.4375591294394527, 3.53242234431831, 3.6295086429122083, 3.7288478655355766, 3.8304690105554076, 3.934400155754663, 4.040668377860792, 4.149299670401957, 4.2603188600720125, 4.373749521803954, 4.489613892770575, 4.607932785550029, 4.728725500712985, 4.8520097391068235, 4.977801514130709, 5.106115064313205, 5.236962766521243, 5.370355050145468, 5.50630031262208, 5.6448048366650925, 5.785872709595234, 5.929505745162223, 6.0757034082658805, 6.2244627429879475, 6.375778304350774, 6.529642094220665, 6.6860435017727315, 6.844969248930254, 7.006403341184811, 7.170327024193539, 7.336718746536874, 7.505554129003825, 7.676805940752314, 7.8504440826692985, 8.026435578229306, 8.204744572120875, 8.38533233687806, 8.568157287719025, 8.75317500575586, 8.940338269699332, 9.1295970961397, 9.320898788440102, 9.514187994232904, 9.709406771461888, 9.906494662864944, 10.105388778743082, 10.306023887812836, 10.508332515890736, 10.712245052110951, 10.917689862331018, 11.124593409335983, 11.332880379409048, 11.542473814797013, 11.753295251562054, 11.96526486227799, 12.17830160299947, 12.39232336390672, 12.607247123007044, 12.822989102257141, 13.039464925457814, 13.256589777264917, 13.474278562657279, 13.692446066204155, 13.911007110481108, 14.129876712994324, 14.348970240988832, 14.56820356353579, 14.787493200317822, 15.006756466558803, 15.225911613575343, 15.444877964461247, 15.663576044452734, 15.8819277055612, 16.09985624510106, 16.317286517782506, 16.53414504108241, 16.750360093650436, 16.965861806551878, 17.180582247192653, 17.394455495815546, 17.607417714499455, 17.81940720863491, 18.030364480889176, 18.2402322777124, 18.448955628472618, 18.656481877341328, 18.862760708083144, 19.06774416193203, 19.271386648763205, 19.473644951793634, 19.674478226065045, 19.873847990981844, 20.071718117191814, 20.2680548081105, 20.462826576400413, 20.65600421572406, 20.847560768095022, 21.037471487154438, 21.225713797701065, 21.41226725180193, 21.597113481807455, 21.780236150590262, 21.961620899320398, 22.14125529308202, 22.319128764627585, 22.495232556555457, 22.669559662185847, 22.842104765398247, 23.012864179681035, 23.181835786631048, 23.3490189741276, 23.51441457439193, 23.67802480212937, 23.839853192937856, 23.999904542152713, 24.158184844284325, 24.314701233191837, 24.46946192312327, 24.622476150739722, 24.77375411822916, 24.923306937603574, 25.071146576261913, 25.217285803890558, 25.36173814076276, 25.50451780748879, 25.64563967625941, 25.785119223616686, 25.922972484778086, 26.059216009532356, 26.193866819718735, 26.32694236829458, 26.458460499990707, 26.588439413548233, 26.71689762552592, 26.843853935662512, 26.969327393774613, 27.093337268167076, 27.215903015529733, 27.337044252291516, 27.45678072740062, 27.575132296497284, 27.69211889744398, 27.807760527176445, 27.922077219837615, 28.035089026155827, 28.146815994027715, 28.25727815026596, 28.366495483471564, 28.47448792799034, 28.581275348913348, 28.686877528081112, 28.791314151051818, 28.894604794994247, 28.996768917466497, 29.097825846042426, 29.197794768748288, 29.296694725272893, 29.39454459891543, 29.49136310923598, 29.587168805374656, 29.681980060006318, 29.775815063898666, 29.868691821042706, 29.960628144325376, 30.05164165171531, 30.141749762933678, 30.230969696583017, 30.31931846770806, 30.40681288576352, 30.493469552964807, 30.57930486299862, 30.664335000071326, 30.748575938273987, 30.83204344124379, 30.914753062102587, 30.99672014365407, 31.077959818822013, 31.158487011312808, 31.238316436486365, 31.317462602420136, 31.39593981115192, 31.473762160087677, 31.55094354356143, 31.627497654534853, 31.703437986424934, 31.778777835048654, 31.853530300674226, 31.92770829016902, 32.001324519234856, 32.074391514721924, 32.14692161701291, 32.21892698246969, 32.29041958593516, 32.36141122328325, 32.43191351401075, 32.50193790386478, 32.57149566750019, 32.64059791116161, 32.709255575385136, 32.77747943771484, 32.845280115429965, 32.91266806827855, 32.97965360121375, 33.04624686712937, 33.11245786959119, 33.178296465561225, 33.24377236811191, 33.30889514912778, 33.373674241991985, 33.43811894425574, 33.50223842028832, 33.566041703905974, 33.62953770097787, 33.692735192007596, 33.755642834688686, 33.81826916643292, 33.88062260687016, 33.94271146031871, 34.004543918225124, 34.0661280615727, 34.12747186325781, 34.18858319043339, 34.24946980681902, 34.310139374976956, 34.3705994585538, 34.43085752448724, 34.49092094517768, 34.55079700062433, 34.610492880525655, 34.67001568634391, 34.72937243333364, 34.788570052534055, 34.84761539272525, 34.90651522234817, 34.965276231388344, 35.0239050332235]]","[array([6.37688001e-05, 6.00799169e-05, 5.86664978e-05, 5.87303122e-05,
       5.97889619e-05, 6.15487903e-05, 6.38259624e-05, 6.65017231e-05,
       6.94969586e-05, 7.27568768e-05, 7.62417687e-05, 7.99214072e-05,
       8.37716331e-05, 8.77722556e-05, 9.19057477e-05, 9.61564241e-05,
       1.00509917e-04, 1.04952832e-04, 1.09472527e-04, 1.14056962e-04,
       1.18694598e-04, 1.23374338e-04, 1.28085479e-04, 1.32817694e-04,
       1.37561020e-04, 1.42305853e-04, 1.47042957e-04, 1.51763467e-04,
       1.56458906e-04, 1.61121193e-04, 1.65742659e-04, 1.70316060e-04,
       1.74834589e-04, 1.79291884e-04, 1.83682173e-04, 1.88003516e-04,
       1.92264353e-04, 1.96482137e-04, 2.00679414e-04, 2.04881143e-04,
       2.09112984e-04, 2.13400225e-04, 2.17767128e-04, 2.22236568e-04,
       2.26829858e-04, 2.31566695e-04, 2.36465196e-04, 2.41541979e-04,
       2.46812274e-04, 2.52290049e-04, 2.57988147e-04, 2.63918414e-04,
       2.70091833e-04, 2.76518638e-04, 2.83208435e-04, 2.90170295e-04,
       2.97412858e-04, 3.04944408e-04, 3.12772956e-04, 3.20906303e-04,
       3.29352101e-04, 3.38117905e-04, 3.47211221e-04, 3.56639544e-04,
       3.66410396e-04, 3.76531354e-04, 3.87010080e-04, 3.97854339e-04,
       4.09072025e-04, 4.20671172e-04, 4.32659973e-04, 4.45046788e-04,
       4.57840154e-04, 4.71048798e-04, 4.84681634e-04, 4.98747777e-04,
       5.13256540e-04, 5.28217438e-04, 5.43640187e-04, 5.59534708e-04,
       5.75911118e-04, 5.92779734e-04, 6.10151066e-04, 6.28035811e-04,
       6.46444851e-04, 6.65389243e-04, 6.84880211e-04, 7.04929138e-04,
       7.25547560e-04, 7.46747146e-04, 7.68539694e-04, 7.90937115e-04,
       8.13951417e-04, 8.37594693e-04, 8.61879100e-04, 8.86816844e-04,
       9.12420160e-04, 9.38701288e-04, 9.65672457e-04, 9.93345856e-04,
       1.02173361e-03, 1.05084776e-03, 1.08070021e-03, 1.11130274e-03,
       1.14266694e-03, 1.17480417e-03, 1.20772557e-03, 1.24144197e-03,
       1.27596389e-03, 1.31130148e-03, 1.34746449e-03, 1.38446219e-03,
       1.42230339e-03, 1.46099634e-03, 1.50054868e-03, 1.54096743e-03,
       1.58225888e-03, 1.62442858e-03, 1.66748129e-03, 1.71142086e-03,
       1.75625024e-03, 1.80197138e-03, 1.84858518e-03, 1.89609142e-03,
       1.94448872e-03, 1.99377443e-03, 2.04394462e-03, 2.09499397e-03,
       2.14691573e-03, 2.19970162e-03, 2.25334184e-03, 2.30782491e-03,
       2.36313769e-03, 2.41926526e-03, 2.47619091e-03, 2.53389602e-03,
       2.59236008e-03, 2.65156058e-03, 2.71147299e-03, 2.77207072e-03,
       2.83332504e-03, 2.89520512e-03, 2.95767791e-03, 3.02070819e-03,
       3.08425852e-03, 3.14828923e-03, 3.21275841e-03, 3.27762195e-03,
       3.34283350e-03, 3.40834453e-03, 3.47410435e-03, 3.54006015e-03,
       3.60615701e-03, 3.67233804e-03, 3.73854437e-03, 3.80471525e-03,
       3.87078818e-03, 3.93669894e-03, 4.00238177e-03, 4.06776943e-03,
       4.13279337e-03, 4.19738384e-03, 4.26147007e-03, 4.32498042e-03,
       4.38784251e-03, 4.44998348e-03, 4.51133007e-03, 4.57180891e-03,
       4.63134665e-03, 4.68987018e-03, 4.74730686e-03, 4.80358470e-03,
       4.85863259e-03, 4.91238053e-03, 4.96475981e-03, 5.01570325e-03,
       5.06514542e-03, 5.11302283e-03, 5.15927412e-03, 5.20384033e-03,
       5.24666501e-03, 5.28769446e-03, 5.32687790e-03, 5.36416759e-03,
       5.39951907e-03, 5.43289122e-03, 5.46424645e-03, 5.49355079e-03,
       5.52077399e-03, 5.54588962e-03, 5.56887515e-03, 5.58971198e-03,
       5.60838551e-03, 5.62488515e-03, 5.63920431e-03, 5.65134045e-03,
       5.66129499e-03, 5.66907329e-03, 5.67468464e-03, 5.67814213e-03,
       5.67946259e-03, 5.67866649e-03, 5.67577785e-03, 5.67082408e-03,
       5.66383589e-03, 5.65484709e-03, 5.64389450e-03, 5.63101775e-03,
       5.61625912e-03, 5.59966337e-03, 5.58127756e-03, 5.56115087e-03,
       5.53933441e-03, 5.51588105e-03, 5.49084520e-03, 5.46428264e-03,
       5.43625036e-03, 5.40680632e-03, 5.37600932e-03, 5.34391881e-03,
       5.31059469e-03, 5.27609717e-03, 5.24048661e-03, 5.20382335e-03,
       5.16616755e-03, 5.12757909e-03, 5.08811737e-03, 5.04784127e-03,
       5.00680893e-03, 4.96507772e-03, 4.92270409e-03, 4.87974351e-03,
       4.83625034e-03, 4.79227778e-03, 4.74787781e-03, 4.70310107e-03,
       4.65799687e-03, 4.61261311e-03, 4.56699623e-03, 4.52119121e-03,
       4.47524148e-03, 4.42918897e-03, 4.38307404e-03, 4.33693551e-03,
       4.29081062e-03, 4.24473505e-03, 4.19874293e-03, 4.15286682e-03,
       4.10713775e-03, 4.06158526e-03, 4.01623734e-03, 3.97112054e-03,
       3.92625995e-03, 3.88167925e-03, 3.83740070e-03, 3.79344522e-03,
       3.74983243e-03, 3.70658062e-03, 3.66370686e-03, 3.62122699e-03,
       3.57915568e-03, 3.53750649e-03, 3.49629184e-03, 3.45552313e-03,
       3.41521073e-03, 3.37536404e-03, 3.33599152e-03, 3.29710073e-03,
       3.25869839e-03, 3.22079039e-03, 3.18338182e-03, 3.14647707e-03,
       3.11007976e-03, 3.07419291e-03, 3.03881884e-03, 3.00395929e-03,
       2.96961545e-03, 2.93578793e-03, 2.90247686e-03, 2.86968189e-03,
       2.83740221e-03, 2.80563659e-03, 2.77438341e-03, 2.74364068e-03,
       2.71340607e-03, 2.68367693e-03, 2.65445031e-03, 2.62572297e-03,
       2.59749145e-03, 2.56975203e-03, 2.54250079e-03, 2.51573361e-03,
       2.48944618e-03, 2.46363403e-03, 2.43829258e-03, 2.41341706e-03,
       2.38900263e-03, 2.36504432e-03, 2.34153709e-03, 2.31847579e-03,
       2.29585524e-03, 2.27367017e-03, 2.25191529e-03, 2.23058524e-03,
       2.20967468e-03, 2.18917820e-03, 2.16909040e-03, 2.14940589e-03,
       2.13011925e-03, 2.11122509e-03, 2.09271803e-03, 2.07459270e-03,
       2.05684378e-03, 2.03946595e-03, 2.02245393e-03, 2.00580250e-03,
       1.98950647e-03, 1.97356067e-03, 1.95796002e-03, 1.94269946e-03,
       1.92777400e-03, 1.91317871e-03, 1.89890870e-03, 1.88495915e-03,
       1.87132530e-03, 1.85800247e-03, 1.84498602e-03, 1.83227139e-03,
       1.81985408e-03, 1.80772966e-03, 1.79589378e-03, 1.78434214e-03,
       1.77307052e-03, 1.76207478e-03, 1.75135082e-03, 1.74089464e-03,
       1.73070230e-03, 1.72076993e-03, 1.71109372e-03, 1.70166995e-03,
       1.69249495e-03, 1.68356514e-03, 1.67487698e-03, 1.66642703e-03,
       1.65821189e-03, 1.65022825e-03, 1.64247285e-03, 1.63494251e-03,
       1.62763411e-03, 1.62054458e-03, 1.61367093e-03, 1.60701023e-03,
       1.60055961e-03, 1.59431628e-03, 1.58827747e-03, 1.58244050e-03,
       1.57680275e-03, 1.57136165e-03, 1.56611468e-03, 1.56105938e-03,
       1.55619336e-03, 1.55151427e-03, 1.54701982e-03, 1.54270776e-03,
       1.53857590e-03])]","[[0, 6.376880005047202e-05, 0.00012384871691641303, 0.0001825152146708144, 0.00024124552686846215, 0.0003010344887304571, 0.00036258327899785946, 0.0004264092413706062, 0.00049291096452059, 0.0005624079230966806, 0.0006351647998978585, 0.00071140656855748, 0.00079132797576037, 0.00087509960889728, 0.0009628718645345177, 0.001054777612193956, 0.0011509340363401886, 0.001251443952885727, 0.001356396784497838, 0.0014658693113871846, 0.001579926273117513, 0.0016986208716109048, 0.0018219952095862096, 0.001950080688392546, 0.002082898382352238, 0.0022204594019848366, 0.0023627652550611334, 0.002509808211866825, 0.0026615716790610406, 0.002818030584927309, 0.0029791517775305787, 0.0031448944362487672, 0.00331521049629819, 0.003490045085189559, 0.0036693369695128568, 0.0038530191420466627, 0.004041022658533333, 0.004233287011287133, 0.004429769148472427, 0.004630448562737584, 0.004835329705826531, 0.005044442690225653, 0.005257842915216988, 0.005475610043277195, 0.005697846611725851, 0.0059246764694673385, 0.006156243164046083, 0.006392708360022706, 0.006634250339326332, 0.006881062613400946, 0.00713335266271984, 0.007391340809600512, 0.007655259223838297, 0.007925351056531187, 0.008201869694914519, 0.00848507812958225, 0.008775248424798682, 0.009072661282455154, 0.009377605690424486, 0.009690378646486104, 0.010011284949547287, 0.010340637050507986, 0.010678754955764262, 0.011025966176988877, 0.01138260572144735, 0.01174901611769143, 0.012125547472012518, 0.012512557551531524, 0.012910411890248254, 0.01331948391477348, 0.013740155086822399, 0.014172815059861881, 0.01461786184757876, 0.015075702002075675, 0.015546750799907794, 0.016031432434251196, 0.016530180211644683, 0.017043436751874176, 0.017571654189674872, 0.018115294377013594, 0.01867482908478399, 0.019250740202802596, 0.01984351993703567, 0.02045367100301671, 0.021081706814434116, 0.02172815166587848, 0.022393540908740756, 0.023078421119246847, 0.023783350257601893, 0.024508897817199442, 0.02525564496282746, 0.026024184656775296, 0.026815121771713978, 0.027629073189187132, 0.028466667882511527, 0.029328546982845868, 0.030215363827143803, 0.031127783986663042, 0.03206648527465731, 0.0330321577318321, 0.03402550358809917, 0.03504723719911898, 0.03609808495607554, 0.03717878516708442, 0.03829008790859281, 0.03943275484509131, 0.0406075590154204, 0.04181528458392182, 0.043056726554656186, 0.044332690446884364, 0.045643991929991766, 0.0469914564160226, 0.04837591860798612, 0.04979822200209973, 0.05125921834214511, 0.0527597670241345, 0.05430073444951545, 0.05588299332518483, 0.057507421908637245, 0.05917490319664069, 0.06088632405591352, 0.06264257429437295, 0.06444454567163709, 0.06629313084759075, 0.0681892222679707, 0.07013371098608943, 0.07212748541999914, 0.07417143004459838, 0.0762664240184061, 0.07841333974496868, 0.08061304136912814, 0.0828663832086624, 0.08517420812211224, 0.08753734581393355, 0.08995661107845787, 0.09243280198450808, 0.09496669800289886, 0.09755905807945207, 0.10021061865657405, 0.10292209164687373, 0.1056941623627458, 0.10852748740629847, 0.11142269252447039, 0.11438037043465124, 0.11740107862659398, 0.1204853371468785, 0.12363362637265561, 0.12684638478186028, 0.13012400672753097, 0.13346684022430402, 0.1368751847555624, 0.14034928911010233, 0.1438893492575359, 0.1474955062719654, 0.15116784431374256, 0.1549063886793581, 0.15871110392968715, 0.16258189210694288, 0.16651859105075553, 0.17052097282379655, 0.17458874225730034, 0.1787215356266987, 0.18291891946737057, 0.18718038954021995, 0.19150536995642803, 0.19589321247027655, 0.20034319594841382, 0.20485452602332643, 0.20942633493809662, 0.21405768158876376, 0.21874755176977692, 0.22349485862712382, 0.22829844332275753, 0.23315707591292167, 0.2380694564419013, 0.24303421625161342, 0.24804991950630043, 0.253115064930415, 0.2582280877565934, 0.26338736187941675, 0.26859120220946725, 0.27383786722100695, 0.279125561685455, 0.28445243958172234, 0.2898166071733931, 0.2952161262417291, 0.30064901746252815, 0.3061132639139947, 0.31160681470199675, 0.317127588688387, 0.3226734783074688, 0.3282423534551975, 0.3338320654353197, 0.33944045094638275, 0.34506533609338763, 0.35070454040781185, 0.35635588085980163, 0.3620171758465135, 0.36768624914087744, 0.3733609337854534, 0.3790390759165511, 0.38471853850437754, 0.39039720499565855, 0.39607298284594405, 0.4017438069296405, 0.4074076428167118, 0.41306248990594197, 0.41870638440564817, 0.4243374021537632, 0.4299536612702608, 0.4355533246359679, 0.44113460219288125, 0.44669575306217935, 0.452235087477178, 0.4577509685295154, 0.4632418137278633, 0.46870609636943317, 0.4741423467254787, 0.47954915304288037, 0.484925162364728, 0.4902690811735944, 0.49557967586190643, 0.5008557730344734, 0.5060962596488217, 0.5113000829995067, 0.5164662505530319, 0.5215938296403955, 0.5266819470146156, 0.5317297882808448, 0.5367365972068949, 0.5417016749221301, 0.546624379012781, 0.5515041225217651, 0.5563403728610823, 0.5611326506448007, 0.565880528450535, 0.570583629517187, 0.5752416263865324, 0.5798542394960378, 0.5844212357300475, 0.5889424269362277, 0.59341766841387, 0.5978468573803644, 0.6022299314218371, 0.6065668669336342, 0.6108576775559994, 0.6151024126099666, 0.6193011555381515, 0.6234540223547947, 0.6275611601090784, 0.631622745365409, 0.6356389827040448, 0.6396101032451276, 0.6435363631988797, 0.6474180424444316, 0.6512554431394635, 0.6550488883625754, 0.658798720790039, 0.6625053014083432, 0.6661690082637098, 0.6697902352495393, 0.6733693909325399, 0.6769068974181032, 0.6804031892553081, 0.683858712381772, 0.687273923108414, 0.690649287144054, 0.6939852786596468, 0.6972823793918271, 0.7005410777853446, 0.7037618681738659, 0.7069452499985409, 0.7100917270636541, 0.7132018068286159, 0.7162759997354936, 0.7193148185712311, 0.7223187778636669, 0.7252883933104238, 0.7282241812397191, 0.7311266581021194, 0.7339963399922506, 0.7368337421994618, 0.7396393787864366, 0.7424137621947415, 0.7451574028763069, 0.7478708089498374, 0.7505544858811596, 0.7532089361865278, 0.7558346591579179, 0.7584321506093601, 0.7610019026433779, 0.7635444034366181, 0.7660601370437815, 0.7685495832189823, 0.7710132172536903, 0.7734515098304321, 0.7758649268914521, 0.7782539295215609, 0.7806189738444204, 0.7829605109315442, 0.7852789867233145, 0.7875748419613434, 0.789848512131531, 0.7921004274171981, 0.794331012661698, 0.7965406873399302, 0.7987298655382109, 0.800898955941972, 0.8030483618307874, 0.8051784810802443, 0.8072897061702022, 0.8093824241990037, 0.8114570169032161, 0.8135138606825121, 0.8155533266293082, 0.8175757805628054, 0.8195815830670887, 0.8215710895329651, 0.8235446502032311, 0.8255026102210826, 0.8274453096813893, 0.8293730836845765, 0.8312862623928685, 0.83318517108866, 0.8350701302347999, 0.8369414555365796, 0.8387994580052327, 0.8406444440227624, 0.8424767154079271, 0.8442965694832213, 0.8461042991427012, 0.8479001929205141, 0.8496845350599966, 0.8514576055832207, 0.8532196803608683, 0.8549710311823282, 0.8567119258259137, 0.8584426281291059, 0.8601633980587367, 0.8618744917810287, 0.8635761617314177, 0.8652686566840859, 0.8669522218211441, 0.8686270988013998, 0.8702935258286589, 0.8719517377195085, 0.8736019659705343, 0.8752444388249315, 0.8768793813384681, 0.878507015444766, 0.8801275600198679, 0.8817412309460596, 0.8833482411749219, 0.8849488007895883, 0.8865431170661858, 0.8881313945344425, 0.8897138350374413, 0.8912906377905082, 0.8928619994392198, 0.8944281141165203, 0.8959891734989365, 0.8975453668618848, 0.8990968811340617, 0.9006439009509127, 0.9021866087071755, 0.9037251846084939]]"
50.0,80.0,4,30,270,I1-S0,"[[0.01, 0.009218546420913139, 0.008861068736292907, 0.008775059817687893, 0.008868448502353592, 0.00908550978157638, 0.009391909630195778, 0.009765784621396045, 0.01019285078495899, 0.010663509021027242, 0.011171106791891592, 0.01171088900850174, 0.012279359860526197, 0.01287388979027909, 0.013492469064360768, 0.014133549477114636, 0.014795939529268047, 0.015478732527298058, 0.01618125538034564, 0.016903030783591275, 0.017643748369924862, 0.018403242116041267, 0.01918147229575157, 0.019978510871526984, 0.020794529574817346, 0.021629790145748107, 0.02248463634120352, 0.02335948741060167, 0.024254832800275575, 0.025171227891511383, 0.026109290610446416, 0.027069698773966512, 0.02805318805668226, 0.029060550481344656, 0.030092633349516822, 0.03115045784617167, 0.032236428681179506, 0.03335499603587207, 0.03451194948799034, 0.03571384317411512, 0.03696762373812791, 0.03828039772283842, 0.03965929431456967, 0.04111139259082977, 0.04264369170660361, 0.04426310899675065, 0.045976495592785306, 0.04779066241766198, 0.04971241172591734, 0.05174857097554563, 0.053906026948562884, 0.056191758819313015, 0.05861286940342324, 0.061176614177905535, 0.063890427895962, 0.0667619487657517, 0.06979904024736175, 0.07300981056553094, 0.0764026300508297, 0.079986146418552, 0.0837692980792007, 0.08776132555176121, 0.0919717810241009, 0.09641053607590025, 0.10108778754988068, 0.10601406152760173, 0.11120021533727112, 0.11665743749313562, 0.12239724543924815, 0.1284314809448053, 0.13477230297385312, 0.14143217782899345, 0.14842386634682894, 0.1557604079023383, 0.16345510096028612, 0.17152147989431402, 0.17997328777875232, 0.18882444484471778, 0.19808901228107248, 0.20778115105272243, 0.2179150754040144, 0.22850500071419116, 0.23956508537560178, 0.25110936637430714, 0.2631516882676065, 0.27570562527461745, 0.28878439622519325, 0.302400772150013, 0.3165669763414903, 0.3312945767720787, 0.34659437082443145, 0.3624762623674648, 0.3789491313043615, 0.3960206958234752, 0.4136973677013313, 0.43198410113863067, 0.4508842357552234, 0.4703993345280064, 0.49052901762578804, 0.511270793276113, 0.5326198869891143, 0.5545690706603833, 0.5771084932757822, 0.6002255151426026, 0.623904547769421, 0.6481269017067193, 0.6728706448365172, 0.6981104737560664, 0.723817601031763, 0.7499596611981852, 0.7765006384366897, 0.8034008188814056, 0.8306167704610717, 0.8581013530867182, 0.8858037618321878, 0.9136696055224355, 0.9416410228402697, 0.9696568376841808, 0.9976527550585292, 1.0255615982552098, 1.0533135874978972, 1.080836659573587, 1.108056827281377, 1.1348985767978323, 1.1612853003067398, 1.187139760485572, 1.212384582700215, 1.2369427700533582, 1.2607382357808206, 1.2836963469143823, 1.3057444726488496, 1.326812530483012, 1.346833522964323, 1.3657440577679187, 1.3834848438906653, 1.4000011569446889, 1.4152432668921668, 1.4291668220691107, 1.4417331839908347, 1.4529097082016535, 1.4626699673078765, 1.4709939132947079, 1.4778679772498315, 1.483285105673034, 1.4872447336151016, 1.4897526959333756, 1.4908210789498166, 1.4904680157261756, 1.4887174290086223, 1.4855987266230888, 1.481146454708604, 1.4753999146493202, 1.4684027499012569, 1.4602025091059003, 1.4508501919425947, 1.4403997841017706, 1.4289077875713587, 1.4164327521317241, 1.4030348135647424, 1.3887752436161602, 1.3737160162239153, 1.3579193939555043, 1.3414475380013144, 1.3243621444637175, 1.3067241090780524, 1.2885932219142142, 1.2700278930474915, 1.251084909663669, 1.231819224583476, 1.2122837757604599, 1.192529335927765, 1.1726043912448616, 1.1525550475252042, 1.1324249624090528, 1.112255301680009, 1.0920847178061632, 1.0719493487132752, 1.0518828347638993, 1.0319163519182069, 1.0120786590847655, 0.9923961577279967, 0.9728929618788531, 0.953590976792088, 0.9345099846032392, 0.915667735457389, 0.8970800427065491, 0.878760880900171, 0.8607224854212724, 0.8429754527467977, 0.825528840433348, 0.808390266046844, 0.7915660043659649, 0.7750610822934665, 0.758879371006229, 0.7430236749637399, 0.7274958174755841, 0.7122967226014156, 0.6974264932219774, 0.6828844851773177, 0.6686693774187507, 0.6547792381647681, 0.6412115870884713, 0.6279634535956492, 0.6150314312788786, 0.6024117286544498, 0.5901002163060359, 0.5780924705722712, 0.5663838139252545, 0.5549693521938608, 0.5438440087900244, 0.533002556098216, 0.5224396441885143, 0.5121498270122565, 0.5021275862365399, 0.4923673528700558, 0.482863526828108, 0.47361049457936943, 0.4646026450111486, 0.45583438364379913, 0.4473001453185441, 0.43899440547650465, 0.4309116901402043, 0.42304658470234463, 0.41539374162026876, 0.4079478871083015, 0.40070382691411, 0.3936564512594002, 0.38680073901967343, 0.38013176121242725, 0.37364468385810684, 0.3673347702733018, 0.36119738285114017, 0.35522798437955333, 0.34942213894407065, 0.34377551245804083, 0.3382838728596632, 0.3329430900119365, 0.32774913533858346, 0.3226980812261777, 0.31778610022007464, 0.3130094640393162, 0.30836454243343175, 0.30384780190198485, 0.299455804295799, 0.295185205317038, 0.29103275293369374, 0.2869952857225457, 0.28306973115329154, 0.2792531038252938, 0.2755425036672399, 0.27193511410896476, 0.2684282002337206, 0.26501910691830616, 0.26170525696766284, 0.2584841492498176, 0.2553533568363862, 0.2523105251532445, 0.24935337014542663, 0.24647967645980623, 0.24368729564866437, 0.24097414439683568, 0.23833820277475096, 0.23577751251935725, 0.23329017534459132, 0.23087435128280723, 0.22852825705831042, 0.22625016449392737, 0.22403839895133956, 0.2218913378057296, 0.2198074089551268, 0.21778508936469504, 0.21582290364607734, 0.2139194226717972, 0.21207326222461514, 0.21028308168165014, 0.20854758273299528, 0.20686550813448912, 0.2052356404942425, 0.20365680109246898, 0.2021278487341208, 0.20064767863379449, 0.1992152213323359, 0.19782944164454827, 0.19648933763738258, 0.19519393963797207, 0.19394230927085726, 0.19273353852373695, 0.19156674884107214, 0.19044109024486477, 0.18935574048193018, 0.18830990419698113, 0.18730281213084263, 0.18633372034312015, 0.18540190945864715, 0.18450668393704495, 0.18364737136473352, 0.18282332176874125, 0.1820339069516685, 0.18127851984717136, 0.18055657389534085, 0.17986750243736335, 0.17921075812886048, 0.17858581237131624, 0.17799215476101254, 0.17742929255490486, 0.17689675015288295, 0.17639406859587253, 0.17592080507924704, 0.1754765324810301, 0.1750608389043815, 0.17467332723387205, 0.17431361470506382, 0.17398133248692488, 0.17367612527661894, 0.1733976509062216, 0.17314557996092692, 0.17291959540831817, 0.1727193922382889, 0.17254467711320937, 0.1723951680279456, 0.17227059397934763, 0.17217069464483328, 0.17209522006970454, 0.17204393036284218, 0.172016595400434, 0.17201299453740126, 0.17203291632619583, 0.1720761582426504, 0.1721425264185715, 0.17223183538077316, 0.17234390779625755, 0.172478574223256, 0.17263567286785134, 0.17281504934591005, 0.17301655645005903, 0.1732400539214495, 0.17348540822605613, 0.17375249233526702, 0.17404118551052544, 0.17435137309179094, 0.1746829462895929, 0.17503580198045612, 0.1754098425054823, 0.17580497547187854, 0.17622111355722758, 0.17665817431630104, 0.17711607999022116, 0.17759475731778235, 0.1780941373487477, 0.1786141552589419, 0.17915475016696494, 0.1797158649523578, 0.18029744607505374, 0.18089944339595515, 0.18152180999847958, 0.18216450201092313, 0.18282747842949415, 0.18351070094187447, 0.1842141337511699, 0.18493774340011632, 0.18568149859541172, 0.18644537003205, 0.1872293302175357, 0.18803335329586443, 0.18885741487115779, 0.18970149183084678]]","[[0.01, 0.011673645222856313, 0.01362924433757481, 0.01580189558251425, 0.018156401286789386, 0.020675337599795913, 0.023351366113581348, 0.026182544090080216, 0.029169947577871863, 0.03231631976562972, 0.035625293223588234, 0.03910095122103098, 0.04274758798286887, 0.04656958444775558, 0.05057135016002542, 0.054757302301927525, 0.059131864996256736, 0.06369947918403494, 0.0684646176003418, 0.07343180183195228, 0.07860561986073906, 0.08399074330499592, 0.0895919440213633, 0.0954141099734239, 0.10146226039789949, 0.10774156035756677, 0.11425733479161403, 0.12101508217647264, 0.12802048790296403, 0.1352794374643289, 0.14279802953726198, 0.15058258902593874, 0.15863968012786742, 0.16697611947046961, 0.17559898935859758, 0.1845157766428355, 0.19373575486606753, 0.2032711331052464, 0.21313678881803985, 0.22334995796267185, 0.23393000786742887, 0.24489827306465164, 0.25627793979487495, 0.26809396861089674, 0.2803730471402378, 0.2931435669597504, 0.30643561992838153, 0.32028101036295253, 0.3347132802267562, 0.34976774509947567, 0.36548153915653847, 0.38189366774009026, 0.39904506637667514, 0.41697866530645294, 0.4357394587488668, 0.4553745782503351, 0.47593336954861043, 0.4974674724519651, 0.5200309032739863, 0.5436801393901162, 0.5684742054929697, 0.5944747611220755, 0.6217461890317205, 0.6503556839393393, 0.6803733411674072, 0.7118722446548502, 0.7449285537702177, 0.7796215883087672, 0.8160339109995945, 0.854251406787389, 0.8943633580866109, 0.9364625151342518, 0.980645160491168, 1.0270111666617256, 1.0756640457176017, 1.126710989724629, 1.180262900682225, 1.2364344085939767, 1.2953438761963443, 1.3571133887812414, 1.4218687274587998, 1.4897393241203454, 1.5608581962802526, 1.635361859900794, 1.713390218238536, 1.795086424696651, 1.8805967176273835, 1.970070225005714, 2.0636587368921253, 2.161516443622679, 2.2637996377118337, 2.3706663775313084, 2.482276110940536, 2.59878925719473, 2.720366745648974, 2.8471695100147, 2.979357937211752, 3.117091270197885, 3.2605269645504293, 3.4098199990236973, 3.5651221408112868, 3.726581166804646, 3.8943400427565513, 4.068536062927751, 4.249299953512418, 4.4367549438971, 4.631015810600404, 4.832187899556738, 5.040366133234849, 5.255634009906657, 5.478062603187843, 5.707709570741004, 5.944618181745559, 6.188816373375333, 6.440315847063487, 6.699111215753529, 6.965179213613253, 7.238477979805188, 7.518946427844144, 7.806503711813599, 8.101048800245364, 8.402460167782687, 8.710595613841983, 9.025292216364244, 9.34636642741172, 9.67361431583212, 10.00681196050162, 10.345715995795453, 10.690064308952756, 11.03957688693781, 11.393956808294117, 11.75289137338555, 12.116053364366563, 12.483102424267969, 12.853686542772323, 13.227443634626498, 13.604003195238414, 13.982988016863645, 14.364015947933488, 14.746701677528682, 15.130658526773951, 15.515500229020967, 15.900842681095456, 16.2863056485941, 16.671514409206768, 17.05610131928093, 17.439707290303357, 17.82198316361056, 18.202590973412015, 18.581205090075095, 18.957513237534567, 19.331217380609154, 19.702034479893367, 20.069697113707317, 20.433953968298205, 20.79457019906704, 21.151327667020485, 21.504025055904304, 21.85247787654984, 22.1965183658535, 22.535995288509387, 22.870773650131735, 23.20073433074345, 23.525773647781243, 23.84580285778959, 24.160747605860884, 24.470547331643875, 24.77515464040469, 25.07453464720143, 25.368664301742175, 25.657531700953484, 25.941135395707477, 26.21948369755496, 26.492593990702048, 26.76049205385995, 27.023211396001415, 27.28079260948105, 27.53328274342652, 27.780734699789157, 28.023206653958944, 28.260761501402996, 28.493466331380308, 28.721391928418562, 28.94461230191164, 29.16320424390776, 29.37724691490678, 29.586821457268943, 29.79201063565454, 29.992898503761687, 30.189570096505673, 30.382111146685233, 30.570607825106165, 30.75514650307863, 30.93581353616842, 31.11269506806258, 31.285876853403558, 31.455444098451615, 31.621481318450677, 31.784072210596587, 31.943299541536977, 32.09924504836772, 32.25198935213069, 32.401611882860344, 32.54819081527152, 32.69180301422715, 32.8325239891712, 32.97042785675917, 33.10558731096477, 33.238073599986954, 33.36795650932585, 33.4953043504392, 33.62018395443206, 33.7426606702724, 33.862798367062716, 33.98065943993388, 34.0963048191612, 34.20979398213474, 34.321184967846044, 34.43053439358144, 34.53789747353866, 34.643328039107956, 34.74687856058179, 34.84860017007853, 34.94854268548507, 35.046754635241825, 35.14328328381001, 35.23817465767701, 35.33147357176974, 35.42322365615908, 35.51346738295046, 35.60224609326702, 35.68960002424157, 35.775568335943056, 35.860189138171606, 35.943499517064055, 36.02553556145881, 36.10633238897531, 36.18592417176926, 36.26434416192994, 36.34162471649093, 36.417797322029585, 36.492892618834894, 36.56694042462656, 36.63996975781158, 36.712008860267304, 36.78308521964265, 36.85322559117135, 36.92245601899327, 36.99080185698163, 37.058287789075564, 37.124937849119036, 37.190775440208306, 37.255823353551236, 37.3201037868429, 37.383638362162685, 37.44644814339883, 37.5085536532071, 37.56997488951075, 37.63073134154951, 37.69084200548557, 37.750325399575104, 37.80919957891387, 37.8674821497659, 37.9251902834842, 37.98234073003278, 38.038949831119155, 38.09503353294662, 38.150607398595675, 38.20568662004379, 38.26028602983288, 38.31442011239351, 38.36810301503511, 38.42134855861103, 38.4741702478675, 38.52658128148504, 38.57859456182116, 38.63022270436266, 38.6814780468959, 38.73237265840325, 38.7829183476936, 38.83312667177484, 38.883008943975895, 38.93257624182579, 38.981839414697085, 39.03080909122063, 39.0794956864788, 39.12790940898368, 39.17606026744704, 39.223958077348215, 39.27161246730632, 39.3190328852627, 39.366228604479495, 39.413208729360065, 39.45998220109669, 39.50655780315102, 39.55294416657227, 39.599149775158466, 39.645182970465356, 39.691051956667785, 39.73676480527814, 39.78232945972626, 39.82775373980503, 39.87304534598583, 39.91821186360781, 39.963260766944884, 40.008199423154096, 40.05303509610899, 40.09777495012148, 40.142426053555475, 40.18699538233558, 40.23148982335392, 40.27591617777808, 40.32028116426311, 40.364591422070276, 40.408853514095306, 40.453073929808625, 40.49725908811014, 40.541415340100876, 40.585548971773754, 40.629666206625686, 40.67377320819316, 40.7178760825132, 40.76198088051173, 40.80609360032113, 40.850220189528756, 40.89436654735812, 40.93853852678429, 40.98274193658518, 41.026982543329936, 41.0712660733061, 41.11559821438666, 41.15998461783833, 41.20443090007226, 41.248942644338214, 41.29352540236342, 41.33818469593696, 41.38292601844072, 41.42775483632779, 41.47267659054909, 41.51769669792905, 41.56282055249105, 41.608053526733315, 41.65340097285588, 41.6988682239391, 41.74446059507443, 41.79018338444776, 41.836041874375866, 41.88204133229631, 41.92818701171112, 41.974484153084596, 42.020937984695514, 42.0675537234439, 42.11433657561257, 42.16129173758365, 42.208424396510125, 42.25573973094246, 42.30324291141047, 42.350939100960325, 42.39883345564667, 42.44693112497994, 42.495237252328636, 42.543756975276516, 42.59249542593461, 42.6414577312078, 42.690649013015914, 42.74007438846891]]","[array([6.37688001e-05, 6.00799169e-05, 5.86664978e-05, 5.87303122e-05,
       5.97889619e-05, 6.15487965e-05, 6.38260516e-05, 6.65022682e-05,
       6.94990637e-05, 7.27630049e-05, 7.62565138e-05, 7.99523613e-05,
       8.38302996e-05, 8.78749724e-05, 9.20745904e-05, 9.64200686e-05,
       1.00904446e-04, 1.05522482e-04, 1.10270359e-04, 1.15145466e-04,
       1.20146226e-04, 1.25271962e-04, 1.30522789e-04, 1.35899525e-04,
       1.41403620e-04, 1.47037097e-04, 1.52802502e-04, 1.58702866e-04,
       1.64741675e-04, 1.70922840e-04, 1.77250684e-04, 1.83729917e-04,
       1.90365634e-04, 1.97163299e-04, 2.04128904e-04, 2.11272919e-04,
       2.18618465e-04, 2.26200059e-04, 2.34059103e-04, 2.42240762e-04,
       2.50791980e-04, 2.59760263e-04, 2.69193001e-04, 2.79137128e-04,
       2.89639027e-04, 3.00744581e-04, 3.12499315e-04, 3.24948586e-04,
       3.38137808e-04, 3.52112678e-04, 3.66919395e-04, 3.82604884e-04,
       3.99216991e-04, 4.16804668e-04, 4.35418146e-04, 4.55109086e-04,
       4.75930716e-04, 4.97937957e-04, 5.21187526e-04, 5.45738037e-04,
       5.71650082e-04, 5.98986297e-04, 6.27811425e-04, 6.58192357e-04,
       6.90198169e-04, 7.23900138e-04, 7.59371750e-04, 7.96688695e-04,
       8.35928838e-04, 8.77172189e-04, 9.20500836e-04, 9.65998879e-04,
       1.01375233e-03, 1.06384899e-03, 1.11637831e-03, 1.17143125e-03,
       1.22910002e-03, 1.28947793e-03, 1.35265906e-03, 1.41873803e-03,
       1.48780965e-03, 1.55996851e-03, 1.63530864e-03, 1.71392302e-03,
       1.79590310e-03, 1.88133823e-03, 1.97031510e-03, 2.06291708e-03,
       2.15922354e-03, 2.25930909e-03, 2.36324281e-03, 2.47108739e-03,
       2.58289823e-03, 2.69872251e-03, 2.81859821e-03, 2.94255305e-03,
       3.07060349e-03, 3.20275354e-03, 3.33899374e-03, 3.47929995e-03,
       3.62363227e-03, 3.77193385e-03, 3.92412983e-03, 4.08012618e-03,
       4.23980874e-03, 4.40304217e-03, 4.56966909e-03, 4.73950926e-03,
       4.91235887e-03, 5.08799003e-03, 5.26615031e-03, 5.44656258e-03,
       5.62892491e-03, 5.81291078e-03, 5.99816948e-03, 6.18432677e-03,
       6.37098575e-03, 6.55772807e-03, 6.74411534e-03, 6.92969089e-03,
       7.11398170e-03, 7.29650074e-03, 7.47674943e-03, 7.65422046e-03,
       7.82840073e-03, 7.99877461e-03, 8.16482722e-03, 8.32604799e-03,
       8.48193420e-03, 8.63199469e-03, 8.77575344e-03, 8.91275321e-03,
       9.04255909e-03, 9.16476188e-03, 9.27898127e-03, 9.38486885e-03,
       9.48211082e-03, 9.57043037e-03, 9.64958975e-03, 9.71939195e-03,
       9.77968198e-03, 9.83034774e-03, 9.87132050e-03, 9.90257487e-03,
       9.92412851e-03, 9.93604125e-03, 9.93841394e-03, 9.93138692e-03,
       9.91513816e-03, 9.88988102e-03, 9.85586190e-03, 9.81335751e-03,
       9.76267207e-03, 9.70413433e-03, 9.63809451e-03, 9.56492116e-03,
       9.48499803e-03, 9.39872102e-03, 9.30649505e-03, 9.20873117e-03,
       9.10584374e-03, 8.99824770e-03, 8.88635612e-03, 8.77057780e-03,
       8.65131520e-03, 8.52896246e-03, 8.40390369e-03, 8.27651148e-03,
       8.14714554e-03, 8.01615166e-03, 7.88386076e-03, 7.75058820e-03,
       7.61663320e-03, 7.48227854e-03, 7.34779029e-03, 7.21341773e-03,
       7.07939345e-03, 6.94593349e-03, 6.81323758e-03, 6.68148958e-03,
       6.55085781e-03, 6.42149564e-03, 6.29354197e-03, 6.16712185e-03,
       6.04234711e-03, 5.91931699e-03, 5.79811880e-03, 5.67882859e-03,
       5.56151182e-03, 5.44622401e-03, 5.33301143e-03, 5.22191169e-03,
       5.11295440e-03, 5.00616176e-03, 4.90154916e-03, 4.79912571e-03,
       4.69889479e-03, 4.60085455e-03, 4.50499841e-03, 4.41131548e-03,
       4.31979103e-03, 4.23040686e-03, 4.14314168e-03, 4.05797147e-03,
       3.97486980e-03, 3.89380814e-03, 3.81475613e-03, 3.73768184e-03,
       3.66255202e-03, 3.58933231e-03, 3.51798743e-03, 3.44848138e-03,
       3.38077760e-03, 3.31483912e-03, 3.25062871e-03, 3.18810897e-03,
       3.12724247e-03, 3.06799187e-03, 3.01031996e-03, 2.95418975e-03,
       2.89956459e-03, 2.84640818e-03, 2.79468464e-03, 2.74435855e-03,
       2.69539503e-03, 2.64775973e-03, 2.60141887e-03, 2.55633928e-03,
       2.51248842e-03, 2.46983439e-03, 2.42834593e-03, 2.38799247e-03,
       2.34874410e-03, 2.31057157e-03, 2.27344634e-03, 2.23734053e-03,
       2.20222695e-03, 2.16807907e-03, 2.13487105e-03, 2.10257771e-03,
       2.07117450e-03, 2.04063757e-03, 2.01094366e-03, 1.98207017e-03,
       1.95399511e-03, 1.92669711e-03, 1.90015539e-03, 1.87434975e-03,
       1.84926058e-03, 1.82486882e-03, 1.80115597e-03, 1.77810407e-03,
       1.75569567e-03, 1.73391385e-03, 1.71274217e-03, 1.69216471e-03,
       1.67216601e-03, 1.65273106e-03, 1.63384532e-03, 1.61549468e-03,
       1.59766548e-03, 1.58034444e-03, 1.56351872e-03, 1.54717586e-03,
       1.53130377e-03, 1.51589076e-03, 1.50092549e-03, 1.48639695e-03,
       1.47229451e-03, 1.45860785e-03, 1.44532697e-03, 1.43244220e-03,
       1.41994415e-03, 1.40782374e-03, 1.39607219e-03, 1.38468096e-03,
       1.37364182e-03, 1.36294678e-03, 1.35258809e-03, 1.34255829e-03,
       1.33285012e-03, 1.32345656e-03, 1.31437083e-03, 1.30558635e-03,
       1.29709677e-03, 1.28889593e-03, 1.28097787e-03, 1.27333684e-03,
       1.26596727e-03, 1.25886375e-03, 1.25202107e-03, 1.24543420e-03,
       1.23909825e-03, 1.23300851e-03, 1.22716042e-03, 1.22154956e-03,
       1.21617169e-03, 1.21102268e-03, 1.20609856e-03, 1.20139548e-03,
       1.19690972e-03, 1.19263771e-03, 1.18857598e-03, 1.18472118e-03,
       1.18107009e-03, 1.17761960e-03, 1.17436669e-03, 1.17130847e-03,
       1.16844214e-03, 1.16576500e-03, 1.16327447e-03, 1.16096802e-03,
       1.15884325e-03, 1.15689783e-03, 1.15512952e-03, 1.15353618e-03,
       1.15211572e-03, 1.15086615e-03, 1.14978556e-03, 1.14887209e-03,
       1.14812399e-03, 1.14753955e-03, 1.14711713e-03, 1.14685517e-03,
       1.14675217e-03, 1.14680669e-03, 1.14701735e-03, 1.14738282e-03,
       1.14790184e-03, 1.14857321e-03, 1.14939577e-03, 1.15036840e-03,
       1.15149007e-03, 1.15275976e-03, 1.15417652e-03, 1.15573943e-03,
       1.15744763e-03, 1.15930029e-03, 1.16129662e-03, 1.16343588e-03,
       1.16571736e-03, 1.16814041e-03, 1.17070437e-03, 1.17340865e-03,
       1.17625269e-03, 1.17923595e-03, 1.18235794e-03, 1.18561817e-03,
       1.18901619e-03, 1.19255160e-03, 1.19622400e-03, 1.20003301e-03,
       1.20397830e-03, 1.20805954e-03, 1.21227643e-03, 1.21662868e-03,
       1.22111603e-03, 1.22573823e-03, 1.23049506e-03, 1.23538629e-03,
       1.24041173e-03, 1.24557118e-03, 1.25086447e-03, 1.25629143e-03,
       1.26185191e-03])]","[[0, 6.376880005047202e-05, 0.00012384871691641303, 0.0001825152146708144, 0.00024124552686846215, 0.00030103448878492285, 0.00036258328528274196, 0.0004264093368489394, 0.000492911605010724, 0.0005624106686909734, 0.0006351736735505621, 0.0007114301873384219, 0.0007913825486322774, 0.0008752128482461426, 0.0009630878206666144, 0.001055162411034101, 0.001151582479662044, 0.00125248692614901, 0.0013580094083115884, 0.001468279767489896, 0.001583425233527641, 0.0017035714594533671, 0.00182884342144446, 0.00195936621043888, 0.00209526573566447, 0.002236669356151133, 0.0023837064532574144, 0.002536508954957686, 0.0026952118208490496, 0.0028599534953978566, 0.003030876335761442, 0.0032081270195317454, 0.0033918569369138993, 0.003582222571146102, 0.003779385870365733, 0.003983514773939319, 0.004194787693113975, 0.004413406157646087, 0.0046396062163649235, 0.004873665319183293, 0.005115906081280546, 0.005366698060826319, 0.0056264583241637765, 0.005895651325196548, 0.006174788452821671, 0.006464427479558441, 0.006765172060664843, 0.007077671375202358, 0.007402619961060755, 0.007740757769452733, 0.00809287044696041, 0.008459789842098116, 0.008842394726577977, 0.009241611717624613, 0.009658416385789742, 0.010093834532067109, 0.010548943618214257, 0.011024874334712581, 0.011522812291510563, 0.012043999817443226, 0.012589737854903091, 0.013161387936891283, 0.013760374233964147, 0.014388185658790627, 0.015046378016039655, 0.015736576185123342, 0.016460476322933685, 0.017219848073133294, 0.018016536767801215, 0.018852465606300883, 0.019729637795136576, 0.020650138631305423, 0.02161613751024258, 0.022629889837906175, 0.02369373882486535, 0.024810117138449758, 0.025981548387103204, 0.027210648409071683, 0.028500126335461624, 0.029852785395545967, 0.03127152342999445, 0.03275933307548455, 0.03431930158193901, 0.03595461022146722, 0.0376685332459982, 0.039464436348624274, 0.0413457745818751, 0.043316089684563686, 0.04537900676754898, 0.04753823030780781, 0.049797539399672804, 0.0521607822120479, 0.05463186960093962, 0.05721476782782482, 0.05991349033630242, 0.06273208854223558, 0.0656746415962735, 0.06874524508233452, 0.07194799862141929, 0.07528699235708015, 0.07876629230706947, 0.0823899245751757, 0.08616185842807196, 0.09008598825415973, 0.09416611443488308, 0.09840592317377617, 0.10280896534451658, 0.10737863443638113, 0.11211814369358668, 0.11703050256385644, 0.12211849259093908, 0.12738464290544413, 0.13283120548790878, 0.13846013039710692, 0.14427304117483894, 0.1502712106553531, 0.15645553742267493, 0.16282652317197424, 0.1693842512411848, 0.1761283665859322, 0.18305805747396015, 0.19017203917426234, 0.19746853991066513, 0.20494528933938735, 0.21259950979493458, 0.22042791052848176, 0.22842668513769884, 0.23659151235693754, 0.24491756034212822, 0.25339949454606314, 0.2620314892375395, 0.2708072426727933, 0.2797199958805778, 0.2887625549740274, 0.29792731685406915, 0.30720629812160555, 0.3165911669700325, 0.3260732777868711, 0.33564370815435474, 0.34529329790459823, 0.3550126898562618, 0.36479237183704577, 0.3746227195804059, 0.3844940400758719, 0.39439661495043293, 0.40432074346357294, 0.4142567847104816, 0.4241951986463477, 0.4341265855689193, 0.4440417237260262, 0.4539316047487264, 0.4637874666483075, 0.47360082415563937, 0.4833634962234135, 0.49306763055469127, 0.502705725064033, 0.512270646219458, 0.5217556442538334, 0.5311543652723404, 0.5404608603178531, 0.5496695914879344, 0.5587754352253567, 0.5677736829283672, 0.5766600390472084, 0.5854306168496503, 0.5940819320505627, 0.602610894508997, 0.6110147982010655, 0.6192913096783883, 0.6274384552203042, 0.6354546068837847, 0.6433384676483795, 0.6510890558449286, 0.6587056890465712, 0.6661879675890893, 0.6735357578752014, 0.6807491756043579, 0.687828569056172, 0.6947745025421027, 0.7015877401266022, 0.7082692297058444, 0.7148200875195185, 0.7212415831591293, 0.7275351251248936, 0.733702246972737, 0.739744594083123, 0.7456639110745137, 0.7514620298761889, 0.7571408584679192, 0.762702370287593, 0.768148594302296, 0.7734816057335119, 0.7787035174229915, 0.7838164718223947, 0.7888226335869829, 0.793724182751376, 0.7985233084636416, 0.8032222032526936, 0.807823057803098, 0.8123280562108631, 0.8167393716935832, 0.8210591627283694, 0.8252895695912907, 0.829432711272536, 0.8334906827421479, 0.8374655525419521, 0.841359360680179, 0.8451741168062211, 0.8489117986439763, 0.8525743506632679, 0.8561636829698952, 0.8596816703959358, 0.8631301517729902, 0.866510929372108, 0.8698257684951638, 0.8730763972034562, 0.8762645061702686, 0.8793917486450614, 0.88245974051786, 0.885470060473249, 0.8884242502241927, 0.8913238148166638, 0.8941702229967832, 0.8969649076328513, 0.8997092661852857, 0.9024046612180746, 0.9050524209459112, 0.9076538398116896, 0.910210179089523, 0.9127226675088917, 0.9151925018959401, 0.9176208478283223, 0.9200088403003501, 0.9223575843955197, 0.9246681559637919, 0.926941602301276, 0.9291789428302171, 0.9313811697774196, 0.9335492488494479, 0.9356841199031386, 0.9377866976101364, 0.9398578721143233, 0.9418985096811573, 0.9439094533380715, 0.945891523505201, 0.9478455186158163, 0.9497722157259423, 0.9516723711127262, 0.9535467208612028, 0.9553959814391765, 0.9572208502600013, 0.9590220062331055, 0.9608001103021533, 0.9625558059707847, 0.964289719815918, 0.9660024619886344, 0.967694626702697, 0.9693667927107872, 0.9710195237685632, 0.9726533690866722, 0.9742688637708634, 0.975866529250366, 0.9774468736947145, 0.9790103924192097, 0.9805575682792192, 0.9820888720535277, 0.9836047628169524, 0.9851056883024496, 0.9865920852529361, 0.9880643797630579, 0.9895229876111374, 0.9909683145815326, 0.9924007567776417, 0.9938207009257886, 0.9952285246702174, 0.9966245968594324, 0.9980092778241079, 0.9993829196467959, 1.0007458664236564, 1.002098454518428, 1.0034410128088582, 1.0047738629258065, 1.006097319485227, 1.0074116903132386, 1.0087172766644845, 1.0100143734339724, 1.011303269362596, 1.0125842472365187, 1.0138575840806066, 1.0151235513460881, 1.0163824150926162, 1.0176344361649001, 1.0188798703640767, 1.0201189686139756, 1.021351977122441, 1.0225791375378581, 1.0238006871010321, 1.0250168587925637, 1.0262278814758603, 1.0274339800359171, 1.0286353755139976, 1.0298322852383426, 1.0310249229510267, 1.032213498931086, 1.033398220114026, 1.034579290207824, 1.0357569098055357, 1.0369312764946035, 1.0381025849629726, 1.039271027102109, 1.040436792107014, 1.0416000665733247, 1.0427610345915888, 1.043919877838796, 1.0450767756672485, 1.046231905190849, 1.0473854413688783, 1.0485375570873399, 1.0496884232379362, 1.0508382087947465, 1.0519870808886704, 1.0531352048796978, 1.0542827444270657, 1.0554298615573583, 1.0565767167306062, 1.0577234689044346, 1.0588702755963146, 1.0600172929439624, 1.0611646757639324, 1.062312577608451, 1.063461150820531, 1.0646105465874056, 1.0657609149923233, 1.0669124050647363, 1.0680651648289197, 1.0692193413510533, 1.0703750807847978, 1.0715325284153918, 1.072691828702302, 1.0738531253204497, 1.075016561200039, 1.0761822785650106, 1.0773504189701413, 1.0785211233368122, 1.0796945319874611, 1.0808707846787404, 1.0820500206333947, 1.0832323785708722, 1.0844179967366863, 1.0856070129305377, 1.0867995645332105, 1.087995788532249, 1.0891958215464304, 1.0903997998490325, 1.0916078593899141, 1.092820135816405, 1.0940367644930138, 1.095257880519961, 1.0964836187505338, 1.0977141138072695, 1.098949500096968, 1.1001899118245326, 1.1014354830056392, 1.1026863474782331, 1.1039426389128517, 1.105204490821769]]"
50.0,80.0,4,30,270,I0-S1,"[[0.01, 0.009218546420913139, 0.008861068736292907, 0.008775059817687893, 0.008868448502353592, 0.00908553759323437, 0.009392313644676593, 0.009767644683604573, 0.010198203821050964, 0.01067542104944453, 0.01119363824564316, 0.011748987536497436, 0.0123387055911354, 0.012960711193631638, 0.01361334239651283, 0.014295190927873083, 0.01500499633819889, 0.0157415772536418, 0.016503786029694104, 0.017290478459574005, 0.01810049341507527, 0.018932639240441553, 0.01978568489456179, 0.020658354550301062, 0.021549324795854682, 0.022457223851797183, 0.023380632385107288, 0.024318085607642398, 0.02526807641527876, 0.026229059369721166, 0.02719945535661912, 0.02817765677647227, 0.02916203314215566, 0.03015093697077144, 0.031142709869189683, 0.03213573706563777, 0.03312894039377971, 0.034122042410737824, 0.03511529227568182, 0.03610925818657102, 0.03710470100187792, 0.03810249706414471, 0.039103590939571636, 0.04010896638619502, 0.04111962846117457, 0.04213659246278479, 0.04316087709089905, 0.04419350023354048, 0.04523547640807704, 0.04628781526233649, 0.04735152076941186, 0.04842759088853783, 0.049517017548549, 0.05062078686157777, 0.05173987950585569, 0.05287527123565503, 0.054027933488331265, 0.05519883406599093, 0.05638893787424984, 0.057599207703905184, 0.05883060504374128, 0.06008409091448995, 0.06136062671538829, 0.0626611750759456, 0.06398670070652021, 0.06533817124215982, 0.06671655807490011, 0.06812283717036306, 0.06955798986505787, 0.07102300364127276, 0.0725188728768605, 0.07404659956757131, 0.07560719401987818, 0.07720167551247704, 0.07883107292483395, 0.08049642533129552, 0.08219878255938487, 0.08393920571097543, 0.08571876764507408, 0.08753855342095632, 0.08939966070038391, 0.09130320010760082, 0.09325029554575127, 0.0952420844682952, 0.09727971810391398, 0.09936436163330542, 0.1014971943161629, 0.10367940956652061, 0.10591221497452752, 0.10819683227258728, 0.11053449724367083, 0.1129264595694755, 0.11537398261596798, 0.1178783431537113, 0.1204408310102375, 0.12306274865159023, 0.12574541069002465, 0.12849014331471778, 0.13129828364221074, 0.13417117898317735, 0.13711018602199113, 0.14011666990544627, 0.14319200323687967, 0.14633756497184033, 0.14955473921136148, 0.1528449138888113, 0.15620947934623042, 0.1596498267960111, 0.16316734666373595, 0.16676342680797196, 0.1704394506128164, 0.17419679494900933, 0.178036827999471, 0.18196090694519002, 0.18597037550748416, 0.19006656134277947, 0.19425077328621163, 0.19852429844054428, 0.20288839910712722, 0.207344309555886, 0.211893232631644, 0.21653633619443327, 0.22127474939185213, 0.22610955876198058, 0.23104180416586792, 0.2360724745491683, 0.24120250353311554, 0.24643276483570647, 0.25176406752469954, 0.25719715110483793, 0.2627326804425734, 0.26837124053250005, 0.2741133311107085, 0.27995936112133896, 0.2859096430437485, 0.291964387088911, 0.29812369527493743, 0.3043875553929408, 0.3107558348758627, 0.3172282745843367, 0.3238044825251719, 0.33048392751959926, 0.33726593284002676, 0.3441496698356894, 0.35113415156924815, 0.35821822648808, 0.36540057215569843, 0.37267968907043947, 0.3800538946002268, 0.3875213170638826, 0.39507988999105614, 0.402727346594391, 0.410461214489021, 0.41827881069585804, 0.42617723696639553, 0.43415337546787297, 0.44220388486861517, 0.4503251968641498, 0.45851351318529476, 0.4667648031297773, 0.47507480165907023, 0.4834390081019901, 0.4918526855061759, 0.500310860677833, 0.5088083249490689, 0.5173396357107461, 0.5258991187470187, 0.5344808714055881, 0.5430787666352045, 0.551686457919037, 0.5602973851292455, 0.5689047813244006, 0.5775016805073221, 0.5860809263564553, 0.5946351819390754, 0.6031569404094438, 0.6116385366895355, 0.6200721601241592, 0.6284498680962282, 0.6367636005816422, 0.6450051956167682, 0.6531664056448879, 0.661238914701285, 0.669214356389915, 0.6770843325979087, 0.6848404328875614, 0.6924742544990218, 0.6999774228906909, 0.7073416127384273, 0.7145585693091152, 0.721620130119039, 0.7285182467829008, 0.7352450069552674, 0.7417926562628108, 0.7481536201229532, 0.7543205253425112, 0.7602862213886721, 0.766043801224189, 0.7715866215990578, 0.7769083226921667, 0.782002846998495, 0.7868644573603788, 0.7914877540451491, 0.7958676907760639, 0.7999995896288637, 0.8038791547124478, 0.8075024845590338, 0.8108660831566912, 0.813966869565227, 0.8168021860650209, 0.8193698047974322, 0.8216679328647826, 0.8236952158675461, 0.8254507398661657, 0.8269340317647714, 0.828145058123901, 0.8290842224190265, 0.8297523607711804, 0.830150736185164, 0.8302810313396173, 0.8301453399815758, 0.8297461569859345, 0.8290863671474479, 0.8281692327794418, 0.8269983801992564, 0.8255777851855467, 0.8239117574968974, 0.8220049245447572, 0.8198622143164378, 0.8174888376458702, 0.8148902699309558, 0.8120722323967301, 0.809040673003171, 0.8058017470953898, 0.8023617978921563, 0.7987273369062895, 0.7949050243874346, 0.790901649874196, 0.7867241129385675, 0.7823794042011469, 0.7778745866908057, 0.7732167776173647, 0.7684131306204678, 0.7634708185522957, 0.7583970168460992, 0.7531988875167827, 0.7478835638340219, 0.7424581357026676, 0.7369296357795503, 0.7313050263502753, 0.7255911869842345, 0.719794902980898, 0.7139228546154994, 0.7079816071875394, 0.7019776018711055, 0.6959171473618713, 0.6898064123118054, 0.6836514185390918, 0.6774580349975566, 0.6712319724870028, 0.6649787790832783, 0.6587038362646387, 0.6524123557090099, 0.6461093767350934, 0.6397997643588825, 0.6334882079360601, 0.6271792203599045, 0.6208771377837407, 0.6145861198366039, 0.6083101503006346, 0.6020530382187673, 0.5958184194015018, 0.5896097583019312, 0.5834303502287367, 0.5772833238675215, 0.571171644081634, 0.5650981149645071, 0.5590653831164988, 0.5530759411202502, 0.5471321311896633, 0.5412361489687324, 0.5353900474576234, 0.5295957410445876, 0.5238550096234883, 0.518169502777927, 0.5125407440141491, 0.5069701350261002, 0.5014589599771698, 0.49600838978430634, 0.4906194863913066, 0.48529320701916484, 0.4800304083824193, 0.47483185086144397, 0.46969820262160467, 0.46463004367112465, 0.45962786985039167, 0.45469209674627553, 0.4498230635258211, 0.4450210366844299, 0.4402862137043484, 0.43561872661994105, 0.4310186454868417, 0.42648598175265096, 0.42202069152737914, 0.4176226787523258, 0.41329179826653883, 0.40902785877041353, 0.404830625686368, 0.40069982391688014, 0.39663514050048104, 0.3926362271665831, 0.38870270279027247, 0.38483415574842095, 0.3810301461786709, 0.3772902081430222, 0.37361385169790057, 0.3700005648727192, 0.3664498155590563, 0.3629610533126622, 0.359533711070589, 0.35616720678579405, 0.35286094498161474, 0.3496143182285485, 0.34642670854578894, 0.34329748872998433, 0.3402260236136823, 0.33721167125591944, 0.3342537840673973, 0.3313517098726645, 0.328504792911696, 0.3257123747832261, 0.32297379533215254, 0.3202883934832862, 0.3176555080236745, 0.3150744783356758, 0.3125446450829108, 0.3100653508511618, 0.3076359407462353, 0.30525576295074497, 0.3029241692417161, 0.30064051547084975, 0.2984041620092301, 0.2962144741581954, 0.2940708225280365, 0.2919725833861255, 0.28991913897602106, 0.28790987780903793, 0.28594419492971085, 0.2840214921565289, 0.28214117829925917, 0.2803026693541269, 0.278505388678065, 0.27674876714319546, 0.2750322432726546, 0.27335526335882604, 0.2717172815649977, 0.27011776001141186, 0.26855616884663586, 0.2670319863051347, 0.26554469875188724, 0.26409380071484684, 0.26267879490600776, 0.26129919223180303, 0.2599545117935211, 0.2586442808783956, 0.257368034941989]]","[[0.01, 0.011673645222856313, 0.01362924433757481, 0.01580189558251425, 0.018156401286789386, 0.020675366858736357, 0.02335181295334235, 0.026184704729831924, 0.029176472333467148, 0.03233154267820911, 0.03565545894047191, 0.03915435052636105, 0.04283461172189726, 0.04670270423391324, 0.05076503306286659, 0.0550278656652573, 0.05949727663418862, 0.06417910745048719, 0.06907893521760611, 0.07420204688209948, 0.07955341697138217, 0.08513768777880946, 0.09095915144809043, 0.09702173370713107, 0.10332897916657455, 0.10988403818484577, 0.11668965534179718, 0.12374815957641251, 0.13106145604199257, 0.13863101972171996, 0.14645789083260824, 0.15454267202906558, 0.16288552740013332, 0.17148618323779127, 0.18034393053808978, 0.18945768002426355, 0.19882651871927776, 0.20845016457549592, 0.21832886407972182, 0.22846329106517077, 0.23885448467000908, 0.24950381089735046, 0.2604129384383751, 0.271583823125101, 0.2830186976167457, 0.2947200642761991, 0.3066906900111718, 0.3189336023491654, 0.3314520863140036, 0.34424968185138094, 0.3573301816584958, 0.37069762933670625, 0.3843563178235488, 0.39831078808188014, 0.4125658280357403, 0.427126471748673, 0.44199799884304236, 0.45718593415977926, 0.4726960476578407, 0.48853435455197963, 0.5047071156865042, 0.5212208381417232, 0.5380822760688257, 0.5552984317480685, 0.572876556864367, 0.5908241539937119, 0.6091489782932429, 0.6278590393873132, 0.6469626034414466, 0.6664681954157098, 0.6863846014887011, 0.706720871643054, 0.727486322403087, 0.7486905397149693, 0.7703433819595242, 0.7924549830875319, 0.8150357558671402, 0.8380963952327116, 0.8616478817241485, 0.8857014850054226, 0.9102687674507017, 0.935361587786101, 0.9609921047746919, 0.9871727809319784, 1.0139163862585918, 1.0412360019764615, 1.0691450242541913, 1.0976571679068081, 1.126786470054444, 1.1565472937238812, 1.1869543313762032, 1.2180226083430938, 1.2497674861535633, 1.2822046657321033, 1.3153501904484453, 1.3492204489982351, 1.3838321780930525, 1.4192024649372712, 1.4553487494683035, 1.4922888263357885, 1.530040846594268, 1.5686233190828587, 1.6080551114643715, 1.6483554508952534, 1.689543924296629, 1.7316404781956256, 1.7746654181050463, 1.818639407408356, 1.863583465715827, 1.9095189666566021, 1.9564676350703505, 2.0044515435611316, 2.0534931083750574, 2.10361508456236, 2.154840560383527, 2.20719295091829, 2.260695990835437, 2.315373726280689, 2.371250505839235, 2.4283509705289785, 2.486700042780135, 2.5463229143565114, 2.6072450331736636, 2.6694920889691316, 2.7330899977801386, 2.7980648851845205, 2.864443068261235, 2.9322510362276115, 3.0015154297115645, 3.0722630186182935, 3.1445206785526105, 3.218315365759902, 3.293674090550967, 3.3706238891784936, 3.4491917941358383, 3.529404802852034, 3.6112898447605875, 3.6948737467236774, 3.7801831967978163, 3.867244706331915, 3.956084570394012, 4.046728826528676, 4.139203211853306, 4.233533118508221, 4.329743547482524, 4.4278590608453126, 4.52790373241981, 4.6299010969464165, 4.733874097789577, 4.839845033252581, 4.947835501574072, 5.057866344690012, 5.169957590855144, 5.284128396228531, 5.400396985538579, 5.518780591953847, 5.639295396297056, 5.761956465750801, 5.886777692214577, 6.0137717304837, 6.142949936431549, 6.274322305387058, 6.407897410909633, 6.543682344173347, 6.681682654181474, 6.821902289040937, 6.964343538534005, 7.109006978231457, 7.255891415397329, 7.4049938369402355, 7.55630935966982, 7.709831183119315, 7.8655505451961165, 8.023456680921779, 8.183536784520768, 8.345775975113622, 8.510157266264736, 8.6766615396279, 8.845267522923711, 9.015951772472276, 9.188688660492032, 9.363450367361116, 9.54020687902152, 9.718925989688325, 9.8995733100067, 10.082112280778079, 10.26650419235418, 10.45270820977339, 10.64068140368862, 10.830378787109229, 11.021753357952155, 11.214756147369187, 11.409336273788588, 11.605441002580186, 11.803015811223798, 12.002004459831863, 12.202349066848285, 12.403990189717467, 12.606866910290035, 12.810916924705603, 13.016076637467803, 13.222281259403395, 13.429464909175449, 13.637560718000657, 13.846500937203144, 14.056217048221459, 14.266639874672336, 14.47769969606409, 14.689326362744415, 14.901449411661929, 15.113998182518015, 15.32690193388552, 15.540089958873455, 15.753491699922213, 15.967036862321624, 16.180655526054657, 16.39427825558227, 16.607836207199966, 16.821261233613733, 17.03448598540214, 17.247444009052032, 17.460069841277708, 17.67229909935706, 17.884068567242885, 18.09531627723334, 18.30598158701166, 18.516005251892167, 18.72532949213648, 18.93389805523088, 19.141656273042496, 19.348551113798482, 19.554531228858014, 19.759546994272107, 19.963550547150373, 20.166495816876868, 20.368338551239138, 20.569036337555215, 20.768548618902475, 20.966836705570138, 21.163863781873395, 21.35959490848194, 21.553997020428717, 21.74703892097635, 21.938691271528658, 22.128926577782945, 22.317719172325855, 22.50504519388072, 22.690882563418356, 22.875210957345885, 23.058011777989247, 23.239268121585184, 23.41896474399728, 23.597088024368414, 23.773625926918758, 23.948567961094334, 24.121905140266232, 24.29362993917492, 24.463736250307797, 24.6322193393913, 24.799075800171575, 24.964303508650065, 25.127901576932306, 25.28987030684006, 25.450211143428472, 25.608926628541436, 25.7660203545299, 25.9214969182491, 26.075361875442514, 26.227621695611727, 26.378283717463315, 26.527356105015787, 26.674847804441786, 26.82076850171321, 26.965128581109564, 27.107939084642844, 27.249211672445533, 27.38895858416187, 27.52719260137641, 27.663927011108182, 27.799175570393306, 27.932952471973714, 28.065272311104987, 28.196150053491756, 28.325601004354937, 28.453640778631378, 28.58028527230283, 28.705550634847967, 28.82945324280827, 28.952009674455866, 29.073236685548984, 29.193151186158612, 29.31177021854793, 29.429110936084424, 29.545190583163127, 29.660026476118123, 29.773635985098352, 29.88603651688285, 29.997245498609814, 30.107280362393254, 30.216158530800556, 30.323897403163947, 30.430514342698647, 30.5360266644004, 30.640451623695053, 30.743806405812965, 30.84610811586124, 30.947373769566937, 31.047620284664806, 31.14686447290346, 31.245123032644265, 31.34241254202779, 31.438749452683084, 31.534150083955613, 31.62863061763037, 31.72220709312705, 31.814895403145016, 31.90671128973628, 31.997670340785415, 32.087787986875945, 32.17707949852344, 32.265559983756155, 32.35324438602478, 32.44014748242343, 32.52628388220474, 32.61166802557251, 32.69631418273602, 32.78023645321066, 32.86344876535043, 32.94596487609793, 33.02779837093872, 33.108962664046814, 33.18947099860928, 33.269336447317926, 33.34857191301696, 33.427190129495806, 33.50520366241686, 33.58262491036846, 33.6594661060337, 33.735739317466354, 33.81145644946544, 33.88662924504043, 33.96126928695965, 34.03538799937451, 34.10899664951295, 34.18210634943551, 34.25472805784792, 34.32687258196462, 34.39855057941753, 34.46977256020504, 34.54054888867636, 34.61088978554668, 34.68080532993868, 34.75030546144653, 34.819399982218435, 34.88809855905416, 34.95641072551416, 35.024345884037245, 35.09191330806366, 35.15912214416094, 35.225981414149906, 35.2925000172284, 35.358686732090405, 35.42455021903861, 35.4900990220883, 35.55534157106087, 35.620286183665144]]","[array([6.37688001e-05, 6.00799169e-05, 5.86664978e-05, 5.87303122e-05,
       5.97889995e-05, 6.15498713e-05, 6.38327464e-05, 6.65248952e-05,
       6.95546264e-05, 7.28753004e-05, 7.64556440e-05, 8.02738478e-05,
       8.43139457e-05, 8.85635747e-05, 9.30125733e-05, 9.76520924e-05,
       1.02474023e-04, 1.07470623e-04, 1.12634266e-04, 1.17957276e-04,
       1.23431818e-04, 1.29049819e-04, 1.34802925e-04, 1.40682473e-04,
       1.46679480e-04, 1.52784640e-04, 1.58988338e-04, 1.65280666e-04,
       1.71651447e-04, 1.78090263e-04, 1.84586488e-04, 1.91129325e-04,
       1.97707844e-04, 2.04311023e-04, 2.10927852e-04, 2.17548971e-04,
       2.24169970e-04, 2.30790900e-04, 2.37414573e-04, 2.44045475e-04,
       2.50689095e-04, 2.57351524e-04, 2.64039201e-04, 2.70758764e-04,
       2.77516952e-04, 2.84320548e-04, 2.91176343e-04, 2.98091111e-04,
       3.05071602e-04, 3.12124527e-04, 3.19256560e-04, 3.26474333e-04,
       3.33784440e-04, 3.41193437e-04, 3.48707844e-04, 3.56334152e-04,
       3.64078824e-04, 3.71948304e-04, 3.79949015e-04, 3.88087371e-04,
       3.96369781e-04, 4.04802653e-04, 4.13392398e-04, 4.22145441e-04,
       4.31068223e-04, 4.40167207e-04, 4.49448883e-04, 4.58919776e-04,
       4.68586447e-04, 4.78455502e-04, 4.88533596e-04, 4.98827437e-04,
       5.09343788e-04, 5.20089476e-04, 5.31071395e-04, 5.42296508e-04,
       5.53771850e-04, 5.65504534e-04, 5.77501753e-04, 5.89770784e-04,
       6.02318985e-04, 6.15153807e-04, 6.28282785e-04, 6.41713550e-04,
       6.55453823e-04, 6.69511418e-04, 6.83894244e-04, 6.98610305e-04,
       7.13667698e-04, 7.29074615e-04, 7.44839341e-04, 7.60970254e-04,
       7.77475819e-04, 7.94364594e-04, 8.11645218e-04, 8.29326417e-04,
       8.47416993e-04, 8.65925823e-04, 8.84861858e-04, 9.04234110e-04,
       9.24051652e-04, 9.44323612e-04, 9.65059161e-04, 9.86267511e-04,
       1.00795790e-03, 1.03013960e-03, 1.05282187e-03, 1.07601399e-03,
       1.09972522e-03, 1.12396480e-03, 1.14874193e-03, 1.17406576e-03,
       1.19994538e-03, 1.22638980e-03, 1.25340791e-03, 1.28100852e-03,
       1.30920027e-03, 1.33799166e-03, 1.36739102e-03, 1.39740647e-03,
       1.42804592e-03, 1.45931703e-03, 1.49122718e-03, 1.52378347e-03,
       1.55699265e-03, 1.59086115e-03, 1.62539498e-03, 1.66059976e-03,
       1.69648066e-03, 1.73304235e-03, 1.77028902e-03, 1.80822427e-03,
       1.84685113e-03, 1.88617203e-03, 1.92618869e-03, 1.96690217e-03,
       2.00831278e-03, 2.05042002e-03, 2.09322259e-03, 2.13671834e-03,
       2.18090419e-03, 2.22577610e-03, 2.27132908e-03, 2.31755707e-03,
       2.36445295e-03, 2.41200847e-03, 2.46021422e-03, 2.50905962e-03,
       2.55853281e-03, 2.60862066e-03, 2.65930874e-03, 2.71058125e-03,
       2.76242102e-03, 2.81480943e-03, 2.86772644e-03, 2.92115052e-03,
       2.97505864e-03, 3.02942624e-03, 3.08422723e-03, 3.13943396e-03,
       3.19501721e-03, 3.25094618e-03, 3.30718852e-03, 3.36371028e-03,
       3.42047595e-03, 3.47744848e-03, 3.53458927e-03, 3.59185823e-03,
       3.64921377e-03, 3.70661287e-03, 3.76401110e-03, 3.82136267e-03,
       3.87862052e-03, 3.93573631e-03, 3.99266057e-03, 4.04934272e-03,
       4.10573117e-03, 4.16177339e-03, 4.21741603e-03, 4.27260501e-03,
       4.32728563e-03, 4.38140267e-03, 4.43490049e-03, 4.48772322e-03,
       4.53981482e-03, 4.59111922e-03, 4.64158049e-03, 4.69114296e-03,
       4.73975135e-03, 4.78735091e-03, 4.83388760e-03, 4.87930821e-03,
       4.92356051e-03, 4.96659337e-03, 5.00835697e-03, 5.04880288e-03,
       5.08788423e-03, 5.12555585e-03, 5.16177437e-03, 5.19649840e-03,
       5.22968861e-03, 5.26130787e-03, 5.29132135e-03, 5.31969663e-03,
       5.34640379e-03, 5.37141550e-03, 5.39470709e-03, 5.41625663e-03,
       5.43604500e-03, 5.45405590e-03, 5.47027593e-03, 5.48469460e-03,
       5.49730434e-03, 5.50810053e-03, 5.51708149e-03, 5.52424845e-03,
       5.52960554e-03, 5.53315977e-03, 5.53492095e-03, 5.53490169e-03,
       5.53311728e-03, 5.52958566e-03, 5.52432733e-03, 5.51736526e-03,
       5.50872480e-03, 5.49843357e-03, 5.48652138e-03, 5.47302009e-03,
       5.45796349e-03, 5.44138723e-03, 5.42332864e-03, 5.40382662e-03,
       5.38292153e-03, 5.36065504e-03, 5.33707001e-03, 5.31221036e-03,
       5.28612093e-03, 5.25884737e-03, 5.23043598e-03, 5.20093361e-03,
       5.17038756e-03, 5.13884539e-03, 5.10635487e-03, 5.07296384e-03,
       5.03872010e-03, 5.00367130e-03, 4.96786487e-03, 4.93134789e-03,
       4.89416701e-03, 4.85636839e-03, 4.81799757e-03, 4.77909945e-03,
       4.73971818e-03, 4.69989713e-03, 4.65967880e-03, 4.61910478e-03,
       4.57821571e-03, 4.53705124e-03, 4.49564996e-03, 4.45404940e-03,
       4.41228600e-03, 4.37039508e-03, 4.32841079e-03, 4.28636617e-03,
       4.24429305e-03, 4.20222211e-03, 4.16018285e-03, 4.11820359e-03,
       4.07631146e-03, 4.03453246e-03, 3.99289138e-03, 3.95141191e-03,
       3.91011656e-03, 3.86902675e-03, 3.82816279e-03, 3.78754392e-03,
       3.74718829e-03, 3.70711303e-03, 3.66733427e-03, 3.62786711e-03,
       3.58872573e-03, 3.54992335e-03, 3.51147227e-03, 3.47338393e-03,
       3.43566889e-03, 3.39833692e-03, 3.36139696e-03, 3.32485719e-03,
       3.28872505e-03, 3.25300727e-03, 3.21770990e-03, 3.18283831e-03,
       3.14839728e-03, 3.11439096e-03, 3.08082293e-03, 3.04769623e-03,
       3.01501338e-03, 2.98277638e-03, 2.95098679e-03, 2.91964570e-03,
       2.88875378e-03, 2.85831131e-03, 2.82831817e-03, 2.79877389e-03,
       2.76967768e-03, 2.74102839e-03, 2.71282463e-03, 2.68506468e-03,
       2.65774658e-03, 2.63086812e-03, 2.60442688e-03, 2.57842022e-03,
       2.55284528e-03, 2.52769905e-03, 2.50297835e-03, 2.47867983e-03,
       2.45480001e-03, 2.43133528e-03, 2.40828192e-03, 2.38563609e-03,
       2.36339387e-03, 2.34155125e-03, 2.32010414e-03, 2.29904839e-03,
       2.27837980e-03, 2.25809410e-03, 2.23818700e-03, 2.21865415e-03,
       2.19949122e-03, 2.18069380e-03, 2.16225751e-03, 2.14417794e-03,
       2.12645068e-03, 2.10907133e-03, 2.09203549e-03, 2.07533876e-03,
       2.05897677e-03, 2.04294517e-03, 2.02723963e-03, 2.01185583e-03,
       1.99678949e-03, 1.98203637e-03, 1.96759225e-03, 1.95345296e-03,
       1.93961436e-03, 1.92607235e-03, 1.91282287e-03, 1.89986191e-03,
       1.88718552e-03, 1.87478976e-03, 1.86267078e-03, 1.85082475e-03,
       1.83924791e-03, 1.82793654e-03, 1.81688697e-03, 1.80609559e-03,
       1.79555884e-03, 1.78527321e-03, 1.77523526e-03, 1.76544159e-03,
       1.75588885e-03, 1.74657376e-03, 1.73749308e-03, 1.72864363e-03,
       1.72002230e-03])]","[[0, 6.376880005047202e-05, 0.00012384871691641303, 0.0001825152146708144, 0.00024124552686846215, 0.00030103452637667493, 0.00036258439762768186, 0.0004264171440578532, 0.0004929420392835373, 0.0005624966656821969, 0.0006353719660994481, 0.0007118276101263278, 0.0007921014579418667, 0.0008764154036436782, 0.0009649789783468512, 0.0010579915516203697, 0.0011556436440516816, 0.00125811766745053, 0.0013655882905951175, 0.001478222556429234, 0.001596179832631349, 0.0017196116503472192, 0.0018486614689228224, 0.001983464393683897, 0.0021241468667719454, 0.002270826346312951, 0.0024236109858880497, 0.0025825993238641595, 0.0027478799903042556, 0.0029195314377142554, 0.0030976217006750428, 0.0032822081883790476, 0.0034733375131942253, 0.0036710453575849312, 0.0038753563810103933, 0.00408628423269158, 0.004303833203259691, 0.0045280031731106014, 0.004758794072832209, 0.004996208646197397, 0.005240254121250161, 0.005490943216446904, 0.005748294740228662, 0.0060123339412702865, 0.006283092705339511, 0.006560609657491284, 0.006844930205721372, 0.007136106548457792, 0.0074341976598941975, 0.007739269262053105, 0.008051393789326856, 0.008370650349303076, 0.00869712468246753, 0.00903090912260526, 0.009372102559217785, 0.009720810402935535, 0.010077144554667825, 0.010441223379059441, 0.010813171682690675, 0.011193120697352586, 0.011581208068643194, 0.011977577850058006, 0.012382380502686688, 0.012795772900574619, 0.013217918341762253, 0.013648986564975377, 0.014089153771905004, 0.014538602654985716, 0.014997522430555547, 0.0154661088772581, 0.015944564379528323, 0.01643309797598656, 0.016931925412550872, 0.017441269200064734, 0.01796135867622572, 0.018492430071590557, 0.019034726579422217, 0.019588498429136007, 0.020154002963092846, 0.020731504716479644, 0.021321275500008258, 0.021923594485155854, 0.0225387482916608, 0.02316703107697879, 0.023808744627394237, 0.024464198450471594, 0.02513370986852023, 0.02581760411273475, 0.026516214417660177, 0.027229882115618033, 0.027958956730715138, 0.028703796072042046, 0.029464766325651835, 0.03024224214489331, 0.03103660673865476, 0.03184825195705572, 0.03267757837410463, 0.03352499536681958, 0.03439092119028813, 0.03527578304811978, 0.036180017157721484, 0.03710406880980292, 0.0380483924214933, 0.03901345158242632, 0.039999719093123845, 0.0410076769949822, 0.04203781659113809, 0.04309063845746352, 0.044166652442911465, 0.045266377658405986, 0.04639034245344246, 0.04753908437953565, 0.04871315013962562, 0.0499130955225239, 0.05113948532145566, 0.052392893235727545, 0.053673901754525334, 0.054983102021821946, 0.05632109368135345, 0.05768848470059981, 0.05908589117268809, 0.060513937095118916, 0.061973254124202896, 0.06346448130408185, 0.06498826476920185, 0.06654525741910007, 0.06813611856436674, 0.0697615135426469, 0.07142211330355494, 0.07311859396138846, 0.07485163631454643, 0.07662192533058187, 0.07843014959585087, 0.08027700072875726, 0.0821631727556387, 0.08408936144839281, 0.08605626362300389, 0.08806457639820094, 0.09011499641355722, 0.0922082190064306, 0.0943449373472426, 0.09652584153270329, 0.09875161763670855, 0.10102294671876703, 0.10334050378995518, 0.10570495673655148, 0.10811696520166521, 0.11057717942535003, 0.11308623904387921, 0.11564477184905708, 0.11825339250864973, 0.12091270124923689, 0.12362328250301614, 0.12638570352032913, 0.12920051294992682, 0.13206823938924608, 0.13498938990723222, 0.1379644485425104, 0.1409938747799813, 0.14407810200919277, 0.1472175359681163, 0.1504125531762355, 0.15366349936112875, 0.1569706878830004, 0.1603343981618807, 0.16375487411247253, 0.16723232259186985, 0.17076691186560702, 0.17435877009771758, 0.17800798387068054, 0.18171459674131366, 0.18547860783882897, 0.1892999705113973, 0.1931785910276708, 0.1971143273397843, 0.20110698791439427, 0.20515633063831695, 0.20926206180529203, 0.21342383519032432, 0.21764125121793862, 0.22191385623052642, 0.22624114186275932, 0.23062254452779846, 0.23505744502073805, 0.23954516824438432, 0.2440849830620915, 0.2486761022819523, 0.2533176827761741, 0.2580088257389661, 0.2627485770857173, 0.2675359279956654, 0.27236981559964385, 0.2772491238138525, 0.28217268431993187, 0.2871392776909311, 0.2921476346620612, 0.29719643754440567, 0.3022843217790463, 0.3074098776283372, 0.3125716520003491, 0.3177681504018003, 0.32299783901410445, 0.3282591468865014, 0.3335504682395999, 0.3388701648720593, 0.3442165686625718, 0.3495879841587871, 0.35498269124434806, 0.36039894787478416, 0.365834992872647, 0.3712890487719632, 0.3767593247018374, 0.3822440192988549, 0.3877413236378195, 0.3932494241703079, 0.39876650566053917, 0.4042907541081363, 0.4098203596475009, 0.41535351941372906, 0.42088844036526035, 0.42642334205377813, 0.4319564593322539, 0.4374860449924574, 0.44301037232372575, 0.44852773758530085, 0.4540364623850939, 0.4595348959583187, 0.46502141734004476, 0.47049443742634905, 0.47595240091939284, 0.4813937881524033, 0.48681711679120215, 0.4922209434095827, 0.49760386493649306, 0.5029645199736288, 0.5083015899826713, 0.5136138003420202, 0.5188999212734617, 0.524158768639781, 0.5293892046148635, 0.534590138228341, 0.5397605257873076, 0.5448993711780747, 0.5500057260513339, 0.5550786898944633, 0.5601174099950407, 0.565121081299914, 0.5700889461744333, 0.5750202940666579, 0.5799144610815316, 0.5847708294701544, 0.5895888270393863, 0.5943679264870885, 0.5991076446683431, 0.6038075417980057, 0.6084672205949182, 0.6130863253730677, 0.6176645410849013, 0.6222015923219153, 0.6266972422775212, 0.6311512916770592, 0.6355635776796795, 0.6399339727566505, 0.6442623835504772, 0.6485487497190271, 0.6527930427686709, 0.6569952648802385, 0.6611554477313965, 0.6652736513188341, 0.6693499627834459, 0.6733844952414806, 0.6773773866244225, 0.6813287985301626, 0.6852389150878132, 0.6891079418383195, 0.692936104632828, 0.6967236485505802, 0.700470836837919, 0.7041779498698156, 0.7078452841351587, 0.7114731512468816, 0.7150618769778526, 0.7186118003233021, 0.7221232725904262, 0.7255966565156731, 0.7290323254100946, 0.7324306623330344, 0.7357920592943133, 0.7391169164849747, 0.7424056415365622, 0.7456586488088159, 0.7488763587055968, 0.7520591970187777, 0.7552075942997787, 0.7583219852583625, 0.7614028081882576, 0.7644505044191306, 0.7674655177943883, 0.7704482941742541, 0.7733992809635367, 0.7763189266634795, 0.7792076804470587, 0.7820659917570832, 0.7848943099264319, 0.7876930838197558, 0.7904627614959652, 0.7932037898908176, 0.7959166145189194, 0.7986016791944555, 0.8012594257699673, 0.8038902938924979, 0.8064947207764356, 0.8090731409923936, 0.8116259862714716, 0.8141536853242595, 0.8166566636739501, 0.8191353435029486, 0.8215901435123719, 0.8240214787938505, 0.8264297607130598, 0.8288153968044236, 0.8311787906764444, 0.8335203419271383, 0.8358404460690623, 0.8381394944634409, 0.8404178742629165, 0.8426759683624595, 0.8449141553579994, 0.8471328095123433, 0.8493323007279733, 0.8515129945263257, 0.853675252033171, 0.8558194299697298, 0.8579458806491751, 0.8600549519781839, 0.8621469874632182, 0.8642223262212271, 0.8662813029944781, 0.8683242481692353, 0.8703514877980173, 0.8723633436251823, 0.8743601331155936, 0.8763421694861364, 0.8783097617398665, 0.88026321470258, 0.8822028290616064, 0.8841289014066372, 0.8860417242724096, 0.8879415861830767, 0.8898287716981051, 0.8917035614595453, 0.8935662322405339, 0.8954170569948903, 0.8972563049076812, 0.8990842414466306, 0.9009011284142626, 0.9027072240006696, 0.9045027828368044, 0.9062880560482013, 0.9080632913090382, 0.9098287328964546, 0.911584621745048, 0.9133311955014742, 0.9150686885790841, 0.9167973322125306, 0.9185173545122886]]"
50.0,80.0,4,30,270,I1-S1,"[[0.01, 0.009218546420913139, 0.008861068736292907, 0.008775059817687893, 0.008868448502353592, 0.009085537651525371, 0.009392316826698948, 0.009767676546866591, 0.010198362147048244, 0.01067595764208534, 0.011195067912437313, 0.011752217383683664, 0.012345177995870139, 0.012972554892547077, 0.013633527395790011, 0.014327684102259501, 0.015054915537046878, 0.015815342453904202, 0.016609266592575726, 0.017437135897593034, 0.018299519299687605, 0.019197088012897164, 0.02013060141364797, 0.021100896242792076, 0.022108878285568113, 0.023155515942921503, 0.024241835272753073, 0.025368916188241324, 0.026537889574186777, 0.027749935134309612, 0.029006279820347054, 0.03030819672233887, 0.031657004321547444, 0.03305406602485567, 0.03450078991340696, 0.03599868736700629, 0.03754996847763954, 0.03915786766141882, 0.040826298367276276, 0.042559575635076057, 0.044362240535664274, 0.04623895406198493, 0.04819443781179775, 0.05023344564949131, 0.052360755389048025, 0.05458117297406797, 0.05689954405041336, 0.05932076952281108, 0.06184982286657871, 0.06449176777868175, 0.06725177530562979, 0.07013513995603625, 0.0731472945479403, 0.07629382369442922, 0.07958047592356807, 0.08301317447984068, 0.08659802687805929, 0.09034133328663768, 0.09424959381187213, 0.09832951474293997, 0.10258801380171083, 0.10703222442413059, 0.11166949908211689, 0.1165074116373437, 0.1215537587014022, 0.12681655996080984, 0.13230405741026147, 0.1380247134233668, 0.14398720757684125, 0.15020043213164552, 0.15667348606283596, 0.1634156675188374, 0.1704364645804506, 0.177745544180144, 0.1853527390330736, 0.19326803242286628, 0.20150154067756657, 0.21006349316438555, 0.21896420962613672, 0.22821407467765648, 0.2378235092772816, 0.24780293898680886, 0.2581627588335446, 0.2689132945903408, 0.2800647602942114, 0.291627211831559, 0.3036104964285648, 0.3160241978992784, 0.3288775775217659, 0.3421795104347394, 0.3559384174737824, 0.37016219239801007, 0.3848581244951236, 0.40003281659569934, 0.41569209857649625, 0.4318409364878385, 0.448483337501917, 0.4656222509472562, 0.483259465769608, 0.501395504841019, 0.520029516626494, 0.539159164811079, 0.5587805165886622, 0.5788879304164691, 0.5994739441449932, 0.6205291645406149, 0.6420421593257719, 0.6639993529673752, 0.6863849275460431, 0.7091807301342167, 0.7323661881976535, 0.7559182346092657, 0.7798112439237149, 0.8040169816023949, 0.8285045678981653, 0.8532404581042379, 0.878188440838827, 0.9033096559736886, 0.9285626337179348, 0.9539033562364388, 0.9792853430132531, 1.0046597609639618, 1.0299755600568563, 1.055179634922246, 1.080217012614157, 1.1050310663422773, 1.1295637546185648, 1.1537558848678957, 1.1775474001420372, 1.2008776871586542, 1.2236859034704677, 1.245911321163258, 1.267493684094833, 1.2883735753302807, 1.3084927911116595, 1.3277947174322626, 1.3462247050755087, 1.3637304388341653, 1.3802622965534301, 1.3957736936462362, 1.4102214088139722, 1.4235658868715888, 1.4357715148215755, 1.4468068676431725, 1.456644920655875, 1.46526322577225, 1.4726440494649067, 1.4787744708252195, 1.4836464386749075, 1.4872567872928124, 1.489607210924744, 1.4907041978405933, 1.4905589252770164, 1.4891871171435964, 1.4866088668644415, 1.4828484281660665, 1.4779339769982915, 1.4718973480817925, 1.4647737498099567, 1.4566014613918816, 1.4474215162078479, 1.4372773753603278, 1.4262145953462904, 1.4142804936553783, 1.4015238159199133, 1.387994408014024, 1.3737428962285667, 1.3588203783443904, 1.3432781280975137, 1.3271673151843888, 1.3105387426017725, 1.2934426027614034, 1.2759282534715861, 1.2580440145420255, 1.2398369854500315, 1.2213528842098174, 1.2026359073154054, 1.183728610384047, 1.1646718089126498, 1.145504498375228, 1.126263792734894, 1.1069848803187956, 1.0877009959075288, 1.068443407820342, 1.0492414187319699, 1.0301223789340157, 1.0111117107510867, 0.9922329428369484, 0.9735077531063382, 0.9549560191013444, 0.9365958746450785, 0.9184437716975313, 0.9005145463969553, 0.8828214883429669, 0.8653764122531266, 0.8481897312015212, 0.8312705307245625, 0.8146266431546882, 0.798264721616014, 0.7821903131864578, 0.7664079307978762, 0.7509211235088543, 0.7357325448436753, 0.720844018945467, 0.7062566043414785, 0.6919706551638857, 0.6779858797105066, 0.664301396266463, 0.6509157861403132, 0.6378271438967142, 0.6250331247924727, 0.6125309894441721, 0.6003176457736698, 0.5883896882929157, 0.5767434348020046, 0.5653749605844097, 0.5542801301912014, 0.5434546269119628, 0.5328939800343172, 0.5225935899966797, 0.5125487515402389, 0.5027546749664542, 0.4932065056056738, 0.4838993416009989, 0.4748282501093811, 0.46598828201925, 0.45737448528085634, 0.4489819169420616, 0.44080565397860444, 0.4328408030039934, 0.4250825089401841, 0.41752596272614934, 0.41016640813738503, 0.4029991477853635, 0.3960195483619644, 0.3892230451900263, 0.38260514613737573, 0.37616143494802995, 0.36988757404074535, 0.3637793068217029, 0.35783245955489396, 0.3520429428306968, 0.34640675267021664, 0.34091997130020346, 0.3355787676307555, 0.33037939746556333, 0.3253182034721456, 0.3203916149373648, 0.3155961473314909, 0.31092840170218833, 0.30638506391804304, 0.3019629037796018, 0.2976587740143722, 0.29346960917081377, 0.2893924244250367, 0.28542431431270726, 0.28156245139753283, 0.2778040848866604, 0.27414653920235876, 0.27058721251847256, 0.26712357526931774, 0.26375316863793874, 0.26047360302995753, 0.25728255653861004, 0.2541777734059839, 0.25115706248494046, 0.24821829570571247, 0.24535940655072472, 0.24257838854077618, 0.2398732937353487, 0.23724223124946822, 0.2346833657892339, 0.2321949162078497, 0.2297751540837354, 0.22742240232206176, 0.22513503378084448, 0.22291146992253824, 0.22075017949190165, 0.21864967722074619, 0.21660852256004198, 0.21462531843972707, 0.21269871005645252, 0.21082738368939408, 0.20901006554417006, 0.20724552062482368, 0.20553255163375603, 0.20386999789943172, 0.20225673433162278, 0.20069167040390648, 0.19917374916308975, 0.1977019462651942, 0.1962752690376037, 0.19489275556694813, 0.19355347381227278, 0.19225652074302332, 0.19100102150135895, 0.18978612858829352, 0.1886110210731532, 0.18747490382583087, 0.1863770067713124, 0.18531658416594485, 0.1842929138949153, 0.18330529679040833, 0.18235305596991086, 0.18143553619413577, 0.18055210324403825, 0.17970214331640405, 0.17888506243749328, 0.17810028589422966, 0.17734725768243154, 0.17662543997158828, 0.17593431258569325, 0.17527337249965222, 0.17464213335079495, 0.17404012496502588, 0.17346689289715886, 0.17292199798498972, 0.17240501591666965, 0.1719155368109514, 0.17145316480988992, 0.1710175176835876, 0.1706082264465841, 0.17022493498549954, 0.16986729969754905, 0.16953498913955578, 0.16922768368709792, 0.1689450752034348, 0.16868686671786493, 0.16845277211317808, 0.16824251582187133, 0.16805583253080758, 0.16789246689400264, 0.1677521732532353, 0.16763471536618213, 0.16753986614178637, 0.16746740738257762, 0.16741712953366614, 0.16738883143814257, 0.16738232009862042, 0.16739741044466577, 0.16743392510586447, 0.16749169419028384, 0.16757055506809146, 0.1676703521601003, 0.16779093673101406, 0.16793216668715344, 0.1680939063784483, 0.1682760264044867, 0.1684784034244168, 0.16870091997050235, 0.168943464265137, 0.16920593004112877, 0.1694882163650685, 0.16979022746360256, 0.1701118725524329, 0.17045306566787274, 0.17081372550078977, 0.17119377523277296, 0.171593142374363, 0.17201175860519013, 0.1724495596158671, 0.1729064849514883, 0.1733824778565902, 0.1738774851214315, 0.17439145692945485, 0.1749243467057959]]","[[0.01, 0.011673645222856313, 0.01362924433757481, 0.01580189558251425, 0.018156401286789386, 0.020675366919124725, 0.023351816377521005, 0.026184740275250182, 0.029176655391579723, 0.03233218546016258, 0.03565723246696602, 0.03915849765975994, 0.04284320894840608, 0.046718969405265154, 0.050793676308054043, 0.055075480895796426, 0.05957277133996579, 0.06429416874244234, 0.06924853028583776, 0.07444495619396953, 0.07989279863630362, 0.08560167156259851, 0.09158146093999285, 0.09784233513685993, 0.10439475534596002, 0.11124948601670336, 0.11841760530363837, 0.12591051555355592, 0.13373995385715487, 0.14191800268888033, 0.15045710065355397, 0.15937005335250293, 0.16867004437594085, 0.17837064642277467, 0.1884858325439518, 0.1990300492581063, 0.210018901426117, 0.2214697220349679, 0.233401447650748, 0.2458344771140385, 0.2587905747381264, 0.27229280738575423, 0.2863655075100745, 0.3010342562053617, 0.31632588176779547, 0.3322684703541217, 0.34889138614320186, 0.36622529902171025, 0.384302218280839, 0.403155531162744, 0.42282004536102363, 0.44333203477924205, 0.4647292880008189, 0.4870511590341605, 0.5103386199775517, 0.5346343153057856, 0.5599826175198971, 0.5864296839265742, 0.6140235143278256, 0.6428140094065006, 0.6728530295910291, 0.704194454174522, 0.7368942404501359, 0.7710104826070743, 0.8066034701103088, 0.843735745262464, 0.882472159618622, 0.9228799288942824, 0.9650286859735587, 1.0089905315890337, 1.054840082206672, 1.102654514608923, 1.1525136066267874, 1.2044997734272966, 1.2586980987167826, 1.3151963601726757, 1.37408504836765, 1.4354573784000435, 1.4994092933939733, 1.5660394589819155, 1.6354492478321982, 1.7077427132345104, 1.7830265507087952, 1.8614100465575942, 1.9430050122399036, 2.0279257034068774, 2.116288722407383, 2.208212903045676, 2.303819176355628, 2.40323041614748, 2.5065712630854855, 2.613967926069734, 2.725547959724595, 2.8414400168413887, 2.9617735746858918, 3.086678634164002, 3.216285390943118, 3.3507238777543598, 3.4901235772533226, 3.634613004996224, 3.7843192622953206, 3.9393675589535135, 4.099880706143796, 4.265978579994965, 4.437777556770672, 4.615389920883648, 4.798923247369518, 4.988479760852753, 5.1841556734682905, 5.386040504652267, 5.594216386179603, 5.808757356299217, 6.029728647292896, 6.2571859712538975, 6.4911748093377675, 6.731729710171576, 6.978873603508849, 7.232617135575589, 7.492958032857099, 7.759880501314998, 8.033354668188103, 8.313336073609275, 8.59976521925351, 8.892567181111724, 9.191651293252953, 9.496910909089602, 9.808223246192808, 10.12544932011704, 10.448433971986548, 10.777005993776015, 11.11097835429108, 11.450148527832189, 11.794298926420861, 12.14319743529719, 12.496598050180149, 12.854241613538836, 13.215856645875716, 13.581160266796028, 13.949859199454814, 14.321650850858658, 14.696224459476266, 15.073262300702206, 15.452440939940894, 15.833432522449892, 16.215906088616308, 16.599528903047105, 16.98396778573919, 17.368890433659786, 17.75396672130901, 18.138869969248127, 18.52327817014787, 18.906875162627518, 19.289351743999983, 19.670406713991316, 20.04974784254363, 20.427092755915695, 20.802169736442416, 21.1747184324803, 21.544490476228106, 21.9112500082501, 22.27477410862375, 22.634853135667743, 22.991290974165427, 23.34390519587078, 23.692527135860292, 24.0370018889677, 24.37718823110591, 24.712958470740542, 25.044198236133116, 25.370806204222525, 25.692693777165818, 26.009784712620075, 26.32201471382383, 26.62933098543766, 26.931691760938126, 27.22906580713684, 27.521431911126207, 27.808778354644637, 28.091102380515743, 28.368409655456418, 28.640713733175595, 28.908035521305923, 29.170402755330755, 29.42784948229431, 29.680415556718266, 29.928146150797243, 30.171091280611797, 30.409305349783196, 30.64284671170094, 30.871777251183307, 31.09616198618331, 31.316068689928066, 31.531567533678132, 31.742730750114628, 31.94963231720481, 32.15234766226066, 32.35095338578833, 32.54552700462815, 32.73614671380347, 32.92289116643114, 33.10583927099477, 33.28507000524335, 33.46066224595048, 33.63269461375252, 33.80124533227543, 33.966392100760046, 34.12821197940118, 34.28678128662812, 34.44217550757037, 34.594469212972804, 34.743735987848034, 34.89004836917945, 35.03347779201638, 35.1740945433316, 35.31196772304161, 35.4471652116201, 35.57975364376575, 35.70979838761566, 35.83736352902562, 35.96251186046752, 36.0853048741229, 36.20580275877888, 36.32406440015958, 36.440147384351235, 36.554108004003815, 36.666001267015005, 36.775880907424344, 36.88379939826622, 36.9898079661499, 37.09395660735345, 37.196294105235545, 37.296868048785626, 37.39572485214783, 37.4929097749686, 37.58846694343086, 37.68243937185007, 37.774868984718864, 37.86579663909755, 37.95526214725759, 38.043304299494146, 38.12996088703232, 38.21526872495919, 38.29926367512107, 38.38198066893179, 38.46345373004384, 38.54371599683974, 38.62279974470601, 38.70073640805668, 38.777556602077574, 38.853290144166365, 38.927966075046896, 39.001612679539484, 39.07425750697181, 39.14592739121757, 39.21664847035244, 39.286446205919205, 39.35534540179551, 39.42337022265983, 39.49054421205247, 39.55689031003014, 39.622430870413524, 39.68718767762876, 39.75118196314456, 39.814434421507464, 39.876965225978836, 39.938794043777534, 39.999940050933, 40.06042194675399, 40.12025796791865, 40.17946590219182, 40.23806310177617, 40.29606649630359, 40.353492605473825, 40.41035755134742, 40.46667707030002, 40.522466524645544, 40.577740913935344, 40.63251488594101, 40.686802747328095, 40.74061847402823, 40.79397572131716, 40.84688783360586, 40.89936785395228, 40.951428533300756, 41.00308233945648, 41.054341465801876, 41.10521783976204, 41.155723131026, 41.20586875953059, 41.255665903213554, 41.30512550554241, 41.35425828282533, 41.40307473131044, 41.451585134079515, 41.49979956774207, 41.54772790893565, 41.595379840637996, 41.6427648582967, 41.68989227578164, 41.73677123116549, 41.7834106923375, 41.82981946245537, 41.87600618524023, 41.92197935011934, 41.967747297221074, 42.013318222226694, 42.058700181083154, 42.103901094581204, 42.14892875280275, 42.193790819441524, 42.23849483600073, 42.28304822587153, 42.32745829829578, 42.371732252216624, 42.41587718002021, 42.459900071171816, 42.503807815749475, 42.54760720787817, 42.59130494906758, 42.63490765145603, 42.67842184096366, 42.721853960357116, 42.76521037222866, 42.80849736189182, 42.85172114019626, 42.894887846263906, 42.93800355014865, 42.98107425542175, 43.02410590168494, 43.067104367013194, 43.11007547032905, 43.15302497371035, 43.19595858463306, 43.23888195815086, 43.28180069901319, 43.32472036372311, 43.367646462536726, 43.410584461405236, 43.45353978386128, 43.49651781285066, 43.53952389251075, 43.58256332989675, 43.6256413966569, 43.66876333065776, 43.711934337560436, 43.75515959234889, 43.7984442408111, 43.841793400974, 43.88521216449297, 43.928705597996704, 43.97227874438808, 44.015936624101776, 44.05968423631927, 44.10352656014173, 44.14746855572146, 44.191515165352286, 44.23567131451943, 44.27994191290929, 44.32433185537948, 44.36884602288951, 44.41348928339241, 44.458266492687606, 44.503182495235286, 44.548242124932415, 44.593450205850694, 44.6388115529365]]","[array([6.37688001e-05, 6.00799169e-05, 5.86664978e-05, 5.87303122e-05,
       5.97889996e-05, 6.15498775e-05, 6.38328358e-05, 6.65254420e-05,
       6.95567422e-05, 7.28814737e-05, 7.64705382e-05, 8.03052124e-05,
       8.43735990e-05, 8.86684260e-05, 9.31856593e-05, 9.79236106e-05,
       1.02882350e-04, 1.08063309e-04, 1.13469003e-04, 1.19102832e-04,
       1.24968941e-04, 1.31072103e-04, 1.37417646e-04, 1.44011381e-04,
       1.50859559e-04, 1.57968830e-04, 1.65346216e-04, 1.72999089e-04,
       1.80935150e-04, 1.89162423e-04, 1.97689241e-04, 2.06524245e-04,
       2.15676373e-04, 2.25154863e-04, 2.34969331e-04, 2.45131716e-04,
       2.55660297e-04, 2.66579089e-04, 2.77915641e-04, 2.89699551e-04,
       3.01961536e-04, 3.14732893e-04, 3.28045217e-04, 3.41930281e-04,
       3.56420026e-04, 3.71546616e-04, 3.87342530e-04, 4.03840673e-04,
       4.21074493e-04, 4.39078095e-04, 4.57886358e-04, 4.77535029e-04,
       4.98060828e-04, 5.19501525e-04, 5.41896020e-04, 5.65284411e-04,
       5.89708052e-04, 6.15209607e-04, 6.41833095e-04, 6.69623925e-04,
       6.98628934e-04, 7.28896406e-04, 7.60476094e-04, 7.93419232e-04,
       8.27778543e-04, 8.63608231e-04, 9.00963981e-04, 9.39902933e-04,
       9.80483664e-04, 1.02276615e-03, 1.06681171e-03, 1.11268299e-03,
       1.16044382e-03, 1.21015923e-03, 1.26189527e-03, 1.31571896e-03,
       1.37169812e-03, 1.42990126e-03, 1.49039742e-03, 1.55325595e-03,
       1.61854638e-03, 1.68633812e-03, 1.75670026e-03, 1.82970130e-03,
       1.90540882e-03, 1.98388921e-03, 2.06520725e-03, 2.14942581e-03,
       2.23660537e-03, 2.32680363e-03, 2.42007501e-03, 2.51647017e-03,
       2.61603545e-03, 2.71881236e-03, 2.82483692e-03, 2.93413911e-03,
       3.04674217e-03, 3.16266194e-03, 3.28190620e-03, 3.40447391e-03,
       3.53035451e-03, 3.65952715e-03, 3.79196000e-03, 3.92760943e-03,
       4.06641932e-03, 4.20832030e-03, 4.35322909e-03, 4.50104774e-03,
       4.65166308e-03, 4.80494606e-03, 4.96075127e-03, 5.11891641e-03,
       5.27926198e-03, 5.44159096e-03, 5.60568859e-03, 5.77132235e-03,
       5.93824200e-03, 6.10617973e-03, 6.27485054e-03, 6.44395273e-03,
       6.61316851e-03, 6.78216485e-03, 6.95059447e-03, 7.11809700e-03,
       7.28430031e-03, 7.44882205e-03, 7.61127126e-03, 7.77125030e-03,
       7.92835675e-03, 8.08218556e-03, 8.23233132e-03, 8.37839054e-03,
       8.51996409e-03, 8.65665972e-03, 8.78809447e-03, 8.91389726e-03,
       9.03371135e-03, 9.14719675e-03, 9.25403258e-03, 9.35391931e-03,
       9.44658086e-03, 9.53176653e-03, 9.60925272e-03, 9.67884450e-03,
       9.74037687e-03, 9.79371582e-03, 9.83875913e-03, 9.87543688e-03,
       9.90371167e-03, 9.92357863e-03, 9.93506508e-03, 9.93822997e-03,
       9.93316307e-03, 9.91998387e-03, 9.89884031e-03, 9.86990732e-03,
       9.83338506e-03, 9.78949720e-03, 9.73848884e-03, 9.68062456e-03,
       9.61618618e-03, 9.54547061e-03, 9.46878762e-03, 9.38645760e-03,
       9.29880938e-03, 9.20617802e-03, 9.10890279e-03, 9.00732508e-03,
       8.90178652e-03, 8.79262716e-03, 8.68018377e-03, 8.56478832e-03,
       8.44676651e-03, 8.32643648e-03, 8.20410773e-03, 8.08008002e-03,
       7.95464261e-03, 7.82807344e-03, 7.70063858e-03, 7.57259178e-03,
       7.44417404e-03, 7.31561347e-03, 7.18712507e-03, 7.05891074e-03,
       6.93115932e-03, 6.80404670e-03, 6.67773603e-03, 6.55237796e-03,
       6.42811100e-03, 6.30506180e-03, 6.18334563e-03, 6.06306673e-03,
       5.94431882e-03, 5.82718554e-03, 5.71174094e-03, 5.59804997e-03,
       5.48616900e-03, 5.37614625e-03, 5.26802237e-03, 5.16183083e-03,
       5.05759848e-03, 4.95534596e-03, 4.85508815e-03, 4.75683463e-03,
       4.66059007e-03, 4.56635465e-03, 4.47412443e-03, 4.38389172e-03,
       4.29564539e-03, 4.20937127e-03, 4.12505238e-03, 4.04266926e-03,
       3.96220023e-03, 3.88362164e-03, 3.80690812e-03, 3.73203279e-03,
       3.65896746e-03, 3.58768281e-03, 3.51814861e-03, 3.45033382e-03,
       3.38420679e-03, 3.31973534e-03, 3.25688697e-03, 3.19562886e-03,
       3.13592808e-03, 3.07775161e-03, 3.02106647e-03, 2.96583976e-03,
       2.91203876e-03, 2.85963096e-03, 2.80858415e-03, 2.75886644e-03,
       2.71044632e-03, 2.66329267e-03, 2.61737485e-03, 2.57266265e-03,
       2.52912638e-03, 2.48673686e-03, 2.44546544e-03, 2.40528402e-03,
       2.36616506e-03, 2.32808157e-03, 2.29100715e-03, 2.25491597e-03,
       2.21978278e-03, 2.18558291e-03, 2.15229226e-03, 2.11988731e-03,
       2.08834514e-03, 2.05764334e-03, 2.02776012e-03, 1.99867421e-03,
       1.97036491e-03, 1.94281205e-03, 1.91599599e-03, 1.88989763e-03,
       1.86449837e-03, 1.83978013e-03, 1.81572532e-03, 1.79231682e-03,
       1.76953802e-03, 1.74737276e-03, 1.72580532e-03, 1.70482046e-03,
       1.68440334e-03, 1.66453958e-03, 1.64521519e-03, 1.62641660e-03,
       1.60813063e-03, 1.59034447e-03, 1.57304571e-03, 1.55622231e-03,
       1.53986255e-03, 1.52395508e-03, 1.50848891e-03, 1.49345333e-03,
       1.47883799e-03, 1.46463282e-03, 1.45082809e-03, 1.43741432e-03,
       1.42438236e-03, 1.41172329e-03, 1.39942851e-03, 1.38748964e-03,
       1.37589858e-03, 1.36464747e-03, 1.35372870e-03, 1.34313487e-03,
       1.33285883e-03, 1.32289364e-03, 1.31323258e-03, 1.30386914e-03,
       1.29479700e-03, 1.28601004e-03, 1.27750235e-03, 1.26926817e-03,
       1.26130195e-03, 1.25359830e-03, 1.24615201e-03, 1.23895802e-03,
       1.23201144e-03, 1.22530753e-03, 1.21884171e-03, 1.21260953e-03,
       1.20660670e-03, 1.20082906e-03, 1.19527258e-03, 1.18993337e-03,
       1.18480766e-03, 1.17989180e-03, 1.17518227e-03, 1.17067565e-03,
       1.16636865e-03, 1.16225808e-03, 1.15834086e-03, 1.15461401e-03,
       1.15107465e-03, 1.14772001e-03, 1.14454739e-03, 1.14155420e-03,
       1.13873794e-03, 1.13609619e-03, 1.13362662e-03, 1.13132698e-03,
       1.12919510e-03, 1.12722889e-03, 1.12542633e-03, 1.12378548e-03,
       1.12230446e-03, 1.12098147e-03, 1.11981478e-03, 1.11880272e-03,
       1.11794367e-03, 1.11723611e-03, 1.11667853e-03, 1.11626952e-03,
       1.11600771e-03, 1.11589179e-03, 1.11592048e-03, 1.11609260e-03,
       1.11640697e-03, 1.11686249e-03, 1.11745810e-03, 1.11819279e-03,
       1.11906558e-03, 1.12007555e-03, 1.12122182e-03, 1.12250355e-03,
       1.12391992e-03, 1.12547018e-03, 1.12715361e-03, 1.12896950e-03,
       1.13091721e-03, 1.13299612e-03, 1.13520562e-03, 1.13754518e-03,
       1.14001425e-03, 1.14261235e-03, 1.14533899e-03, 1.14819375e-03,
       1.15117621e-03, 1.15428596e-03, 1.15752266e-03, 1.16088595e-03,
       1.16437551e-03])]","[[0, 6.376880005047202e-05, 0.00012384871691641303, 0.0001825152146708144, 0.00024124552686846215, 0.00030103452643115197, 0.00036258440391745585, 0.00042641723969827496, 0.0004929426816761421, 0.0005624994238461619, 0.0006353808975202258, 0.0007118514357422408, 0.0007921566481178165, 0.0008765302470835865, 0.0009651986730458192, 0.0010583843322996608, 0.001156307942932959, 0.0012591902932087833, 0.001367253602422391, 0.0014807226051006886, 0.001599825437314702, 0.001724794377914321, 0.0018558664812037635, 0.001993284127118646, 0.002137295508062128, 0.0022881550668514775, 0.0024461238969061124, 0.0026114701133847953, 0.002784469202155016, 0.0029654043520667725, 0.003154566774888492, 0.0033522560163678984, 0.0035587802611530767, 0.0037744566337121832, 0.00399961149689727, 0.004234580828340263, 0.0044797125441163, 0.004735372840871408, 0.005001951929440828, 0.005279867570882146, 0.005569567122141878, 0.005871528657760248, 0.0061862615506045986, 0.006514306767684952, 0.006856237048798641, 0.007212657074806597, 0.007584203690721785, 0.007971546220750634, 0.008375386893876898, 0.008796461386599027, 0.00923553948195829, 0.009693425839563796, 0.010170960868905947, 0.010669021697135886, 0.0111885232221814, 0.011730419242232344, 0.012295703653034755, 0.012885411704933427, 0.013500621312102699, 0.014142454406845742, 0.014812078332190094, 0.01551070726624394, 0.016239603671896603, 0.017000079765447554, 0.017793498997633942, 0.01862127754030271, 0.019484885771645734, 0.02038584975249132, 0.02132575268562903, 0.022306236349542555, 0.0233290024972425, 0.024395814210132098, 0.02550849719600875, 0.02666894101940656, 0.027879100251524912, 0.029140995525969077, 0.030456714485456712, 0.03182841260352358, 0.03325831386409965, 0.034748711280630104, 0.03630196723519264, 0.03792051361682342, 0.0396068517370195, 0.04136355199914944, 0.043193253297290714, 0.04509866211883945, 0.047082551324125164, 0.04914775857523112, 0.051297184385295125, 0.05353378975877249, 0.055860593392511766, 0.058280668407057756, 0.06079713857738886, 0.06341317403235555, 0.06613198639245181, 0.06895682331626396, 0.07189096242704418, 0.0749377045923923, 0.07810036653204454, 0.08138227273130404, 0.08478674664074874, 0.08831710114655673, 0.09197662830013333, 0.09576858830074016, 0.0996961977305371, 0.10376261704787099, 0.10797093735178562, 0.11232416643858126, 0.11682521417979866, 0.12147687726020912, 0.12628182332420648, 0.13124257458934938, 0.1363614909966021, 0.1416407529779611, 0.14708234393349617, 0.15268803252122956, 0.15845935487454602, 0.16439759687277664, 0.17050377660101723, 0.17677862714489762, 0.1832225798746714, 0.1898357483803977, 0.19661791322588706, 0.20356850769323317, 0.21068660469191675, 0.21797090500642397, 0.22541972705387642, 0.23303099831815954, 0.24080224861933788, 0.24873060536668462, 0.25681279093040543, 0.26504512225114096, 0.27342351278768895, 0.2819434768822573, 0.29060013659918144, 0.2993882310677031, 0.30830212833247284, 0.31733583968732104, 0.3264830364389969, 0.33573706901850436, 0.3450909883288906, 0.3545375691904055, 0.3640693357173848, 0.37367858843653806, 0.3833574329340371, 0.3930978097993468, 0.40289152561751373, 0.4127302847489496, 0.42260572162685967, 0.43250943329754055, 0.44243301192787327, 0.45236807700745246, 0.46230630697981717, 0.47223947004799255, 0.48215945391374504, 0.4920582942272629, 0.5019282015440031, 0.5117615866077534, 0.5215510838030688, 0.531289572645668, 0.5409701972056078, 0.5505863833846082, 0.5601318539953023, 0.5696006416159844, 0.5789870992192306, 0.5882859085961994, 0.5974920866201908, 0.6066009894128871, 0.6156083144944313, 0.6245101010139777, 0.6333027281704949, 0.6419829119443813, 0.6505477002688898, 0.6589944667765104, 0.6673209032594314, 0.6755250109851177, 0.683605091008073, 0.6915597336171584, 0.699387807054626, 0.7070884456384726, 0.7146610374140444, 0.7221052114542114, 0.7294208249200841, 0.7366079499863372, 0.7436668607269171, 0.7505980200483958, 0.7574020667496292, 0.7640798027778248, 0.7706321807427171, 0.7770602917423889, 0.7833653535464479, 0.7895486991748194, 0.7956117659034075, 0.8015560847213421, 0.8073832702584856, 0.8130950111963414, 0.8186930611704877, 0.8241792301681421, 0.8295553764204536, 0.8348233987855765, 0.8399852296155041, 0.8450428280970002, 0.8499981740547227, 0.854853262202781, 0.8596100968294538, 0.864270686898602, 0.8688370415504074, 0.8733111659834198, 0.8776950576994821, 0.8819907030928857, 0.8862000743650799, 0.8903251267463713, 0.8943677960063046, 0.8983299962347715, 0.9022136178763541, 0.9060205260009279, 0.909752558794145, 0.913411526252045, 0.9169992090647101, 0.9205173576745682, 0.9239676914956543, 0.927351898280843, 0.9306716336247776, 0.9339285205909159, 0.9371241494518041, 0.9402600775323579, 0.9433378291465848, 0.94635889561881, 0.9493247353810733, 0.9522367741389476, 0.9550964050985816, 0.9579049892482989, 0.9606638556885838, 0.9633743020047602, 0.9660375946771149, 0.9686549695236382, 0.9712276321709483, 0.9737567585493389, 0.9762434954082303, 0.9786889608486354, 0.981094244869544, 0.9834604099254158, 0.9857884914922305, 0.9880794986397821, 0.9903344146081327, 0.9925541973863428, 0.9947397802917891, 0.9968920725485539, 0.999011959863535, 1.0011003049990699, 1.0031579483410096, 1.005185708461296, 1.0071843826742197, 1.0091547475856304, 1.0110975596344784, 1.0130135556261433, 1.0149034532570906, 1.0167679516304722, 1.018607731762341, 1.0204234570782256, 1.0222157738998499, 1.0239853119218398, 1.0257326846783015, 1.0274584899991912, 1.0291633104564382, 1.0308477137998082, 1.0325122533825275, 1.034157468576709, 1.035783885178647, 1.0373920158040653, 1.0389823602734218, 1.040555405987387, 1.042111628292624, 1.0436514908380188, 1.0451754459215066, 1.0466839348276555, 1.0481773881561778, 1.0496562261415363, 1.0511208589638281, 1.0525716870511226, 1.0540091013734407, 1.055433483728557, 1.056845207019816, 1.0582446355261461, 1.0596321251644598, 1.0610080237446278, 1.062372671217212, 1.063726399914141, 1.0650695347825125, 1.0664023936117017, 1.0677252872539549, 1.0690385198386434, 1.0703423889803516, 1.0716371859809686, 1.0729231960259504, 1.0742006983749177, 1.0754699665467466, 1.076731268499314, 1.0779848668040481, 1.0792310188154344, 1.080469976835626, 1.0817019882742989, 1.082927295803893, 1.0841461375103763, 1.0853587470396622, 1.0865653537398106, 1.0877661827991376, 1.088961455380357, 1.0901513887508716, 1.091336196409328, 1.09251608820855, 1.0936912704749575, 1.0948619461245754, 1.0960283147757364, 1.0971905728585767, 1.0983489137214202, 1.0995035277341427, 1.1006546023886108, 1.1018023223962763, 1.102946869783017, 1.1040884239813007, 1.1052271619197542, 1.1063632581102119, 1.1074968847323188, 1.1086282117157586, 1.1097574068201768, 1.1108846357128626, 1.1120100620442566, 1.1131338475213444, 1.114256151978995, 1.1153771334493048, 1.116496948228996, 1.1176157509449303, 1.1187336946177837, 1.1198509307239322, 1.120967609255598, 1.1220838787793, 1.1231998864926516, 1.1243157782795494, 1.125431698763792, 1.1265477913611657, 1.1276641983300377, 1.1287810608204885, 1.129898518922017, 1.131016711709855, 1.1321357772899152, 1.1332558528424066, 1.1343770746641433, 1.135499578209573, 1.1366234981305507, 1.1377489683148818, 1.1388761219236534, 1.140005091427382, 1.1411360086409905, 1.1422690047576372, 1.1434042103814133, 1.1445417555589257, 1.1456817698097799, 1.1468243821559774, 1.1479697211502422, 1.149117914903287, 1.1502690911100295, 1.1514233770747717, 1.1525808997353506, 1.1537417856862662, 1.1549061612007978]]"
50.0,80.0,4,30,360,I0-S0,"[[0.01, 0.009218546420913139, 0.008861068736292907, 0.008775059817687893, 0.008868448502353592, 0.00908550971802129, 0.009391906292345025, 0.009765751685927552, 0.010192688488496129, 0.010662962244534387, 0.011169657227302579, 0.011707629164056177, 0.012272856440430123, 0.012862042848177078, 0.013472371955435321, 0.014101353332397627, 0.014746724870300607, 0.015406389757056889, 0.016078375210929533, 0.016760805159180592, 0.01745188207840767, 0.01814987502101961, 0.018853111934592076, 0.019559975032938264, 0.020268898374873452, 0.02097836705268927, 0.021686917548719726, 0.022393138921361307, 0.023095674552894494, 0.023793224243028828, 0.024484546471645156, 0.02516846068606217, 0.025843849494835845, 0.026509660673084044, 0.027164908904474636, 0.02780877502892637, 0.028441588282522877, 0.029065321462883965, 0.029682968547403103, 0.03029805196307774, 0.030914304589032007, 0.03153546753707955, 0.03216516519053099, 0.03280683193861511, 0.03346367345469528, 0.03413865090005525, 0.03483448012442113, 0.03555364042567794, 0.03629838913323563, 0.03707077945414112, 0.037872679838437964, 0.03870579369250102, 0.03957167867101371, 0.04047176506069522, 0.04140737296674503, 0.04237972815058351, 0.04338997646198175, 0.0444391968723071, 0.04552841315713693, 0.04665860430225325, 0.04783071372162968, 0.04904565738281054, 0.05030433093649822, 0.05160761594498085, 0.052956385299528765, 0.05435150791098428, 0.055793852751118006, 0.057284292315382464, 0.05882370557077238, 0.06041298044580788, 0.0620530159133216, 0.0637447237108294, 0.0654890297378339, 0.0672868751644588, 0.06913921728133307, 0.07104703011661533, 0.07301130484244395, 0.07503304998988482, 0.07711329148859407, 0.07925307254488359, 0.08145345336964141, 0.08371551076558692, 0.08604033758160332, 0.08842904204036306, 0.09088274694412159, 0.09340258876237983, 0.09598971660408982, 0.09864529107618197, 0.10137048302941486, 0.10416647219187497, 0.10703444568987523, 0.1099755964555069, 0.11299112151968353, 0.11608222018916955, 0.11925009210580596, 0.12249593518592589, 0.1258209434377907, 0.12922630465476892, 0.1327131979819245, 0.1362827913536755, 0.13993623880022768, 0.14367467762058037, 0.1474992254200418, 0.15141097701038145, 0.1554110011709831, 0.15950033726964988, 0.16367999174204861, 0.16795093442916825, 0.17231409477260456, 0.17677035786797485, 0.18132056037730987, 0.18596548630186788, 0.1907058626174684, 0.19554235477515103, 0.20047556207072809, 0.2055060128876197, 0.21063415981823386, 0.2158603746700853, 0.22118494336383082, 0.22660806073143658, 0.23212982522378114, 0.23775023353813596, 0.24346917517714833, 0.24928642695217768, 0.2552016474450999, 0.2612143714439914, 0.2673240043694299, 0.273529816709492, 0.27983093848289015, 0.2862263537510509, 0.2927148952013004, 0.2992952388246676, 0.30596589871313573, 0.31272522200246083, 0.31957138398790796, 0.3265023834414319, 0.333516038159924, 0.34060998077515203, 0.34778165485691837, 0.35502831134173535, 0.36234700531995423, 0.36973459321476165, 0.37718773038676623, 0.3847028691980145, 0.392276257569189, 0.3999039380634308, 0.40758174752968424, 0.41530531733766507, 0.42307007423549203, 0.43087124185968784, 0.4387038429256346, 0.44656270212465354, 0.45444244975166775, 0.46233752608489187, 0.47024218653617494, 0.4781505075875071, 0.48605639352578944, 0.49395358398427036, 0.5018356622950855, 0.5096960646531126, 0.5175280900868946, 0.5253249112277124, 0.5330795858630315, 0.5407850692555398, 0.5484342272038628, 0.5560198498158379, 0.5635346659599787, 0.5709713583555195, 0.5783225792562374, 0.585580966678157, 0.5927391611162987, 0.5997898226908881, 0.6067256486589485, 0.6135393912230057, 0.6202238755647927, 0.6267720180283949, 0.6331768443742762, 0.6394315080231139, 0.6455293082063736, 0.6514637079391336, 0.6572283517298169, 0.6628170829412651, 0.6682239607179872, 0.6734432763954561, 0.6784695693090184, 0.683297641922312, 0.6879225741980562, 0.6923397371376616, 0.6965448054202895, 0.7005337690767323, 0.7043029441387562, 0.7078489822103025, 0.7111688789131283, 0.7142599811660354, 0.7171199932637249, 0.7197469817284584, 0.7221393789150494, 0.724295985357171, 0.7262159708504892, 0.7278988742756445, 0.72934460217153, 0.7305534260766043, 0.7315259786630476, 0.7322632486953693, 0.7327665748515516, 0.7330376384508944, 0.7330784551383926, 0.7328913655806549, 0.7324790252330563, 0.7318443932419487, 0.7309907205493343, 0.7299215372704014, 0.7286406394167346, 0.7271520750398254, 0.7254601298707412, 0.7235693125324583, 0.7214843394014481, 0.7192101191946461, 0.7167517373569495, 0.7141144403229206, 0.7113036197244406, 0.7083247966137073, 0.7051836057682368, 0.7018857801414496, 0.6984371355190487, 0.6948435554377576, 0.6911109764191424, 0.687245373567222, 0.6832527465744178, 0.6791391061761649, 0.674910461090217, 0.6705728054723833, 0.6661321069161635, 0.6615942950195333, 0.6569652505380031, 0.6522507951390618, 0.6474566817692369, 0.642588585641294, 0.6376520958455544, 0.6326527075859687, 0.6275958150384445, 0.6224867048260048, 0.6173305501026499, 0.6121324052353264, 0.606897201071156, 0.6016297407750657, 0.596334696221169, 0.5910166049196783, 0.585679867459784, 0.5803287454477889, 0.5749673599188546, 0.5695996901999648, 0.5642295732011519, 0.558860703111639, 0.5534966314773201, 0.5481407676359169, 0.5427963794862111, 0.5374665945679249, 0.5321544014291244, 0.526862651258412, 0.521594059759665, 0.5163512092476426, 0.5111365509434236, 0.50595240744933, 0.5008009753837382, 0.4956843281569678, 0.4906044188702515, 0.4855630833206372, 0.480562043095526, 0.47560290874142397, 0.4706871829923534, 0.4658162640442436, 0.46099144886248145, 0.4562139365106576, 0.45148483148937874, 0.4468051470748372, 0.44217580864762407, 0.4375976570030464, 0.43307145163495453, 0.4285978739858049, 0.4241775306563728, 0.41981095656918854, 0.4154986180803983, 0.4112409160353486, 0.407038188763757, 0.40289071501086565, 0.39879871680147627, 0.3947623622342371, 0.3907817682039913, 0.3868570030504081, 0.3829880891315012, 0.3791750053209904, 0.3754176894287919, 0.3717160405442212, 0.3680699213017704, 0.36447916006957215, 0.360943553060892, 0.3574628663691983, 0.3540368379275467, 0.3506651793931816, 0.34734757795840804, 0.3440836980889193, 0.34087318319088067, 0.33771565720817076, 0.33461072615127013, 0.3315579795593584, 0.3285569918972451, 0.3256073238888079, 0.32270852378865456, 0.3198601285937521, 0.3170616651967937, 0.3143126514830824, 0.3116125973727228, 0.3089610058099078, 0.3063573737010856, 0.30380119280377843, 0.3012919505678112, 0.29882913093068625, 0.2964122150688182, 0.29404068210631606, 0.29171400978296863, 0.2894316750830582, 0.2871931548265929, 0.28499792622451103, 0.28284546739937433, 0.28073525787302744, 0.27866677902266024, 0.27663951450667096, 0.27465295066168527, 0.2727065768720459, 0.27079988591304555, 0.2689323742691341, 0.26710354242829043, 0.2653128951537073, 0.26355994173389724, 0.26184419621228705, 0.26016517759732977, 0.25852241005412196, 0.2569154230784783, 0.2553437516543757, 0.2538069363956437, 0.25230452367274264, 0.25083606572543354, 0.2494011207621129, 0.24799925304654982, 0.24663003297273214, 0.24529303712849634, 0.24398784834858622, 0.24271405575775543, 0.24147125480450107, 0.24025904728598826, 0.23907704136469804, 0.2379248515773074, 0.2368020988362834, 0.2357084104246516, 0.23464341998437455, 0.23360676749875575, 0.23259809926926175, 0.2316170678871364, 0.23066333220016058, 0.2297365572748928, 0.22883641435470792, 0.22796258081393403, 0.22711474010837165, 0.22629258172246292, 0.22549580111336384]]","[[0.01, 0.011673645222856313, 0.01362924433757481, 0.01580189558251425, 0.018156401286789386, 0.02067533753390933, 0.023351362519889705, 0.0261825073285793, 0.029169759816259414, 0.032315664331220614, 0.035623493530036444, 0.039096761356883884, 0.04273893882134036, 0.0465532897997893, 0.05054277758494854, 0.0547100130080923, 0.05905722696774843, 0.06358625734137367, 0.06829854448245729, 0.07319513198918759, 0.07827667087746512, 0.08354342612290275, 0.08899528500567958, 0.09463176694893372, 0.10045203467505612, 0.10645490656767781, 0.11263887015155001, 0.1190020966062328, 0.1255424562232103, 0.1322575347058671, 0.13914465020112976, 0.14620087094234321, 0.15342303337601562, 0.16080776064078275, 0.1683514812653436, 0.17605055083501933, 0.18390238117787952, 0.19190633277295557, 0.20006343752900368, 0.20837610046435523, 0.21684787352789292, 0.2254832794417783, 0.23428767147757945, 0.24326711993187186, 0.25242831907277585, 0.2617785102189309, 0.2713254178246376, 0.2810771962413795, 0.2910423853643566, 0.3012298737484411, 0.3116488680492366, 0.32230886784741436, 0.33321964507042023, 0.34439122734900185, 0.3558338847458054, 0.36755811937545896, 0.37957465750411346, 0.3918944437741627, 0.40452863724884086, 0.41748860901313056, 0.43078594110308105, 0.44443242656617793, 0.4584400704815831, 0.4728210917915108, 0.4875879258142514, 0.5027532273258477, 0.5183298741115522, 0.5343309709002727, 0.5507698536055313, 0.5676600938052511, 0.5850155034001677, 0.6028501393969984, 0.6211783087678578, 0.6400145733419157, 0.6593737546890502, 0.6792709389583833, 0.6997214816371452, 0.7207410121974077, 0.7423454385998884, 0.7645509516253314, 0.7873740290049553, 0.8108314393221674, 0.8349402456582087, 0.8597178089546607, 0.8851817910658167, 0.9113501574738484, 0.9382411796394844, 0.9658734369605925, 0.9942658183106321, 1.023437523128439, 1.0534080620302346, 1.0841972569141276, 1.1158252405267113, 1.1483124554606756, 1.1816796525516424, 1.2159478886417268, 1.2511385236766306, 1.2872732171023904, 1.324373923527254, 1.3624628876135572, 1.401562638163914, 1.4416959813655534, 1.4828859931562262, 1.5251560106747848, 1.568529622759332, 1.6130306594557309, 1.658683180499304, 1.7055114627327255, 1.753539986423438, 1.8027934204444407, 1.8532966062829725, 1.9050745408425165, 1.9581523580046496, 2.012555308918602, 2.06830874098797, 2.1254380755258646, 2.1839687840518875, 2.243926363206738, 2.305336308262934, 2.3682240852131553, 2.4326151014210597, 2.498534674823069, 2.5660080016736617, 2.6350601228310633, 2.705715888584944, 2.7779999220328357, 2.851936581017412, 2.9275499186425957, 3.0048636423926385, 3.083901071884834, 3.1646850952934087, 3.2472381244893387, 3.331582048948371, 3.4177381884873475, 3.505727244897029, 3.595569252547967, 3.687283528054529, 3.780888619090911, 3.8764022524618795, 3.973841281539903, 4.073221633189401, 4.174558254307784, 4.277865058121929, 4.383154870387493, 4.490439375647079, 4.599729063711582, 4.7110331765370095, 4.82435965567664, 4.939715090495408, 5.057104667339878, 5.176532119862999, 5.297999680707829, 5.42150803475871, 5.5470562741716485, 5.674641855397998, 5.804260558416828, 5.935906448391476, 6.069571839964751, 6.205247264404905, 6.342921439810906, 6.482581244580552, 6.624211694338596, 6.767795922514335, 6.913315164748863, 7.060748747301655, 7.210074079614064, 7.361266651173996, 7.5143000328112075, 7.669145882536721, 7.8257739560225525, 7.9841521217995775, 8.144246381231925, 8.306020893305934, 8.46943800425048, 8.634458281983669, 8.801040555358451, 8.969141958156927, 9.138717977760107, 9.30972250839683, 9.482107908852575, 9.655825064496282, 9.830823453461095, 10.007051216793425, 10.18445523236403, 10.36298119231513, 10.542573683799, 10.723176272746274, 10.904731590386444, 11.087181422228829, 11.27046679919987, 11.454528090621892, 11.639305098709789, 11.824737154255253, 12.01076321316341, 12.197321953504028, 12.384351872738783, 12.571791384787442, 12.759578916599304, 12.9476530039016, 13.135952385803858, 13.324416097946479, 13.51298356389257, 13.70159468447472, 13.890189924822375, 14.07871039881094, 14.267097950690369, 14.455295233668709, 14.643245785244796, 14.830894099103586, 15.018185693407748, 15.205067175339412, 15.391486301766843, 15.577392035931434, 15.76273460007131, 15.947465523918291, 16.131537689025212, 16.314905368900362, 16.497524264944907, 16.67935153820764, 16.860345836989033, 17.040467320343282, 17.219677677542855, 17.397940143584734, 17.575219510831232, 17.751482136890708, 17.926695948855, 18.10083044402039, 18.273856687228076, 18.445747304967874, 18.61647647639553, 18.786019921419545, 18.95435488601784, 19.121460124947877, 19.28731588201618, 19.451903868074467, 19.61520723691001, 19.77721055919734, 19.93789979467712, 20.09726226272586, 20.255286611477544, 20.41196278565464, 20.567281993262284, 20.721236671294733, 20.873820450598483, 21.025028120031077, 21.174855590049113, 21.323299855853108, 21.4703589602108, 21.616031956074302, 21.76031886910022, 21.9032206601754, 22.044739188044623, 22.184877172130218, 22.3236381556271, 22.461026468950628, 22.597047193608407, 22.731706126561253, 22.865009745132603, 22.996965172520014, 23.12758014395685, 23.256862973567078, 23.3848225219509, 23.511468164534172, 23.636809760709948, 23.760857623796053, 23.88362249182851, 24.005115499206713, 24.12534814920251, 24.24433228734207, 24.362080075666054, 24.478603967870708, 24.59391668532976, 24.708031193994408, 24.820960682166437, 24.932718539137255, 25.043318334683885, 25.15277379941099, 25.261098805926647, 25.368307350838013, 25.474413537551897, 25.579431559864137, 25.683375686320684, 25.786260245332553, 25.888099611026107, 25.98890818980947, 26.088700407635606, 26.187490697941996, 26.285293490246808, 26.382123199381123, 26.477994215336757, 26.572920893709174, 26.66691754671502, 26.759998434763926, 26.852177758564363, 26.943469651743566, 27.033888173961763, 27.12344730450126, 27.2121609363112, 27.30004287048929, 27.38710681118199, 27.473366360885237, 27.55883501612804, 27.64352616352187, 27.727453076159076, 27.8106289103441, 27.893066702641725, 27.97477936722701, 28.055779693522116, 28.13608034410561, 28.215693852880438, 28.29463262348704, 28.372908927948775, 28.45053490553711, 28.527522561844588, 28.60388376805396, 28.67963026039245, 28.75477363976035, 28.82932537152381, 28.9032967854619, 28.976699075858573, 29.04954330173046, 29.1218403871819, 29.193601121878928, 29.264836161634307, 29.335556029096114, 29.405771114532648, 29.475491676706845, 29.54472784383362, 29.613489614613943, 29.681786859339752, 29.74962932106401, 29.817026616830624, 29.883988238959123, 29.950523556379224, 30.016641816010818, 30.082352144184938, 30.147663548101676, 30.21258491732113, 30.277125025283734, 30.341292530856453, 30.405095979901624, 30.46854380686531, 30.531644336382247, 30.59440578489468, 30.656836262282418, 30.71894377350176, 30.780736220230942, 30.84222140251998, 30.903407020442877, 30.964300675750334, 31.02490987352112, 31.085242023810554, 31.145304443294417, 31.205104356906975, 31.26464889947165, 31.32394511732315, 31.38299996991988, 31.4418203314455, 31.500412992398672, 31.558784661170034, 31.616941965605527, 31.67489145455529, 31.73263959940738, 31.790192795605613, 31.847557364150944, 31.90473955308578]]","[array([6.37688001e-05, 6.00799169e-05, 5.86664978e-05, 5.87303122e-05,
       5.97889619e-05, 6.15487899e-05, 6.38259588e-05, 6.65017061e-05,
       6.94969028e-05, 7.27567329e-05, 7.62414517e-05, 7.99207841e-05,
       8.37705083e-05, 8.77703553e-05, 9.19027025e-05, 9.61517512e-05,
       1.00503000e-04, 1.04942901e-04, 1.09458638e-04, 1.14037973e-04,
       1.18669151e-04, 1.23340830e-04, 1.28042048e-04, 1.32762192e-04,
       1.37490993e-04, 1.42218522e-04, 1.46935197e-04, 1.51631792e-04,
       1.56299449e-04, 1.60929695e-04, 1.65514455e-04, 1.70046068e-04,
       1.74517301e-04, 1.78921361e-04, 1.83252038e-04, 1.87506937e-04,
       1.91693985e-04, 1.95830069e-04, 1.99937130e-04, 2.04039492e-04,
       2.08162155e-04, 2.12329724e-04, 2.16565759e-04, 2.20892406e-04,
       2.25330226e-04, 2.29898140e-04, 2.34613458e-04, 2.39491959e-04,
       2.44548002e-04, 2.49794647e-04, 2.55243791e-04, 2.60906292e-04,
       2.66792101e-04, 2.72910376e-04, 2.79269596e-04, 2.85877658e-04,
       2.92741970e-04, 2.99869537e-04, 3.07267029e-04, 3.14940849e-04,
       3.22897190e-04, 3.31142087e-04, 3.39681462e-04, 3.48521160e-04,
       3.57666984e-04, 3.67124726e-04, 3.76900188e-04, 3.86999206e-04,
       3.97427671e-04, 4.08191536e-04, 4.19296836e-04, 4.30749697e-04,
       4.42556341e-04, 4.54723097e-04, 4.67256401e-04, 4.80162804e-04,
       4.93448972e-04, 5.07121686e-04, 5.21187843e-04, 5.35654456e-04,
       5.50528647e-04, 5.65817650e-04, 5.81528801e-04, 5.97669538e-04,
       6.14247392e-04, 6.31269982e-04, 6.48745009e-04, 6.66680244e-04,
       6.85083524e-04, 7.03962738e-04, 7.23325821e-04, 7.43180742e-04,
       7.63535487e-04, 7.84398056e-04, 8.05776442e-04, 8.27678618e-04,
       8.50112525e-04, 8.73086054e-04, 8.96607032e-04, 9.20683198e-04,
       9.45322192e-04, 9.70531532e-04, 9.96318596e-04, 1.02269060e-03,
       1.04965456e-03, 1.07721731e-03, 1.10538544e-03, 1.13416528e-03,
       1.16356288e-03, 1.19358398e-03, 1.22423399e-03, 1.25551794e-03,
       1.28744049e-03, 1.32000584e-03, 1.35321776e-03, 1.38707952e-03,
       1.42159388e-03, 1.45676302e-03, 1.49258856e-03, 1.52907147e-03,
       1.56621208e-03, 1.60401001e-03, 1.64246414e-03, 1.68157260e-03,
       1.72133271e-03, 1.76174094e-03, 1.80279286e-03, 1.84448317e-03,
       1.88680556e-03, 1.92975278e-03, 1.97331651e-03, 2.01748739e-03,
       2.06225497e-03, 2.10760765e-03, 2.15353268e-03, 2.20001612e-03,
       2.24704282e-03, 2.29459635e-03, 2.34265903e-03, 2.39121189e-03,
       2.44023463e-03, 2.48970563e-03, 2.53960191e-03, 2.58989914e-03,
       2.64057163e-03, 2.69159230e-03, 2.74293271e-03, 2.79456306e-03,
       2.84645219e-03, 2.89856757e-03, 2.95087537e-03, 3.00334043e-03,
       3.05592631e-03, 3.10859534e-03, 3.16130862e-03, 3.21402608e-03,
       3.26670652e-03, 3.31930769e-03, 3.37178631e-03, 3.42409816e-03,
       3.47619815e-03, 3.52804035e-03, 3.57957815e-03, 3.63076428e-03,
       3.68155090e-03, 3.73188975e-03, 3.78173219e-03, 3.83102932e-03,
       3.87973211e-03, 3.92779146e-03, 3.97515839e-03, 4.02178405e-03,
       4.06761996e-03, 4.11261801e-03, 4.15673067e-03, 4.19991108e-03,
       4.24211314e-03, 4.28329170e-03, 4.32340262e-03, 4.36240291e-03,
       4.40025085e-03, 4.43690612e-03, 4.47232987e-03, 4.50648486e-03,
       4.53933556e-03, 4.57084823e-03, 4.60099103e-03, 4.62973412e-03,
       4.65704970e-03, 4.68291211e-03, 4.70729792e-03, 4.73018594e-03,
       4.75155732e-03, 4.77139554e-03, 4.78968651e-03, 4.80641857e-03,
       4.82158248e-03, 4.83517148e-03, 4.84718126e-03, 4.85760998e-03,
       4.86645823e-03, 4.87372904e-03, 4.87942780e-03, 4.88356228e-03,
       4.88614255e-03, 4.88718094e-03, 4.88669198e-03, 4.88469232e-03,
       4.88120068e-03, 4.87623778e-03, 4.86982623e-03, 4.86199044e-03,
       4.85275658e-03, 4.84215244e-03, 4.83020734e-03, 4.81695203e-03,
       4.80241860e-03, 4.78664039e-03, 4.76965184e-03, 4.75148841e-03,
       4.73218650e-03, 4.71178330e-03, 4.69031670e-03, 4.66782521e-03,
       4.64434785e-03, 4.61992400e-03, 4.59459340e-03, 4.56839597e-03,
       4.54137174e-03, 4.51356078e-03, 4.48500312e-03, 4.45573864e-03,
       4.42580699e-03, 4.39524755e-03, 4.36409933e-03, 4.33240093e-03,
       4.30019043e-03, 4.26750540e-03, 4.23438278e-03, 4.20085888e-03,
       4.16696929e-03, 4.13274890e-03, 4.09823180e-03, 4.06345126e-03,
       4.02843975e-03, 3.99322884e-03, 3.95784924e-03, 3.92233074e-03,
       3.88670221e-03, 3.85099160e-03, 3.81522591e-03, 3.77943120e-03,
       3.74363256e-03, 3.70785415e-03, 3.67211918e-03, 3.63644990e-03,
       3.60086762e-03, 3.56539274e-03, 3.53004472e-03, 3.49484211e-03,
       3.45980257e-03, 3.42494288e-03, 3.39027895e-03, 3.35582585e-03,
       3.32159780e-03, 3.28760823e-03, 3.25386975e-03, 3.22039424e-03,
       3.18719280e-03, 3.15427579e-03, 3.12165289e-03, 3.08933309e-03,
       3.05732469e-03, 3.02563538e-03, 2.99427221e-03, 2.96324164e-03,
       2.93254956e-03, 2.90220131e-03, 2.87220167e-03, 2.84255495e-03,
       2.81326495e-03, 2.78433500e-03, 2.75576799e-03, 2.72756639e-03,
       2.69973225e-03, 2.67226723e-03, 2.64517265e-03, 2.61844943e-03,
       2.59209821e-03, 2.56611928e-03, 2.54051264e-03, 2.51527802e-03,
       2.49041487e-03, 2.46592240e-03, 2.44179957e-03, 2.41804513e-03,
       2.39465762e-03, 2.37163539e-03, 2.34897660e-03, 2.32667925e-03,
       2.30474117e-03, 2.28316006e-03, 2.26193347e-03, 2.24105884e-03,
       2.22053348e-03, 2.20035460e-03, 2.18051933e-03, 2.16102469e-03,
       2.14186764e-03, 2.12304504e-03, 2.10455372e-03, 2.08639043e-03,
       2.06855189e-03, 2.05103476e-03, 2.03383567e-03, 2.01695121e-03,
       2.00037796e-03, 1.98411246e-03, 1.96815126e-03, 1.95249086e-03,
       1.93712780e-03, 1.92205857e-03, 1.90727970e-03, 1.89278770e-03,
       1.87857909e-03, 1.86465042e-03, 1.85099822e-03, 1.83761908e-03,
       1.82450957e-03, 1.81166630e-03, 1.79908591e-03, 1.78676504e-03,
       1.77470038e-03, 1.76288865e-03, 1.75132659e-03, 1.74001097e-03,
       1.72893862e-03, 1.71810636e-03, 1.70751109e-03, 1.69714972e-03,
       1.68701921e-03, 1.67711656e-03, 1.66743879e-03, 1.65798299e-03,
       1.64874627e-03, 1.63972578e-03, 1.63091873e-03, 1.62232235e-03,
       1.61393393e-03, 1.60575079e-03, 1.59777029e-03, 1.58998985e-03,
       1.58240692e-03, 1.57501899e-03, 1.56782359e-03, 1.56081831e-03,
       1.55400077e-03, 1.54736863e-03, 1.54091960e-03, 1.53465141e-03,
       1.52856187e-03, 1.52264879e-03, 1.51691005e-03, 1.51134356e-03,
       1.50594726e-03])]","[[0, 6.376880005047202e-05, 0.00012384871691641303, 0.0001825152146708144, 0.00024124552686846215, 0.00030103448872436457, 0.00036258327863752406, 0.0004264092374714738, 0.000492910943578267, 0.0005624078464074343, 0.0006351645792917885, 0.0007114060309825376, 0.0007913268150885774, 0.0008750973234184991, 0.0009628676786886548, 0.0010547703811868744, 0.0011509221324012418, 0.0012514251320601757, 0.0013563680330266942, 0.001465826670909272, 0.001579864644131362, 0.0016985337948541071, 0.0018218746252230517, 0.0019499166731427391, 0.0020826788649398096, 0.00222016985753217, 0.0023623883792942934, 0.0025093235762304288, 0.0026609553680601514, 0.002817254817216578, 0.002978184512454145, 0.0031436989676956115, 0.003313745035874799, 0.0034882623368233433, 0.0036671836976849086, 0.0038504357352231945, 0.004037942672606666, 0.004229636657404457, 0.004425466726794821, 0.0046254038571760395, 0.004829443349061323, 0.00503760550401815, 0.005249935228235025, 0.005466500986837838, 0.005687393392677417, 0.0059127236186720935, 0.006142621758447179, 0.006377235215992245, 0.006616727174834308, 0.006861275176475321, 0.007111069823657104, 0.00736631361441333, 0.007627219906478088, 0.00789401200748848, 0.008166922383871693, 0.00844619197986689, 0.00873206963745796, 0.009024811607840398, 0.009324681145239056, 0.009631948174308494, 0.009946889022894834, 0.01026978621255499, 0.010600928299872327, 0.010940609762247524, 0.011289130922460321, 0.011646797906879561, 0.012013922632738538, 0.012390822820386747, 0.012777822026876842, 0.013175249697647863, 0.013583441233424563, 0.01400273806977061, 0.014433487767013599, 0.014876044108505364, 0.015330767205395241, 0.015798023606279677, 0.01627818641025197, 0.016771635382013574, 0.017278757067825817, 0.017799944911180452, 0.018335599367150998, 0.01888612801445662, 0.019451945664327393, 0.020033474465306414, 0.020631144003160892, 0.021245391395103057, 0.02187666137754269, 0.022525406386608042, 0.023192086630680946, 0.023877170154196447, 0.02458113289195737, 0.02530445871321091, 0.026047639454727975, 0.026811174942117023, 0.027595572998593134, 0.02840134944041039, 0.029229028058151665, 0.03007914058305508, 0.030952226637541005, 0.03184883366908782, 0.03276951686658923, 0.033714839058310964, 0.03468537059055022, 0.035681689186088376, 0.036704379781515535, 0.03775403434249559, 0.038831251656032593, 0.03993663709879368, 0.04107080238054111, 0.04223436526172636, 0.0434279492443029, 0.044652183234822014, 0.045907701178887796, 0.04719514166606364, 0.04851514750434393, 0.04986836526333101, 0.051255444785289685, 0.05267703866328966, 0.05413380168569096, 0.05562639024627837, 0.05715546171940979, 0.05872167379960861, 0.06032568380510421, 0.061968147944906085, 0.06364972054908682, 0.06537105326204787, 0.06713279419864884, 0.06893558706319745, 0.070780070231422, 0.07266687579568264, 0.07459662857382095, 0.07656994508219919, 0.07858743247364243, 0.08064968744116584, 0.08275729508854855, 0.08491082776900087, 0.0871108438933663, 0.08935788670950018, 0.09165248305467426, 0.09399514208306924, 0.09638635397063491, 0.09882658859981869, 0.10131629422688726, 0.10385589613479156, 0.1064457952747503, 0.10908636689995187, 0.11177795919499535, 0.11452089190490834, 0.11731545496778992, 0.12016190715532953, 0.12306047472564571, 0.12601135009306935, 0.1290146905196633, 0.1320706168334221, 0.13517921217822904, 0.13834052080076142, 0.1415545468796281, 0.1448212534020903, 0.14814056109376145, 0.15151234740669586, 0.15493644557126374, 0.1584126437171657, 0.16194068406886492, 0.1655202622206057, 0.16915102649604644, 0.17283257739735644, 0.17656446714841595, 0.1803461993365113, 0.18417722865663588, 0.18805696076219203, 0.19198475222553962, 0.19595991061145543, 0.19998169466615537, 0.2040493146240901, 0.20816193263425636, 0.21231866330727403, 0.21651857438396482, 0.2207606875256361, 0.22504397922572605, 0.22936738184190744, 0.23372978474718079, 0.23813003559791754, 0.242566941716245, 0.24703927158359915, 0.25154575644171706, 0.25608509199679697, 0.26065594022203153, 0.26525693125321503, 0.26988666537165035, 0.2745437150681334, 0.2792266271813801, 0.2839339251038827, 0.28866411104784734, 0.2934156683635681, 0.2981870639023455, 0.3029767504158526, 0.30778316898369845, 0.3126047514608346, 0.31743992293639245, 0.32228710419553797, 0.3271447141759727, 0.3320111724108043, 0.33688490144965383, 0.3417643292500521, 0.34664789153141273, 0.3515340340841422, 0.3564212150267615, 0.36130790700426335, 0.36619259932131243, 0.3710738000043064, 0.37595003778675523, 0.3808198640128945, 0.38568185445492714, 0.3905346110397787, 0.39537676348175443, 0.4002069708179935, 0.4050239228441275, 0.4098263414480587, 0.4146129818402777, 0.4193826336796393, 0.42413412209399587, 0.42886630859556224, 0.43357809189133756, 0.4382684085893449, 0.4429362338018612, 0.447580581647201, 0.4522005056519803, 0.4567950990561259, 0.46136349502320656, 0.4659048667589445, 0.4704184275410214, 0.4749034306635182, 0.4793591692995249, 0.4837849762856271, 0.48818022383211584, 0.49254432316288155, 0.4968767240890414, 0.5011769145204107, 0.5054444199189687, 0.5096788026984822, 0.5138796615744464, 0.5180466308684746, 0.5221793797712228, 0.526277611567874, 0.5303410628301276, 0.5343695025785465, 0.5383627314190114, 0.5423205806569122, 0.546242911392585, 0.5501296136013619, 0.5539806052014687, 0.5577958311128484, 0.561575262309846, 0.5653188948705317, 0.5690267490252808, 0.5726988682070777, 0.5763353181058453, 0.5799361857289528, 0.5835015784698933, 0.5870316231869724, 0.590526465293699, 0.5939862678624223, 0.5974112107426168, 0.600801489695081, 0.604157315543177, 0.607478913342118, 0.6107665215671807, 0.6140203913216069, 0.6172407855648452, 0.6204279783616786, 0.6235822541526844, 0.6267039070463769, 0.6297932401332967, 0.632850564822228, 0.6358762001986461, 0.6388704724054297, 0.6418337140458017, 0.6447662636084052, 0.647668464914365, 0.6505406665861322, 0.6533832215378639, 0.6561964864870516, 0.6589808214870688, 0.6617365894802792, 0.664464155871317, 0.6671638881201228, 0.6698361553542989, 0.6724813280003261, 0.6750997774331718, 0.6776918756438008, 0.680257994924095, 0.6827985075686757, 0.68531378559312, 0.6878042004680551, 0.6902701228686176, 0.6927119224387578, 0.6951299675698791, 0.6975246251932982, 0.6998962605860187, 0.7022452371893191, 0.7045719164396572, 0.706876657611405, 0.7091598176709341, 0.7114217511415811, 0.7136628099790336, 0.7158833434566839, 0.7180836980605124, 0.7202642173930719, 0.7224252420861538, 0.7245671097217312, 0.7266901547607847, 0.7287947084796275, 0.7308810989133598, 0.7329496508060948, 0.7350006855676064, 0.7370345212360687, 0.7390514724465588, 0.7410518504050154, 0.743035962867352, 0.7450041141234344, 0.7469566049856482, 0.7488937327817873, 0.7508157913520079, 0.7527230710496043, 0.754615858745369, 0.756494437835314, 0.7583590882515364, 0.7602100864760237, 0.7620477055572006, 0.7638722151290304, 0.7656838814324916, 0.7674829673392586, 0.7692697323774234, 0.7710444327591035, 0.7728073214097894, 0.7745586479992889, 0.776298658974138, 0.77802759759135, 0.7797457039533824, 0.781453215044209, 0.7831503647663882, 0.7848373839790268, 0.7865145005365397, 0.7881819393281176, 0.7898399223178137, 0.7914886685851685, 0.7931283943662962, 0.7947593130953599, 0.7963816354463658, 0.7979955693752153, 0.7996013201619504, 0.801199090453138, 0.8027890803043395, 0.8043714872226144, 0.805946506209012, 0.8075143298010062, 0.8090751481148335, 0.8106291488876936, 0.8121765175197792, 0.8137174371160997, 0.8152520885280675, 0.8167806503948194, 0.8183032991842444, 0.8198202092336936, 0.8213315527903492, 0.8228375000512305]]"
50.0,80.0,4,30,360,I1-S0,"[[0.01, 0.009218546420913139, 0.008861068736292907, 0.008775059817687893, 0.008868448502353592, 0.009085509776305496, 0.009391909472110114, 0.009765783492937462, 0.01019284629783405, 0.010663496053595912, 0.011171076137568028, 0.011710825879945791, 0.012279242275987886, 0.012873686856146295, 0.013492139159815076, 0.014133038341571758, 0.014795178250082731, 0.015477635423399907, 0.016179717776565763, 0.016900926670098328, 0.017640927941172772, 0.01839952918377781, 0.019176661570840747, 0.019972365109533097, 0.020786776580447277, 0.02162011963133092, 0.02247269663439709, 0.02334488200645519, 0.02423711675265068, 0.02514990403868176, 0.026083805629466106, 0.027039439058130766, 0.02801747541011293, 0.029018637624423832, 0.03004369922857839, 0.031093602288007987, 0.032170662253095124, 0.03327922706683119, 0.03442497329913205, 0.03561433294540579, 0.0368541222025526, 0.03815130913127773, 0.03951287628809537, 0.040945747596626975, 0.04245675797571639, 0.04405265075781059, 0.0457400925337754, 0.04752569831315067, 0.049416062183972743, 0.051417790269458044, 0.05353753390550699, 0.05578202174254742, 0.05815809000753138, 0.06067271051862713, 0.06333301627784994, 0.0661463246125802, 0.0691201579221784, 0.07226226212969415, 0.07558062295446698, 0.07908348011874926, 0.08277933958700669, 0.08667698391487354, 0.09078548075899538, 0.095114189571277, 0.09967276647273321, 0.104471167274075, 0.10951964858287025, 0.11482876691088797, 0.1204093756702187, 0.1262726199230276, 0.13242992872737183, 0.13889300490041792, 0.1456738120006623, 0.15278455831244725, 0.16023767759927313, 0.16804580637727867, 0.17622175744698854, 0.18477848941025599, 0.1937290718905647, 0.20308664616885774, 0.21286438094425036, 0.22307542292983668, 0.23373284199884445, 0.24484957060621465, 0.25643833722590853, 0.26851159356554793, 0.2810814353480716, 0.2941595164856656, 0.3077569565150191, 0.32188424121568976, 0.33655111639570257, 0.3517664749010876, 0.36753823698940835, 0.38387322430186716, 0.4007770277745516, 0.4182538699468774, 0.43630646225411174, 0.45493585803057573, 0.47414130209994654, 0.4939200779878477, 0.5142673539580708, 0.5351760292452774, 0.556636582031386, 0.5786369208870188, 0.6011622415698419, 0.6241948912343025, 0.647714242257608, 0.6716965780198046, 0.696114993086119, 0.7209393103216755, 0.7461360175164811, 0.771668226106381, 0.7974956545378927, 0.8235746387362091, 0.8498581719915886, 0.8762959763760976, 0.902834607537581, 0.9294175943895798, 0.9559856148249967, 0.982476708129818, 1.0088265242652368, 1.0349686096283308, 1.0608347283013961, 1.0863552171685695, 1.1114593726279751, 1.1360758659724757, 1.1601331838678908, 1.1835600897409453, 1.2062861013174924, 1.2282419790419554, 1.249360219678081, 1.2695755490543585, 1.288825407688317, 1.30705042291338, 1.3241948611479961, 1.340207054093933, 1.3550397929296512, 1.368650684972395, 1.3810024678118813, 1.3920632765582628, 1.4018068605828935, 1.4102127469447974, 1.4172663485686108, 1.4229590161493595, 1.427288033682964, 1.4302565584358515, 1.4318735070500999, 1.4321533903111707, 1.4311160998645085, 1.4287866508388294, 1.4251948849045566, 1.4203751387558587, 1.4143658833478963, 1.4072093394446736, 1.3989510751382535, 1.38963959099125, 1.3793258983385754, 1.3680630960709488, 1.3559059509232618, 1.3429104859184937, 1.3291335811864236, 1.314632590900193, 1.2994649795670579, 1.2836879803861456, 1.2673582778585544, 1.250531716315346, 1.2332630355271812, 1.2156056340842616, 1.1976113607939967, 1.1793303339419032, 1.1608107879025846, 1.1420989462746156, 1.123238920446838, 1.1042726322837533, 1.0852397594431324, 1.066177701707555, 1.0471215666205025, 1.0281041726635378, 1.0091560681902942, 0.9903055643415423, 0.9715787801995172, 0.9529996984949746, 0.9345902302532512, 0.9163702868522807, 0.8983578580626512, 0.8805690947442693, 0.8630183949832385, 0.8457184925637086, 0.8286805467805746, 0.8119142327082334, 0.7954278311466327, 0.7792283175674126, 0.7633214494791162, 0.7477118517205672, 0.7324030992751256, 0.7173977972753706, 0.7026976579377301, 0.6883035742296955, 0.6742156901286923, 0.6604334673816475, 0.646955748718102, 0.6337808175077267, 0.6209064538857003, 0.6083299873969966, 0.5960483462336477, 0.5840581031579036, 0.5723555182193247, 0.5609365783856117, 0.5497970342157935, 0.538932433710609, 0.5283381534788774, 0.5180094273606651, 0.5079413726484151, 0.4981290140461616, 0.48856730550475574, 0.479251150067875, 0.47017541785968037, 0.46133496234047794, 0.4527246349517834, 0.44433929826690716, 0.4361738377576781, 0.42822317228230156, 0.42048226339367967, 0.41294612356187044, 0.4056098233987891, 0.3984684979677918, 0.3915173522554766, 0.3847516658779045, 0.3781667970885131, 0.37175818615027645, 0.36552135813017017, 0.35945192516973307, 0.3535455882814807, 0.3477981387171199, 0.3422054589499328, 0.3367635233103414, 0.3314683983105207, 0.32631624269099474, 0.32130330721941347, 0.3164259342691657, 0.31168055720311977, 0.3070636995855927, 0.30257197424362187, 0.2982020821967363, 0.2939508114726946, 0.28981503582505996, 0.2857917133670111, 0.281877885134436, 0.2780706735901114, 0.27436728107962777, 0.270764988248674, 0.26726115243033466, 0.26385320601017326, 0.2605386547760731, 0.2573150762590686, 0.25418011807073304, 0.2511314962420727, 0.24816699356832075, 0.24528445796351606, 0.24248180082828807, 0.23975699543384937, 0.2371080753248146, 0.23453313274311813, 0.23203031707498845, 0.22959783332265227, 0.22723394060218474, 0.22493695066868852, 0.2227052264697759, 0.22053718072813794, 0.21843127455381586, 0.21638601608663613, 0.21439995916913482, 0.21247170205017368, 0.21059988611934172, 0.20878319467213832, 0.2070203517058478, 0.20531012074593902, 0.20365130370275583, 0.20204273975820508, 0.20048330428209712, 0.19897190777774848, 0.19750749485641758, 0.19608904324011076, 0.19471556279226726, 0.19338609457580827, 0.19209970993801465, 0.19085550962168227, 0.18965262290199048, 0.18849020674850972, 0.18736744501176633, 0.18628354763377836, 0.18523774988197267, 0.1842293116058932, 0.18325751651611077, 0.18232167148474673, 0.1814211058670269, 0.18055517084328618, 0.17972323878085067, 0.17892470261522975, 0.1781589752500588, 0.17742548897524038, 0.17672369490274076, 0.17605306241950755, 0.175413078656983, 0.17480324797669788, 0.1742230914714406, 0.17367214648150564, 0.1731499661255368, 0.17265611884548981, 0.17219018796525026, 0.17175177126245256, 0.1713404805530561, 0.17095594128824537, 0.17059779216323076, 0.17026568473753687, 0.16995928306637567, 0.1696782633427108, 0.1694223135496301, 0.1691911331226525, 0.1689844326216044, 0.16880193341171107, 0.16864336735355656, 0.16850847650157466, 0.16839701281074274, 0.16830873785115805, 0.16824342253018462, 0.16820084682186698, 0.16818079950331455, 0.16818307789776854, 0.16820748762407034, 0.16825384235225785, 0.16832196356502296, 0.16841168032477066, 0.16852282904602664, 0.16865525327294675, 0.16880880346168806, 0.16898333676740743, 0.16917871683565938, 0.16939481359797082, 0.16963150307137603, 0.16988866716170042, 0.17016619347038722, 0.17046397510466652, 0.1707819104908707, 0.17111990319070564, 0.1714778617202919, 0.1718556993717942, 0.17225333403746318, 0.17267068803591662, 0.17310768794049294, 0.17356426440951297, 0.1740403520182912, 0.17453588909274134, 0.17505081754442495, 0.17558508270689663, 0.17613863317320266, 0.176711420634394, 0.17730339971891865, 0.1779145278327625, 0.17854476500021085, 0.17919407370510793, 0.17986241873249376, 0.1805497670105039, 0.18125608745241947, 0.18198135079875982, 0.18272552945931372]]","[[0.01, 0.011673645222856313, 0.01362924433757481, 0.01580189558251425, 0.018156401286789386, 0.020675337594290674, 0.02335136594168055, 0.026182542812847015, 0.029169942296633798, 0.032316303911698006, 0.03562525433512124, 0.039100868209538946, 0.042747427882410774, 0.04656929863264701, 0.0505708700112181, 0.054756534297785216, 0.05913068519998368, 0.06369772709729571, 0.0684620893504613, 0.07342824265834516, 0.07860071586476189, 0.08398411242614247, 0.08958312620155358, 0.09540255647001161, 0.10144732220489489, 0.10772247569340766, 0.11423321561059449, 0.12098489965963653, 0.1279830568828795, 0.13523339973667212, 0.14274183601055052, 0.1505144806590668, 0.15855766760330903, 0.16687796154913676, 0.17548216986037501, 0.18437747951949604, 0.1935728325937925, 0.20308006910213822, 0.21291365900522366, 0.22309039142831558, 0.2336291461345181, 0.244550727542166, 0.2558777470463331, 0.267634543111627, 0.27984713122019955, 0.292543177645672, 0.3057519924097581, 0.31950453781273336, 0.3338334497105721, 0.34877306930792495, 0.36435948369406934, 0.38063057370194614, 0.39762606794266697, 0.41538760207738257, 0.4339587825485947, 0.4533852541140868, 0.47371477061645956, 0.4949972684858158, 0.5172849425171188, 0.5406323234907715, 0.5650963572178686, 0.5907364845925461, 0.6176147222246284, 0.6457957432076702, 0.6753469575515793, 0.7063385917760939, 0.7388437671221328, 0.7729385757929774, 0.8087021545868168, 0.8462167552267815, 0.8855678106345736, 0.9268439963295279, 0.970137286066786, 1.0155430007566506, 1.0631598496325871, 1.1130899625582995, 1.1654389122854742, 1.220315725393912, 1.2778328805657366, 1.3381062927661993, 1.4012552818264805, 1.4674025238501676, 1.536673983796303, 1.6091988275297915, 1.6851093115764426, 1.764540648777174, 1.8476308480062371, 1.934520526104321, 2.025352690181767, 2.120272488472819, 2.219426927971888, 2.322964557160405, 2.431035112241195, 2.543789125439679, 2.6613774941107518, 2.7839510096099205, 2.9116598451499724, 3.044653002172506, 3.18307771511898, 3.3270788148898642, 3.4767980517335078, 3.6323733788081083, 3.793938198209239, 3.9616205718490605, 4.1355424002076235, 4.315818572645994, 4.502556093668215, 4.6958531902355265, 4.89579840596133, 5.102469688736878, 5.3159334790417745, 5.53624380686474, 5.763441405782189, 5.997552853297227, 6.238589747011593, 6.486547926569283, 6.741406751554861, 7.003128445634599, 7.2716575171786415, 7.546920266383653, 7.828824388517022, 8.117258682318054, 8.412092871815265, 8.71317754885284, 9.020344242469593, 9.33340561995133, 9.652155822899063, 9.97637094004231, 10.305809616805734, 10.640213799839207, 10.979309612881035, 11.322808358478934, 11.670407638283027, 12.021792582889518, 12.376637180592429, 12.734605692931593, 13.095354143642368, 13.458531866546863, 13.823783097102666, 14.190748591762166, 14.55906725900559, 14.928377785898766, 15.298320244290004, 15.66853766128981, 16.038677539456163, 16.408393313114416, 16.777345728446903, 17.145204136361336, 17.511647688654065, 17.87636642958746, 18.239062276662715, 18.599449886053097, 18.957257399832844, 19.31222707376031, 19.664115785921375, 20.01269542798428, 20.357753182139287, 20.6990916879784, 21.036529104600447, 21.36989907409731, 21.699050593285, 22.023847801089786, 22.344169689389016, 22.659909745346464, 22.970975533383104, 23.2772882248983, 23.578782083717293, 23.875403915002806, 24.167112485046637, 24.453877918966334, 24.735681082886675, 25.01251295669981, 25.284374002984354, 25.551273537134342, 25.813229103214137, 26.070265859524643, 26.322415977347223, 26.569718055831117, 26.81221655551346, 27.04996125251202, 27.283006715012903, 27.51141180329015, 27.735239194143347, 27.954554930322498, 28.169427995227046, 28.37992991291656, 28.586134373253433, 28.788116881811145, 28.985954434023288, 29.179725212916875, 29.36950830966608, 29.555383466117316, 29.737430838371456, 29.91573078046164, 30.090363647133653, 30.26140961471811, 30.428948519078006, 30.593059709619663, 30.75382191836834, 30.911313143130002, 31.06561054378702, 31.216790350806548, 31.364927785074713, 31.510096988207145, 31.652370962525488, 31.79182151992988, 31.928519238938442, 32.06253342920579, 32.193932102873475, 32.32278195214512, 32.449148332518476, 32.57309525114415, 32.6946853598177, 32.81397995214658, 32.93103896446723, 33.045920980119064, 33.15868323671281, 33.26938163605867, 33.37807075644696, 33.48480386699898, 33.589632943829386, 33.69260868778358, 33.79378054353395, 33.89319671983811, 33.990904210779966, 34.0869488178308, 34.18137517258298, 34.27422676002274, 34.365545942221566, 34.45537398233771, 34.54375106883012, 34.630716339797424, 34.71630790736366, 34.80056288204097, 34.883517397007324, 34.96520663224414, 35.04566483848554, 35.124925360936544, 35.20302066272292, 35.279982348040484, 35.355841184975766, 35.430627127974304, 35.50436933993611, 35.57709621392153, 35.648835394453286, 35.71961379840358, 35.789457635457126, 35.85839242814358, 35.92644303143434, 35.99363365190085, 36.059987866432735, 36.125528640515704, 36.19027834607035, 36.25425877885391, 36.31749117542825, 36.37999622969799, 36.44179410902343, 36.50290446991379, 36.563346473306524, 36.62313879943915, 36.68229966232034, 36.740846823807495, 36.79879760729807, 36.85616891104239, 36.912977221085704, 36.96923862384749, 37.02496881834593, 37.0801831280759, 37.13489651254835, 37.18912357849949, 37.24287859077776, 37.29617548291676, 37.34902786740223, 37.40144904564096, 37.45345201763965, 37.50504949140147, 37.55625389204798, 37.60707737067397, 37.657531812942835, 37.70762884742951, 37.757379853718426, 37.80679597026326, 37.855888102015584, 37.904666927828984, 37.953142907645244, 38.00132628946912, 38.04922711613785, 38.096855231891546, 38.14422028875045, 38.1913317527048, 38.23819890972302, 38.284830871583615, 38.331236581536224, 38.3774248197969, 38.42340420888277, 38.46918321879086, 38.514770172025905, 38.56017324848168, 38.60540049018037, 38.65045980587429, 38.69535897551411, 38.74010565458767, 38.78470737833338, 38.8291715658318, 38.873505523979375, 38.91771645134761, 38.96181144193127, 39.005797488788936, 39.04968148757902, 39.093470239994446, 39.137170457098925, 39.18078876256778, 39.22433169583598, 39.26780571515622, 39.31121720056955, 39.35457245679102, 39.39787771601282, 39.441139140627214, 39.48436282587138, 39.52755480239645, 39.57072103876275, 39.613867443863136, 39.65699986927644, 39.70012411155276, 39.7432459144324, 39.78637097100006, 39.82950492577595, 39.8726533767453, 39.91582187732779, 39.95901593828821, 40.00224102958981, 40.045502582191446, 40.0888059897899, 40.132156610508424, 40.17555976853266, 40.21902075569487, 40.262544833007624, 40.30613723214772, 40.349803156891326, 40.393547784501095, 40.43737626706607, 40.48129373279511, 40.52530528726449, 40.569416014620366, 40.61363097873663, 40.65795522432875, 40.70239377802409, 40.746951649389175, 40.79163383191431, 40.83644530395598, 40.88139102963733, 40.92647595970704, 40.971705032356944, 41.01708317399851, 41.062615299998455, 41.108306315373724, 41.15416111544583, 41.200184586454775, 41.246381606132594, 41.29275704423658, 41.33931576304219, 41.38606261779561, 41.43300245712606, 41.48014012341757, 41.52748045314037, 41.57502827714163]]","[array([6.37688001e-05, 6.00799169e-05, 5.86664978e-05, 5.87303122e-05,
       5.97889619e-05, 6.15487961e-05, 6.38260481e-05, 6.65022514e-05,
       6.94990093e-05, 7.27628660e-05, 7.62562112e-05, 7.99517734e-05,
       8.38292512e-05, 8.78732227e-05, 9.20718209e-05, 9.64158700e-05,
       1.00898305e-04, 1.05513764e-04, 1.10258296e-04, 1.15129141e-04,
       1.20124554e-04, 1.25243672e-04, 1.30486409e-04, 1.35853358e-04,
       1.41345726e-04, 1.46965270e-04, 1.52714251e-04, 1.58595389e-04,
       1.64611833e-04, 1.70767135e-04, 1.77065226e-04, 1.83510405e-04,
       1.90107318e-04, 1.96860953e-04, 2.03776795e-04, 2.10864756e-04,
       2.18147317e-04, 2.25658277e-04, 2.33438254e-04, 2.41531570e-04,
       2.49984272e-04, 2.58842918e-04, 2.68153890e-04, 2.77963058e-04,
       2.88315679e-04, 2.99256441e-04, 3.10829601e-04, 3.23079170e-04,
       3.36049130e-04, 3.49783656e-04, 3.64327329e-04, 3.79725350e-04,
       3.96023730e-04, 4.13269473e-04, 4.31510733e-04, 4.50796966e-04,
       4.71179056e-04, 4.92709434e-04, 5.15442177e-04, 5.39433098e-04,
       5.64739819e-04, 5.91421839e-04, 6.19540576e-04, 6.49159414e-04,
       6.80343725e-04, 7.13160884e-04, 7.47680269e-04, 7.83973248e-04,
       8.22113153e-04, 8.62175236e-04, 9.04236611e-04, 9.48376172e-04,
       9.94674503e-04, 1.04321376e-03, 1.09407751e-03, 1.14735061e-03,
       1.20311899e-03, 1.26146942e-03, 1.32248930e-03, 1.38626635e-03,
       1.45288831e-03, 1.52244262e-03, 1.59501598e-03, 1.67069396e-03,
       1.74956054e-03, 1.83169760e-03, 1.91718434e-03, 2.00609673e-03,
       2.09850685e-03, 2.19448219e-03, 2.29408495e-03, 2.39737125e-03,
       2.50439028e-03, 2.61518351e-03, 2.72978372e-03, 2.84821411e-03,
       2.97048731e-03, 3.09660439e-03, 3.22655387e-03, 3.36031067e-03,
       3.49783511e-03, 3.63907186e-03, 3.78394896e-03, 3.93237682e-03,
       4.08424734e-03, 4.23943299e-03, 4.39778599e-03, 4.55913768e-03,
       4.72329781e-03, 4.89005411e-03, 5.05917193e-03, 5.23039404e-03,
       5.40344061e-03, 5.57800936e-03, 5.75377598e-03, 5.93039464e-03,
       6.10749889e-03, 6.28470263e-03, 6.46160145e-03, 6.63777418e-03,
       6.81278463e-03, 6.98618366e-03, 7.15751138e-03, 7.32629969e-03,
       7.49207491e-03, 7.65436065e-03, 7.81268081e-03, 7.96656273e-03,
       8.11554040e-03, 8.25915772e-03, 8.39697185e-03, 8.52855639e-03,
       8.65350466e-03, 8.77143271e-03, 8.88198232e-03, 8.98482369e-03,
       9.07965794e-03, 9.16621942e-03, 9.24427756e-03, 9.31363853e-03,
       9.37414651e-03, 9.42568459e-03, 9.46817531e-03, 9.50158080e-03,
       9.52590257e-03, 9.54118095e-03, 9.54749415e-03, 9.54495695e-03,
       9.53371922e-03, 9.51396397e-03, 9.48590534e-03, 9.44978621e-03,
       9.40587579e-03, 9.35446692e-03, 9.29587341e-03, 9.23042719e-03,
       9.15847554e-03, 9.08037823e-03, 8.99650479e-03, 8.90723179e-03,
       8.81294021e-03, 8.71401298e-03, 8.61083260e-03, 8.50377898e-03,
       8.39322735e-03, 8.27954648e-03, 8.16309695e-03, 8.04422970e-03,
       7.92328470e-03, 7.80058987e-03, 7.67646014e-03, 7.55119668e-03,
       7.42508629e-03, 7.29840101e-03, 7.17139777e-03, 7.04431826e-03,
       6.91738889e-03, 6.79082089e-03, 6.66481041e-03, 6.53953887e-03,
       6.41517325e-03, 6.29186647e-03, 6.16975791e-03, 6.04897386e-03,
       5.92962808e-03, 5.81182234e-03, 5.69564704e-03, 5.58118177e-03,
       5.46849592e-03, 5.35764931e-03, 5.24869273e-03, 5.14166858e-03,
       5.03661142e-03, 4.93354855e-03, 4.83250051e-03, 4.73348165e-03,
       4.63650063e-03, 4.54156085e-03, 4.44866097e-03, 4.35779531e-03,
       4.26895424e-03, 4.18212462e-03, 4.09729012e-03, 4.01443157e-03,
       3.93352729e-03, 3.85455335e-03, 3.77748390e-03, 3.70229137e-03,
       3.62894675e-03, 3.55741976e-03, 3.48767908e-03, 3.41969256e-03,
       3.35342730e-03, 3.28884989e-03, 3.22592652e-03, 3.16462309e-03,
       3.10490532e-03, 3.04673890e-03, 2.99008954e-03, 2.93492305e-03,
       2.88120544e-03, 2.82890298e-03, 2.77798224e-03, 2.72841016e-03,
       2.68015409e-03, 2.63318183e-03, 2.58746166e-03, 2.54296236e-03,
       2.49965327e-03, 2.45750427e-03, 2.41648582e-03, 2.37656895e-03,
       2.33772530e-03, 2.29992714e-03, 2.26314730e-03, 2.22735925e-03,
       2.19253709e-03, 2.15865551e-03, 2.12568983e-03, 2.09361595e-03,
       2.06241041e-03, 2.03205032e-03, 2.00251340e-03, 1.97377795e-03,
       1.94582285e-03, 1.91862752e-03, 1.89217197e-03, 1.86643675e-03,
       1.84140293e-03, 1.81705214e-03, 1.79336649e-03, 1.77032862e-03,
       1.74792166e-03, 1.72612922e-03, 1.70493539e-03, 1.68432471e-03,
       1.66428217e-03, 1.64479322e-03, 1.62584372e-03, 1.60741996e-03,
       1.58950861e-03, 1.57209678e-03, 1.55517193e-03, 1.53872192e-03,
       1.52273495e-03, 1.50719960e-03, 1.49210478e-03, 1.47743975e-03,
       1.46319408e-03, 1.44935768e-03, 1.43592075e-03, 1.42287381e-03,
       1.41020764e-03, 1.39791334e-03, 1.38598225e-03, 1.37440602e-03,
       1.36317651e-03, 1.35228588e-03, 1.34172649e-03, 1.33149098e-03,
       1.32157219e-03, 1.31196320e-03, 1.30265731e-03, 1.29364800e-03,
       1.28492900e-03, 1.27649421e-03, 1.26833773e-03, 1.26045384e-03,
       1.25283703e-03, 1.24548193e-03, 1.23838337e-03, 1.23153632e-03,
       1.22493593e-03, 1.21857751e-03, 1.21245651e-03, 1.20656853e-03,
       1.20090931e-03, 1.19547475e-03, 1.19026086e-03, 1.18526379e-03,
       1.18047982e-03, 1.17590536e-03, 1.17153692e-03, 1.16737114e-03,
       1.16340478e-03, 1.15963469e-03, 1.15605785e-03, 1.15267133e-03,
       1.14947229e-03, 1.14645802e-03, 1.14362587e-03, 1.14097331e-03,
       1.13849788e-03, 1.13619722e-03, 1.13406904e-03, 1.13211114e-03,
       1.13032141e-03, 1.12869781e-03, 1.12723836e-03, 1.12594118e-03,
       1.12480445e-03, 1.12382640e-03, 1.12300535e-03, 1.12233968e-03,
       1.12182784e-03, 1.12146832e-03, 1.12125970e-03, 1.12120058e-03,
       1.12128964e-03, 1.12152563e-03, 1.12190731e-03, 1.12243353e-03,
       1.12310317e-03, 1.12391516e-03, 1.12486849e-03, 1.12596218e-03,
       1.12719530e-03, 1.12856696e-03, 1.13007632e-03, 1.13172256e-03,
       1.13350492e-03, 1.13542267e-03, 1.13747512e-03, 1.13966160e-03,
       1.14198148e-03, 1.14443418e-03, 1.14701914e-03, 1.14973581e-03,
       1.15258369e-03, 1.15556232e-03, 1.15867123e-03, 1.16191001e-03,
       1.16527826e-03, 1.16877561e-03, 1.17240169e-03, 1.17615617e-03,
       1.18003875e-03, 1.18404913e-03, 1.18818704e-03, 1.19245221e-03,
       1.19684441e-03, 1.20136340e-03, 1.20600898e-03, 1.21078094e-03,
       1.21567910e-03])]","[[0, 6.376880005047202e-05, 0.00012384871691641303, 0.0001825152146708144, 0.00024124552686846215, 0.00030103448877883576, 0.00036258328492390726, 0.0004264093329846636, 0.000492911584384409, 0.0005624105937169375, 0.0006351734596767068, 0.0007114296708985234, 0.0007913814443226725, 0.0008752106954935254, 0.0009630839182182605, 0.0010551557391224279, 0.0011515716090883367, 0.0012524699136076834, 0.0013579836772440403, 0.0014682419737206973, 0.001583371114898419, 0.0017034956686328485, 0.0018287393410574761, 0.001959225749622819, 0.0020950791071285093, 0.002236424832781214, 0.0023833901032778546, 0.002536104354628087, 0.0026946997436423066, 0.0028593115765711773, 0.003030078711196997, 0.00320714393768665, 0.003390654342680418, 0.003580761660382154, 0.0037776226138128994, 0.00398139940861008, 0.004192264164693439, 0.004410411481436547, 0.004636069758599782, 0.004869508012543112, 0.005111039582648456, 0.0053610238548282675, 0.00561986677294124, 0.005888020662727274, 0.006165983720635926, 0.006454299399684711, 0.006753555840934614, 0.007064385441547602, 0.007387464611080503, 0.007723513741258881, 0.008073297397105517, 0.00843762472621815, 0.008817350076237289, 0.009213373806720921, 0.009626643279759605, 0.010058154013026148, 0.010508950979072241, 0.010980130035223945, 0.011472839469159793, 0.011988281646026559, 0.012527714743658757, 0.01309245456305644, 0.013683876401704766, 0.014303416977568664, 0.01495257639165835, 0.015632920116935567, 0.016346081001019818, 0.01709376126966467, 0.017877734517314246, 0.018699847670227383, 0.019562022906680573, 0.020466259517639227, 0.021414635690029195, 0.02240931019335594, 0.023452523948917257, 0.024546601459247308, 0.025693952073726913, 0.02689707106451056, 0.028158540485069414, 0.02948102978174914, 0.03086729612681118, 0.03232018443948912, 0.03384262705967425, 0.035437643036976024, 0.03710833699611777, 0.03885789753796431, 0.040689595133978324, 0.04260677947061443, 0.044612876199136314, 0.04671138304563972, 0.04890586523574508, 0.05119995018855371, 0.05359732143511135, 0.05610171171786525, 0.0587168952295117, 0.06144667895228684, 0.06429489306223016, 0.06726538036732288, 0.07036198475374114, 0.0735885386208316, 0.0769488492928685, 0.08044668440422938, 0.08408575626435981, 0.08786970521979329, 0.09180208204253976, 0.09588632938731663, 0.10012576237430144, 0.1045235483692395, 0.10908268604870675, 0.1138059838549403, 0.11869603796169588, 0.12375520988982747, 0.1289856039284233, 0.1343890445340524, 0.13996705389662345, 0.14572082987514762, 0.15165122451992927, 0.15775872340896144, 0.1640434260351595, 0.1705050274871125, 0.17714280166887744, 0.1839555863036291, 0.1909417699613991, 0.19809928134244853, 0.20542558103484712, 0.21291765594750262, 0.22057201659821216, 0.22838469741042491, 0.23635126014255156, 0.2444668005401882, 0.25272595826501165, 0.26112293011492393, 0.26965148650895343, 0.2783049911682113, 0.2870764238816735, 0.2959584062035755, 0.3049432298886419, 0.31402288783310295, 0.32318910725430594, 0.33243338481049084, 0.34174702333565427, 0.35112116984296005, 0.3605468544343217, 0.3700150297439076, 0.3795166105395634, 0.38904251310853394, 0.3985836940622544, 0.408131188209095, 0.4176761451633649, 0.4272098643830811, 0.4367238283573545, 0.44620973369603195, 0.4556595199086997, 0.4650653956965098, 0.4744198626177431, 0.4837157360257926, 0.4929461632156025, 0.5021046387508424, 0.5111850169786277, 0.520181521770878, 0.5290887535610016, 0.5379016937711578, 0.5466157067486218, 0.5552265393496183, 0.5637303183253126, 0.5721235456774789, 0.5804030921607817, 0.5885661891147669, 0.5966104188117564, 0.6045337035071275, 0.6123342933762096, 0.6200107535175369, 0.627561950195779, 0.6349870364896251, 0.6422854375005449, 0.6494568352679756, 0.6565011535253686, 0.6634185424199365, 0.6702093633070945, 0.6768741737187131, 0.6834137125925548, 0.6898288858388351, 0.696120752308833, 0.702290510220005, 0.7083394840821915, 0.7142691121603185, 0.7200809345005238, 0.7257765815388938, 0.7313577633050049, 0.7368262592261979, 0.7421839085329721, 0.747432601261036, 0.752574269841359, 0.7576108812660014, 0.7625444298145068, 0.7673769303231875, 0.7721104119776689, 0.776746912607531, 0.7812884734607696, 0.7857371344350217, 0.7900949297420493, 0.794363883981787, 0.7985460086023115, 0.802643298722341, 0.8066577302932939, 0.8105912575784923, 0.8144458109277687, 0.8182232948264978, 0.8219255861989004, 0.8255545329463506, 0.829111952702327, 0.8325996317865838, 0.836019324342059, 0.8393727516389716, 0.8426616015314924, 0.8458875280532772, 0.8490521511390419, 0.8521570564602121, 0.8552037953635104, 0.858193884902131, 0.8611288079499138, 0.8640100133896429, 0.866838916367279, 0.869616898604577, 0.8723453087631468, 0.875025462853584, 0.8776586446838307, 0.8802461063414236, 0.882789068704754, 0.8852887219788937, 0.887746226251946, 0.8901627120682508, 0.8925392810151205, 0.8948770063200991, 0.8971769334560352, 0.8994400807515263, 0.901667440004545, 0.903859977097286, 0.9060186326104798, 0.9081443224356176, 0.9102379383837041, 0.9123003487893161, 0.9143323991088949, 0.9163349125123313, 0.9183086904670275, 0.9202545133137269, 0.9221731408335087, 0.9240653128054314, 0.9259317495543947, 0.927773152488862, 0.9295902046281564, 0.9313835711190996, 0.9331538997418218, 0.9349018214046182, 0.9366279506277702, 0.9383328860162914, 0.9400172107215926, 0.9416814928920891, 0.9433262861128047, 0.9449521298340476, 0.9465595497892588, 0.9481490584021469, 0.9497211551832448, 0.9512763271160356, 0.9528150490328058, 0.9543377839803966, 0.9558449835760314, 0.9573370883534049, 0.9588145280992254, 0.9602777221804063, 0.9617270798621063, 0.9631630006168207, 0.9645858744247279, 0.9659960820654956, 0.9673939954017526, 0.9687799776544309, 0.9701543836701819, 0.9715175601810696, 0.9728698460567426, 0.9742115725492826, 0.9755430635309258, 0.9768646357248522, 0.9781765989292323, 0.979479256234719, 0.9807729042355688, 0.9820578332345733, 0.9833343274419776, 0.9846026651685591, 0.9858631190130365, 0.9871159560439741, 0.9883614379763431, 0.989599821342899, 0.9908313576605272, 0.9920562935917079, 0.9932748711012463, 0.9944873276084103, 0.9956938961346126, 0.9968948054467738, 0.9980902801964961, 0.9992805410551738, 1.0004658048451642, 1.00164628466714, 1.0028221900237357, 1.0039937269396046, 1.0051610980779906, 1.0063245028539254, 1.0074841375441486, 1.0086401953938535, 1.0097928667203504, 1.0109423390137442, 1.0120887970347126, 1.0132324229094722, 1.0143733962220178, 1.015511894103713, 1.0166480913203109, 1.017782160356483, 1.0189142714979238, 1.0200445929111048, 1.021173290720745, 1.0223005290850598, 1.023426470268857, 1.0245512747145333, 1.0256751011110343, 1.0267981064608305, 1.027920446144966, 1.0290422739862293, 1.0301637423104941, 1.0312850020062838, 1.0324062025825964, 1.033527492225041, 1.0346490178503245, 1.0357709251591263, 1.0368933586874043, 1.0380164618561647, 1.0391403770197314, 1.040265245512549, 1.04139120769455, 1.0425184029951176, 1.0436469699556707, 1.044777046270901, 1.045908768828684, 1.0470422737486933, 1.048177696419735, 1.0493151715358304, 1.0504548331310624, 1.051596814613206, 1.0527412487961627, 1.0538882679312125, 1.0550380037371003, 1.0561905874289728, 1.057346149746176, 1.0585048209789276, 1.0596667309938745, 1.0608320092585468, 1.062000784864715, 1.0631731865506622, 1.0643493427223742, 1.0655293814736577, 1.0667134306051897, 1.0679016176425025, 1.0690940698529106, 1.0702909142613792, 1.0714922776653386, 1.072698286648445, 1.073909067593288, 1.0751247466930465]]"
50.0,80.0,4,30,360,I0-S1,"[[0.01, 0.009218546420913139, 0.008861068736292907, 0.008775059817687893, 0.008868448502353592, 0.009085537587955748, 0.009392313485694852, 0.009767643541439249, 0.010198199241368673, 0.010675407682647936, 0.011193606292319917, 0.01174892092905826, 0.012338579921099286, 0.012960491389362394, 0.013612980155244843, 0.014294621907161737, 0.015004137114624788, 0.015740322060125066, 0.016502003286753834, 0.01728800712002947, 0.018097139145833458, 0.018928170469002012, 0.01977982875157859, 0.020650792742880165, 0.021539689449158083, 0.022445093358912337, 0.02336552730697449, 0.024299464666079594, 0.02524533262278048, 0.0262015163397267, 0.027166363837346632, 0.028138191450214237, 0.029115289730151782, 0.030095929681452437, 0.031078369224762967, 0.03206090788623798, 0.03304237766338865, 0.03402240606712162, 0.03500114354366887, 0.035979057002885714, 0.03695680404801045, 0.03793515610966254, 0.038914951310363655, 0.03989706544015221, 0.04088239399549333, 0.0418718410029853, 0.04286631202806074, 0.04386670978690664, 0.0448739313972957, 0.04588886667851166, 0.046912397137632976, 0.047945395417114574, 0.048988725062096214, 0.05004324051655481, 0.051109787288283186, 0.05218920224158998, 0.05328231398833462, 0.05438994335531257, 0.05551290391081742, 0.05665200253646277, 0.05780804003266395, 0.05898181174792102, 0.0601741082234238, 0.06138571584564054, 0.06261741750052564, 0.06386999322383025, 0.06514422084274661, 0.06644087660477674, 0.06776073579029845, 0.06910457330581365, 0.07047316425531068, 0.07186728448755934, 0.07328771111748904, 0.074735223020082, 0.07621060129544897, 0.07771462970394923, 0.07924809507037361, 0.08081178765633351, 0.08240650150009367, 0.08403303472315571, 0.08569218980294618, 0.08738477381099007, 0.08911159861596152, 0.09087348105099943, 0.09267124304465989, 0.09450571171485127, 0.09637771942506307, 0.09828810380215823, 0.1002377077149513, 0.10222737921274383, 0.10425797142293335, 0.10633034240675532, 0.10844535497215943, 0.11060387644276218, 0.1128067783817593, 0.11505493626962321, 0.11734922913435421, 0.11969053913299937, 0.1220797510831014, 0.12451775194269028, 0.127005430237386, 0.12954367543313916, 0.13213337725310043, 0.13477542493707875, 0.13747070644202364, 0.1402201075819477, 0.1430245111056953, 0.1458847957109584, 0.14880183499294616, 0.1517764963261283, 0.1548096396774952, 0.15790211634981205, 0.16105476765338878, 0.16426842350494442, 0.1675439009522137, 0.17088200262302664, 0.17428351509768847, 0.17774920720359974, 0.1812798282311836, 0.18487610607033209, 0.18853874526674472, 0.19226842499771338, 0.19606579696710572, 0.19993148321951887, 0.20386607387381453, 0.20787012477650652, 0.21194415507575493, 0.21608864471702527, 0.2203040318617989, 0.22459071023107127, 0.22894902637574982, 0.2333792768764605, 0.23788170547569468, 0.2424565001456729, 0.2471037900957722, 0.25182364272385455, 0.2566160605163493, 0.26148097790247876, 0.26641825806857244, 0.2714276897389905, 0.27650898393077267, 0.2816617706897366, 0.2868855958163735, 0.29217991759052386, 0.29754410350445853, 0.3029774270146398, 0.3084790643230887, 0.31404809119993227, 0.3196834798593511, 0.32538409590177836, 0.3311486953358238, 0.336975921693992, 0.3428643032568413, 0.3488122504007709, 0.3548180530851295, 0.3608798784948036, 0.3669957688548546, 0.3731636394341312, 0.3793812767550784, 0.3856463370271846, 0.39195634482165914, 0.3983086920049895, 0.40470063694900343, 0.41112930403493153, 0.41759168346873654, 0.4240846314246349, 0.4306048705332786, 0.4371489907304879, 0.4437134504817202, 0.450294578396627, 0.45688857524708476, 0.463491516400979, 0.47009935468278674, 0.476707923670621, 0.48331294143789155, 0.48991001474608803, 0.496494643693414, 0.5030622268220983, 0.5096080666851857, 0.5161273758714754, 0.5226152834850378, 0.5290668420734089, 0.5354770349961532, 0.541840784223009, 0.5481529585483003, 0.5544083822057373, 0.5606018438651439, 0.5667281059900714, 0.5727819145326939, 0.578758008939862, 0.5846511324417304, 0.5904560425920006, 0.5961675220265442, 0.6017803894050322, 0.6072895104981908, 0.6126898093814807, 0.6179762796943536, 0.623143995922808, 0.6281881246617594, 0.6331039358127809, 0.6378868136720587, 0.6425322678629789, 0.6470359440676031, 0.6513936345114301, 0.6556012881562707, 0.6596550205567958, 0.6635511233373436, 0.6672860732469021, 0.6708565407518013, 0.6742593981275466, 0.6774917270134048, 0.6805508253957829, 0.6834342139891179, 0.6861396419858911, 0.6886650921504865, 0.6910087852348883, 0.6931691836976489, 0.6951449947111226, 0.6969351724456148, 0.6985389196228342, 0.6999556883348038, 0.7011851801281683, 0.7022273453576012, 0.7030823818157294, 0.7037507326506285, 0.7042330835854764, 0.7045303594583506, 0.7046437201034, 0.704574555597685, 0.7043244809008397, 0.7038953299173565, 0.7032891490136962, 0.7025081900245858, 0.7015549027847577, 0.7004319272240161, 0.6991420850648568, 0.6976883711629474, 0.696073944531561, 0.6943021190915745, 0.6923763541888841, 0.6903002449210712, 0.6880775123148691, 0.6857119933954604, 0.6832076311878768, 0.6805684646897984, 0.6777986188538739, 0.6749022946163191, 0.67188375900702, 0.6687473353746919, 0.6654973937588297, 0.6621383414382666, 0.6586746136841449, 0.6551106647430124, 0.6514509590736183, 0.6476999628588035, 0.6438621358116796, 0.6399419232930895, 0.6359437487551568, 0.6318720065235642, 0.6277310549290834, 0.6235252097968093, 0.6192587382995456, 0.6149358531798617, 0.6105607073434876, 0.6061373888249602, 0.6016699161247687, 0.5971622339156868, 0.5926182091145222, 0.5880416273141671, 0.583436189569591, 0.5788055095302894, 0.5741531109106819, 0.5694824252890412, 0.5647967902247333, 0.5600994476828457, 0.5553935427546872, 0.5506821226621399, 0.5459681360334386, 0.5412544324376382, 0.5365437621647959, 0.531838776238746, 0.5271420266492631, 0.5224559667904115, 0.5177829520919234, 0.5131252408305752, 0.5084849951086943, 0.5038642819871476, 0.4992650747604272, 0.4946892543617438, 0.49013861088637567, 0.4856148452218803, 0.48111957077416556, 0.476654315278821, 0.47222052268753767, 0.46781955511987877, 0.4634526948711114, 0.4591211464672613, 0.4548260387590083, 0.45056842704649724, 0.4463492952275937, 0.44216955796256346, 0.4380300628486013, 0.4339315925980692, 0.4298748672147339, 0.4258605461627096, 0.4218892305232163, 0.41796146513465926, 0.4140777407119095, 0.4102384959410355, 0.4064441195460817, 0.402694952324826, 0.39899128915076965, 0.3953333809389134, 0.3917214365731659, 0.3881556247935012, 0.38463607604124167, 0.38116288426108347, 0.3777361086587111, 0.3743557754130603, 0.3710218793424878, 0.3677343855242906, 0.364493230867192, 0.3612983256365681, 0.3581495549323368, 0.3550467801195656, 0.3519898402119783, 0.34897855320865334, 0.34601271738430806, 0.3430921125336571, 0.3402165011704157, 0.33738562968159125, 0.33459922943777715, 0.33185701786021565, 0.32915869944545245, 0.3265039667484465, 0.32389250132503844, 0.3213239746347119, 0.31879804890460817, 0.3163143779557768, 0.31387260799266076, 0.31147237835682584, 0.30911332224595417, 0.3067950673991244, 0.3045172367494025, 0.3022794490447662, 0.30008131943837957, 0.2979224600492281, 0.2958024804941157, 0.29372098839201133, 0.2916775898417215, 0.2896718898738496, 0.2877034928779863, 0.28577200300605726, 0.28387702455273744, 0.28201816231381943, 0.28019502192340534, 0.2784072101707693, 0.27665433529771666, 0.274936007277245, 0.2732518380742883, 0.2716014418893058, 0.26998443538545197, 0.2684004379000444, 0.26684907164102184, 0.26532996186906377, 0.26384273706602046]]","[[0.01, 0.011673645222856313, 0.01362924433757481, 0.01580189558251425, 0.018156401286789386, 0.020675366853223166, 0.023351812780486512, 0.026184703437522376, 0.029176466947220116, 0.03233152635709105, 0.035655418485731845, 0.03915426319310725, 0.0428344412769317, 0.04670239619991374, 0.05076450908918848, 0.05502701696803805, 0.059495956452773335, 0.06417712247316897, 0.069076035937073, 0.07419791684960977, 0.07954766092837613, 0.08512981865523736, 0.09094857622802023, 0.09700773817401898, 0.10331071155275673, 0.10986049176215798, 0.11665965000256667, 0.12371032246621304, 0.13101420131733243, 0.13857252751707733, 0.1463860855317808, 0.1544551999455207, 0.16277973397980183, 0.1713590899054355, 0.18019221131490185, 0.18927763778442838, 0.1986140585952493, 0.20820076499658735, 0.21803754820923338, 0.22812459854116177, 0.23846244337916728, 0.249051908599195, 0.259894094108319, 0.27099035791474374, 0.28234230534706894, 0.2939517813893696, 0.3058208649125156, 0.3179518640743932, 0.33034731245898763, 0.34300996570332154, 0.35594279846850213, 0.3691490016748384, 0.38263197995831805, 0.3963953493271274, 0.41044293500872236, 0.4247787694840882, 0.4394070907086176, 0.4543323405199135, 0.46955916323265356, 0.48509240441994406, 0.500937109879648, 0.5170985247831719, 0.5335820930032243, 0.5503934566161783, 0.5675384555738844, 0.5850231275391088, 0.6028537078782028, 0.6210366298041247, 0.6395785246625476, 0.6584862223534556, 0.677766751880361, 0.6974273420190605, 0.7174754220976556, 0.7379186228794125, 0.758764777539899, 0.7800219227297129, 0.8016982997140033, 0.8238023555798754, 0.8463427445026566, 0.869328329061884, 0.8927681815977498, 0.9166715855986065, 0.9410480371099842, 0.9659072461554187, 0.991259138159206, 1.0171138553610157, 1.0434817582120837, 1.070373426742483, 1.0977996618887338, 1.1257714867707502, 1.1543001479068529, 1.1833971163552812, 1.2130740887703355, 1.2433429883609532, 1.2742159657391865, 1.3057053996456975, 1.337823897539022, 1.3705842960349708, 1.4039996611821555, 1.4380832885592234, 1.472848703178975, 1.5083096591841345, 1.5444801393191134, 1.5813743541616918, 1.6190067410981164, 1.6573919630246914, 1.6965449067585203, 1.7364806811396416, 1.777214614806396, 1.8187622536254715, 1.8611393577576896, 1.9043618983402375, 1.948446053765709, 1.9934082055379991, 2.0392649336848176, 2.0860330117063213, 2.1337294010391603, 2.182371245015049, 2.2319758622928525, 2.282560739743092, 2.3341435247637623, 2.386742017006395, 2.4403741594914004, 2.495058029091922, 2.55081182636568, 2.6076538647146474, 2.6656025588528265, 2.724676412562933, 2.784894005723446, 2.846273980588222, 2.9088350273017363, 2.972595868634027, 3.037575243920505, 3.1037918921930765, 3.1712645344904016, 3.240011855336663, 3.310052483379911, 3.3814049711829015, 3.454087774161348, 3.528119228666695, 3.6035175292128594, 3.680300704848889, 3.7584865946821937, 3.8380928225598483, 3.919136770918496, 4.001635553816596, 4.085605989166123, 4.171064570184355, 4.258027436090107, 4.3465103420725955, 4.4365286285651235, 4.528097189859924, 4.621230442104739, 4.715942290726094, 4.8122460973287025, 4.910154646124973, 5.009680109953226, 5.11083401594785, 5.213627210929344, 5.318069826586851, 5.4241712445304024, 5.53194006129474, 5.641384053381011, 5.752510142427093, 5.865324360601459, 5.9798318163195985, 6.096036660385828, 6.21394205266688, 6.333550129406987, 6.45486197129708, 6.577877572413384, 6.702595810142823, 6.829014416214448, 6.957129948957368, 7.086937766906436, 7.218432003877191, 7.3516055456312195, 7.48645000825217, 7.622955718351092, 7.761111695217576, 7.900905635030323, 8.042323897237189, 8.185351493210558, 8.329972077278944, 8.476167940230123, 8.623920005374767, 8.773207827252572, 8.92400959305522, 9.076302126832244, 9.230060896536898, 9.385260023959747, 9.541872297587583, 9.699869188414816, 9.859220868723511, 10.019896233836919, 10.181862926839667, 10.345087366245878, 10.509534776584378, 10.675169221857919, 10.841953641821116, 11.009849891009562, 11.178818780440535, 11.348820121893775, 11.519812774669285, 11.69175469470783, 11.86460298594905, 12.03831395379188, 12.212843160512255, 12.388145482484177, 12.564175169041881, 12.740885902813499, 12.91823086134988, 13.096162779866676, 13.274634014912905, 13.453596608775507, 13.633002354426559, 13.812802860818069, 13.992949618328526, 14.17339406416561, 14.35408764753083, 14.534981894354122, 14.716028471409702, 14.897179249628756, 15.078386366429632, 15.259602286892251, 15.440779863610265, 15.621872395062057, 15.802833682350004, 15.983618084166261, 16.16418056985289, 16.344476770433985, 16.524463027507995, 16.704096439898922, 16.88333490797624, 17.062137175564434, 17.24046286937428, 17.41827253589935, 17.595527675732416, 17.772190775267553, 17.9482253357648, 18.123595899764776, 18.29826807485129, 18.472208554769875, 18.645385137920012, 18.817766743247933, 18.9893234235757, 19.160026376410563, 19.329847952286183, 19.498761660694598, 19.666742173674265, 19.833765327125587, 19.99980811993059, 20.164848710958395, 20.32886641404207, 20.491841691016262, 20.65375614290784, 20.814592499374417, 20.97433460648725, 21.13296741295666, 21.29047695489875, 21.446850339242665, 21.602075725877537, 21.75614230863768, 21.909040295223768, 22.060760886156316, 22.211296252856226, 22.360639514945163, 22.508784716856304, 22.655726803843496, 22.801461597474137, 22.945985770688253, 23.089296822503037, 23.23139305243908, 23.37227353474099, 23.511938092461897, 23.650387271477666, 23.787622314493277, 23.923645135100166, 24.058458291939854, 24.192064963025615, 24.324468920270444, 24.45567450426613, 24.58568659935487, 24.71451060903141, 24.84215243171071, 24.968618436892616, 25.093915441752337, 25.21805068818226, 25.34103182030802, 25.462866862498878, 25.58356419788989, 25.70313254743093, 25.82158094947512, 25.938918739917145, 26.055155532889653, 26.170301202024078, 26.28436586228028, 26.397359852347634, 26.509293717618615, 26.62017819373434, 26.730024190700195, 26.838842777568292, 26.946645167682377, 27.05344270447969, 27.159246847843242, 27.26406916099717, 27.367921297936913, 27.4708149913853, 27.57276204126496, 27.673774303676907, 27.77386368037467, 27.873042108722867, 27.971321552128835, 28.06871399093554, 28.165231413763827, 28.26088580929181, 28.355689158459104, 28.44965342708351, 28.542790558877634, 28.635112468853013, 28.726631037099263, 28.817358102925844, 28.90730545935408, 28.996484847947293, 29.08490795396686, 29.172586401842334, 29.259531750943847, 29.345755491645193, 29.431269041666287, 29.51608374268379, 29.600210857199038, 29.683661565652557, 29.766446963774776, 29.84857806016274, 29.930065774072926, 30.010920933420522, 30.091154272975764, 30.17077643274826, 30.249797956550424, 30.328229290731514, 30.4060807830739, 30.483362681843584, 30.560085134987222, 30.636258189468094, 30.711891790733844, 30.786995782308978, 30.8615799055054, 30.935653799244516, 31.00922699998465, 31.08230894174782, 31.15490895624003, 31.227036273059667, 31.298700019988562, 31.369909223360718, 31.440672808503756, 31.510999600248454, 31.580898323501863, 31.650377603879733, 31.719445968394133, 31.788111846192386, 31.85638356934353, 31.924269373668782, 31.99177739961254, 32.05891569315077, 32.12569220673356, 32.192114800259]]","[array([6.37688001e-05, 6.00799169e-05, 5.86664978e-05, 5.87303122e-05,
       5.97889995e-05, 6.15498709e-05, 6.38327429e-05, 6.65248782e-05,
       6.95545706e-05, 7.28751563e-05, 7.64553265e-05, 8.02732232e-05,
       8.43128170e-05, 8.85616655e-05, 9.30095098e-05, 9.76473838e-05,
       1.02467041e-04, 1.07460578e-04, 1.12620184e-04, 1.17937975e-04,
       1.23405881e-04, 1.29015566e-04, 1.34758388e-04, 1.40625368e-04,
       1.46607177e-04, 1.52694137e-04, 1.58876236e-04, 1.65143140e-04,
       1.71484220e-04, 1.77888585e-04, 1.84345112e-04, 1.90842487e-04,
       1.97369246e-04, 2.03913815e-04, 2.10464618e-04, 2.17011715e-04,
       2.23550078e-04, 2.30079110e-04, 2.36600958e-04, 2.43119423e-04,
       2.49639303e-04, 2.56165982e-04, 2.62705186e-04, 2.69262828e-04,
       2.75844910e-04, 2.82457467e-04, 2.89106530e-04, 2.95798098e-04,
       3.02538129e-04, 3.09332527e-04, 3.16187141e-04, 3.23107757e-04,
       3.30100102e-04, 3.37169842e-04, 3.44322585e-04, 3.51563883e-04,
       3.58899232e-04, 3.66334082e-04, 3.73873833e-04, 3.81523843e-04,
       3.89289433e-04, 3.97175889e-04, 4.05188467e-04, 4.13332397e-04,
       4.21612889e-04, 4.30035136e-04, 4.38604316e-04, 4.47325602e-04,
       4.56204160e-04, 4.65245158e-04, 4.74453764e-04, 4.83835155e-04,
       4.93394516e-04, 5.03137049e-04, 5.13067968e-04, 5.23192510e-04,
       5.33515929e-04, 5.44043509e-04, 5.54780554e-04, 5.65732401e-04,
       5.76904415e-04, 5.88301992e-04, 5.99930561e-04, 6.11795585e-04,
       6.23902559e-04, 6.36257017e-04, 6.48864523e-04, 6.61730681e-04,
       6.74861127e-04, 6.88261531e-04, 7.01937596e-04, 7.15895061e-04,
       7.30139691e-04, 7.44677284e-04, 7.59513663e-04, 7.74654676e-04,
       7.90106195e-04, 8.05874109e-04, 8.21964325e-04, 8.38382762e-04,
       8.55135346e-04, 8.72228008e-04, 8.89666679e-04, 9.07457284e-04,
       9.25605735e-04, 9.44117928e-04, 9.62999734e-04, 9.82256997e-04,
       1.00189552e-03, 1.02192106e-03, 1.04233932e-03, 1.06315595e-03,
       1.08437652e-03, 1.10600651e-03, 1.12805133e-03, 1.15051628e-03,
       1.17340654e-03, 1.19672718e-03, 1.22048311e-03, 1.24467911e-03,
       1.26931981e-03, 1.29440962e-03, 1.31995281e-03, 1.34595342e-03,
       1.37241526e-03, 1.39934192e-03, 1.42673673e-03, 1.45460275e-03,
       1.48294277e-03, 1.51175924e-03, 1.54105431e-03, 1.57082978e-03,
       1.60108711e-03, 1.63182733e-03, 1.66305112e-03, 1.69475871e-03,
       1.72694988e-03, 1.75962397e-03, 1.79277981e-03, 1.82641575e-03,
       1.86052958e-03, 1.89511856e-03, 1.93017938e-03, 1.96570812e-03,
       2.00170024e-03, 2.03815060e-03, 2.07505335e-03, 2.11240201e-03,
       2.15018935e-03, 2.18840746e-03, 2.22704766e-03, 2.26610054e-03,
       2.30555588e-03, 2.34540270e-03, 2.38562918e-03, 2.42622269e-03,
       2.46716975e-03, 2.50845604e-03, 2.55006637e-03, 2.59198468e-03,
       2.63419402e-03, 2.67667655e-03, 2.71941356e-03, 2.76238542e-03,
       2.80557163e-03, 2.84895078e-03, 2.89250057e-03, 2.93619784e-03,
       2.98001854e-03, 3.02393777e-03, 3.06792978e-03, 3.11196799e-03,
       3.15602503e-03, 3.20007273e-03, 3.24408217e-03, 3.28802371e-03,
       3.33186700e-03, 3.37558105e-03, 3.41913423e-03, 3.46249434e-03,
       3.50562867e-03, 3.54850398e-03, 3.59108662e-03, 3.63334256e-03,
       3.67523744e-03, 3.71673663e-03, 3.75780529e-03, 3.79840845e-03,
       3.83851105e-03, 3.87807802e-03, 3.91707438e-03, 3.95546523e-03,
       3.99321592e-03, 4.03029205e-03, 4.06665959e-03, 4.10228491e-03,
       4.13713491e-03, 4.17117705e-03, 4.20437945e-03, 4.23671094e-03,
       4.26814118e-03, 4.29864066e-03, 4.32818084e-03, 4.35673419e-03,
       4.38427426e-03, 4.41077572e-03, 4.43621446e-03, 4.46056765e-03,
       4.48381374e-03, 4.50593259e-03, 4.52690546e-03, 4.54671506e-03,
       4.56534564e-03, 4.58278295e-03, 4.59901435e-03, 4.61402878e-03,
       4.62781679e-03, 4.64037060e-03, 4.65168406e-03, 4.66175268e-03,
       4.67057364e-03, 4.67814579e-03, 4.68446962e-03, 4.68954726e-03,
       4.69338249e-03, 4.69598066e-03, 4.69734874e-03, 4.69749523e-03,
       4.69643014e-03, 4.69416498e-03, 4.69071267e-03, 4.68608757e-03,
       4.68030533e-03, 4.67338294e-03, 4.66533860e-03, 4.65619170e-03,
       4.64596277e-03, 4.63467338e-03, 4.62234611e-03, 4.60900450e-03,
       4.59467293e-03, 4.57937659e-03, 4.56314144e-03, 4.54599407e-03,
       4.52796172e-03, 4.50907213e-03, 4.48935355e-03, 4.46883460e-03,
       4.44754428e-03, 4.42551184e-03, 4.40276677e-03, 4.37933870e-03,
       4.35525737e-03, 4.33055255e-03, 4.30525400e-03, 4.27939140e-03,
       4.25299433e-03, 4.22609217e-03, 4.19871412e-03, 4.17088908e-03,
       4.14264567e-03, 4.11401215e-03, 4.08501643e-03, 4.05568596e-03,
       4.02604778e-03, 3.99612842e-03, 3.96595394e-03, 3.93554984e-03,
       3.90494107e-03, 3.87415203e-03, 3.84320650e-03, 3.81212768e-03,
       3.78093811e-03, 3.74965975e-03, 3.71831387e-03, 3.68692112e-03,
       3.65550149e-03, 3.62407430e-03, 3.59265822e-03, 3.56127125e-03,
       3.52993074e-03, 3.49865338e-03, 3.46745518e-03, 3.43635153e-03,
       3.40535717e-03, 3.37448618e-03, 3.34375204e-03, 3.31316760e-03,
       3.28274508e-03, 3.25249613e-03, 3.22243179e-03, 3.19256253e-03,
       3.16289826e-03, 3.13344833e-03, 3.10422154e-03, 3.07522620e-03,
       3.04647007e-03, 3.01796044e-03, 2.98970410e-03, 2.96170738e-03,
       2.93397616e-03, 2.90651585e-03, 2.87933149e-03, 2.85242765e-03,
       2.82580854e-03, 2.79947798e-03, 2.77343943e-03, 2.74769596e-03,
       2.72225036e-03, 2.69710504e-03, 2.67226212e-03, 2.64772342e-03,
       2.62349047e-03, 2.59956454e-03, 2.57594660e-03, 2.55263743e-03,
       2.52963751e-03, 2.50694714e-03, 2.48456639e-03, 2.46249512e-03,
       2.44073300e-03, 2.41927952e-03, 2.39813401e-03, 2.37729561e-03,
       2.35676332e-03, 2.33653600e-03, 2.31661238e-03, 2.29699104e-03,
       2.27767045e-03, 2.25864899e-03, 2.23992490e-03, 2.22149636e-03,
       2.20336142e-03, 2.18551809e-03, 2.16796428e-03, 2.15069782e-03,
       2.13371651e-03, 2.11701805e-03, 2.10060011e-03, 2.08446031e-03,
       2.06859623e-03, 2.05300540e-03, 2.03768533e-03, 2.02263348e-03,
       2.00784730e-03, 1.99332422e-03, 1.97906164e-03, 1.96505696e-03,
       1.95130754e-03, 1.93781077e-03, 1.92456400e-03, 1.91156459e-03,
       1.89880992e-03, 1.88629733e-03, 1.87402421e-03, 1.86198792e-03,
       1.85018585e-03, 1.83861539e-03, 1.82727395e-03, 1.81615894e-03,
       1.80526781e-03, 1.79459801e-03, 1.78414701e-03, 1.77391229e-03,
       1.76389139e-03])]","[[0, 6.376880005047202e-05, 0.00012384871691641303, 0.0001825152146708144, 0.00024124552686846215, 0.0003010345263705823, 0.00036258439726731583, 0.0004264171401580033, 0.0004929420183338037, 0.0005624965889465745, 0.0006353717452834267, 0.0007118270717934801, 0.0007921002949566859, 0.0008764131119623724, 0.0009649747775050294, 0.0010579842872954887, 0.0011556316711207413, 0.001258098712027114, 0.0013655592896186792, 0.001478179473495592, 0.001596117448897212, 0.001719523329512606, 0.0018485388954919899, 0.0019832972839256826, 0.0021239226520415226, 0.0022705298286557303, 0.0024232239661192766, 0.0025821002026008674, 0.002747243342715634, 0.002918727563048067, 0.0030966161479073794, 0.003280961259618348, 0.003471803746744155, 0.0036691729928307265, 0.0038730868075360727, 0.004083551425927022, 0.004300563141087288, 0.0045241132189471605, 0.004754192328975699, 0.004990793286708466, 0.005233912709900175, 0.005483552012715127, 0.0057397179947520855, 0.00600242318115822, 0.006271686009131834, 0.006547530919126864, 0.006829988386609216, 0.00711909491655809, 0.007414893014589398, 0.007717431143501554, 0.008026763670931665, 0.00834295081188893, 0.008666058568733034, 0.008996158670404483, 0.0093333285122192, 0.009677651097207746, 0.01002921497974761, 0.010388114212067555, 0.010754448294073665, 0.011128322126843667, 0.011509845970051532, 0.011899135403513008, 0.01229631129298183, 0.01270149976027371, 0.013114832157749575, 0.01353644504715009, 0.01396648018273912, 0.01440508449868436, 0.0148524101005779, 0.015308614260977712, 0.015773859418832477, 0.016248313182636396, 0.01673214833714718, 0.017225542853489102, 0.017728679902453248, 0.018241747870799057, 0.018764940380354016, 0.019298456309702384, 0.019842499818248382, 0.020397280372434493, 0.020963012773891, 0.021539917189288733, 0.02212821918166292, 0.02272814974297192, 0.02333994532765054, 0.02396384788691336, 0.024600104903558972, 0.025248969427021418, 0.025910700108409932, 0.02658556123527289, 0.027273822765816084, 0.027975760362299363, 0.028691655423329236, 0.029421795114758197, 0.0301664723988942, 0.030925986061716208, 0.03170064073778357, 0.03249074693251873, 0.033296621041533865, 0.034118585366663186, 0.034956968128352944, 0.03581210347405181, 0.03668433148223408, 0.03757399816167824, 0.038481455445612774, 0.03940706118033098, 0.04035117910786556, 0.041314178842303435, 0.042296435839310365, 0.04329833135842447, 0.044320252417667357, 0.04536259174001102, 0.046425747691229056, 0.047510124208650736, 0.04861613072032734, 0.04974418205411151, 0.050894698336142075, 0.05206810487821941, 0.05326483205354979, 0.05448531516033137, 0.05572999427264976, 0.05699931407814753, 0.0582937237019297, 0.059613676516166274, 0.0609596299348536, 0.06233204519319842, 0.06373138711109272, 0.0651581238401534, 0.06661272659380899, 0.06809566935992596, 0.06960742859548014, 0.0711484829027939, 0.07271931268687816, 0.07432039979343902, 0.07595222712713319, 0.0776152782496833, 0.07931003695749508, 0.08103698683845252, 0.08279661080760453, 0.0845893906214988, 0.08641580637096327, 0.08827633595218576, 0.09017145451599531, 0.09210163389530712, 0.09406734201075423, 0.09606904225459628, 0.09810719285306584, 0.10018224620738761, 0.10229464821378588, 0.10444483756287837, 0.10663324501894285, 0.10886029267963461, 0.11112639321682852, 0.11343194909935905, 0.11577735179853436, 0.11816298097740703, 0.1205892036648928, 0.12305637341594075, 0.12556482945907185, 0.12811489583271862, 0.13070688051191542, 0.13334107452700647, 0.13601775107615602, 0.13873716463356264, 0.14149955005539538, 0.14430512168558346, 0.14715407246370255, 0.15004657303730887, 0.15298277088117576, 0.15596278942598582, 0.15898672719912468, 0.16205465698030766, 0.16516662497484835, 0.16832265000744798, 0.1715227227394427, 0.17476680491249613, 0.17805482862176114, 0.1813866956215603, 0.18476227666664688, 0.18818141089210647, 0.19164390523494243, 0.19514953390035789, 0.19869803787569876, 0.20228912449495928, 0.20592246705667067, 0.2095977044978968, 0.21331444112694609, 0.21707224641727652, 0.2208706548649233, 0.22470916591161122, 0.2285872439355328, 0.23250431831157348, 0.2364597835425524, 0.24045299946281753, 0.24448329151529155, 0.24854995110280992, 0.25265223601432524, 0.2567893709262745, 0.26096054797912105, 0.26516492742878794, 0.2694016383724027, 0.273669779547469, 0.27796842020327717, 0.28229660104306115, 0.28665333523510533, 0.2910376094907078, 0.29544838520661115, 0.29988459966922976, 0.3043451673177238, 0.3088289810627098, 0.3133349136571451, 0.3178618191156906, 0.32240853417863763, 0.32697387981628584, 0.3315566627694808, 0.3361556771218613, 0.34076970589923145, 0.34539752269136087, 0.35003789329142815, 0.35468957734825934, 0.3593513300264755, 0.3640219036696499, 0.3687000494615882, 0.3733845190808804, 0.3780740663439381, 0.3827674488318125, 0.3874634294962, 0.3921607782401713, 0.39685827346931346, 0.40155470360914386, 0.40624886858484727, 0.41093958125959196, 0.4156256688279046, 0.4203059741608175, 0.4249793570997509, 0.42964469569634844, 0.4343008873957505, 0.43894685016106083, 0.44358152353703806, 0.4482038696513221, 0.4528128741517842, 0.45740754707886766, 0.46198692367206234, 0.4665500651099253, 0.47109605918332786, 0.47562402090186534, 0.4801330930336164, 0.48462244657867926, 0.4890912811771401, 0.49353882545234873, 0.49796433729057943, 0.502367104058349, 0.5067464427588408, 0.5111017001290504, 0.5154322526794142, 0.519737506677822, 0.5240168980800342, 0.5282698924086254, 0.5324959845826776, 0.5366946987005106, 0.5408655877778142, 0.545008233443584, 0.5491222455963067, 0.5532072620228642, 0.5572629479826323, 0.5612889957592584, 0.5652851241825836, 0.569251078123163, 0.5731866279618005, 0.5770915690364815, 0.5809657210690378, 0.5848089275738272, 0.5886210552506502, 0.5924019933640585, 0.596151653111144, 0.5998699669798174, 0.6035568880995099, 0.6072123895861486, 0.6108364638831744, 0.614429122100281, 0.6179903933514727, 0.6215203240939446, 0.6250189774692066, 0.6284864326477789, 0.6319227841787047, 0.6353281413450369, 0.6387026275263685, 0.6420463795693983, 0.6453595471674357, 0.6486422922496753, 0.6518947883809871, 0.6551172201729027, 0.6583097827063972, 0.6614726809670026, 0.6646061292927212, 0.6677103508351417, 0.6707855770341041, 0.6738320471061979, 0.6768500075473276, 0.6798397116495258, 0.6828014190321462, 0.6857353951875244, 0.6886419110411508, 0.6915212425263624, 0.6943736701735203, 0.6971994787136091, 0.6999989566961623, 0.7027723961213865, 0.7055200920863355, 0.7082423424449563, 0.7109394474818139, 0.713611709599275, 0.7162594330179197, 0.7188829234899315, 0.7214824880252031, 0.7240584346298847, 0.7266110720570914, 0.7291407095694753, 0.7316476567133655, 0.7341322231041694, 0.7365947182227264, 0.7390354512223024, 0.7414547307459093, 0.7438528647536351, 0.7462301603596698, 0.7485869236787104, 0.7509234596814335, 0.7532400720587242, 0.7555370630943541, 0.757814733545802, 0.7600733825329208, 0.7623133074341502, 0.7645348037899885, 0.7667381652134359, 0.7689236833071291, 0.7710916475868955, 0.7732423454114558, 0.7753760619180167, 0.777493079963497, 0.7795936800711387, 0.7816781403822612, 0.783746736612925, 0.7857997420152749, 0.7878374273433423, 0.7898600608230925, 0.7918679081265085, 0.7938612323495104, 0.7958402939935163, 0.7978053509504576, 0.7997566584910668, 0.8016944692562638, 0.8036190332514715, 0.8055305978437008, 0.8074294077612457, 0.8093157050958419, 0.8111897293071435, 0.8130517172293784, 0.8149019030800516, 0.8167405184705678, 0.8185677924186512, 0.8203839513624468, 0.8221892191761897, 0.823983817187337, 0.8257679641950579, 0.8275418764899864, 0.8293057678751419]]"
50.0,80.0,4,30,360,I1-S1,"[[0.01, 0.009218546420913139, 0.008861068736292907, 0.008775059817687893, 0.008868448502353592, 0.009085537646254365, 0.009392316668598234, 0.009767675418152702, 0.01019835765802891, 0.010675944665677145, 0.011195037226086824, 0.011752154161254962, 0.012345060173218523, 0.012972351417870794, 0.01363319636750468, 0.014327170791815525, 0.015054150290909875, 0.015814238467178277, 0.016607717545979585, 0.017435013449345182, 0.018296670424069822, 0.01919333217767484, 0.02012572758901935, 0.021094659735045068, 0.022100997389101207, 0.02314566840471139, 0.024229654563716455, 0.02535398757623994, 0.026519745993666986, 0.027728052847756868, 0.028980073866879882, 0.03027701614887537, 0.031620127192059165, 0.033010694203288435, 0.03445004361590492, 0.03593959926115508, 0.037481475426544696, 0.03907880135604558, 0.040735377295868194, 0.042455397937437314, 0.04424327722285785, 0.04610354224493871, 0.048040773695998476, 0.05005957713149796, 0.052164574144398144, 0.05436040596267303, 0.056651744389988185, 0.059043306696980845, 0.061539872244694635, 0.06414629943092302, 0.06686754210099502, 0.06970866493326433, 0.07267485755090324, 0.07577144726456848, 0.07900391044282659, 0.08237788255850283, 0.08589916698311723, 0.08957374260787353, 0.09340777036487362, 0.09740759871082534, 0.10157976812048841, 0.10593101462041497, 0.1104682723764197, 0.11519867533140363, 0.1201295578740697, 0.1252684545039082, 0.1306230984436655, 0.1362014191373258, 0.14201153855938467, 0.14806176624980036, 0.15436059297841428, 0.1609166829327697, 0.16773886431409754, 0.17483611821775807, 0.18221756566663833, 0.189892452658941, 0.19787013308552023, 0.2061600493665119, 0.2147717106525824, 0.22371466843282095, 0.23299848938928772, 0.24263272533769897, 0.2526268800948879, 0.2629903731167678, 0.2737324997558002, 0.28486238799470937, 0.29638895152368916, 0.3083208390419186, 0.3206663796811695, 0.33343352446996777, 0.3466297837814938, 0.36026216073748774, 0.37433708057416704, 0.38886031601484033, 0.40383690873775496, 0.41927108707693517, 0.43516618014847946, 0.4515245286550446, 0.4683473926869992, 0.48563485690983355, 0.5033857336035757, 0.5215974641007597, 0.540266019254324, 0.5593857996549128, 0.5789495364074354, 0.5989481933682412, 0.6193708718354722, 0.6402047187744754, 0.6614348397457257, 0.6830442177825004, 0.7050136395372992, 0.7273216300773113, 0.749944397757532, 0.772855790632785, 0.796027265884221, 0.8194278737291887, 0.8430242572531547, 0.8667806695462275, 0.890659009442731, 0.9146188770484973, 0.9386176500958722, 0.9626105819902546, 0.9865509222043531, 1.0103900594380881, 1.0340776876948579, 1.0575619951312927, 1.0807898752211493, 1.1037071594390706, 1.1262588703219043, 1.1483894934103085, 1.1700432662183906, 1.1911644820316651, 1.211697806001613, 1.2315886006967809, 1.250783257993845, 1.2692295339553081, 1.2868768831509267, 1.3036767887441918, 1.319583084588844, 1.3345522655678066, 1.3485437824609625, 1.3615203177501392, 1.3734480389590062, 1.384296826380088, 1.394040472356728, 1.402656849658871, 1.4101280469107138, 1.4164404694869577, 1.4215849047828735, 1.4255565512711086, 1.4283550112740773, 1.4299842478937261, 1.4304525070394172, 1.4297722059691775, 1.4279597901999528, 1.4250355610402186, 1.4210234763461334, 1.415950927394588, 1.4098484949989214, 1.4027496881632315, 1.394690668678325, 1.3857099651071674, 1.3758481795925217, 1.3651476908478475, 1.3536523565692475, 1.341407218336939, 1.3284582118657713, 1.3148518852225597, 1.300635127360543, 1.2858549090352334, 1.2705580378682606, 1.254790929023172, 1.2385993926556458, 1.222028439005797, 1.2051221017170484, 1.1879232796985515, 1.170473597599756, 1.152813284739034, 1.1349810721251583, 1.1170141070320654, 1.098947884434221, 1.0808161944820023, 1.062651085093216, 1.0444828386572238, 1.0263399617907454, 1.0082491870476726, 0.9902354854672989, 0.9723220888442933, 0.9545305206175214, 0.936880634301353, 0.9193906584204348, 0.902077246955069, 0.8849555343575145, 0.868039194257991, 0.8513405010413618, 0.8348703935399857, 0.818638540153803, 0.8026534047742783, 0.7869223129534199, 0.7714515178219598, 0.756246265321271, 0.7413108583712139, 0.7266487196504632, 0.7122624527167014, 0.6981539012411883, 0.6843242061755497, 0.6707738607081524, 0.6575027629031764, 0.6445102659475747, 0.6317952259596358, 0.6193560473380197, 0.6071907256520926, 0.5952968880933628, 0.5836718315240197, 0.5723125581722267, 0.5612158090351328, 0.5503780950597693, 0.5397957261792913, 0.5294648382876146, 0.519381418239584, 0.5095413269665587, 0.4999403207988976, 0.49057407108741735, 0.4814381822156314, 0.4725282080935833, 0.4638396672224876, 0.4553680564172888, 0.44710886327174454, 0.43905757744781254, 0.43120970086805044, 0.4235607568864908, 0.4161062985100821, 0.4088419157393456, 0.40176324209342595, 0.3948659603812459, 0.3881458077770457, 0.38159858025521726, 0.375220136436051, 0.36900640089082065, 0.3629533669515439, 0.3570570990677903, 0.35131373475006394, 0.34571948613657466, 0.3402706412176286, 0.3349635647494201, 0.3297946988866861, 0.32476056356149935, 0.31985775663341226, 0.31508295383422935, 0.3104329085288688, 0.3059044513120718, 0.3014944894591309, 0.2972000062473236, 0.2930180601633558, 0.28894578401083343, 0.2849803839305864, 0.28111913834555874, 0.27735939684095107, 0.2736985789893504, 0.27013417312970084, 0.26666373510815655, 0.2632848869881064, 0.2599953157359691, 0.2567927718887185, 0.25367506820851354, 0.2506400783292673, 0.24768573539949384, 0.2448100307253175, 0.24201101241711265, 0.23928678404285927, 0.23663550329095132, 0.23405538064487494, 0.23154467807188203, 0.22910170772751864, 0.22672483067762492, 0.22441245563920292, 0.2221630377413474, 0.2199750773072524, 0.21784711865814163, 0.2157777489398195, 0.21376559697240596, 0.21180933212369407, 0.20990766320646015, 0.2080593373999566, 0.20626313919572833, 0.2045178893678137, 0.20282244396731974, 0.2011756933412976, 0.19957656117578743, 0.19802400356285194, 0.19651700809137346, 0.1950545929613506, 0.19363580612139658, 0.1922597244291115, 0.19092545283397583, 0.18963212358239, 0.18837889544446687, 0.18716495296216787, 0.1859895057183617, 0.18485178762637292, 0.18375105623958096, 0.18268659208062277, 0.181657697989749, 0.18066369849188027, 0.17970393918190888, 0.17877778612779177, 0.17788462529098106, 0.1770238619637411, 0.1761949202229036, 0.17539724239961701, 0.1746302885646498, 0.1738935360288131, 0.17318647885807384, 0.17250862740293502, 0.17185950784166695, 0.17123866173697952, 0.17064564560573248, 0.17008003050128895, 0.16954140160812337, 0.16902935784830386, 0.16854351149947588, 0.16808348782398194, 0.16764892470876014, 0.16723947231567157, 0.16685479274191475, 0.16649455969019256, 0.16615845814830513, 0.1658461840778494, 0.16555744411171364, 0.16529195526006257, 0.16504944462451612, 0.16482964912023151, 0.16463231520560626, 0.1644571986193253, 0.16430406412448384, 0.16417268525952194, 0.164062844095716, 0.163974331000976, 0.16390694440970532, 0.16386049059848523, 0.16383478346735195, 0.16382964432644045, 0.16384490168777405, 0.16388039106198465, 0.16393595475975395, 0.16401144169777046, 0.1641067072090029, 0.1642216128570948, 0.16435602625469042, 0.16450982088550592, 0.1646828759299651, 0.16487507609422283, 0.16508631144240352, 0.16531647723188625, 0.1655654737514722, 0.16583320616227398, 0.1661195843411696, 0.16642452272666902, 0.1667479401670429, 0.16708975977056822, 0.16744990875774846, 0.1678283183153687, 0.16822492345225062, 0.16863966285657414, 0.16907247875463696, 0.16952331677092555]]","[[0.01, 0.011673645222856313, 0.01362924433757481, 0.01580189558251425, 0.018156401286789386, 0.02067536691361936, 0.023351816205604028, 0.026184738997736608, 0.02917665010820249, 0.03233216959580801, 0.035657193540286916, 0.039158414533247546, 0.04284304854850302, 0.04671868289283277, 0.05079319467285939, 0.055074709943327305, 0.05957158603457132, 0.06429240686732436, 0.0692459853776027, 0.07444136970713933, 0.07988785129125138, 0.0855949738287211, 0.0915725426044811, 0.0978306339081181, 0.10437960443951566, 0.11123010067030227, 0.11839306816711377, 0.12587976089797748, 0.13370175054668992, 0.14187093585772842, 0.15039955202924252, 0.1593001801657547, 0.16858575679624474, 0.17826958345771293, 0.18836533633926697, 0.19888713750573705, 0.20985023564293118, 0.22127157238302778, 0.2331696568556113, 0.2455644233340216, 0.2584771330209556, 0.2719303094012381, 0.28594769928509334, 0.3005542536144062, 0.31577612355131374, 0.33164066845010987, 0.34817647312630284, 0.3654133724497054, 0.38338248175167405, 0.40211623188678974, 0.4216484080536405, 0.4420141916783126, 0.4632502048130642, 0.4853945566130547, 0.5084868915347344, 0.5325684389572732, 0.5576820639683114, 0.5838723190812491, 0.6111854966662054, 0.6396696818829204, 0.6693748059029632, 0.7003526992019173, 0.7326571446907476, 0.7663439304400136, 0.8014709017315631, 0.8380980121502164, 0.876287373403062, 0.9161033035265663, 0.9576123731119526, 1.0008834491473801, 1.0459877360415117, 1.0929988133572197, 1.1419926697466043, 1.1930477325393423, 1.2462448923958254, 1.3016675223948093, 1.3594014908826269, 1.4195351673677206, 1.4821594207006679, 1.5473676087364316, 1.6152555586327113, 1.6859215368965816, 1.7594662082516688, 1.835992582360655, 1.9156059474036906, 1.9984137894832177, 2.0845256968007293, 2.174053247532155, 2.2671098803170406, 2.3638107462737117, 2.4642725414594775, 2.568613318713072, 2.6769522778473815, 2.7894095332055735, 2.906105857654589, 3.027162402168094, 3.1527003902479724, 3.2828407865506932, 3.417703939223862, 3.5574091956200924, 3.702074491241188, 3.8518159119762236, 4.006747229933044, 4.166979413424078, 4.332620111953998, 4.503773117367832, 4.680537802652416, 4.863008540239699, 5.051274102034714, 5.245417043780873, 5.445513076776518, 5.651630430364637, 5.863829209026722, 6.082160748315639, 6.3066669742540125, 6.5373797711962895, 6.774320363496099, 7.017498716627059, 7.266912963665709, 7.52254886325084, 7.7843792952749435, 8.052363800632346, 8.326448171336688, 8.606564097220652, 8.892628875237166, 9.184545187089308, 9.482200950522758, 9.785469249119256, 10.094208344833106, 10.408261776819176, 10.72745854931592, 11.051613410479238, 11.380527223123368, 11.713987427326677, 12.05176859381854, 12.393633065995441, 12.739331687338826, 13.088604609943419, 13.441182178833115, 13.796785885762093, 14.155129385291376, 14.515919565113983, 14.87885766189222, 15.243640413283204, 15.60996123637562, 15.977511422451375, 16.34598133782615, 16.7150616205155, 17.084444362617518, 17.45382426859455, 17.822899780067914, 18.191374158300267, 18.558956516216973, 18.925362792595443, 19.290316661912293, 19.653550374264224, 20.014805520750528, 20.373833720703622, 20.73039722816021, 21.08426945596133, 21.435235416837607, 21.783092081761524, 22.127648656717415, 22.46872677984147, 22.80616064160851, 23.139797031383317, 23.46949531420684, 23.79512734214933, 24.116577304933188, 24.433741524808955, 24.74652820086216, 25.05485710804062, 25.35865925622732, 25.65787651464954, 25.95246120681774, 26.242375681035544, 26.527591861322826, 26.80809078335528, 27.083862119753448, 27.354903698759877, 27.621221020031108, 27.88282677094863, 28.139740346525294, 28.391987375656065, 28.639599256139338, 28.882612700580733, 29.121069294989045, 29.355015071586045, 29.584500097080543, 29.80957807740366, 30.030305979668004, 30.24674367189857, 30.458953580888316, 30.667000368355982, 30.870950625427728, 31.07087258532661, 31.266835854034344, 31.458911158586837, 31.647170112578053, 31.83168499837414, 32.01252856548091, 32.189773844461065, 32.36349397576191, 32.53376205278885, 32.70065097854309, 32.86423333513322, 33.02458126546821, 33.181766366443, 33.33585959293712, 33.486931171959284, 33.63505052628796, 33.78028620697704, 33.922705834117494, 34.062376045269474, 34.19936245100363, 34.333729597016436, 34.46554093231009, 34.594858782953864, 34.72174433097009, 34.846257597913905, 34.9684574327413, 35.08840150358501, 35.20614629308186, 35.32174709691859, 35.43525802528568, 35.546732006949995, 35.656220795677996, 35.76377497876031, 35.8694439874075, 35.97327610880394, 36.075318499623585, 36.175617200826785, 36.27421715357205, 36.37116221609028, 36.466495181381795, 36.56025779560857, 36.65249077706512, 36.74323383562186, 36.83252569254457, 36.92040410060227, 37.00690586438431, 37.09206686075511, 37.175922059382025, 37.258505543278226, 37.339850529308805, 37.4199893886136, 37.49895366690536, 37.57677410460663, 37.653480656793, 37.7291025129142, 37.80366811626819, 37.87720518320667, 37.94974072205334, 38.021301051719135, 38.091911820000874, 38.16159802155227, 38.23038401551813, 38.298293542824496, 38.365349743119005, 38.43157517135753, 38.4969918140342, 38.56162110505331, 38.62548394124267, 38.688600697508896, 38.75099124163607, 38.81267494872985, 38.87367071530996, 38.933996973054406, 38.993671702199435, 39.052712444599685, 39.111136316453255, 39.16896002069692, 39.22619985907697, 39.28287174390126, 39.3389912094785, 39.39457342325073, 39.44963319662531, 39.504184995512524, 39.55824295057543, 39.61182086719811, 39.66493223517894, 39.717590238155246, 39.76980776276585, 39.821597407557846, 39.87297149164397, 39.923942063116996, 39.97452090722721, 40.024719554329344, 40.07454928760491, 40.12402115056601, 40.17314595434646, 40.22193428478614, 40.270396509314146, 40.318542783636424, 40.36638305823326, 40.41392708467211, 40.461184421740896, 40.508164441406976, 40.5548763346067, 40.60132911687055, 40.64753163378849, 40.693492566320316, 40.73922043595541, 40.78472360972636, 40.83001030508074, 40.87508859461514, 40.919966410675656, 40.9646515498286, 41.00915167720541, 41.053474330725344, 41.09762692519975, 41.141616756321135, 41.18545100454077, 41.22913673883779, 41.27268092038328, 41.31609040610218, 41.35937195213619, 41.40253221721051, 41.44557776590717, 41.48851507184774, 41.531350520788095, 41.57409041362755, 41.61674096933511, 41.659308327795, 41.70179855257385, 41.74421763361173, 41.7865714898392, 41.82886597172232, 41.8711068637378, 41.91329988678002, 41.955450700501835, 41.99756490559101, 42.03964804598384, 42.08170561101776, 42.1237430375244, 42.16576571186469, 42.20777897190742, 42.24978810895273, 42.2917983696017, 42.3338149575736, 42.37584303547175, 42.4178877264994, 42.459954116126596, 42.502047253709186, 42.544172154061, 42.58633379898017, 42.628537138730486, 42.670787093478744, 42.71308855468887, 42.75544638647367, 42.797865426904906, 42.84035048928248, 42.882906363363325, 42.92553781655072, 42.96824959504457, 43.01104642495318, 43.053933013367164, 43.096914049395856, 43.1399942051667, 43.183178136788094, 43.226470485275996, 43.26987587744467, 43.31339892676194, 43.35704423416913, 43.40081638886605, 43.44471996906118]]","[array([6.37688001e-05, 6.00799169e-05, 5.86664978e-05, 5.87303122e-05,
       5.97889996e-05, 6.15498771e-05, 6.38328323e-05, 6.65254252e-05,
       6.95566878e-05, 7.28813347e-05, 7.64702353e-05, 8.03046235e-05,
       8.43725480e-05, 8.86666709e-05, 9.31828791e-05, 9.79193920e-05,
       1.02876173e-04, 1.08054531e-04, 1.13456842e-04, 1.19086353e-04,
       1.24947033e-04, 1.31043464e-04, 1.37380757e-04, 1.43964490e-04,
       1.50800655e-04, 1.57895619e-04, 1.65256097e-04, 1.72889123e-04,
       1.80802038e-04, 1.89002471e-04, 1.97498334e-04, 2.06297807e-04,
       2.15409342e-04, 2.24841649e-04, 2.34603780e-04, 2.44707064e-04,
       2.55169112e-04, 2.66013209e-04, 2.77266126e-04, 2.88956634e-04,
       3.01114581e-04, 3.13770349e-04, 3.26954569e-04, 3.40697998e-04,
       3.55031509e-04, 3.69986136e-04, 3.85593169e-04, 4.01884253e-04,
       4.18891505e-04, 4.36647623e-04, 4.55185995e-04, 4.74540793e-04,
       4.94747067e-04, 5.15840825e-04, 5.37859099e-04, 5.60840015e-04,
       5.84822844e-04, 6.09848047e-04, 6.35957321e-04, 6.63193626e-04,
       6.91601216e-04, 7.21225655e-04, 7.52113839e-04, 7.84313993e-04,
       8.17875683e-04, 8.52849800e-04, 8.89288557e-04, 9.27245459e-04,
       9.66775282e-04, 1.00793403e-03, 1.05077889e-03, 1.09536818e-03,
       1.14176127e-03, 1.19001850e-03, 1.24020112e-03, 1.29237112e-03,
       1.34659117e-03, 1.40292447e-03, 1.46143455e-03, 1.52218517e-03,
       1.58524006e-03, 1.65066277e-03, 1.71851639e-03, 1.78886334e-03,
       1.86176503e-03, 1.93728166e-03, 2.01547177e-03, 2.09639200e-03,
       2.18009665e-03, 2.26663730e-03, 2.35606235e-03, 2.44841661e-03,
       2.54374078e-03, 2.64207095e-03, 2.74343808e-03, 2.84786740e-03,
       2.95537786e-03, 3.06598152e-03, 3.17968291e-03, 3.29647841e-03,
       3.41635559e-03, 3.53929254e-03, 3.66525722e-03, 3.79420680e-03,
       3.92608697e-03, 4.06083135e-03, 4.19836080e-03, 4.33858288e-03,
       4.48139127e-03, 4.62666523e-03, 4.77426917e-03, 4.92405223e-03,
       5.07584796e-03, 5.22947404e-03, 5.38473218e-03, 5.54140802e-03,
       5.69927119e-03, 5.85807551e-03, 6.01755927e-03, 6.17744569e-03,
       6.33744347e-03, 6.49724755e-03, 6.65653996e-03, 6.81499090e-03,
       6.97225985e-03, 7.12799697e-03, 7.28184453e-03, 7.43343857e-03,
       7.58241062e-03, 7.72838960e-03, 7.87100378e-03, 8.00988282e-03,
       8.14465999e-03, 8.27497426e-03, 8.40047263e-03, 8.52081226e-03,
       8.63566278e-03, 8.74470839e-03, 8.84765002e-03, 8.94420734e-03,
       9.03412064e-03, 9.11715261e-03, 9.19308997e-03, 9.26174486e-03,
       9.32295607e-03, 9.37659008e-03, 9.42254182e-03, 9.46073524e-03,
       9.49112362e-03, 9.51368965e-03, 9.52844524e-03, 9.53543114e-03,
       9.53471630e-03, 9.52639702e-03, 9.51059588e-03, 9.48746055e-03,
       9.45716231e-03, 9.41989454e-03, 9.37587103e-03, 9.32532417e-03,
       9.26850308e-03, 9.20567170e-03, 9.13710680e-03, 9.06309600e-03,
       8.98393579e-03, 8.89992959e-03, 8.81138583e-03, 8.71861612e-03,
       8.62193346e-03, 8.52165058e-03, 8.41807834e-03, 8.31152427e-03,
       8.20229122e-03, 8.09067609e-03, 7.97696873e-03, 7.86145097e-03,
       7.74439571e-03, 7.62606621e-03, 7.50671543e-03, 7.38658556e-03,
       7.26590756e-03, 7.14490091e-03, 7.02377339e-03, 6.90272097e-03,
       6.78192777e-03, 6.66156613e-03, 6.54179671e-03, 6.42276867e-03,
       6.30461991e-03, 6.18747735e-03, 6.07145724e-03, 5.95666550e-03,
       5.84319812e-03, 5.73114157e-03, 5.62057318e-03, 5.51156161e-03,
       5.40416727e-03, 5.29844275e-03, 5.19443327e-03, 5.09217713e-03,
       4.99170613e-03, 4.89304597e-03, 4.79621673e-03, 4.70123317e-03,
       4.60810524e-03, 4.51683833e-03, 4.42743373e-03, 4.33988892e-03,
       4.25419790e-03, 4.17035151e-03, 4.08833772e-03, 4.00814194e-03,
       3.92974721e-03, 3.85313452e-03, 3.77828299e-03, 3.70517011e-03,
       3.63377194e-03, 3.56406327e-03, 3.49601784e-03, 3.42960847e-03,
       3.36480720e-03, 3.30158543e-03, 3.23991410e-03, 3.17976370e-03,
       3.12110448e-03, 3.06390648e-03, 3.00813964e-03, 2.95377388e-03,
       2.90077917e-03, 2.84912558e-03, 2.79878337e-03, 2.74972300e-03,
       2.70191523e-03, 2.65533109e-03, 2.60994200e-03, 2.56571971e-03,
       2.52263643e-03, 2.48066474e-03, 2.43977771e-03, 2.39994887e-03,
       2.36115223e-03, 2.32336227e-03, 2.28655400e-03, 2.25070292e-03,
       2.21578507e-03, 2.18177698e-03, 2.14865570e-03, 2.11639883e-03,
       2.08498445e-03, 2.05439118e-03, 2.02459815e-03, 1.99558499e-03,
       1.96733184e-03, 1.93981934e-03, 1.91302861e-03, 1.88694129e-03,
       1.86153945e-03, 1.83680567e-03, 1.81272296e-03, 1.78927482e-03,
       1.76644517e-03, 1.74421838e-03, 1.72257922e-03, 1.70151293e-03,
       1.68100512e-03, 1.66104181e-03, 1.64160941e-03, 1.62269474e-03,
       1.60428496e-03, 1.58636760e-03, 1.56893057e-03, 1.55196210e-03,
       1.53545078e-03, 1.51938552e-03, 1.50375555e-03, 1.48855042e-03,
       1.47375998e-03, 1.45937438e-03, 1.44538406e-03, 1.43177974e-03,
       1.41855241e-03, 1.40569334e-03, 1.39319404e-03, 1.38104629e-03,
       1.36924211e-03, 1.35777375e-03, 1.34663371e-03, 1.33581469e-03,
       1.32530963e-03, 1.31511167e-03, 1.30521417e-03, 1.29561068e-03,
       1.28629496e-03, 1.27726094e-03, 1.26850275e-03, 1.26001468e-03,
       1.25179122e-03, 1.24382702e-03, 1.23611689e-03, 1.22865580e-03,
       1.22143888e-03, 1.21446140e-03, 1.20771879e-03, 1.20120661e-03,
       1.19492059e-03, 1.18885654e-03, 1.18301045e-03, 1.17737842e-03,
       1.17195666e-03, 1.16674151e-03, 1.16172945e-03, 1.15691702e-03,
       1.15230093e-03, 1.14787795e-03, 1.14364498e-03, 1.13959902e-03,
       1.13573715e-03, 1.13205656e-03, 1.12855454e-03, 1.12522845e-03,
       1.12207575e-03, 1.11909400e-03, 1.11628080e-03, 1.11363388e-03,
       1.11115102e-03, 1.10883007e-03, 1.10666899e-03, 1.10466577e-03,
       1.10281849e-03, 1.10112531e-03, 1.09958443e-03, 1.09819414e-03,
       1.09695277e-03, 1.09585873e-03, 1.09491047e-03, 1.09410652e-03,
       1.09344546e-03, 1.09292590e-03, 1.09254654e-03, 1.09230610e-03,
       1.09220338e-03, 1.09223720e-03, 1.09240645e-03, 1.09271004e-03,
       1.09314696e-03, 1.09371621e-03, 1.09441686e-03, 1.09524800e-03,
       1.09620876e-03, 1.09729832e-03, 1.09851590e-03, 1.09986075e-03,
       1.10133214e-03, 1.10292940e-03, 1.10465188e-03, 1.10649897e-03,
       1.10847007e-03, 1.11056463e-03, 1.11278213e-03, 1.11512206e-03,
       1.11758396e-03, 1.12016738e-03, 1.12287190e-03, 1.12569711e-03,
       1.12864265e-03])]","[[0, 6.376880005047202e-05, 0.00012384871691641303, 0.0001825152146708144, 0.00024124552686846215, 0.0003010345264250649, 0.0003625844035585921, 0.0004264172358333481, 0.0004929426610434694, 0.0005624993488345677, 0.0006353806834857167, 0.0007118509187530542, 0.0007921555422151817, 0.0008765280902587526, 0.0009651947611780446, 0.0010583776402990073, 0.0011562970323028949, 0.0012591732051985998, 0.0013672277358863145, 0.001480684578124523, 0.001599770931615105, 0.0017247179649622403, 0.0018557614289730323, 0.001993142186313585, 0.0021371066766341417, 0.002287907331573789, 0.0024458029507375928, 0.002611059047317858, 0.002783948170208388, 0.0029647502080512086, 0.003153752679541886, 0.0033512510134254365, 0.003557548820887937, 0.0037729581624525842, 0.0039977998109964165, 0.004232403590768363, 0.004477110654971078, 0.004732279766934603, 0.004998292975577744, 0.005275559101209983, 0.005564515735015528, 0.005865630315748038, 0.006179400664651817, 0.006506355233322293, 0.006847053231348459, 0.007202084739933427, 0.007572070876267916, 0.007957664045525316, 0.008359548298882585, 0.008778439804048488, 0.009215087427341444, 0.009670273421949309, 0.010144814214601588, 0.010639561281778868, 0.011155402106283326, 0.011693261205162874, 0.012254101220394662, 0.012838924064243532, 0.013448772111722913, 0.014084729433041444, 0.014747923059285073, 0.015439524274844229, 0.01616074993024229, 0.016912863769054813, 0.017697177762532306, 0.018515053445358667, 0.01936790324569862, 0.020257191802317946, 0.02118443726110567, 0.02215121254279429, 0.023159146573067477, 0.02420992546557014, 0.025305293647597586, 0.02644705491744375, 0.02763707342153733, 0.028877274538593987, 0.03016964565706771, 0.03151623683120023, 0.032919161299950275, 0.03438059585204184, 0.03590278101930971, 0.037488021079451504, 0.039138683848228085, 0.040857200240100984, 0.0426460635752699, 0.044507828610091144, 0.04644511026693613, 0.048460582038707456, 0.05055697404249018, 0.05273707069620118, 0.055003707991635974, 0.057359770337028194, 0.059808186942161445, 0.06235192771923985, 0.06499399867316454, 0.06773743675561453, 0.07058530415842838, 0.07354068202326361, 0.07660666354641203, 0.07978634646000674, 0.08308282487370422, 0.08649918046429778, 0.09003847300464209, 0.09370373022777054, 0.09749793702718347, 0.10142402399998939, 0.10548485534589465, 0.10968321614195388, 0.11402179902049323, 0.11850319028567204, 0.123129855512707, 0.1279041246827877, 0.13282817691608287, 0.13790402487487935, 0.1431334989186959, 0.14851823110304158, 0.15405963912319334, 0.1597589103137878, 0.1656169858239734, 0.1716345450961647, 0.17781199078387191, 0.18414943425044383, 0.19064668179564495, 0.19730322176058596, 0.2041182126634365, 0.2110904725183899, 0.21821846948835336, 0.22550031401766707, 0.23293375258470647, 0.24051616320542507, 0.24824455280772798, 0.2561155565830538, 0.26412543940575983, 0.2722700993929843, 0.2805450736577843, 0.2889455462867567, 0.29746635855033504, 0.3061020213298501, 0.31484672972063044, 0.3236943797453061, 0.33263858708650423, 0.34167270772373615, 0.35078986033592763, 0.3599829503091719, 0.3692446951693219, 0.37856765124136377, 0.38794424132247884, 0.3973667831435985, 0.4068275183853155, 0.41631864200840113, 0.4258323316569829, 0.4353607768936765, 0.44489620803058594, 0.454430924327955, 0.46395732134317774, 0.47346791722659765, 0.48295537777673764, 0.492412540085949, 0.501832434627566, 0.5112083056570934, 0.520533629822319, 0.5298021329001131, 0.5390078046006466, 0.5481449114024318, 0.5572080074036172, 0.5661919431960099, 0.5750918727880797, 0.5839032586214745, 0.5926218747421466, 0.6012438082019148, 0.6097654587790623, 0.6181835371173362, 0.6264950613914719, 0.6346973526141231, 0.642788028703914, 0.6507649974373244, 0.6586264484083915, 0.6663708441199024, 0.6739969103280075, 0.6815036257591639, 0.6888902113142048, 0.696156118869263, 0.7033010197774564, 0.7103247931688009, 0.7172275141389244, 0.7240094419099495, 0.7306710080395258, 0.7372128047465389, 0.7436355734146238, 0.7499401933273325, 0.756127670681755, 0.7621991279206105, 0.7681557934163845, 0.773998991535013, 0.7797301331009449, 0.7853507062801725, 0.7908622678930014, 0.796266435163963, 0.8015648779123287, 0.806759311183174, 0.8118514883158354, 0.816843194443893, 0.82173624041848, 0.826532457144732, 0.8312336903195308, 0.8358417955573431, 0.8403586338898724, 0.8447860676244119, 0.849125956545184, 0.8533801544415504, 0.8575505059467528, 0.8616388436707787, 0.8656469856110174, 0.8695767328245582, 0.8734298673462709, 0.8772081503371775, 0.8809133204480611, 0.8845470923837561, 0.8881111556540912, 0.8916071734980351, 0.8950367819681758, 0.8984015891632763, 0.9017031745972588, 0.9049430886935841, 0.9081228523946006, 0.91124395687604, 0.9143078633574216, 0.9173160029997037, 0.9202697768820706, 0.9231705560502836, 0.9260196816295356, 0.9288184649952397, 0.9315681879956554, 0.9342701032206983, 0.9369254343117033, 0.939535376307313, 0.942101096021037, 0.9446237324463853, 0.9471043971858125, 0.9495441749000196, 0.9519441237744558, 0.954305276000132, 0.9566286382661167, 0.9589151922613152, 0.9611658951833617, 0.9633816802526481, 0.9655634572297115, 0.96771211293437, 0.9698285117651636, 0.9719134962178015, 0.9739678874014585, 0.9759924855518848, 0.9779880705404168, 0.9799554023780731, 0.9818952217140279, 0.9838082503278368, 0.985695191614873, 0.9875567310645085, 0.9893935367306411, 0.9912062596942302, 0.9929955345175604, 0.9947619796900061, 0.9965061980651099, 0.9982287772888365, 0.9999302902188982, 1.0016112953350806, 1.0032723371405323, 1.004913946554003, 1.006536641293048, 1.0081409262482302, 1.0097272938483723, 1.0112962244169372, 1.0128481865196137, 1.0143836373032151, 1.015903022825998, 1.0174067783795215, 1.018895328802182, 1.020369088784554, 1.0218284631666845, 1.0232738472274898, 1.024705626966405, 1.0261241793774443, 1.0275298727158297, 1.028923066757349, 1.030304113050605, 1.0316733551623174, 1.0330311289158423, 1.034377762623067, 1.0357135773098483, 1.0370388869351477, 1.038353998604029, 1.0396592127746707, 1.0409548234595527, 1.04224111842097, 1.043518379361021, 1.044786882106227, 1.0460468967869208, 1.047298688011554, 1.0485425150360614, 1.0497786319284208, 1.0510072877285437, 1.052228726603629, 1.0534431879991089, 1.0546509067853123, 1.0558521133999708, 1.0570470339866853, 1.0582358905294729, 1.0594189009835038, 1.0605962794021437, 1.0617682360604093, 1.0629349775749384, 1.0640967070205805, 1.065253624043707, 1.0664059249723346, 1.0675538029231595, 1.0686974479055902, 1.0698370469228697, 1.0709727840703702, 1.0721048406311449, 1.0732333951688175, 1.0743586236178873, 1.0754806993715222, 1.0765997933669191, 1.0777160741682952, 1.0788297080475837, 1.0799408590628983, 1.0810496891348294, 1.0821563581206366, 1.083261023886393, 1.0843638423771427, 1.0854649676851262, 1.0865645521161251, 1.0876627462539812, 1.0887596990233368, 1.089855557750648, 1.0909504682235116, 1.092044574748357, 1.09313802020654, 1.094230946108884, 1.0953234926487052, 1.096415798753362, 1.0975080021343637, 1.0986002393360743, 1.099692645783045, 1.100785355826007, 1.1018785027865565, 1.1029722190005586, 1.1040666358603033, 1.105161883855434, 1.1062580926126804, 1.107355390934415, 1.1084539068360595, 1.1095537675823626, 1.1106550997225682, 1.111758029124497, 1.112862681007557, 1.1139691799747022, 1.1150776500433566, 1.1161882146753168, 1.117300996805651, 1.1184161188706048, 1.1195337028345285, 1.1206538702158373, 1.1217767421120157, 1.1229024392236742, 1.1240310818776702]]"
50.0,80.0,4,60,90,I0-S0,"[[0.01, 0.009218546420913139, 0.008861068736292907, 0.008775059817687893, 0.00886844850475938, 0.0090855380599628, 0.009392314568654338, 0.009767654483442433, 0.010198260325164821, 0.010675631220055805, 0.011194235154667963, 0.011750402195529589, 0.012341650726143948, 0.012966274108195256, 0.013623084360714443, 0.014311250897158546, 0.015030197166654298, 0.015779532884284967, 0.01655900840972412, 0.017368483142399294, 0.018207902980070034, 0.019077283794259395, 0.019976699022852526, 0.020906270173234005, 0.0218661594510396, 0.022856563988765243, 0.023877711310003262, 0.02492985576768183, 0.026013275761489707, 0.02712827158450505, 0.028275163780210916, 0.029454291913569824, 0.030666013676676627, 0.031910704262570505, 0.033188755951215745, 0.03450057786018738, 0.035846595819695064, 0.037227252337564035, 0.03864300662488516, 0.040094334657405625, 0.04158172925147663, 0.04310570013659657, 0.04466677400936216, 0.04626549455602561, 0.047902422432905434, 0.04957813519565418, 0.05129322716988611, 0.05304830925694394, 0.05484400866966448, 0.05668096859391299, 0.05855984777241772, 0.06048132000806837, 0.06244607358436247, 0.06445481060110729, 0.06650824622382571, 0.06860710784558446, 0.07075213416017352, 0.07294407414572619, 0.07518368595798955, 0.07747173573254174, 0.07980899629531492, 0.08219624578082604, 0.08463426615754788, 0.08712384165987665, 0.08966575712617407, 0.0922609951420443, 0.09491274213448568, 0.09762742660808922, 0.10041347934880508, 0.10328036007883279, 0.10623794217584939, 0.10929613329628787, 0.11246465156346433, 0.11575290394936487, 0.11916993117228843, 0.1227243951502777, 0.12642459287999802, 0.13027848588501684, 0.1342937379548852, 0.13847775633577455, 0.14283773320211865, 0.14738068538099983, 0.15211349108102185, 0.1570429229065729, 0.16217567679313724, 0.16751839673256577, 0.17307769530586728, 0.17886017013105215, 0.18487241638313726, 0.19112103556555496, 0.19761264071608334, 0.2043538582225348, 0.21135132640840895, 0.2186116910297668, 0.22614159780397836, 0.23394768207030026, 0.24203655566252077, 0.25041479105588804, 0.25908890283468594, 0.26806532651345055, 0.27735039473411977, 0.28695031085350126, 0.29687111993040194, 0.3071186771196316, 0.3176986134809054, 0.3286162992144478, 0.3398768043418668, 0.35148485686063685, 0.3634447984133237, 0.37576053752851124, 0.3884355005092546, 0.4014725800667779, 0.4148740818220235, 0.42864166882550087, 0.4427763042765769, 0.4572781926567923, 0.4721467195277938, 0.4873803902828324, 0.5029767681812098, 0.5189324120372082, 0.5352428139785038, 0.5519023377333431, 0.5689041579502718, 0.5862402010983063, 0.6039010885383655, 0.6218760823977296, 0.6401530349173412, 0.65871834197596, 0.6775569015244644, 0.6966520776868973, 0.7159856713010554, 0.7355378976793837, 0.7552873723695688, 0.775211105682418, 0.7952845067313903, 0.8154813976925831, 0.8357740389453278, 0.8561331656911981, 0.8765280365728282, 0.8969264947233078, 0.9172950415722423, 0.937598923616258, 0.9578022322305932, 0.9778680164555709, 0.9977584085386784, 1.0174347618515343, 1.036857800633391, 1.0559877808415157, 1.0747846612166145, 1.0932082835014727, 1.1112185605863925, 1.1287756711991788, 1.1458402596137458, 1.16237363872321, 1.1783379947138302, 1.193696591488294, 1.208413972923315, 1.2224561610094944, 1.2357908479127107, 1.2483875800170792, 1.2602179320603775, 1.271255669553669, 1.2814768977869302, 1.2908601958603796, 1.2993867343448386, 1.3070403753611446, 1.3138077540751505, 1.3196783408274837, 1.3246444833519018, 1.3287014287784533, 1.3318473253631862, 1.3340832041303186, 1.3354129408511324, 1.3358431990120854, 1.3353833546388085, 1.3340454040391854, 1.331843855704503, 1.3287956077601817, 1.3249198124848487, 1.3202377295171976, 1.3147725694434238, 1.3085493295039305, 1.3015946231769495, 1.293936505389687, 1.285604295076115, 1.2766283967464578, 1.2670401226590418, 1.2568715170930014, 1.2461551841130598, 1.2349241200980494, 1.223211552175857, 1.2110507835718813, 1.198475046738581, 1.185517364992865, 1.172210423248274, 1.158586448292279, 1.1446770989274706, 1.1305133661705287, 1.1161254835859937, 1.1015428477240645, 1.086793948533687, 1.0719063095346295, 1.0569064374553199, 1.0418197809770222, 1.026670698169331, 1.011482432156651, 0.9962770945198686, 0.9810756559112579, 0.965897943343132, 0.9507626436011576, 0.935687312230812, 0.9206883875494098, 0.9057812091456662, 0.8909800403431181, 0.8762980941221251, 0.8617475620169154, 0.8473396455285271, 0.8330845896209068, 0.8189917178952683, 0.8050694690665832, 0.7913254343952782, 0.7777663957564673, 0.7643983640579749, 0.7512266177467208, 0.7382557411704788, 0.7254896625883849, 0.7129316916487095, 0.7005845561761724, 0.688450438133416, 0.6765310086420784, 0.6648274619682124, 0.6533405483945685, 0.6420706059185197, 0.6310175907291796, 0.6201811064306072, 0.6095604319899559, 0.5991545484000748, 0.5889621640554779, 0.5789817388488501, 0.5692115070024115, 0.5596494986546232, 0.550293560227938, 0.5411413736076843, 0.5321904741657714, 0.5234382676658077, 0.5148820460885041, 0.5065190024179358, 0.4983462444304517, 0.49036080752877886, 0.4825596666642509, 0.47493974739012207, 0.4674979360886736, 0.4602310894143133, 0.45313604299414895, 0.4462096194266213, 0.4394486356177374, 0.43284990949328606, 0.4264102661241625, 0.4201265433006031, 0.4139955965897557, 0.4080143039095983, 0.40217956965078894, 0.3964883283765918, 0.3909375481295913, 0.38552423337248637, 0.38024542758886015, 0.3750982155684494, 0.37007972540010453, 0.3651871301943302, 0.36041764955604333, 0.35576855082697073, 0.3512371501159429, 0.3468208131342217, 0.3425169558519273, 0.3383230449906078, 0.33423659836601816, 0.33025518509424945, 0.32637642567346703, 0.3225979919526825, 0.31891760699819394, 0.315333044867582, 0.3118421303004466, 0.30844273833440217, 0.3051327938542285, 0.30191027108148266, 0.2987731930113302, 0.2957196308028326, 0.2927477031284466, 0.28985557548803575, 0.2870414594922697, 0.28430361211989247, 0.2816403349529696, 0.27904997339387977, 0.2765309158674947, 0.274081593011693, 0.2717004768590746, 0.2693860800124844, 0.2671369548167133, 0.2649516925285238, 0.262828922486938, 0.26076731128553815, 0.25876556194835043, 0.25682241311072107, 0.2549366382064417, 0.253107044662242, 0.2513324731006396, 0.2496117965520184, 0.24794391967669757, 0.24632777799765418, 0.2447623371444696, 0.2432465921089865, 0.24177956651308524, 0.2403603118889184, 0.23898790697187763, 0.23766145700650806, 0.2363800930655317, 0.23514297138209309, 0.2339492726952952, 0.23279820160905493, 0.23168898596426962, 0.23062087622425453, 0.2295931448733812, 0.22860508582882036, 0.22765601386526912, 0.2267452640525217, 0.22587219120572335, 0.22503616934813145, 0.2242365911861925, 0.22347286759673127, 0.22274442712603748, 0.22205071550062536, 0.22139119514943367, 0.22076534473722698, 0.22017265870895314, 0.21961264684480716, 0.21908483382574842, 0.21858875880921513, 0.21812397501477837, 0.2176900493194761, 0.2172865618625682, 0.21691310565945215, 0.21656928622448113, 0.21625472120242617, 0.2159690400083263, 0.21571188347547196, 0.21548290351126997, 0.2152817627607403, 0.21510813427739792, 0.21496170120127664, 0.21484215644385432, 0.21474920237964318, 0.2146825505442125, 0.21464192133841437, 0.21462704373858799, 0.21463765501252152, 0.21467350044095512, 0.21473433304441278, 0.21481991331515538, 0.21493000895405176, 0.2150643946121688, 0.2152228516368865, 0.21540516782234864, 0.21561113716406408, 0.21584055961747853, 0.2160932408603415, 0.2163689920586978]]","[[0.01, 0.011673645222856313, 0.01362924433757481, 0.01580189558251425, 0.018156401287987095, 0.02067536708891271, 0.023351813773272726, 0.026184715427890422, 0.029176536888192866, 0.03233179174181326, 0.035656191523972564, 0.039156147128776686, 0.04283847943648032, 0.046710253669928176, 0.05077868651635309, 0.055051095728237937, 0.059534874275240485, 0.0642374784885234, 0.06916642402179425, 0.07432928605184808, 0.07973370167556192, 0.08538737336093409, 0.09129807283423673, 0.09747364508715756, 0.1039220123583516, 0.11065117803744, 0.11766923048840243, 0.12498434681256494, 0.13260479658020463, 0.14053894556074503, 0.14879525947841352, 0.15738230781525842, 0.16630876767780606, 0.1755834277380423, 0.18521519225416952, 0.19521308517187505, 0.20558625430269975, 0.2163439755725084, 0.22749565733000418, 0.23905084470264504, 0.25101922398515875, 0.263410627044063, 0.27623503572012414, 0.28950258620949204, 0.3032235734032791, 0.3174084551645804, 0.3320678565213196, 0.3472125737528258, 0.3628535783476715, 0.37900202081001483, 0.3956692342914648, 0.4128667380253138, 0.43060624053984325, 0.44889964262729326, 0.46775904004498936, 0.487196725925024, 0.5072251928688035, 0.5278571347026763, 0.5491054478707609, 0.5709832324409905, 0.5935037927002772, 0.6166806373145869, 0.640527479029595, 0.6650582338874751, 0.6902870199352589, 0.716228364524313, 0.7428994739020405, 0.7703220492093418, 0.7985217264203106, 0.8275274828008712, 0.8573712006103869, 0.8880873411517594, 0.9197126983626133, 0.9522862111937056, 0.9858488204433357, 1.0204433598825604, 1.056114474257433, 1.0929085586095517, 1.1308737146357724, 1.1700597207119956, 1.2105180128601984, 1.2523016744222424, 1.2954654325699013, 1.3400656600616727, 1.3861603808757395, 1.4338092785202718, 1.4830737059578436, 1.5340166961877877, 1.5867029726145723, 1.641198958396044, 1.6975727840160855, 1.75589429236453, 1.8162350406353112, 1.8786682983736223, 1.943269041015879, 2.0101139382738884, 2.0792813367179974, 2.1508512359142222, 2.224905257468376, 2.3015266063269912, 2.380800023681145, 2.4628117308160564, 2.5476493632472548, 2.635401894484044, 2.72615954876371, 2.8200137021061598, 2.9170567710492885, 3.017382088441097, 3.1210837656862216, 3.228256540872893, 3.338995612242184, 3.453396456505499, 3.571554631569361, 3.69356556328938, 3.8195243159484593, 3.9495253462384863, 4.083662240620381, 4.222027436044957, 4.364711924136765, 4.511804939075181, 4.663393629551371, 4.819562715336242, 4.9803941291625735, 5.145966644803633, 5.31635549241966, 5.491631962441491, 5.671862999465784, 5.8571107878468744, 6.047432330884148, 6.242879025718483, 6.443496236263923, 6.64932286670829, 6.860390938315504, 7.076725172449324, 7.298342582909297, 7.525252080820912, 7.757454095449264, 7.9949402144049175, 8.2376928467782, 8.485684912770006, 8.738879563379957, 8.997229933663236, 9.260678932973079, 9.52915907546454, 9.802592353945785, 10.080890159924756, 10.363953252412333, 10.651671777709183, 10.9439253420244, 11.240583138353339, 11.541504128583547, 11.846537281306967, 12.15552186529931, 12.468287798090874, 12.784656048504484, 13.104439091483982, 13.427441412989204, 13.753460062199508, 14.082285247756506, 14.413700974296146, 14.747485715079161, 15.083413116134539, 15.421252726990204, 15.760770752784195, 16.10173082233326, 16.443894766587533, 16.787023401821973, 17.130877311908637, 17.475217624078013, 17.819806772710788, 18.164409245900497, 18.508792309788163, 18.852726705986754, 19.19598731778013, 19.538353801190464, 19.87961117745279, 20.21955038390712, 20.557968780809016, 20.894670612061024, 21.22946741837114, 21.56217840184368, 21.892630741494653, 22.22065985965204, 22.546109639645056, 22.868832595600775, 23.18868999554726, 23.505551939366065, 23.819297393441683, 24.129814184119397, 24.436998952305267, 24.740757071723237, 25.04100253348451, 25.337657799725676, 25.630653629135725, 25.919928877220848, 26.205430274152405, 26.487112183010332, 26.76493634117515, 27.038871587539333, 27.308893578106805, 27.57498449243066, 27.837132733207117, 28.095332621201212, 28.34958408752948, 28.59989236516978, 28.846267681410435, 29.088724952792578, 29.32728348394255, 29.561966671537373, 29.79280171449674, 30.019819331351243, 30.24305348559928, 30.462541119735164, 30.678321898509058, 30.890437961865516, 31.09893368790227, 31.30385546609427, 31.50525148093978, 31.70317150610586, 31.897666709078873, 32.088789466262185, 32.276593188407176, 32.461132156214795, 32.6424613659027, 32.820636384497185, 32.995713214579176, 33.167748168188716, 33.336797749572824, 33.50291854644631, 33.66616712942379, 33.82659995927378, 33.98427330164115, 34.13924314888296, 34.29156514866335, 34.44129453895671, 34.588486089113125, 34.733194046646716, 34.87547208941562, 35.01537328287118, 35.152950042064106, 35.28825409810572, 35.42133646879384, 35.55224743312427, 35.681036509420686, 35.80775243682762, 35.93244315992336, 36.055155816221266, 36.175936726340005, 36.294831386634684, 36.41188446409224, 36.527139793305544, 36.640640375351346, 36.75242837840768, 36.862545139956325, 36.97103117042547, 37.077926158137196, 37.18326897543296, 37.2870976858589, 37.38944955230081, 37.490361045966, 37.58986785611701, 37.68800490046848, 37.78480633616523, 37.880305571265794, 37.97453527666114, 38.067527398364106, 38.15931317010971, 38.24992312621188, 38.33938711462603, 38.42773431017146, 38.51499322787158, 38.60119173637313, 38.68635707140967, 38.77051584927712, 38.85369408029275, 38.93591718221115, 39.01720999357381, 39.09759678697095, 39.17710128219667, 39.25574665928036, 39.333555571379364, 39.41055015751944, 39.486752055171415, 39.56218241265362, 39.63686190135131, 39.71081072774541, 39.78404864524403, 39.85659496581134, 39.928468571389416, 39.99968792510927, 40.070271082288436, 40.14023570121296, 40.20959905370247, 40.27837803545745, 40.34658917618853, 40.41424864952801, 40.481372282724344, 40.54797556612062, 40.61407366241851, 40.67968141572948, 40.74481336041525, 40.80948372971981, 40.87370646419554, 40.93749521992614, 41.00086337654915, 41.06382404508116, 41.12639007554885, 41.188574064428984, 41.25038836190082, 41.31184507891416, 41.37295609407662, 41.43373306036348, 41.49418741165365, 41.55433036909527, 41.61417294730441, 41.67372596040049, 41.733000027881715, 41.79200558034423, 41.85075286504826, 41.90925195133468, 41.96751273589553, 42.025544947901565, 42.08335815399031, 42.14096176311778, 42.198365031277014, 42.255577066086616, 42.312606831252225, 42.369463150904096, 42.42615471381356, 42.48269007749129, 42.53907767217021, 42.5953258046757, 42.651442662185886, 42.70743631588442, 42.76331472450852, 42.819085737794516, 42.874757099823455, 42.930336452268996, 42.985831337549875, 43.041249201889165, 43.09659739828242, 43.15188318937678, 43.20711375026302, 43.26229617118245, 43.31743746015063, 43.37254454549957, 43.42762427834023, 43.48268343494703, 43.53772871906585, 43.592766764147335, 43.647804135506696, 43.702847332411736, 43.7579027901003, 43.81297688172861, 43.86807592025167, 43.92320616023707, 43.97837379961329, 44.033584981353705, 44.088845795097335, 44.14416227870736, 44.19954041976848, 44.25498615702392, 44.31050538175315, 44.3661039390911, 44.421787629289604, 44.47756220892208]]","[array([6.37688001e-05, 6.00799169e-05, 5.86664978e-05, 5.87303122e-05,
       5.97889934e-05, 6.15498747e-05, 6.38327725e-05, 6.65250810e-05,
       6.95554275e-05, 7.28778142e-05, 7.64620406e-05, 8.02878903e-05,
       8.43415806e-05, 8.86135739e-05, 9.30972123e-05, 9.77878514e-05,
       1.02682299e-04, 1.07778442e-04, 1.13074995e-04, 1.18571319e-04,
       1.24267295e-04, 1.30163227e-04, 1.36259769e-04, 1.42557870e-04,
       1.49058731e-04, 1.55763770e-04, 1.62674594e-04, 1.69792981e-04,
       1.77120861e-04, 1.84660304e-04, 1.92413512e-04, 2.00382808e-04,
       2.08570636e-04, 2.16979554e-04, 2.25612234e-04, 2.34471459e-04,
       2.43560123e-04, 2.52881233e-04, 2.62437905e-04, 2.72233369e-04,
       2.82270966e-04, 2.92554151e-04, 3.03086492e-04, 3.13871671e-04,
       3.24913480e-04, 3.36215828e-04, 3.47782731e-04, 3.59618316e-04,
       3.71726819e-04, 3.84112579e-04, 3.96780039e-04, 4.09733739e-04,
       4.22978314e-04, 4.36518488e-04, 4.50359072e-04, 4.64504951e-04,
       4.78961087e-04, 4.93732503e-04, 5.08824280e-04, 5.24241551e-04,
       5.39989484e-04, 5.56073282e-04, 5.72498165e-04, 5.89269366e-04,
       6.06392379e-04, 6.23879542e-04, 6.41763398e-04, 6.60094142e-04,
       6.78931835e-04, 6.98341187e-04, 7.18388297e-04, 7.39138674e-04,
       7.60656115e-04, 7.83002131e-04, 8.06235726e-04, 8.30413419e-04,
       8.55589386e-04, 8.81815687e-04, 9.09142538e-04, 9.37618579e-04,
       9.67291153e-04, 9.98206557e-04, 1.03041028e-03, 1.06394719e-03,
       1.09886176e-03, 1.13519815e-03, 1.17300040e-03, 1.21231247e-03,
       1.25317835e-03, 1.29564209e-03, 1.33974781e-03, 1.38553974e-03,
       1.43306216e-03, 1.48235937e-03, 1.53347566e-03, 1.58645519e-03,
       1.64134192e-03, 1.69817947e-03, 1.75701104e-03, 1.81787920e-03,
       1.88082574e-03, 1.94589152e-03, 2.01311621e-03, 2.08253813e-03,
       2.15419396e-03, 2.22811854e-03, 2.30434454e-03, 2.38290223e-03,
       2.46381912e-03, 2.54711970e-03, 2.63282506e-03, 2.72095255e-03,
       2.81151545e-03, 2.90452252e-03, 2.99997771e-03, 3.09787968e-03,
       3.19822142e-03, 3.30098988e-03, 3.40616548e-03, 3.51372178e-03,
       3.62362499e-03, 3.73583360e-03, 3.85029799e-03, 3.96696000e-03,
       4.08575263e-03, 4.20659960e-03, 4.32941510e-03, 4.45410347e-03,
       4.58055893e-03, 4.70866537e-03, 4.83829621e-03, 4.96931421e-03,
       5.10157145e-03, 5.23490934e-03, 5.36915862e-03, 5.50413957e-03,
       5.63966214e-03, 5.77552627e-03, 5.91152228e-03, 6.04743127e-03,
       6.18302567e-03, 6.31806989e-03, 6.45232099e-03, 6.58552952e-03,
       6.71744033e-03, 6.84779360e-03, 6.97632585e-03, 7.10277101e-03,
       7.22686166e-03, 7.34833021e-03, 7.46691018e-03, 7.58233755e-03,
       7.69435204e-03, 7.80269856e-03, 7.90712847e-03, 8.00740104e-03,
       8.10328470e-03, 8.19455841e-03, 8.28101284e-03, 8.36245166e-03,
       8.43869256e-03, 8.50956838e-03, 8.57492799e-03, 8.63463717e-03,
       8.68857930e-03, 8.73665601e-03, 8.77878762e-03, 8.81491350e-03,
       8.84499229e-03, 8.86900199e-03, 8.88693987e-03, 8.89882232e-03,
       8.90468451e-03, 8.90457994e-03, 8.89857992e-03, 8.88677285e-03,
       8.86926350e-03, 8.84617212e-03, 8.81763349e-03, 8.78379594e-03,
       8.74482025e-03, 8.70087856e-03, 8.65215319e-03, 8.59883549e-03,
       8.54112463e-03, 8.47922644e-03, 8.41335220e-03, 8.34371750e-03,
       8.27054110e-03, 8.19404383e-03, 8.11444754e-03, 8.03197411e-03,
       7.94684445e-03, 7.85927766e-03, 7.76949018e-03, 7.67769502e-03,
       7.58410106e-03, 7.48891244e-03, 7.39232796e-03, 7.29454061e-03,
       7.19573714e-03, 7.09609766e-03, 6.99579540e-03, 6.89499638e-03,
       6.79385928e-03, 6.69253530e-03, 6.59116805e-03, 6.48989351e-03,
       6.38884007e-03, 6.28812853e-03, 6.18787218e-03, 6.08817695e-03,
       5.98914150e-03, 5.89085739e-03, 5.79340930e-03, 5.69687519e-03,
       5.60132651e-03, 5.50682849e-03, 5.41344031e-03, 5.32121537e-03,
       5.23020158e-03, 5.14044155e-03, 5.05197288e-03, 4.96482845e-03,
       4.87903659e-03, 4.79462142e-03, 4.71160304e-03, 4.62999779e-03,
       4.54981851e-03, 4.47107471e-03, 4.39377288e-03, 4.31791662e-03,
       4.24350688e-03, 4.17054220e-03, 4.09901882e-03, 4.02893094e-03,
       3.96027083e-03, 3.89302906e-03, 3.82719457e-03, 3.76275492e-03,
       3.69969634e-03, 3.63800392e-03, 3.57766171e-03, 3.51865283e-03,
       3.46095960e-03, 3.40456364e-03, 3.34944592e-03, 3.29558694e-03,
       3.24296671e-03, 3.19156490e-03, 3.14136087e-03, 3.09233376e-03,
       3.04446254e-03, 2.99772608e-03, 2.95210316e-03, 2.90757256e-03,
       2.86411309e-03, 2.82170362e-03, 2.78032313e-03, 2.73995072e-03,
       2.70056568e-03, 2.66214745e-03, 2.62467572e-03, 2.58813039e-03,
       2.55249162e-03, 2.51773984e-03, 2.48385575e-03, 2.45082035e-03,
       2.41861497e-03, 2.38722121e-03, 2.35662102e-03, 2.32679668e-03,
       2.29773078e-03, 2.26940628e-03, 2.24180646e-03, 2.21491493e-03,
       2.18871566e-03, 2.16319296e-03, 2.13833148e-03, 2.11411621e-03,
       2.09053249e-03, 2.06756596e-03, 2.04520265e-03, 2.02342887e-03,
       2.00223128e-03, 1.98159688e-03, 1.96151294e-03, 1.94196710e-03,
       1.92294727e-03, 1.90444168e-03, 1.88643886e-03, 1.86892764e-03,
       1.85189712e-03, 1.83533672e-03, 1.81923609e-03, 1.80358520e-03,
       1.78837425e-03, 1.77359373e-03, 1.75923437e-03, 1.74528717e-03,
       1.73174334e-03, 1.71859437e-03, 1.70583196e-03, 1.69344806e-03,
       1.68143481e-03, 1.66978460e-03, 1.65849002e-03, 1.64754387e-03,
       1.63693917e-03, 1.62666910e-03, 1.61672706e-03, 1.60710665e-03,
       1.59780162e-03, 1.58880593e-03, 1.58011369e-03, 1.57171920e-03,
       1.56361691e-03, 1.55580145e-03, 1.54826758e-03, 1.54101024e-03,
       1.53402450e-03, 1.52730559e-03, 1.52084886e-03, 1.51464982e-03,
       1.50870409e-03, 1.50300746e-03, 1.49755579e-03, 1.49234510e-03,
       1.48737154e-03, 1.48263133e-03, 1.47812085e-03, 1.47383657e-03,
       1.46977506e-03, 1.46593300e-03, 1.46230718e-03, 1.45889447e-03,
       1.45569185e-03, 1.45269639e-03, 1.44990524e-03, 1.44731565e-03,
       1.44492495e-03, 1.44273054e-03, 1.44072993e-03, 1.43892066e-03,
       1.43730040e-03, 1.43586685e-03, 1.43461779e-03, 1.43355110e-03,
       1.43266467e-03, 1.43195650e-03, 1.43142464e-03, 1.43106719e-03,
       1.43088232e-03, 1.43086824e-03, 1.43102324e-03, 1.43134563e-03,
       1.43183380e-03, 1.43248618e-03, 1.43330125e-03, 1.43427751e-03,
       1.43541353e-03, 1.43670793e-03, 1.43815935e-03, 1.43976647e-03,
       1.44152801e-03])]","[[0, 6.376880005047202e-05, 0.00012384871691641303, 0.0001825152146708144, 0.00024124552683708357, 0.0003010345202324653, 0.000362584394925153, 0.00042641716738825956, 0.0004929422483903389, 0.0005624976758898041, 0.0006353754901118078, 0.0007118375307336907, 0.0007921254210476979, 0.0008764670016034524, 0.0009650805754711335, 0.0010581777878202437, 0.0011559656391840567, 0.0012586479377724267, 0.001366426379534289, 0.0014795013742713965, 0.0015980726933893991, 0.0017223399887447972, 0.0018525032158801093, 0.0019887629847772353, 0.0021313208547353766, 0.002280379585679864, 0.0024361433552830955, 0.0025988179492177433, 0.0027686109303562316, 0.0029457317915906494, 0.0031303920960572113, 0.0033228056078360682, 0.0035231884156137526, 0.0037317590513109575, 0.003948738605271528, 0.004174350839264616, 0.004408822298259864, 0.004652382421686869, 0.004905263654678417, 0.0051677015596166085, 0.005439934928147589, 0.005722205893700427, 0.006014760044435377, 0.006317846536453676, 0.006631718207022695, 0.006956631687504578, 0.007292847515621651, 0.007640630246646284, 0.008000248563065117, 0.00837197538223641, 0.008756087961533689, 0.009152868000447933, 0.009562601739103397, 0.009985580052628208, 0.010422098540809447, 0.010872457612452978, 0.011336962563860523, 0.011815923650829877, 0.01230965615357848, 0.012818480433985686, 0.01334272198454448, 0.01388271146840938, 0.014438784749923307, 0.015011282915002566, 0.015600552280755459, 0.016206944659279715, 0.016830824201754677, 0.01747258760003254, 0.018132681742117032, 0.01881161357719581, 0.01950995476453345, 0.020228343061181087, 0.02096748173504284, 0.021728137850502365, 0.02251113998106617, 0.023317375707332024, 0.024147789126686633, 0.02500337851232559, 0.02588519419950357, 0.02679433673704471, 0.027731955315794286, 0.028699246468603706, 0.029697453025685182, 0.030727863302729867, 0.03179181049565201, 0.032890672254226136, 0.03402587040654484, 0.03519887080666846, 0.036411183278738574, 0.037664361631960755, 0.038960003722077974, 0.04029975153615571, 0.04168529127862083, 0.04311835343750273, 0.0446007128106987, 0.04613418847282045, 0.047720643663778595, 0.04936198558073592, 0.05106016505542049, 0.052817176099052975, 0.0546350552973253, 0.05651588103798843, 0.058461772553684475, 0.060474888762711995, 0.06255742689046244, 0.06471162085433016, 0.06693973939499795, 0.0692440839371548, 0.0716269861629324, 0.07409080528167224, 0.07663792498007607, 0.07927075003736936, 0.08199170259083992, 0.08480321803802282, 0.08770774056290603, 0.09070771827484918, 0.09380559795045679, 0.09700381937044478, 0.10030480924559883, 0.10371097472825902, 0.10722469650838616, 0.1108483214961792, 0.11458415509642342, 0.11843445308325526, 0.12240141308782586, 0.1264871657154224, 0.1306937653129466, 0.13502318041223157, 0.13947728387947234, 0.14405784280601525, 0.14876650818085374, 0.15360480439036123, 0.15857411859599835, 0.1636756900458937, 0.16891059938124434, 0.17427975800333323, 0.17978389757153082, 0.1854235597068499, 0.19119908597936033, 0.19711060826095322, 0.20315803952747308, 0.2093410651960254, 0.2156591350842204, 0.22211145607815505, 0.22869698559498988, 0.23541442592397988, 0.24226221952672586, 0.2492385453731862, 0.2563413163846179, 0.2635681780481005, 0.2709165082596664, 0.27838341844435815, 0.2859657559918328, 0.2936601080355237, 0.301462806591965, 0.3093699350648231, 0.31737733610560753, 0.3254806208101303, 0.33367517921672196, 0.3419561920591966, 0.35031864371477367, 0.35875733627482786, 0.36726690465463063, 0.375841832647372, 0.38447646981788125, 0.3931650491227635, 0.40190170513628126, 0.4106804927553548, 0.41949540625262643, 0.42834039854369715, 0.4372094005334368, 0.4460963404066974, 0.4549951627307955, 0.46389984724072864, 0.47280442718316007, 0.48170300710165226, 0.4905897799533148, 0.499459043455814, 0.5083052155734072, 0.5171228490611415, 0.5259066449974094, 0.5346514652465123, 0.5433523438045478, 0.5520044969936458, 0.5606033324811599, 0.569144457111709, 0.5776236835508315, 0.5860370357493162, 0.5943807532469175, 0.6026512943430443, 0.6108453381700616, 0.618959785712016, 0.6269917598178464, 0.6349386042634506, 0.6427978819213653, 0.6505673721002628, 0.6582450671190352, 0.665829168181938, 0.6733180806221645, 0.6807104085813697, 0.6880049491921288, 0.6952006863291553, 0.7022967839933996, 0.7092925793909728, 0.7161875757662453, 0.7229814350455527, 0.7296739703447456, 0.736265138390423, 0.7427550319011489, 0.7491438719713136, 0.7554320004966344, 0.7616198726766198, 0.767708049625701, 0.7736971911211931, 0.7795880485128152, 0.7853814578152039, 0.7910783330017074, 0.7966796595147758, 0.8021864880054699, 0.8075999283120076, 0.8129211436848547, 0.8181513452636547, 0.8232917868092681, 0.828343759692363, 0.8333085881383558, 0.8381876247270333, 0.842982246143896, 0.8476938491791336, 0.8523238469691659, 0.8568736654748494, 0.8613447401897547, 0.8657385130713396, 0.8700564296873879, 0.8742999365697185, 0.8784704787669116, 0.8825694975876146, 0.8865984285258866, 0.8905586993600033, 0.8944517284161642, 0.8982789229886152, 0.9020416779078204, 0.9057413742484647, 0.9093793781692617, 0.9129570398767507, 0.9164756927055013, 0.9199366523073985, 0.9233412159429432, 0.92669066186778, 0.9299862488079451, 0.9332292155176097, 0.9364207804133873, 0.9395621412795496, 0.9426544750387885, 0.9456989375834329, 0.9486966636623075, 0.951648766818687, 0.9545563393750562, 0.9574204524606426, 0.9602421560779273, 0.9630224792045775, 0.9657624299274651, 0.9684629956056542, 0.9711251430594451, 0.9737498187827585, 0.9763379491763288, 0.9788904407993569, 0.9814081806374353, 0.9838920363847216, 0.9863428567384857, 0.9887614717042966, 0.9911486929102497, 0.9935053139287582, 0.995832110604557, 0.9981298413876674, 1.0003992476701855, 1.0026410541258477, 1.0048559690514172, 1.0070446847090255, 1.009207877668675, 1.0113462091501861, 1.0134603253639423, 1.0155508578498438, 1.0176184238139483, 1.0196636264623218, 1.021687055331684, 1.0236892866164697, 1.025670883491979, 1.0276323964333218, 1.029574363529906, 1.031497310795247, 1.0334017524719104, 1.0352881913314285, 1.0371571189690545, 1.0390090160932457, 1.0408443528097882, 1.042663588900492, 1.0444671740964122, 1.0462555483455562, 1.0480291420750647, 1.0497883764478586, 1.051533663613759, 1.053265406955103, 1.0549840013268788, 1.0566898332914212, 1.0583832813477123, 1.0600647161553387, 1.061734500753165, 1.0633929907727873, 1.065040534646836, 1.0666774738122002, 1.0683041429082507, 1.0699208699701406, 1.0715279766172663, 1.0731257782369716, 1.0747145841635826, 1.0762946978528567, 1.077866417051939, 1.0794300339649083, 1.080985835414006, 1.0825341029966349, 1.0840751132382158, 1.0856091377409927, 1.0871364433288708, 1.088657292188378, 1.090171942005832, 1.0916806461008033, 1.0931836535559514, 1.0946812093433231, 1.0961735544471913, 1.097660925983514, 1.099143557316094, 1.1006216781695144, 1.1020955147389269, 1.103565289796766, 1.1050312227964605, 1.106493529973215, 1.1079524244419285, 1.1094081162923175, 1.1108608126813093, 1.1123107179227691, 1.113758033574623, 1.115202958523437, 1.1166456890665095, 1.1180864189915363, 1.1195253396539007, 1.1209626400516446, 1.1223985068981692, 1.1238331246927182, 1.1252666757886909, 1.1266993404598311, 1.1281312969643393, 1.129562721606949, 1.1309937887990105, 1.1324246711166244, 1.1338555393568617, 1.1352865625921076, 1.136717908222569, 1.138149742026976, 1.1395822282115144, 1.1410155294570186, 1.1424498069644573, 1.1438852204987424, 1.1453219284308858, 1.146760087778536, 1.1481998542449166, 1.1496413822561924]]"
50.0,80.0,4,60,90,I1-S0,"[[0.01, 0.009218546420913139, 0.008861068736292907, 0.008775059817687893, 0.00886844850475938, 0.009085538091707899, 0.009392316163237798, 0.009767670457714846, 0.010198339775230004, 0.010675900755146836, 0.01119495402454664, 0.01175202797510122, 0.012344912338832203, 0.012972249518268562, 0.01363328091666667, 0.0143276869148483, 0.015055483845593801, 0.015816956042140052, 0.016612609808408015, 0.017443141381601433, 0.018309414069452398, 0.01921244160097047, 0.0201533758407042, 0.021133497685085177, 0.022154210365099212, 0.02321703462881581, 0.02432360543325632, 0.02547566987499597, 0.026675086154847715, 0.027923823417041253, 0.02922396233525669, 0.030577696341340367, 0.03198733341031905, 0.033455298329150736, 0.03498413538757637, 0.03657651143815475, 0.03823521927953172, 0.03996318132253175, 0.04176345350299427, 0.043639229408580706, 0.045593844589183065, 0.047630781022175314, 0.049753671704648034, 0.05196630534502181, 0.05427263112609794, 0.05667676351071974, 0.059182987059815485, 0.06179576123070103, 0.06451972512115417, 0.0673597021219467, 0.0703207044372429, 0.07340793742854898, 0.07662680373372957, 0.07998290710799554, 0.08348205592871043, 0.08713026630036277, 0.09093376469010635, 0.09489899001788528, 0.09903259511833984, 0.10334144748444227, 0.10783262919515503, 0.11251343592135878, 0.11739137489589375, 0.1224741617248362, 0.12776971590814165, 0.1332864707921326, 0.13903658333083665, 0.14503771024905088, 0.15131114126795425, 0.15788026937897823, 0.16476959096763946, 0.1720040686022294, 0.17960873971845062, 0.18760848934238733, 0.19602792953941797, 0.20489134558315403, 0.2142226810545853, 0.22404554269907587, 0.23438321193315942, 0.245258654142678, 0.2566945198735898, 0.2687131340616802, 0.28133647084623614, 0.2945861124586642, 0.308483191309073, 0.32304831481214363, 0.33830147277028383, 0.35426192731902173, 0.3709480855741689, 0.38837735522926986, 0.40656598345443673, 0.42552887955750324, 0.44527942199512854, 0.46582925047165086, 0.48718804404145233, 0.5093632863388539, 0.5323600192990925, 0.556180587004369, 0.5808243715886404, 0.6062875234608315, 0.6325626884542295, 0.6596387348744163, 0.6875004837921957, 0.7161284463031562, 0.7454985718419007, 0.7755820119852807, 0.806344904492599, 0.8377481825979657, 0.8697474147761651, 0.902292680333364, 0.9353284862124576, 0.9687937303349481, 1.0026217166131097, 1.0367402264456662, 1.0710716510475662, 1.1055331883531438, 1.1400371074694022, 1.174491082744352, 1.208798598461512, 1.2428594239886879, 1.2765701579157787, 1.3098248383372713, 1.3425156150006254, 1.374533477587292, 1.4057690329582746, 1.4361133228235692, 1.4654586720287206, 1.4936995565362858, 1.520733479257426, 1.5464618411976565, 1.5707907949538003, 1.593632067461904, 1.6149037390649583, 1.634530966451417, 1.652446637806775, 1.668591949605974, 1.6829168958286835, 1.6953806619672698, 1.705951917974685, 1.7146090062159627, 1.7213400224870765, 1.7261427901906783, 1.7290247297516033, 1.7300026272601114, 1.7291023080960835, 1.7263582228675216, 1.7218129543542842, 1.7155166552544687, 1.7075264273674098, 1.6979056534047854, 1.6867232929003764, 1.6740531536990075, 1.6599731502635204, 1.6445645595693068, 1.6279112846882504, 1.6100991353308793, 1.5912151336522684, 1.5713468525696295, 1.5505817927228196, 1.5290068030666109, 1.5067075489461825, 1.4837680304021101, 1.4602701524013244, 1.4362933477150375, 1.4119142522780288, 1.387206432076279, 1.3622401599279998, 1.337082239949255, 1.3117958770289737, 1.286440588275858, 1.2610721531358546, 1.2357425987061428, 1.2105002166813823, 1.1853896083508388, 1.1604517541111339, 1.1357241040588748, 1.1112406863706283, 1.0870322303554296, 1.063126301268674, 1.0395474441980477, 1.016317334565109, 0.9934549330241846, 0.9709766427781579, 0.9488964675641783, 0.9272261687877754, 0.9059754204985637, 0.8851519611026096, 0.8647617408941363, 0.8448090646616692, 0.8252967287805184, 0.8062261523445904, 0.7875975020161871, 0.7694098103831857, 0.7516610877095012, 0.7343484270478682, 0.7174681027546722, 0.7010156625058215, 0.6849860129614955, 0.6693734992670788, 0.6541719786086732, 0.639374888065268, 0.6249753070168356, 0.6109660143791855, 0.5973395409431389, 0.5840882170982167, 0.5712042162202241, 0.558679593998465, 0.5465063239723595, 0.5346763295394358, 0.5231815126874383, 0.5120137796929964, 0.5011650640182327, 0.49062734662512686, 0.4803926739156124, 0.47045317349344395, 0.4608010679319994, 0.4514286867204858, 0.4423284765496047, 0.4334930100866775, 0.42491499337959254, 0.41658727201875567, 0.40850283617653094, 0.40065482463447116, 0.39303652789995996, 0.3856413905057249, 0.37846301257802417, 0.37149515075215017, 0.3647317185072145, 0.3581667859859658, 0.35179457935962427, 0.34560947979236895, 0.33960602205517476, 0.33377889283413037, 0.3281229287741648, 0.3226331142952383, 0.3173045792144977, 0.312132596204633, 0.30711257811567816, 0.30224007518476204, 0.297510772155811, 0.2929204853289156, 0.28846515955698915, 0.28414086520544085, 0.2799437950888571, 0.27587026139710674, 0.2719166926218559, 0.26807963049317873, 0.2643557269347715, 0.2607417410452111, 0.2572345361117329, 0.25383107666213084, 0.2505284255595939, 0.24732374114458497, 0.2442142744272256, 0.24119736633307887, 0.23827044500470318, 0.23543102316088962, 0.2326766955150803, 0.2300051362540961, 0.22741409657797276, 0.22490140230141137, 0.22246495151708998, 0.22010271232085304, 0.21781272059859352, 0.2155930778744645, 0.21344194921990187, 0.21135756122280472, 0.2093382000161022, 0.20738220936483603, 0.20548798881080133, 0.20365399187371575, 0.20187872430782686, 0.2001607424128172, 0.1984986513978265, 0.19689110379737848, 0.1953367979379759, 0.1938344764541098, 0.19238292485241842, 0.19098097012272414, 0.1896274793946774, 0.18832135863873786, 0.18706155141023126, 0.1858470376352293, 0.1846768324370134, 0.18354998500189762, 0.18246557748320377, 0.18142272394220052, 0.1804205693248383, 0.17945828847313433, 0.178535085170084, 0.17765019121699865, 0.17680286554219374, 0.1759923933399765, 0.17521808523890617, 0.17447927649832592, 0.17377532623219025, 0.17310561665923704, 0.1724695523785786, 0.17186655966981096, 0.17129608581676514, 0.17075759845404917, 0.17025058493555287, 0.16977455172411177, 0.16932902380154974, 0.1689135440983422, 0.16852767294216464, 0.1681709875246131, 0.167843081385404, 0.16754356391338202, 0.16727205986368504, 0.16702820889043427, 0.16681166509433756, 0.1666220965846122, 0.1664591850546514, 0.16632262537087672, 0.16621212517423506, 0.1661274044938156, 0.1660681953720784, 0.16603424150120075, 0.16602529787006334, 0.1660411304214121, 0.16608151571874563, 0.16614624062249156, 0.1662351019750482, 0.16634790629428026, 0.16648446947506945, 0.16664461649853288, 0.1668281811485326, 0.16703500573511107, 0.16726494082449778, 0.16751784497534206, 0.16779358448083667, 0.16809203311640708, 0.1684130718926491, 0.1687565888132073, 0.1691224786372944, 0.16951064264656077, 0.16992098841602984, 0.17035342958882435, 0.17080788565441424, 0.17128428173012544, 0.1717825483456551, 0.17230262123034512, 0.17284444110297395, 0.17340795346383092, 0.17399310838884535, 0.17459986032554814, 0.17522816789064896, 0.17587799366901927, 0.17654930401387578, 0.17724206884796576, 0.1779562614655604, 0.17869185833506865, 0.17944883890208874, 0.18022718539272076, 0.1810268826169686, 0.18184791777206524, 0.18269028024556114, 0.18355396141802002, 0.18443895446517308, 0.18534525415938746, 0.18627285667031054, 0.18722175936455773, 0.18819196060431687, 0.18918345954474827, 0.1901962559300661]]","[[0.01, 0.011673645222856313, 0.01362924433757481, 0.01580189558251425, 0.018156401287987095, 0.02067536712152048, 0.023351815489332017, 0.02618473324780317, 0.02917662874326199, 0.032332114582232827, 0.03565708315359412, 0.03915823417397137, 0.0428428105184197, 0.0467184566378003, 0.050793148649212055, 0.05507516598152425, 0.059573086857646056, 0.06429579726647601, 0.06925250744402867, 0.07445277245843902, 0.07990651500360184, 0.08562404938487189, 0.09161610618607269, 0.09789385739377392, 0.10446894191356881, 0.1113534914977945, 0.11856015714649554, 0.12610213606198611, 0.133993199242888, 0.14224771980219092, 0.15088070208918922, 0.15990781168901327, 0.16934540636690812, 0.17921056801790736, 0.18952113567630788, 0.20029573963340935, 0.21155383670629713, 0.22331574669492935, 0.23560269005933038, 0.24843682684318116, 0.2618412968644166, 0.275840261187478, 0.2904589448855176, 0.30572368109399994, 0.32166195634969463, 0.33830245720089397, 0.35567511806571905, 0.37381117030549393, 0.39274319246926237, 0.4125051616534918, 0.4331325059077426, 0.4546621576024703, 0.47713260765906, 0.5005839605245543, 0.5250579897542108, 0.5505981940439033, 0.5772498535313461, 0.6050600861600591, 0.6340779038728054, 0.6643542683718084, 0.6959421461513171, 0.7288965624739335, 0.7632746539255039, 0.7991357191442374, 0.8365412672780406, 0.8755553958066036, 0.9162484713260499, 0.9587002132010248, 1.0029990114832334, 1.0492411200524543, 1.0975300589540302, 1.1479761722696469, 1.20069630196593, 1.2558135478502421, 1.3134570906317826, 1.373762060032152, 1.4368694334960295, 1.502925953707624, 1.5720840550859378, 1.6445017908949502, 1.7203427536938662, 1.799775982662275, 1.8829758519357684, 1.9701219345328091, 2.0613988367849903, 2.156995998433428, 2.257107453750889, 2.3619315492149613, 2.471670613411508, 2.5865305750067153, 2.706720524805592, 2.8324522181285134, 2.9639395139982563, 3.1013977479496564, 3.2450430356635764, 3.3950915050962323, 3.5517584553330237, 3.7152574410504986, 3.8857992822270004, 4.063590999606188, 4.2488346773899295, 4.441726255717512, 4.642454256672979, 4.85119844884477, 5.068128456830757, 5.29340232352233, 5.527165034494086, 5.769547015346925, 6.020662614373745, 6.280608584405473, 6.549462579114227, 6.82728168035959, 7.114100974320357, 7.409932195113056, 7.71476245531505, 8.028553083240181, 8.351238586917438, 8.68272576446152, 9.022892979868013, 9.371589622193179, 9.728635764577012, 10.093822037637628, 10.466909729417221, 10.847631121320571, 11.235690066395648, 11.630762812915574, 12.032499072597753, 12.440523329016607, 12.85443637791749, 13.273817087314, 13.698224361545513, 14.127199289983416, 14.560267457896112, 14.996941394201324, 15.436723128525175, 15.87910682821423, 16.323581484755753, 16.769633618482477, 17.21674997048176, 17.6644201512868, 18.112139217172814, 18.559410146669926, 19.005746192177998, 19.45067308425528, 19.893731069171523, 20.334476763580373, 20.772484813584757, 21.207349348953922, 21.63868522671517, 22.066129061707866, 22.489340044880418, 22.908000553072107, 23.32181655670046, 23.73051783413485, 24.13385800355149, 24.531614384721077, 24.923587704474894, 25.309601660535208, 25.689502358996975, 26.063157641032767, 26.43045631438957, 26.791307304986653, 27.145638743442664, 27.49339700069307, 27.834545686041782, 28.169064620057583, 28.496948793709617, 28.818207324066762, 29.13286241579029, 29.440948336551536, 29.742510413427052, 30.037604056279537, 30.32629381313778, 30.608652461653225, 30.884760139842317, 31.15470351852772, 31.418575017170312, 31.67647206413875, 31.92849640189325, 32.17475343706291, 32.415351634968445, 32.65040195778017, 32.88001734520028, 33.10431223631366, 33.32340213105767, 33.53740318961336, 33.746431867913216, 33.950604587388966, 34.15003743704233, 34.34484590590783, 34.5351446439852, 34.72104724974632, 34.902666082364604, 35.08011209686959, 35.25349470049454, 35.4229216285567, 35.58849883828746, 35.75033041911, 35.90851851794518, 36.06316327820911, 36.21436279124944, 36.3622130590486, 36.50680796710205, 36.64823926645692, 36.786596563970534, 36.921967319919524, 37.054436852157785, 37.18408834608564, 37.31100286975315, 37.4352593934772, 37.5569348134053, 37.676103978508976, 37.79283972053572, 37.90721288649164, 38.01929237326698, 38.129145164053284, 38.236836366235494, 38.34242925047318, 38.4459852907143, 38.54756420491122, 38.64722399623308, 38.74502099459065, 38.84100989831025, 38.935243815811894, 39.02777430716339, 39.11865142539768, 39.20792375749472, 39.29563846494155, 39.381841323795925, 39.466576764189114, 39.549887909212785, 39.631816613143506, 39.71240349896578, 39.7916879951615, 39.86970837173985, 39.946501775486986, 40.022104264420086, 40.096550841434315, 40.16987548713551, 40.24211119185465, 40.313289986843245, 40.38344297465164, 40.452600358694355, 40.52079147200885, 40.58804480521591, 40.65438803369123, 40.71984804395939, 40.784450959322385, 40.848222164735844, 40.911186330947054, 40.9733674379094, 41.03478879748851, 41.09547307547567, 41.15544231292464, 41.21471794682805, 41.27332083014968, 41.331271251229275, 41.388588952576285, 41.445293149069016, 41.501402545575594, 41.556935354013014, 41.61190930986035, 41.66634168814202, 41.720249318896826, 41.77364860214817, 41.82655552239057, 41.878985662607434, 41.93095421783457, 41.982476008283754, 42.033565492040324, 42.08423677734831, 42.134503634496454, 42.18437950731809, 42.23387752431739, 42.283010509434376, 42.331790992460455, 42.38023121911625, 42.42834316080284, 42.47613852403742, 42.52362875958393, 42.57082507128896, 42.617738424632854, 42.66437955500567, 42.71075897571734, 42.7568869857511, 42.80277367726882, 42.848428942876765, 42.893862482660005, 42.93908381099324, 42.984102263135775, 43.02892700161795, 43.07356702242613, 43.1180311609932, 43.16232809800102, 43.20646636500142, 43.25045434986173, 43.29430030204085, 43.3380123377016, 43.381598444664725, 43.42506648721009, 43.46842421072992, 43.51167924623921, 43.55483911474788, 43.59791123149929, 43.64090291007955, 43.68382136640167, 43.726673722568805, 43.769467010620225, 43.81220817616402, 43.85490408189987, 43.897561511035455, 43.94018717059977, 43.98278769465648, 44.02536964742036, 44.067939526279716, 44.11050376472754, 44.1530687352041, 44.19564075185345, 44.23822607319631, 44.28083090472158, 44.323461401398845, 44.366123670113744, 44.40882377202843, 44.45156772486885, 44.494361505140816, 44.5372110502764, 44.58012226071246, 44.62310100190278, 44.666153106265234, 44.70928437506534, 44.75250058023766, 44.79580746614607, 44.83921075128417, 44.882716129916815, 44.926329273663875, 44.970055833027054, 45.013901438860664, 45.057871703787214, 45.1019722235584, 45.146208578362334, 45.19058633407748, 45.23511104347398, 45.27978824736269, 45.32462347569256, 45.369622248596606, 45.41479007738678, 45.4601324654982, 45.505654909382685, 45.551362899352064, 45.59726192037114, 45.64335745280058, 45.689654973089674, 45.73615995441891, 45.78287786729249, 45.829814180080525, 45.87697435951087, 45.92436387111039, 45.97198817959556, 46.01985274921199, 46.067963044022754, 46.11632452814515, 46.1649426659356, 46.21382292212226, 46.262970761885065, 46.31239165088264, 46.362091055225804]]","[array([6.37688001e-05, 6.00799169e-05, 5.86664978e-05, 5.87303122e-05,
       5.97889934e-05, 6.15498778e-05, 6.38328172e-05, 6.65253553e-05,
       6.95564898e-05, 7.28809169e-05, 7.64695343e-05, 8.03036878e-05,
       8.43716608e-05, 8.86665094e-05, 9.31847100e-05, 9.79252973e-05,
       1.02889304e-04, 1.08079387e-04, 1.13499570e-04, 1.19155061e-04,
       1.25052126e-04, 1.31197989e-04, 1.37600763e-04, 1.44269398e-04,
       1.51213645e-04, 1.58444022e-04, 1.65971805e-04, 1.73809010e-04,
       1.81968397e-04, 1.90463464e-04, 1.99308457e-04, 2.08518379e-04,
       2.18109006e-04, 2.28096899e-04, 2.38499426e-04, 2.49334785e-04,
       2.60622025e-04, 2.72381070e-04, 2.84632750e-04, 2.97398827e-04,
       3.10702023e-04, 3.24566052e-04, 3.39015651e-04, 3.54076610e-04,
       3.69775804e-04, 3.86141229e-04, 4.03202028e-04, 4.20988527e-04,
       4.39532265e-04, 4.58866024e-04, 4.79023862e-04, 5.00041136e-04,
       5.21954532e-04, 5.44802089e-04, 5.68623219e-04, 5.93458730e-04,
       6.19350839e-04, 6.46343185e-04, 6.74480835e-04, 7.03810288e-04,
       7.34379470e-04, 7.66237727e-04, 7.99435802e-04, 8.34025817e-04,
       8.70061653e-04, 9.07609428e-04, 9.46769220e-04, 9.87671877e-04,
       1.03046702e-03, 1.07531474e-03, 1.12238015e-03, 1.17183009e-03,
       1.22383107e-03, 1.27854812e-03, 1.33614424e-03, 1.39678021e-03,
       1.46061451e-03, 1.52780343e-03, 1.59850113e-03, 1.67285966e-03,
       1.75102896e-03, 1.83315669e-03, 1.91938808e-03, 2.00986554e-03,
       2.10472826e-03, 2.20411162e-03, 2.30814652e-03, 2.41695860e-03,
       2.53066732e-03, 2.64938498e-03, 2.77321551e-03, 2.90225334e-03,
       3.03658196e-03, 3.17627258e-03, 3.32138252e-03, 3.47195370e-03,
       3.62801086e-03, 3.78955991e-03, 3.95658612e-03, 4.12905228e-03,
       4.30689693e-03, 4.49003252e-03, 4.67834363e-03, 4.87168526e-03,
       5.06988121e-03, 5.27272256e-03, 5.47996631e-03, 5.69133420e-03,
       5.90651180e-03, 6.12514776e-03, 6.34685343e-03, 6.57120280e-03,
       6.79773275e-03, 7.02594378e-03, 7.25530106e-03, 7.48523596e-03,
       7.71514811e-03, 7.94440778e-03, 8.17235888e-03, 8.39832230e-03,
       8.62159981e-03, 8.84147831e-03, 9.05723453e-03, 9.26813999e-03,
       9.47346641e-03, 9.67249118e-03, 9.86450317e-03, 1.00488085e-02,
       1.02247363e-02, 1.03916447e-02, 1.05489261e-02, 1.06960129e-02,
       1.08323820e-02, 1.09575601e-02, 1.10711270e-02, 1.11727197e-02,
       1.12620355e-02, 1.13388337e-02, 1.14029375e-02, 1.14542351e-02,
       1.14926795e-02, 1.15182885e-02, 1.15311427e-02, 1.15313845e-02,
       1.15192151e-02, 1.14948914e-02, 1.14587230e-02, 1.14110677e-02,
       1.13523275e-02, 1.12829440e-02, 1.12033934e-02, 1.11141820e-02,
       1.10158407e-02, 1.09089206e-02, 1.07939878e-02, 1.06716187e-02,
       1.05423958e-02, 1.04069028e-02, 1.02657213e-02, 1.01194267e-02,
       9.96858465e-03, 9.81374848e-03, 9.65545615e-03, 9.49422807e-03,
       9.33056504e-03, 9.16494664e-03, 8.99782988e-03, 8.82964817e-03,
       8.66081064e-03, 8.49170161e-03, 8.32268045e-03, 8.15408153e-03,
       7.98621446e-03, 7.81936448e-03, 7.65379295e-03, 7.48973809e-03,
       7.32741566e-03, 7.16701992e-03, 7.00872447e-03, 6.85268331e-03,
       6.69903180e-03, 6.54788773e-03, 6.39935237e-03, 6.25351152e-03,
       6.11043654e-03, 5.97018539e-03, 5.83280363e-03, 5.69832535e-03,
       5.56677415e-03, 5.43816401e-03, 5.31250016e-03, 5.18977985e-03,
       5.06999317e-03, 4.95312375e-03, 4.83914941e-03, 4.72804286e-03,
       4.61977222e-03, 4.51430162e-03, 4.41159171e-03, 4.31160009e-03,
       4.21428179e-03, 4.11958963e-03, 4.02747462e-03, 3.93788627e-03,
       3.85077290e-03, 3.76608193e-03, 3.68376010e-03, 3.60375372e-03,
       3.52600885e-03, 3.45047150e-03, 3.37708781e-03, 3.30580414e-03,
       3.23656724e-03, 3.16932434e-03, 3.10402328e-03, 3.04061256e-03,
       2.97904141e-03, 2.91925991e-03, 2.86121898e-03, 2.80487046e-03,
       2.75016712e-03, 2.69706273e-03, 2.64551206e-03, 2.59547088e-03,
       2.54689600e-03, 2.49974530e-03, 2.45397765e-03, 2.40955302e-03,
       2.36643239e-03, 2.32457778e-03, 2.28395225e-03, 2.24451987e-03,
       2.20624572e-03, 2.16909587e-03, 2.13303737e-03, 2.09803823e-03,
       2.06406741e-03, 2.03109477e-03, 1.99909111e-03, 1.96802810e-03,
       1.93787827e-03, 1.90861502e-03, 1.88021256e-03, 1.85264589e-03,
       1.82589084e-03, 1.79992396e-03, 1.77472257e-03, 1.75026471e-03,
       1.72652912e-03, 1.70349523e-03, 1.68114313e-03, 1.65945357e-03,
       1.63840790e-03, 1.61798810e-03, 1.59817674e-03, 1.57895696e-03,
       1.56031244e-03, 1.54222742e-03, 1.52468665e-03, 1.50767540e-03,
       1.49117939e-03, 1.47518487e-03, 1.45967851e-03, 1.44464743e-03,
       1.43007919e-03, 1.41596177e-03, 1.40228354e-03, 1.38903328e-03,
       1.37620011e-03, 1.36377356e-03, 1.35174350e-03, 1.34010012e-03,
       1.32883397e-03, 1.31793591e-03, 1.30739711e-03, 1.29720904e-03,
       1.28736346e-03, 1.27785241e-03, 1.26866821e-03, 1.25980344e-03,
       1.25125092e-03, 1.24300374e-03, 1.23505522e-03, 1.22739890e-03,
       1.22002855e-03, 1.21293816e-03, 1.20612193e-03, 1.19957426e-03,
       1.19328975e-03, 1.18726318e-03, 1.18148952e-03, 1.17596392e-03,
       1.17068169e-03, 1.16563833e-03, 1.16082948e-03, 1.15625095e-03,
       1.15189870e-03, 1.14776882e-03, 1.14385757e-03, 1.14016132e-03,
       1.13667660e-03, 1.13340004e-03, 1.13032843e-03, 1.12745866e-03,
       1.12478773e-03, 1.12231277e-03, 1.12003102e-03, 1.11793982e-03,
       1.11603662e-03, 1.11431896e-03, 1.11278450e-03, 1.11143098e-03,
       1.11025622e-03, 1.10925814e-03, 1.10843477e-03, 1.10778419e-03,
       1.10730457e-03, 1.10699416e-03, 1.10685130e-03, 1.10687439e-03,
       1.10706191e-03, 1.10741239e-03, 1.10792445e-03, 1.10859678e-03,
       1.10942810e-03, 1.11041723e-03, 1.11156303e-03, 1.11286441e-03,
       1.11432036e-03, 1.11592990e-03, 1.11769211e-03, 1.11960614e-03,
       1.12167117e-03, 1.12388641e-03, 1.12625116e-03, 1.12876472e-03,
       1.13142647e-03, 1.13423581e-03, 1.13719218e-03, 1.14029506e-03,
       1.14354397e-03, 1.14693847e-03, 1.15047814e-03, 1.15416261e-03,
       1.15799153e-03, 1.16196458e-03, 1.16608146e-03, 1.17034193e-03,
       1.17474573e-03, 1.17929266e-03, 1.18398254e-03, 1.18881518e-03,
       1.19379045e-03, 1.19890822e-03, 1.20416837e-03, 1.20957082e-03,
       1.21511548e-03, 1.22080230e-03, 1.22663121e-03, 1.23260219e-03,
       1.23871520e-03, 1.24497022e-03, 1.25136723e-03, 1.25790624e-03,
       1.26458722e-03])]","[[0, 6.376880005047202e-05, 0.00012384871691641303, 0.0001825152146708144, 0.00024124552683708357, 0.0003010345202548724, 0.00036258439808036945, 0.00042641721532696953, 0.0004929425705982334, 0.000562499060443792, 0.0006353799773778568, 0.000711849511658965, 0.0007921531994698051, 0.0008765248602475778, 0.0009651913696765036, 0.001058376079653921, 0.0011563013769364224, 0.0012591906811515836, 0.0013672700684576797, 0.0014807696383594185, 0.001599924699588298, 0.0017249768255558817, 0.0018561748141654162, 0.001993775576849059, 0.0021380449752849253, 0.002289258619973473, 0.0024477026419023177, 0.0026136744464153286, 0.0027874834568322156, 0.002969451854159732, 0.0031599153182839627, 0.003359223775264232, 0.0035677421547165994, 0.0037858511607469256, 0.0040139480594475726, 0.0042524474855910295, 0.004501782270825076, 0.0047624042953869515, 0.00503478536509964, 0.005319418115184427, 0.005616816942213857, 0.0059275189653325375, 0.006252085017684924, 0.006591100668804627, 0.006945177278534979, 0.007314953082861668, 0.007701094311841652, 0.008104296339605011, 0.00852528486618463, 0.008964817130689485, 0.009423683155077916, 0.009902707017504451, 0.01040274815390469, 0.010924702686144388, 0.011469504774688326, 0.012038127993338721, 0.012631586723149091, 0.013250937562134394, 0.013897280746869242, 0.014571761581490036, 0.015275571868991231, 0.016009951339027925, 0.016776189065704168, 0.017575624868036408, 0.01840965068493245, 0.019279712338038216, 0.020187321766109448, 0.02113409098576557, 0.022121762862734536, 0.02315222988762277, 0.02422754462302315, 0.02534992477058229, 0.026521754863570904, 0.027745585935268963, 0.02902413405434714, 0.030360278297376583, 0.03175705850497259, 0.03321767301320905, 0.03474547644552672, 0.03634397757798111, 0.03801683724208511, 0.03976786619741805, 0.0416010228854424, 0.04352041096296481, 0.04553027650586799, 0.047635004769384016, 0.04983911638910661, 0.052147262906388034, 0.054564221502268535, 0.05709488882538819, 0.059744273801328705, 0.06251748931353272, 0.06541974264943189, 0.06845632460981832, 0.07163259718499022, 0.07495397970798383, 0.07842593340347871, 0.08205394426093841, 0.08584350417242492, 0.08980009028948975, 0.09392914256975843, 0.09823603950241803, 0.10272607202287744, 0.10740441565043149, 0.11227610090880141, 0.1173459821178454, 0.12261870467536325, 0.1280986709804924, 0.1337900051843527, 0.1396965169888859, 0.14582166475069525, 0.1521685181824582, 0.15873972097940897, 0.16553745373162043, 0.17256339751344107, 0.17981869856849442, 0.18730393453111777, 0.19501908264200435, 0.20296349042614292, 0.2111358493040128, 0.21953417160159053, 0.22815577141039892, 0.23699724972510644, 0.24605448425281248, 0.2553226242451266, 0.26479609065174037, 0.27446858183296186, 0.2843330849994888, 0.2943818934716899, 0.3046066297692556, 0.3149982744569276, 0.3255472005849743, 0.33624321347613384, 0.34707559552597156, 0.3580331556030753, 0.3691042825612534, 0.380277002309794, 0.39153903783156374, 0.40287787149369014, 0.41428080896287883, 0.4257350440178113, 0.43722772354491546, 0.4487460120110752, 0.4602771547271472, 0.47180853924871263, 0.4833277543042298, 0.4948226456942979, 0.5062813686675182, 0.517692436346695, 0.5290447638520279, 0.5403277078436374, 0.551531101282418, 0.5626452832840761, 0.5736611240146893, 0.5845700446457983, 0.5953640324516933, 0.606035651190198, 0.6165780469601448, 0.6269849497733546, 0.637250671116004, 0.6473700978037242, 0.6573386824567412, 0.6671524309361385, 0.6768078870903383, 0.6863021151626948, 0.6956326802073065, 0.7047976268514704, 0.7137954567303247, 0.7226251049028911, 0.7312859155396277, 0.7397776171504205, 0.7481002975993086, 0.7562543791287374, 0.7642405935922695, 0.7720599580709396, 0.7797137510251646, 0.7872034891116798, 0.7945309047735925, 0.8016979246915471, 0.8087066491653209, 0.8155593324780085, 0.8222583642793759, 0.8288062520109638, 0.835205604383103, 0.8414591159031136, 0.8475695524445396, 0.8535397378392361, 0.8593725414673976, 0.8650708668150816, 0.8706376409643455, 0.8760758049776779, 0.8813883051358473, 0.88657808498653, 0.8916480781600022, 0.8966012019077056, 0.9014403513195332, 0.9061683941761463, 0.9107881663934677, 0.9153024680176131, 0.9197140597298815, 0.9240256598229657, 0.9282399416112148, 0.9323595312395551, 0.9363870058575009, 0.9403248921265538, 0.9441756650311508, 0.9479417469651772, 0.9516255070678775, 0.9552292607847722, 0.9587552696309034, 0.9622057411353849, 0.9655828289478119, 0.9688886330885871, 0.9721252003266505, 0.9752945246694428, 0.9783985479512026, 0.9814391605068838, 0.9844182019200933, 0.987337461834484, 0.9901986808190038, 0.9930035512782946, 0.9957537184003671, 0.9984507811344362, 1.0010962931925182, 1.0036917640690306, 1.0062386600732383, 1.0087384053699373, 1.0111923830242688, 1.0136019360470125, 1.0159683684371303, 1.018292946218713, 1.0205768984698276, 1.0228214183410826, 1.0250276640620097, 1.0271967599336271, 1.0293297973057798, 1.0314278355380646, 1.033491902943342, 1.0355229977130072, 1.037522088823347, 1.0394901169224504, 1.041427995197264, 1.0433366102204915, 1.045216822777143, 1.0470694686706186, 1.0488953595082955, 1.050695283466655, 1.0524700060360421, 1.0542202707452115, 1.0559467998658527, 1.057650295097332, 1.05933143823192, 1.0609908918008075, 1.0626292997012319, 1.0642472878050644, 1.0658454645492201, 1.0674244215082698, 1.0689847339496417, 1.070526961371816, 1.0720516480259121, 1.0735593234210805, 1.0750505028141104, 1.0765256876836662, 1.0779853661895642, 1.0794300136174986, 1.0808600928096275, 1.0822760545814187, 1.0836783381251547, 1.085067371400491, 1.0864435715124547, 1.0878073450772618, 1.0891590885763278, 1.090499188698838, 1.0918280226732353, 1.0931459585879737, 1.0944533557018823, 1.095750564744471, 1.0970379282065041, 1.0983157806211605, 1.0995844488360842, 1.1008442522766289, 1.102095503200587, 1.1033385069446862, 1.104573562163125, 1.1058009610584205, 1.1070209896048206, 1.1082339277645334, 1.1094400496970165, 1.1106396239615606, 1.1118329137133942, 1.1130201768935306, 1.1142016664125693, 1.1153776303286547, 1.1165483120197945, 1.1177139503507292, 1.1188747798345329, 1.1200310307891324, 1.121182929488909, 1.1223306983115557, 1.1234745558803456, 1.1246147172019703, 1.1257513938000947, 1.126884793844773, 1.1280151222778634, 1.1291425809345768, 1.1302673686612859, 1.131389681429719, 1.1325097124476575, 1.1336276522662503, 1.1347436888840567, 1.1358580078479226, 1.1369707923507903, 1.138082223326542, 1.1391924795419663, 1.1403017376859435, 1.1414101724559296, 1.1425179566418253, 1.1436252612073083, 1.1447322553687038, 1.1458391066714677, 1.1469459810643485, 1.1480530429712983, 1.1491604553611927, 1.1502683798154232, 1.151376976593416, 1.1524864046961378, 1.1535968219276338, 1.1547083849546553, 1.1558212493644182, 1.1569355697205406, 1.1580514996172022, 1.1591691917315639, 1.1602887978744867, 1.1614104690395881, 1.1625343554506662, 1.1636606066075257, 1.164789371330236, 1.1659207978018484, 1.167055033609599, 1.168192225784621, 1.1693325208401908, 1.1704760648085275, 1.1716230032761643, 1.172773481417911, 1.1739276440294222, 1.1750856355583874, 1.1762476001343538, 1.177413681597195, 1.178584023524234, 1.1797587692560318, 1.1809380619208463, 1.1821220444577683, 1.1833108596385402, 1.1845046500880614, 1.1857035583035784, 1.1869077266725678, 1.1881172974893062, 1.189332412970129, 1.190553215267375, 1.1917798464820142, 1.1930124486749538, 1.1942511638770192, 1.1954961340976016, 1.1967475013319664, 1.1980054075672169, 1.1992699947869012]]"
50.0,80.0,4,60,90,I0-S1,"[[0.01, 0.009218546420913139, 0.008861068736292907, 0.008775059817687893, 0.00886844850475938, 0.009085552041517344, 0.009392519303630623, 0.009768608490030186, 0.01020104781744115, 0.01068194689101052, 0.011206430075413085, 0.011771503910505294, 0.01237536624922164, 0.013016981713702467, 0.013695818179164921, 0.0144116810267571, 0.015164607103587458, 0.015954795437700266, 0.016782560822565407, 0.01764830183264638, 0.018552478109725386, 0.019495593737532672, 0.020478184719864748, 0.021500809306152197, 0.022564040354877895, 0.02366845920117318, 0.024814650667452403, 0.026003198965441048, 0.02723468430873259, 0.028509680101783407, 0.029828750602958906, 0.031192448981339067, 0.032601315702843255, 0.0340558771929377, 0.035556644732067405, 0.03710411354685655, 0.03869876206560254, 0.04034105131102304, 0.04203142440685659, 0.0437703061779482, 0.045558102826001964, 0.04739520166535015, 0.04928197090494751, 0.05121875946440657, 0.053205896813290514, 0.05524369282410968, 0.05733243763055543, 0.05947240148347326, 0.061663834597945714, 0.06390696698563861, 0.06620200826727617, 0.06854914746075982, 0.07094855274104228, 0.07340037116841878, 0.07590472838240789, 0.0784617282588689, 0.08107145252844743, 0.08373396035485585, 0.0864492878718884, 0.0892174476784384, 0.09203842829113582, 0.09491219355455392, 0.09783868200924917, 0.10081780621819801, 0.10384945205248138, 0.1069335689962014, 0.11007109010179161, 0.11326442284224553, 0.11651692320012229, 0.11983250228625006, 0.12321539161412061, 0.12667000463736597, 0.13020085660480957, 0.13381251959562648, 0.13750959863484785, 0.14129672030593302, 0.14517852864361647, 0.14915968514341513, 0.15324487097497427, 0.1574387902470063, 0.16174617363274976, 0.1661717819433109, 0.17072040940327726, 0.1753968864822156, 0.18020608219372605, 0.1851529058068836, 0.19024230793307095, 0.19547928096042747, 0.20086885881207195, 0.20641611600511897, 0.21212616598663792, 0.21800415872090656, 0.22405527750006732, 0.2302847349478964, 0.23669776818401733, 0.24329963311363997, 0.2500955978058555, 0.2570909349217171, 0.2642909131518258, 0.27170078762195854, 0.27932578922445744, 0.2871711128326851, 0.29524190435588066, 0.3035432465922725, 0.3120801438393625, 0.32085750522194967, 0.32988012670075667, 0.33915267172753044, 0.34867965051625444, 0.35846539790471316, 0.3685140497861367, 0.37882951809710197, 0.38941546435532737, 0.40027527174953775, 0.4114120157932453, 0.422828433565143, 0.43452689157088287, 0.4465093522743425, 0.45877733936109566, 0.4713319018127002, 0.48417357688759616, 0.49730235212283874, 0.5107176264905261, 0.5244181708635552, 0.5384020879671416, 0.5526667720152518, 0.5672088682545592, 0.5820242326625414, 0.5971078920706784, 0.6124540050080973, 0.6280558235851598, 0.6439056567600258, 0.6599948353538126, 0.6763136792011327, 0.6928514668421311, 0.7095964081791356, 0.726535620535189, 0.7436551085625168, 0.76093974845586, 0.7783732769280265, 0.7959382854024497, 0.8136162198694771, 0.8313873868390669, 0.8492309658021011, 0.86712502858527, 0.8850465659501402, 0.9029715217453885, 0.9208748348721733, 0.9387304892662486, 0.9565115720368764, 0.9741903398321602, 0.991738293423591, 1.0091262604199878, 1.026324485933423, 1.0433027309281266, 1.0600303778888513, 1.0764765433490606, 1.0926101967229218, 1.1084002847900123, 1.1238158610894238, 1.1388262193922738, 1.1534010303401554, 1.1675104802634582, 1.1811254111293754, 1.1942174605163116, 1.2067592004706897, 1.2187242740750588, 1.2300875285439232, 1.2408251436666022, 1.2509147544351986, 1.2603355667305771, 1.2690684649900283, 1.2770961108465877, 1.2844030318110333, 1.290975699162364, 1.2968025943196846, 1.3018742630863271, 1.3061833572838362, 1.3097246634271504, 1.3124951182307327, 1.314493810876266, 1.3157219721135676, 1.316182950405247, 1.3158821754601562, 1.3148271096287087, 1.3130271877527504, 1.3104937461720927, 1.307239941687553, 1.3032806613651515, 1.2986324241370215, 1.293313275210934, 1.2873426743417602, 1.2807413790446125, 1.273531323841045, 1.2657354966270131, 1.257377813235035, 1.2484829912340594, 1.2390764239700631, 1.2291840557996183, 1.2188322594089294, 1.2080477160436154, 1.1968572994012283, 1.1852879638606681, 1.1733666376416951, 1.1611201214050761, 1.1485749927208113, 1.135757516749627, 1.1226935634025563, 1.1094085311659692, 1.0959272777056808, 1.082274057294477, 1.0684724650431134, 1.0545453878560196, 1.0405149619798404, 1.026402536965812, 1.0122286458258096, 0.9980129811267384, 0.9837743767386183, 0.9695307949280509, 0.9552993184704862, 0.9410961474415184, 0.9269366003389653, 0.912835119183353, 0.8988052782442143, 0.8848597960429101, 0.8710105502890739, 0.8572685954168459, 0.8436441823984031, 0.8301467805255255, 0.8167851008646844, 0.8035671211070812, 0.7905001115518603, 0.7775906619781053, 0.7648447091789271, 0.7522675649487446, 0.739863944332541, 0.727637993963269, 0.7155933203305387, 0.7037330178401192, 0.6920596965395258, 0.6805755093999635, 0.6692821790590989, 0.6581810239424937, 0.6472729836940198, 0.6365586438571921, 0.6260382597600765, 0.6157117795662884, 0.6055788664635918, 0.5956389199697799, 0.5858910963428814, 0.5763343280893394, 0.5669673425696853, 0.5577886797064189, 0.5487967088033502, 0.5399896444896057, 0.5313655618048917, 0.5229224104454806, 0.5146580281927938, 0.506570153548427, 0.4986564376010481, 0.4909144551518291, 0.4833417151259869, 0.47593567029863765, 0.4686937263635494, 0.4616132503735339, 0.4546915785811824, 0.4479260237084423, 0.4413138816731816, 0.43485243780041094, 0.42853897254525264, 0.4223707667540778, 0.416345106489494, 0.41045928744406873, 0.40471061896683524, 0.399096427725752, 0.39361406102839247, 0.38826088982223134, 0.3830343113949769, 0.3779317517944831, 0.37295066798686527, 0.36808854977054517, 0.36334292146306524, 0.3587113433766509, 0.354191413097652, 0.34978076658417867, 0.34547707909545033, 0.341278065965612, 0.3371814832340313, 0.3331851281433816, 0.3292868395161345, 0.3254844980194347, 0.3217760263277058, 0.3181593891917467, 0.31463259342250827, 0.31119368779720763, 0.30784076289492646, 0.3045719508683575, 0.3013854251579067, 0.2982794001539275, 0.29525213081245655, 0.2923019122294343, 0.28942707917803506, 0.286626005613388, 0.2838971041486526, 0.2812388255061099, 0.27864965794665075, 0.276128126680777, 0.2736727932639842, 0.27128225497916336, 0.2689551442084429, 0.2666901277966894, 0.2644859064086973, 0.26234121388192244, 0.26025481657644933, 0.25822551272373034, 0.25625213177549294, 0.25433353375407863, 0.2524686086053559, 0.2506562755552343, 0.24889548247070256, 0.24718520522621623, 0.2455244470761681, 0.2439122380340937, 0.24234763425918507, 0.2408297174506156, 0.2393575942501129, 0.23793039565315618, 0.23654727642911874, 0.23520741455062566, 0.23391001063234912, 0.23265428737942107, 0.23143948904560382, 0.23026488090132258, 0.22912974871163141, 0.22803339822415442, 0.22697515466701595, 0.22595436225674984, 0.22497038371615424, 0.22402259980203962, 0.22311040884279798, 0.2222332262857057, 0.22139048425385763, 0.2205816311126169, 0.21980613104545274, 0.21906346363902926, 0.21835312347739816, 0.2176746197451407, 0.21702747583929755, 0.21641122898991869, 0.21582542988906114, 0.2152696423280572, 0.21474344284287317, 0.21424642036737498, 0.21377817589431566, 0.21333832214385715, 0.21292648323943825, 0.21254229439080005, 0.21218540158397933, 0.21185546127808094, 0.21155214010864096, 0.21127511459739237, 0.21102407086824715, 0.2107987043693094, 0.21059871960073556, 0.21042382984826064, 0.21027375692220987]]","[[0.01, 0.011673645222856313, 0.01362924433757481, 0.01580189558251425, 0.018156401287987095, 0.020675381791754835, 0.023352040137642718, 0.026185822624193805, 0.029179928251055816, 0.032339836375397106, 0.03567243345191486, 0.03918549688421717, 0.04288739136474383, 0.046786891254006605, 0.05089307740666853, 0.05521527771191151, 0.05976303308447033, 0.06454607808674083, 0.06957432980024467, 0.07485788120588306, 0.08040699690074138, 0.086232109907643, 0.09234381888089992, 0.09875288533223965, 0.10547023068686152, 0.11250693308591239, 0.11987422391107166, 0.12758348403883082, 0.1356462398479689, 0.14407415901048157, 0.15287904609783076, 0.1620728380331963, 0.17166759941779625, 0.1816755177560808, 0.19210889860113617, 0.202980160638202, 0.21430183072093065, 0.22608653887195998, 0.23834701325655605, 0.2510960751355049, 0.2643466338010943, 0.2781116814979041, 0.292404288328212, 0.30723759714009874, 0.32262481839479457, 0.338579225008433, 0.35511414716215245, 0.37224296707341165, 0.38997911372043986, 0.40833605751092816, 0.4273273048853703, 0.44696639284487993, 0.46726688339283284, 0.4882423578793061, 0.5099064112370079, 0.5322726460972007, 0.5553546667740198, 0.5791660731055669, 0.6037204541402216, 0.6290313816567431, 0.6551124035069475, 0.6819770367700156, 0.7096387607078338, 0.7381110095111743, 0.767407164826991, 0.7975406437970278, 0.8285259328381543, 0.8603794295148453, 0.8931192301790177, 0.9267649253317087, 0.9613374746518586, 0.9968591314205005, 1.0333533978328748, 1.0708449998158804, 1.1093598743222608, 1.1489251647364451, 1.1895692216578906, 1.231321607327108, 1.2742131025721057, 1.3182757155282905, 1.3635426916144144, 1.4100485243869567, 1.4578289669797178, 1.5069210438854295, 1.5573630628648052, 1.6091946267835984, 1.6624566451848293, 1.7171913454043977, 1.7734422830356864, 1.8312543515436666, 1.8906737908221618, 1.9517481944797905, 2.0145265156309975, 2.0790590709587238, 2.1453975428048024, 2.213594979033239, 2.283705790400259, 2.355785745153469, 2.42989196057083, 2.5060828911384445, 2.584418313054604, 2.6649593047361964, 2.7477682229926548, 2.832908674522242, 2.9204454823758406, 3.0104446470247206, 3.10297330166121, 3.198099661355047, 3.295892965683655, 3.3964234144519705, 3.4997620961170206, 3.6059809085344794, 3.7151524716493034, 3.827350031760502, 3.942647357001566, 4.061118623693315, 4.1828382932453625, 4.307880979306325, 4.436321304891729, 4.5682337492525456, 4.703692484286846, 4.842771200342418, 4.985542921309619, 5.132079808961543, 5.282452956562816, 5.43673217183925, 5.594985749478159, 5.757280233413342, 5.923680169239504, 6.094247847197975, 6.26904303627859, 6.448122710091248, 6.631540765274161, 6.8193477333235935, 7.011590486851018, 7.20831194139709, 7.409550754056463, 7.615341020291972, 7.825711970439533, 8.040687667524734, 8.26028670812666, 8.484521928132308, 8.71340011532382, 8.946921730828917, 9.185080641540091, 9.427863865668314, 9.675251333640222, 9.927215666571874, 10.183721974555477, 10.444727676976173, 10.710182347032605, 10.98002758256627, 11.254196905209753, 11.532615689742117, 11.815201125390937, 12.101862210644803, 12.392499782938406, 12.687006584345564, 12.985267364165539, 13.28715901901671, 13.592550770761893, 13.901304382284154, 14.213274410814623, 14.528308498188059, 14.846247697072284, 15.166926831888176, 15.490174892812393, 15.815815460940037, 16.143667162383604, 16.47354414880233, 16.80525660159681, 17.13861125677138, 17.473411947265014, 17.80946015938338, 18.14655559983292, 18.484496769764323, 18.823081542179022, 19.16210773903879, 19.50137370444557, 19.840678870325124, 20.179824311153283, 20.518613284404612, 20.856851753578738, 21.19434889086539, 21.53091755674237, 21.866374754057357, 22.200542054420144, 22.533245995022728, 22.864318444306, 23.193596935198986, 23.520924964965914, 23.846152261003095, 24.169135012228033, 24.489736065993863, 24.807825090739527, 25.123278704847486, 25.43598057242371, 25.745821466936945, 26.052699303854716, 26.35651914359066, 26.657193166231117, 26.954640619638276, 27.248787742632235, 27.539567665036312, 27.82692028642877, 28.110792135481454, 28.391136211782754, 28.66791181204009, 28.94108434253766, 29.21062511969003, 29.476511160482925, 29.738724964531457, 29.997254289414236, 30.252091920861783, 30.503235439290243, 30.7506869840791, 30.99445301689518, 31.234544085266478, 31.47097458750953, 31.70376254001411, 31.93292934779031, 32.158499579086104, 32.380500744789465, 32.59896308323823, 32.81391935097415, 33.02540461989499, 33.23345608118081, 33.43811285629752, 33.63941581531293, 33.83740740269786, 34.03213147072717, 34.2236331205429, 34.41195855089436, 34.59715491452714, 34.7792701821547, 34.95835301391301, 35.13445263816873, 35.307618737526305, 35.47790134185754, 35.64535072815882, 35.810017327026166, 35.97195163552623, 36.13120413623177, 36.287825222183315, 36.44186512753383, 36.59337386363064, 36.742401160287464, 36.888996412000374, 37.03320862886319, 37.17508639194095, 37.31467781286426, 37.452030497412444, 37.587191512858894, 37.720207358858694, 37.8511239416652, 37.97998655146959, 38.106839842664826, 38.231727816843375, 38.35469380834557, 38.475780472183814, 38.59502977417531, 38.71248298312426, 38.82818066490212, 38.942162678282, 39.054468172391225, 39.165135585652905, 39.27420264609502, 39.38170637291198, 39.48768307917066, 39.59216837555911, 39.69519717508257, 39.79680369861712, 39.897021481237196, 39.99588337923859, 40.09342157778359, 40.189667599100105, 40.284652311171115, 40.37840593685536, 40.47095806338419, 40.56233765218389, 40.65257304897606, 40.741691994112514, 40.829721633104526, 40.91668852730909, 41.00261866473822, 41.08753747095975, 41.171469820060956, 41.25444004564858, 41.33647195186121, 41.41758882437214, 41.49781344136258, 41.57716808444745, 41.65567454953706, 41.73335415762017, 41.81022776545509, 41.886315776156934, 41.96163814967053, 42.036214413119545, 42.110063671023646, 42.18320461537629, 42.255655535577034, 42.3274343282128, 42.39855850668352, 42.469045210668234, 42.53891121542846, 42.60817294094627, 42.67684646089492, 42.74494751144073, 42.812491499875, 42.87949351307549, 42.94596832579717, 43.01193040879247, 43.07739393676153, 43.14237279613301, 43.206880592676804, 43.270930658949666, 43.334536061575356, 43.39770960836088, 43.4604638552507, 43.522811113120916, 43.584763454415395, 43.64633271962615, 43.70753052362027, 43.7683682618157, 43.8288571162084, 43.8890080612533, 43.94883186960172, 44.008339117697645, 44.06754019123565, 44.12644529048296, 44.185064435468334, 44.243407471040356, 44.30148407179782, 44.359303746894774, 44.416875844722796, 44.47420955747316, 44.53131392558136, 44.58819784205656, 44.644870056698515, 44.70133918020426, 44.75761368816717, 44.813701924970694, 44.86961210757906, 44.92535232922734, 44.980930563013075, 45.036354665391706, 45.09163237957789, 45.146771338854926, 45.2017790697943, 45.25666299538733, 45.311430438091016, 45.3660886227898, 45.420644679675355, 45.47510564704594, 45.52947847402744, 45.58377002321745, 45.637987073254315, 45.69213632131271, 45.74622438552725, 45.80025780734573, 45.85424305381348, 45.908186519790185, 45.96209453010069, 46.01597334162103, 46.06982914530095, 46.12366806812433]]","[array([6.37688001e-05, 6.00799169e-05, 5.86664978e-05, 5.87303122e-05,
       5.97890121e-05, 6.15504178e-05, 6.38361896e-05, 6.65367870e-05,
       6.95846507e-05, 7.29380232e-05, 7.65711584e-05, 8.04683673e-05,
       8.46203747e-05, 8.90220698e-05, 9.36711028e-05, 9.85669947e-05,
       1.03710563e-04, 1.09103541e-04, 1.14748322e-04, 1.20647777e-04,
       1.26805127e-04, 1.33223844e-04, 1.39907581e-04, 1.46860112e-04,
       1.54085287e-04, 1.61586996e-04, 1.69369138e-04, 1.77435597e-04,
       1.85790217e-04, 1.94436794e-04, 2.03379053e-04, 2.12620641e-04,
       2.22165113e-04, 2.32015930e-04, 2.42176447e-04, 2.52649911e-04,
       2.63439452e-04, 2.74548085e-04, 2.85978704e-04, 2.97734078e-04,
       3.09816853e-04, 3.22229548e-04, 3.34974552e-04, 3.48054127e-04,
       3.61470405e-04, 3.75225386e-04, 3.89320937e-04, 4.03758793e-04,
       4.18540556e-04, 4.33667691e-04, 4.49141526e-04, 4.64963254e-04,
       4.81133924e-04, 4.97654445e-04, 5.14525584e-04, 5.31747959e-04,
       5.49322039e-04, 5.67248143e-04, 5.85526434e-04, 6.04156915e-04,
       6.23139429e-04, 6.42473649e-04, 6.62159080e-04, 6.82195051e-04,
       7.02580832e-04, 7.23318648e-04, 7.44419842e-04, 7.65903904e-04,
       7.87795223e-04, 8.10121039e-04, 8.32910227e-04, 8.56192583e-04,
       8.79998415e-04, 9.04358324e-04, 9.29303084e-04, 9.54863600e-04,
       9.81070888e-04, 1.00795609e-03, 1.03555049e-03, 1.06388552e-03,
       1.09299284e-03, 1.12290429e-03, 1.15365194e-03, 1.18526814e-03,
       1.21778546e-03, 1.25123679e-03, 1.28565525e-03, 1.32107428e-03,
       1.35752757e-03, 1.39504907e-03, 1.43367301e-03, 1.47343383e-03,
       1.51436618e-03, 1.55650490e-03, 1.59988497e-03, 1.64454147e-03,
       1.69050955e-03, 1.73782434e-03, 1.78652094e-03, 1.83663429e-03,
       1.88819917e-03, 1.94125005e-03, 1.99582102e-03, 2.05194573e-03,
       2.10965723e-03, 2.16898787e-03, 2.22996921e-03, 2.29263183e-03,
       2.35700523e-03, 2.42311766e-03, 2.49099595e-03, 2.56066537e-03,
       2.63214942e-03, 2.70546964e-03, 2.78064543e-03, 2.85769381e-03,
       2.93662923e-03, 3.01746334e-03, 3.10020472e-03, 3.18485870e-03,
       3.27142703e-03, 3.35990770e-03, 3.45029463e-03, 3.54257742e-03,
       3.63674107e-03, 3.73276575e-03, 3.83062648e-03, 3.93029289e-03,
       4.03172896e-03, 4.13489274e-03, 4.23973612e-03, 4.34620459e-03,
       4.45423699e-03, 4.56376535e-03, 4.67471463e-03, 4.78700261e-03,
       4.90053969e-03, 5.01522884e-03, 5.13096542e-03, 5.24763720e-03,
       5.36512430e-03, 5.48329923e-03, 5.60202692e-03, 5.72116488e-03,
       5.84056329e-03, 5.96006525e-03, 6.07950701e-03, 6.19871828e-03,
       6.31752259e-03, 6.43573772e-03, 6.55317615e-03, 6.66964560e-03,
       6.78494958e-03, 6.89888807e-03, 7.01125814e-03, 7.12185472e-03,
       7.23047138e-03, 7.33690108e-03, 7.44093711e-03, 7.54237386e-03,
       7.64100781e-03, 7.73663841e-03, 7.82906900e-03, 7.91810778e-03,
       8.00356870e-03, 8.08527240e-03, 8.16304711e-03, 8.23672951e-03,
       8.30616560e-03, 8.37121144e-03, 8.43173395e-03, 8.48761155e-03,
       8.53873484e-03, 8.58500709e-03, 8.62634480e-03, 8.66267802e-03,
       8.69395072e-03, 8.72012102e-03, 8.74116133e-03, 8.75705839e-03,
       8.76781330e-03, 8.77344132e-03, 8.77397175e-03, 8.76944758e-03,
       8.75992517e-03, 8.74547382e-03, 8.72617520e-03, 8.70212285e-03,
       8.67342151e-03, 8.64018646e-03, 8.60254278e-03, 8.56062458e-03,
       8.51457426e-03, 8.46454161e-03, 8.41068305e-03, 8.35316077e-03,
       8.29214186e-03, 8.22779753e-03, 8.16030224e-03, 8.08983288e-03,
       8.01656805e-03, 7.94068723e-03, 7.86237009e-03, 7.78179578e-03,
       7.69914228e-03, 7.61458577e-03, 7.52830009e-03, 7.44045617e-03,
       7.35122157e-03, 7.26076003e-03, 7.16923107e-03, 7.07678966e-03,
       6.98358590e-03, 6.88976476e-03, 6.79546587e-03, 6.70082331e-03,
       6.60596553e-03, 6.51101517e-03, 6.41608906e-03, 6.32129815e-03,
       6.22674749e-03, 6.13253628e-03, 6.03875791e-03, 5.94550000e-03,
       5.85284454e-03, 5.76086795e-03, 5.66964125e-03, 5.57923015e-03,
       5.48969525e-03, 5.40109215e-03, 5.31347167e-03, 5.22688000e-03,
       5.14135887e-03, 5.05694576e-03, 4.97367409e-03, 4.89157337e-03,
       4.81066943e-03, 4.73098459e-03, 4.65253786e-03, 4.57534509e-03,
       4.49941919e-03, 4.42477028e-03, 4.35140588e-03, 4.27933104e-03,
       4.20854858e-03, 4.13905914e-03, 4.07086142e-03, 4.00395229e-03,
       3.93832693e-03, 3.87397894e-03, 3.81090052e-03, 3.74908255e-03,
       3.68851472e-03, 3.62918564e-03, 3.57108292e-03, 3.51419331e-03,
       3.45850276e-03, 3.40399652e-03, 3.35065922e-03, 3.29847492e-03,
       3.24742725e-03, 3.19749939e-03, 3.14867422e-03, 3.10093429e-03,
       3.05426195e-03, 3.00863936e-03, 2.96404854e-03, 2.92047143e-03,
       2.87788991e-03, 2.83628585e-03, 2.79564114e-03, 2.75593771e-03,
       2.71715757e-03, 2.67928285e-03, 2.64229579e-03, 2.60617879e-03,
       2.57091439e-03, 2.53648535e-03, 2.50287461e-03, 2.47006532e-03,
       2.43804087e-03, 2.40678486e-03, 2.37628116e-03, 2.34651387e-03,
       2.31746737e-03, 2.28912629e-03, 2.26147554e-03, 2.23450029e-03,
       2.20818600e-03, 2.18251840e-03, 2.15748350e-03, 2.13306759e-03,
       2.10925724e-03, 2.08603931e-03, 2.06340092e-03, 2.04132949e-03,
       2.01981271e-03, 1.99883852e-03, 1.97839516e-03, 1.95847114e-03,
       1.93905521e-03, 1.92013642e-03, 1.90170404e-03, 1.88374762e-03,
       1.86625696e-03, 1.84922211e-03, 1.83263335e-03, 1.81648121e-03,
       1.80075647e-03, 1.78545011e-03, 1.77055336e-03, 1.75605768e-03,
       1.74195472e-03, 1.72823637e-03, 1.71489473e-03, 1.70192209e-03,
       1.68931096e-03, 1.67705402e-03, 1.66514418e-03, 1.65357451e-03,
       1.64233827e-03, 1.63142891e-03, 1.62084005e-03, 1.61056549e-03,
       1.60059918e-03, 1.59093525e-03, 1.58156798e-03, 1.57249183e-03,
       1.56370138e-03, 1.55519138e-03, 1.54695672e-03, 1.53899244e-03,
       1.53129370e-03, 1.52385580e-03, 1.51667419e-03, 1.50974443e-03,
       1.50306221e-03, 1.49662334e-03, 1.49042375e-03, 1.48445949e-03,
       1.47872672e-03, 1.47322171e-03, 1.46794082e-03, 1.46288055e-03,
       1.45803747e-03, 1.45340826e-03, 1.44898969e-03, 1.44477864e-03,
       1.44077207e-03, 1.43696702e-03, 1.43336063e-03, 1.42995011e-03,
       1.42673278e-03, 1.42370599e-03, 1.42086722e-03, 1.41821400e-03,
       1.41574392e-03, 1.41345466e-03, 1.41134397e-03, 1.40940966e-03,
       1.40764960e-03, 1.40606174e-03, 1.40464406e-03, 1.40339463e-03,
       1.40231158e-03])]","[[0, 6.376880005047202e-05, 0.00012384871691641303, 0.0001825152146708144, 0.00024124552683708357, 0.00030103453896720766, 0.000362584956727587, 0.00042642114634191235, 0.0004929579333406408, 0.0005625425840100414, 0.0006354806071818647, 0.0007120517655509582, 0.0007925201328707065, 0.0008771405075403676, 0.0009661625773377564, 0.0010598336801338811, 0.0011584006748281267, 0.0012621112376374173, 0.0013712147786410199, 0.00148596310060355, 0.0016066108776887267, 0.0017334160044184502, 0.0018666398483385756, 0.0020065474292490244, 0.002153407541090484, 0.0023074928281750446, 0.0024690798245095916, 0.0026384489629451896, 0.0028158845594606838, 0.003001674776849304, 0.0031961115712953736, 0.003399490624723565, 0.0036121112653234545, 0.003834276378263457, 0.0040662923082875006, 0.004308468755619364, 0.004561118666372159, 0.004824558118465896, 0.005099106203888298, 0.005385084907988486, 0.005682818986366035, 0.005992635839806598, 0.006314865387617264, 0.006649839939628371, 0.006997894067052058, 0.007359364472320091, 0.007734589857963563, 0.008123910794543858, 0.008527669587597255, 0.00894621014351402, 0.009379877834236217, 0.009829019360626504, 0.01029398261433223, 0.01077511653794513, 0.011272770983236369, 0.011787296567229403, 0.01231904452585903, 0.012868366564953543, 0.0134356147082684, 0.014021141142293634, 0.014625298057553556, 0.015248437486115894, 0.015890911135028177, 0.016553070215401984, 0.017235265266870387, 0.01793784609872277, 0.018661164746399037, 0.0194055845888987, 0.020171488492958328, 0.020959283715466463, 0.021769404754226965, 0.022602314981380125, 0.023458507564365336, 0.024338505979746863, 0.02524286430356917, 0.026172167387805513, 0.027127030987383748, 0.028108101874901117, 0.029116057963561856, 0.030151608448864525, 0.03121549397354973, 0.03230848681671807, 0.033431391105881565, 0.03458504304943412, 0.0357703111862618, 0.03698809664874584, 0.03823933343511061, 0.039524988686856374, 0.04084606296684713, 0.04220359053346877, 0.043598639606117505, 0.04503231261711387, 0.04650574644495922, 0.04802011262365785, 0.049576617522617786, 0.05117650249141815, 0.052821043963490986, 0.05451155351251303, 0.056249377855039064, 0.058035898792635994, 0.05987253308649731, 0.06176073225723406, 0.06370198230225388, 0.06569780332285635, 0.06774974905289553, 0.06985940628059145, 0.07202839415481697, 0.0742583633669485, 0.07655099519915326, 0.07890800042979888, 0.08133111808651645, 0.08382211403733447, 0.08638277941023315, 0.08901492883145362, 0.09172039847294339, 0.09450104389943303, 0.09735873770583062, 0.10029536693589564, 0.10331283027352293, 0.10641303499843753, 0.10959789369868182, 0.11286932073297608, 0.11622922843685955, 0.1196795230674802, 0.12322210048300451, 0.1268588415538701, 0.1305916073045091, 0.1344222337857351, 0.1383525266797098, 0.14238425564129553, 0.14651914838164753, 0.15075888450210967, 0.15510508908884021, 0.15955932608110288, 0.16412309142880227, 0.16879780605760922, 0.17358480866289022, 0.1784853483566092, 0.18350057719438112, 0.1886315426129015, 0.19387917981101846, 0.1992443041107229, 0.2047276033372663, 0.21032963026043677, 0.21605079514168368, 0.2218913584342383, 0.22785142368558012, 0.2339309306934987, 0.24012964896855135, 0.24644717155686482, 0.2528829092779336, 0.2594360854322773, 0.2661057310335003, 0.27289068061840754, 0.2797895686873456, 0.28680082682482977, 0.293922681547775, 0.30115315292526323, 0.3084900540097537, 0.31593099111499423, 0.3234733649706392, 0.33111437277776595, 0.3388510111831469, 0.34668008018334223, 0.3545981879624926, 0.3626017566601943, 0.3706870290581124, 0.37885007616613264, 0.3870868056809609, 0.39539297128226303, 0.40376418272379816, 0.41219591666964545, 0.4206835282186604, 0.42922226305382716, 0.4378072701472871, 0.44643361494661393, 0.45509629296344656, 0.4637902436819469, 0.4725103647017771, 0.48125152602842575, 0.49000858442277967, 0.4987763977218453, 0.5075498390434673, 0.5163238107897462, 0.5250932583665885, 0.5338531835403794, 0.5425986573570921, 0.5513248325541604, 0.5600269554010611, 0.5687003769107004, 0.5773405633702592, 0.5859431061470476, 0.5945037307320369, 0.6030183049909824, 0.6114828466003251, 0.6198935296522715, 0.6282466904205105, 0.6365388322848542, 0.6447666298196131, 0.6529269320566684, 0.6610167649399352, 0.6690333329931701, 0.6769740202278329, 0.6848363903219382, 0.6926181861045116, 0.7003173283833934, 0.7079319141567048, 0.7154602142503257, 0.7229006704252389, 0.7302518919995936, 0.7375126520308689, 0.7446818831035934, 0.751758672767746, 0.7587422586722584, 0.7656320234369983, 0.7724274893052803, 0.779128312617362, 0.7857342781435807, 0.7922452933138046, 0.7986613823777564, 0.8049826805285399, 0.8112094280194061, 0.8173419643014573, 0.8233807222076368, 0.8293262222060062, 0.8351790667430107, 0.8409399346951678, 0.8466095759454315, 0.852188806098374, 0.8576785013463163, 0.8630795934966258, 0.8683930651685983, 0.8736199451666559, 0.8787613040350183, 0.8838182497975571, 0.8887919238852069, 0.8936834972520897, 0.8984941666804093, 0.9032251512731795, 0.9078776891329683, 0.9124530342240569, 0.9169524534147304, 0.9213772236958252, 0.9257286295711501, 0.9300079606149773, 0.934216509191443, 0.9383555683304198, 0.9424264297542018, 0.9464303820491792, 0.9503687089765728, 0.9542426879162313, 0.9580535884374739, 0.9618026709909729, 0.9654911857157227, 0.9691203713552097, 0.9726914542770044, 0.9762056475901121, 0.9796641503545597, 0.9830681468778472, 0.9864188060930582, 0.9897172810135962, 0.9929647082596949, 0.9961622076520379, 0.9993108818680113, 1.0024118161563031, 1.0054660781057585, 1.0084747174645858, 1.0114387660062019, 1.0143592374381873, 1.0172371273510081, 1.0200734132033362, 1.0228690543409757, 1.0256249920465734, 1.028342149617447, 1.0310214324690337, 1.0336637282616017, 1.036269907048022, 1.038840821440528, 1.0413773067945364, 1.0438801814077137, 1.0463502467326093, 1.048788287601283, 1.0511950724604628, 1.0535713536158802, 1.055917867484519, 1.0582353348536166, 1.060524461145332, 1.0627859366860903, 1.065020436979682, 1.067228622983271, 1.0694111413855345, 1.0715686248862253, 1.0737016924764997, 1.075810949719418, 1.0778969890300731, 1.0799603899548555, 1.0820017194494054, 1.084021532154846, 1.0860203706719391, 1.087998765832825, 1.0899572369700656, 1.0918962921827196, 1.0938164285992227, 1.0957181326368708, 1.097601880257722, 1.0994681372207677, 1.101317359330236, 1.103149992679914, 1.104966473893397, 1.1067672303601817, 1.1085526804675434, 1.1103232338281486, 1.1120792915033648, 1.1138212462222468, 1.115549482596182, 1.117264377329198, 1.118966299423928, 1.1206556103832592, 1.1223326644076737, 1.1239978085883167, 1.1256513830958221, 1.1272937213649339, 1.1289251502749647, 1.1305459903261423, 1.1321565558118893, 1.1337571549870946, 1.135348090232429, 1.1369296582147659, 1.1385021500437658, 1.1400658514246902, 1.141621042807503, 1.14316799953233, 1.1447069919713364, 1.1462382856670936, 1.1477621414674963, 1.1492788156573017, 1.1507885600863526, 1.1522916222945552, 1.1537882456336739, 1.1552786693860113, 1.1567631288800375, 1.158241855603034, 1.159715077310816, 1.1611830181345937, 1.1626458986850394, 1.1641039361536178, 1.1655573444112397, 1.1670063341043015, 1.1684511127481652, 1.1698918848181366, 1.1713288518379987, 1.1727622124661539, 1.1741921625794278, 1.1756188953545874, 1.1770426013476252, 1.178463468570857, 1.179881682567883, 1.1812974264864602, 1.1827108811493288, 1.184122225123041, 1.185531634784833, 1.1869392843875821, 1.1883453461228923, 1.1897499901823445, 1.1911533848169522, 1.1925556963948598]]"
50.0,80.0,4,60,90,I1-S1,"[[0.01, 0.009218546420913139, 0.008861068736292907, 0.008775059817687893, 0.00886844850475938, 0.009085552073266959, 0.009392520899004692, 0.00976862448195473, 0.010201127422012608, 0.010682217237291703, 0.01120715203264075, 0.01177313911171826, 0.012378652342925347, 0.013023013420093902, 0.013706132362923599, 0.014428344580656196, 0.015190306913119709, 0.015992930057908295, 0.0168373337556298, 0.017724816467062542, 0.01865683448853582, 0.01963498738153893, 0.020661007756457666, 0.021736754156657555, 0.022864206221566066, 0.02404546157540688, 0.025282734057049682, 0.026578353014981786, 0.027934763462948178, 0.029354526940294053, 0.030840322954886073, 0.03239495091079187, 0.03402133244079811, 0.03572251407730193, 0.03750167020536449, 0.039362106249581155, 0.041307262052448654, 0.043340715406473836, 0.045466185705645215, 0.04768753768427781, 0.050008785212797474, 0.052434095120870376, 0.05496779101850026, 0.05761435708538305, 0.06037844179798527, 0.06326486156254524, 0.0662786042205223, 0.06942483239096979, 0.07270888661190468, 0.07613628824001305, 0.07971274206497894, 0.08344413859137102, 0.08733655593737763, 0.09139626129575859, 0.09562971189819394, 0.10004355541976703, 0.10464462975563976, 0.10943996209707516, 0.11443676722886101, 0.11964244496491092, 0.12506457663339623, 0.13071092051723135, 0.13658940615013593, 0.14270812736288438, 0.1490753339687814, 0.15569956808067528, 0.16259113776040737, 0.16976291484802356, 0.17722945207285976, 0.18500627022081348, 0.19310939983065423, 0.20155509528066826, 0.21035966369836662, 0.21953936841184823, 0.22911037893596467, 0.23908874817891312, 0.2494904036853603, 0.26033114403148194, 0.27162663448028496, 0.2833923980697944, 0.29564379971376625, 0.30839602183984177, 0.3216640307137266, 0.33546253300050755, 0.3498059223673459, 0.36470821608654985, 0.38018298169055753, 0.3962432537861414, 0.41290144117198385, 0.4301692244340896, 0.44805744422583, 0.4665759804795804, 0.48573362284881194, 0.5055379327456478, 0.5259950974208244, 0.547109776631498, 0.5688849425576051, 0.5913217137592419, 0.6144191841150262, 0.6381742478434808, 0.6625814218844862, 0.6876326671036912, 0.7133172099768204, 0.7396213666099022, 0.7665283711518268, 0.7940182108529967, 0.8220674702132391, 0.8506491868381192, 0.8797327217793193, 0.9092836472653802, 0.939263654827024, 0.9696304868795024, 1.0003378948359103, 1.0313356267833127, 1.0625694476514493, 1.093981194635964, 1.1255088703998268, 1.1570867762644166, 1.1886456872137576, 1.2201130700716927, 1.2514133456744847, 1.2824681952550392, 1.31319691058667, 1.343516786713773, 1.3733435553361644, 1.402591856127891, 1.4311757424769451, 1.4590092173483384, 1.486006794219544, 1.5120840773354614, 1.5371583549008896, 1.5611491982926056, 1.583979059949686, 1.6055738623067426, 1.6258635699843733, 1.6447827374549098, 1.6622710245658663, 1.6782736726301342, 1.692741934277901, 1.7056334509024966, 1.7169125723081566, 1.7265506140648073, 1.7345260490723184, 1.7408246309098703, 1.7454394476684298, 1.7483709061076618, 1.7496266471142994, 1.7492213945390396, 1.7471767405269167, 1.7435208714077466, 1.7382882390577565, 1.731519183363825, 1.7232595120050045, 1.7135600442038295, 1.7024761253885197, 1.6900671198471875, 1.6763958884513444, 1.6615282583868531, 1.6455324915677125, 1.6284787580359406, 1.6104386201855574, 1.5914845331076837, 1.5716893657551043, 1.5511259469862893, 1.529866639888239, 1.507982947110972, 1.4855451492889218, 1.4626219779891279, 1.4392803240241225, 1.4155849814080228, 1.3915984267246704, 1.3673806332217895, 1.3429889185482469, 1.3184778247140059, 1.2938990285740943, 1.2693012809173487, 1.244730372075169, 1.22022912185148, 1.195837391508281, 1.1715921155168465, 1.14752735079782, 1.1236743412189734, 1.1000615951922117, 1.0767149743065232, 1.0536577910463312, 1.030910913770719, 1.0084928772642856, 0.9864199973113666, 0.9647064878888854, 0.9433645797164385, 0.9224046390431095, 0.9018352856870169, 0.881663509474256, 0.8618947843475034, 0.8425331795302765, 0.8235814672401072, 0.8050412265423708, 0.786912943026082, 0.769196104063693, 0.751889289488996, 0.7349902575909525, 0.7184960263770531, 0.702402950108108, 0.6867067911476926, 0.6714027872043616, 0.6564857140737435, 0.6419499440112786, 0.6277894998852174, 0.6139981052740507, 0.6005692306833234, 0.5874961360642206, 0.5747719098208843, 0.5623895044954885, 0.5503417693200677, 0.5386214798222784, 0.5272213646689846, 0.5161341299270722, 0.5053524809154413, 0.4948691418159316, 0.48467687320417463, 0.4747684876542019, 0.46513686356322087, 0.45577495733539974, 0.4466758140558947, 0.43783257677878307, 0.42923849454510526, 0.4208869292399204, 0.4127713613901939, 0.4048853949984887, 0.39722276150085517, 0.38977732293102557, 0.3825430743670275, 0.3755141457306453, 0.3686848030047836, 0.3620494489287151, 0.35560262322642894, 0.34933900241882593, 0.3432533992663209, 0.33734076188450973, 0.33159617257191715, 0.32601484638545836, 0.32059212949610466, 0.31532349735433246, 0.3102045526922398, 0.30523102338672475, 0.30039876020582473, 0.2957037344581974, 0.29114203556377727, 0.2867098685618532, 0.2824035515711676, 0.27821951321513305, 0.27415429002388336, 0.2702045238236127, 0.26636695912250624, 0.26263844050151236, 0.25901591001724833, 0.2554964046234591, 0.2520770536166535, 0.2487550761108239, 0.24552777854549784, 0.24239255223078177, 0.23934687093251744, 0.23638828850018936, 0.23351443653978465, 0.23072302213341234, 0.22801182560713668, 0.22537869834816068, 0.22282156067221243, 0.22033839974173217, 0.2179272675352322, 0.21558627886799991, 0.21331360946413547, 0.21110749407975823, 0.20896622467707685, 0.206888148648896, 0.20487166709302654, 0.20291523313597315, 0.20101735030519413, 0.19917657094915983, 0.1973914947043784, 0.19566076700850854, 0.19398307765863929, 0.1923571594137841, 0.19078178664061068, 0.1892557740014077, 0.18777797518327577, 0.1863472816675203, 0.18496262153821777, 0.18362295832892644, 0.1823272899065136, 0.18107464739107615, 0.17986409411093918, 0.1786947245917262, 0.17756566357850637, 0.1764760650900372, 0.1754251115041362, 0.17441201267323025, 0.17343600506914866, 0.17249635095624374, 0.1715923375919409, 0.17072327645383942, 0.16988850249250426, 0.16908737340910934, 0.1683192689571121, 0.16758359026715985, 0.16687975919444772, 0.1662072176877686, 0.16556542717951533, 0.1649538679959148, 0.16437203878679352, 0.1638194559741935, 0.16329565321917625, 0.1628001809061711, 0.16233260564424357, 0.16189250978467568, 0.16147949095426978, 0.1610931616038032, 0.16073314857107865, 0.16039909265803146, 0.16009064822137078, 0.15980748277624796, 0.1595492766124592, 0.15931572242270617, 0.1591065249424507, 0.1589214006009152, 0.1587600771827923, 0.1586222935002421, 0.1585077990747661, 0.15841635382856073, 0.1583477277849643, 0.15830170077762276, 0.15827806216801105, 0.15827661057095702, 0.15829715358782584, 0.1583395075470319, 0.15840349725155545, 0.15848895573315047, 0.15859572401293878, 0.1587236508680943, 0.15887259260432965, 0.15904241283390516, 0.15923298225888818, 0.15944417845939798, 0.1596758856865786, 0.1599279946600488, 0.16020040236958574, 0.16049301188080378, 0.16080573214459784, 0.16113847781012527, 0.161491169041107, 0.1618637313352332, 0.16225609534646548, 0.16266819671003113, 0.16309997586991173, 0.1635513779086318, 0.16402235237915877, 0.16451285313873007, 0.1650228381844272, 0.16555226949032129, 0.1661011128460188, 0.16666933769644063, 0.16725691698267048, 0.16786382698371455, 0.16849004715901658, 0.16913555999157706, 0.16980035083152903]]","[[0.01, 0.011673645222856313, 0.01362924433757481, 0.01580189558251425, 0.018156401287987095, 0.020675381824367234, 0.023352041854540095, 0.02618584046333742, 0.02918002027924011, 0.032340160150475535, 0.035673328738754485, 0.03918759540032782, 0.04289175307103714, 0.04679516655463091, 0.0509076947169502, 0.0552396560534296, 0.05980181959631414, 0.06460541056438955, 0.06966212457126897, 0.0749841468190585, 0.08058417424230338, 0.08647543946821978, 0.09267173598312166, 0.09918744419628128, 0.10603755826305633, 0.11323771362338741, 0.12080421526184665, 0.1287540667201867, 0.13710499990383784, 0.14587550572642086, 0.15508486563474622, 0.16475318405301256, 0.1749014217801202, 0.1855514303687631, 0.1967259875095332, 0.20844883343776116, 0.22074470837524413, 0.23363939101332706, 0.24715973803794553, 0.2613337246911304, 0.27619048635703575, 0.2917603611537003, 0.30807493350441634, 0.32516707865467254, 0.34307100809209473, 0.3618223158175495, 0.3814580254055333, 0.40201663778107355, 0.42353817962854584, 0.44606425233499924, 0.46963808135670904, 0.4943045658826798, 0.520110328652635, 0.5471037657695955, 0.5753350963284072, 0.6048564116614709, 0.6357217239814187, 0.6679870141775124, 0.7017102784980905, 0.7369515738254367, 0.7737730612219601, 0.8122390473975909, 0.8524160237178041, 0.8943727023397416, 0.9381800490305631, 0.983911465824807, 1.0316444953369108, 1.0814622317381974, 1.1334529881216489, 1.1877099172155, 1.2443307382805426, 1.3034175423489553, 1.365076654660855, 1.4294185380094033, 1.4965577243061976, 1.5666127643626506, 1.6397061878889616, 1.7159644672123227, 1.7955179793361138, 1.8785009617953943, 1.9650514583809935, 2.055311251258045, 2.149425776335581, 2.247544018983322, 2.3498183873647944, 2.456404560781927, 2.567461310521214, 2.683150290768234, 2.8036357972267174, 2.9290844911495513, 3.059665086570292, 3.195547998621919, 3.3369049509512263, 3.4839085403882906, 3.636731757216202, 3.7955474596117766, 3.9605278010976486, 4.131843610164038, 4.309663721588012, 4.494154259401865, 4.685477871942345, 4.883792919949673, 5.089252619279637, 5.302004140441831, 5.5221876678796615, 5.749935422658305, 5.985370653019233, 6.228606598085909, 6.479745430854565, 6.738877187464465, 7.006078690599213, 7.281412475708429, 7.564925729539141, 7.85664925120896, 8.15659644671746, 8.464762368356217, 8.781122810919621, 9.105633476915594, 9.438229223106854, 9.778823400659773, 10.12730730092219, 10.48354971837993, 10.84739664164447, 11.218671082396169, 11.597173051048923, 11.982679686519528, 12.374945545890743, 12.773703057970188, 13.178663142793221, 13.589515997028196, 14.00593204305429, 14.427563037237164, 14.854043330671699, 15.28499127344219, 15.72001075131772, 16.158692841803052, 16.600617574649903, 17.045355780343396, 17.49247100875215, 17.941521499099622, 18.392062181703885, 18.843646691558952, 19.295829373800377, 19.74816726140991, 20.200222006157226, 20.65156174473257, 21.101762883265312, 21.550411784916413, 21.997106346938683, 22.44145745547395, 22.883090308355534, 23.321645598260382, 23.756780550661865, 24.188169813126418, 24.615506194533623, 25.038501254741945, 25.456885747038488, 25.870409917373483, 26.278843665866987, 26.681976577370932, 27.079617828964295, 27.471595983148706, 27.85775867619677, 28.2379722115918, 28.61212106879455, 28.980107337692928, 29.341850089049778, 29.69728469107905, 30.046362081970052, 30.389048007762455, 30.72532223447001, 31.055177742777072, 31.378619913006926, 31.695665707400877, 32.00634285606726, 32.310689052273375, 32.60875116207295, 32.90058445259693, 33.18625184269448, 33.46582317900153, 33.73937453994042, 34.00698756962062, 34.268748843119376, 34.52474926417419, 34.77508349591618, 35.019849424914725, 35.259147658488175, 35.493081054960456, 35.72175428630834, 35.94527343244502, 36.163745606221205, 36.3772786080912, 36.58598060928679, 36.78995986226195, 36.9893244371153, 37.18418198266037, 37.37463951079547, 37.560803202821, 37.742778236361836, 37.92066863157263, 38.094577115333486, 38.26460500218026, 38.43085209075658, 38.59341657462181, 38.75239496629992, 38.907882033506915, 39.05997074654907, 39.20875223593874, 39.35431575932988, 39.496748676929336, 39.636136434593745, 39.772562553873556, 39.906108628316346, 40.03685432538989, 40.164877393432064, 40.29025367307911, 40.413057112665584, 40.53335978712982, 40.65123191999573, 40.76674190803778, 40.87995634826886, 40.99094006692208, 41.09975615012635, 41.20646597600306, 41.31112924793571, 41.41380402878832, 41.514546775869476, 41.61341237645921, 41.71045418373407, 41.80572405294288, 41.89927237770101, 41.99114812628569, 42.081398877827496, 42.170070858305685, 42.257208976265545, 42.34285685818628, 42.427056883436926, 42.509850218766026, 42.59127685227855, 42.67137562686008, 42.75018427301485, 42.827739441089356, 42.90407673285877, 42.979230732457616, 43.05323503664042, 43.1261222843616, 43.1979241856672, 43.26867154989408, 43.33839431317458, 43.40712156524721, 43.47488157557572, 43.541701818781064, 43.607608999391864, 43.67262907592089, 43.7367872842758, 43.8001081605138, 43.86261556295047, 43.924332693633914, 43.985282119196114, 44.04548579109351, 44.104965065249765, 44.163740721113555, 44.221832980144754, 44.279261523742484, 44.33604551062855, 44.392203593699996, 44.44775393636434, 44.50271422837126, 44.557101701154146, 44.61093314269511, 44.66422491192668, 44.71699295268346, 44.76925280721663, 44.82101962928414, 44.872308196829216, 44.92313292425944, 44.97350787433852, 45.023446769702694, 45.07296300401324, 45.122069652756494, 45.17077948370246, 45.21910496703272, 45.26705828514823, 45.31465134216726, 45.361895773123344, 45.408802952873096, 45.45538400472317, 45.50164980878563, 45.54761101007055, 45.59327802632451, 45.63866105562338, 45.68377008372744, 45.7286148912068, 45.77320506034467, 45.81754998182584, 45.86165886121764, 45.90554072525015, 45.94920442790246, 45.992658656301366, 46.035911936438865, 46.07897263871436, 46.121848983307565, 46.16454904538761, 46.20708076016395, 46.249451927784214, 46.29167021808417, 46.33374317519461, 46.37567822201002, 46.41748266452348, 46.45916369603224, 46.50072840121827, 46.542183760107754, 46.58353665191361, 46.62479385876471, 46.66596206932553, 46.707047882309745, 46.74805780989112, 46.788998281015026, 46.82987564461361, 46.87069617272777, 46.91146606353875, 46.95219144431215, 46.99287837425705, 47.03353284730284, 47.074160794796114, 47.114768088120215, 47.155360541239446, 47.195943913170304, 47.23652391038176, 47.27710618912659, 47.31769635770565, 47.35829997866694, 47.39892257094124, 47.43956961191591, 47.480246539448466, 47.520958753821546, 47.56171161964051, 47.60251046767528, 47.64336059664753, 47.68426727496458, 47.72523574240114, 47.76627121172997, 47.80737887030258, 47.84856388158088, 47.889831386620806, 47.93118650550869, 47.972634338751256, 48.014179968619985, 48.055828460450606, 48.09758486389829, 48.13945421414921, 48.181441533089064, 48.22355183042897, 48.26579010478928, 48.30816134474177, 48.35067052981044, 48.39332263143139, 48.43612261387206, 48.47907543510995, 48.52218604767124, 48.56545939942926, 48.60890043436308, 48.65251409327633, 48.69630531447621, 48.740279034412765, 48.78444018827844]]","[array([6.37688001e-05, 6.00799169e-05, 5.86664978e-05, 5.87303122e-05,
       5.97890122e-05, 6.15504209e-05, 6.38362344e-05, 6.65370617e-05,
       6.95857157e-05, 7.29411375e-05, 7.65786905e-05, 8.04842712e-05,
       8.46507119e-05, 8.90755641e-05, 9.37597174e-05, 9.87065249e-05,
       1.03921242e-04, 1.09410657e-04, 1.15182845e-04, 1.21246997e-04,
       1.27613307e-04, 1.34292887e-04, 1.41297709e-04, 1.48640571e-04,
       1.56335065e-04, 1.64395563e-04, 1.72837208e-04, 1.81675915e-04,
       1.90928373e-04, 2.00612049e-04, 2.10745207e-04, 2.21346914e-04,
       2.32437064e-04, 2.44036390e-04, 2.56166490e-04, 2.68849848e-04,
       2.82109852e-04, 2.95970824e-04, 3.10458043e-04, 3.25597770e-04,
       3.41417270e-04, 3.57944843e-04, 3.75209846e-04, 3.93242720e-04,
       4.12075012e-04, 4.31739401e-04, 4.52269720e-04, 4.73700977e-04,
       4.96069379e-04, 5.19412343e-04, 5.43768519e-04, 5.69177803e-04,
       5.95681344e-04, 6.23321557e-04, 6.52142125e-04, 6.82188000e-04,
       7.13505399e-04, 7.46141797e-04, 7.80145911e-04, 8.15567681e-04,
       8.52458241e-04, 8.90869888e-04, 9.30856037e-04, 9.72471171e-04,
       1.01577098e-03, 1.06081714e-03, 1.10768725e-03, 1.15647322e-03,
       1.20727561e-03, 1.26019978e-03, 1.31535347e-03, 1.37284530e-03,
       1.43278386e-03, 1.49527729e-03, 1.56043301e-03, 1.62835761e-03,
       1.69915686e-03, 1.77293563e-03, 1.84979789e-03, 1.92984662e-03,
       2.01318366e-03, 2.09990951e-03, 2.19012313e-03, 2.28392153e-03,
       2.38139947e-03, 2.48264894e-03, 2.58775865e-03, 2.69681348e-03,
       2.80989378e-03, 2.92707469e-03, 3.04842535e-03, 3.17400805e-03,
       3.30387739e-03, 3.43807928e-03, 3.57664995e-03, 3.71961495e-03,
       3.86698800e-03, 4.01876990e-03, 4.17494738e-03, 4.33549191e-03,
       4.50035851e-03, 4.66948458e-03, 4.84278869e-03, 5.02016943e-03,
       5.20150429e-03, 5.38664860e-03, 5.57543450e-03, 5.76767007e-03,
       5.96313847e-03, 6.16159729e-03, 6.36277800e-03, 6.56638561e-03,
       6.77209843e-03, 6.97956817e-03, 7.18842012e-03, 7.39825368e-03,
       7.60864312e-03, 7.81913858e-03, 8.02926739e-03, 8.23853571e-03,
       8.44643033e-03, 8.65242099e-03, 8.85596272e-03, 9.05649870e-03,
       9.25346324e-03, 9.44628501e-03, 9.63439058e-03, 9.81720800e-03,
       9.99417068e-03, 1.01647213e-02, 1.03283156e-02, 1.04844268e-02,
       1.06325491e-02, 1.07722018e-02, 1.09029331e-02, 1.10243233e-02,
       1.11359885e-02, 1.12375836e-02, 1.13288045e-02, 1.14093912e-02,
       1.14791290e-02, 1.15378506e-02, 1.15854365e-02, 1.16218163e-02,
       1.16469683e-02, 1.16609194e-02, 1.16637443e-02, 1.16555641e-02,
       1.16365449e-02, 1.16068957e-02, 1.15668661e-02, 1.15167435e-02,
       1.14568501e-02, 1.13875403e-02, 1.13091965e-02, 1.12222266e-02,
       1.11270598e-02, 1.10241433e-02, 1.09139388e-02, 1.07969192e-02,
       1.06735647e-02, 1.05443600e-02, 1.04097910e-02, 1.02703419e-02,
       1.01264925e-02, 9.97871556e-03, 9.82747463e-03, 9.67322194e-03,
       9.51639658e-03, 9.35742289e-03, 9.19670914e-03, 9.03464636e-03,
       8.87160749e-03, 8.70794662e-03, 8.54399854e-03, 8.38007841e-03,
       8.21648158e-03, 8.05348365e-03, 7.89134058e-03, 7.73028898e-03,
       7.57054647e-03, 7.41231220e-03, 7.25576732e-03, 7.10107571e-03,
       6.94838458e-03, 6.79782520e-03, 6.64951367e-03, 6.50355171e-03,
       6.36002738e-03, 6.21901596e-03, 6.08058066e-03, 5.94477344e-03,
       5.81163579e-03, 5.68119947e-03, 5.55348722e-03, 5.42851348e-03,
       5.30628508e-03, 5.18680188e-03, 5.07005740e-03, 4.95603937e-03,
       4.84473034e-03, 4.73610818e-03, 4.63014657e-03, 4.52681547e-03,
       4.42608157e-03, 4.32790865e-03, 4.23225801e-03, 4.13908878e-03,
       4.04835824e-03, 3.96002214e-03, 3.87403495e-03, 3.79035012e-03,
       3.70892032e-03, 3.62969760e-03, 3.55263363e-03, 3.47767985e-03,
       3.40478762e-03, 3.33390836e-03, 3.26499368e-03, 3.19799547e-03,
       3.13286605e-03, 3.06955817e-03, 3.00802517e-03, 2.94822102e-03,
       2.89010034e-03, 2.83361850e-03, 2.77873165e-03, 2.72539672e-03,
       2.67357150e-03, 2.62321463e-03, 2.57428564e-03, 2.52674494e-03,
       2.48055385e-03, 2.43567460e-03, 2.39207033e-03, 2.34970509e-03,
       2.30854386e-03, 2.26855249e-03, 2.22969776e-03, 2.19194733e-03,
       2.15526974e-03, 2.11963439e-03, 2.08501154e-03, 2.05137230e-03,
       2.01868859e-03, 1.98693317e-03, 1.95607956e-03, 1.92610209e-03,
       1.89697582e-03, 1.86867659e-03, 1.84118095e-03, 1.81446615e-03,
       1.78851016e-03, 1.76329161e-03, 1.73878978e-03, 1.71498462e-03,
       1.69185667e-03, 1.66938709e-03, 1.64755765e-03, 1.62635066e-03,
       1.60574902e-03, 1.58573614e-03, 1.56629599e-03, 1.54741302e-03,
       1.52907220e-03, 1.51125896e-03, 1.49395921e-03, 1.47715932e-03,
       1.46084607e-03, 1.44500670e-03, 1.42962884e-03, 1.41470052e-03,
       1.40021017e-03, 1.38614659e-03, 1.37249893e-03, 1.35925673e-03,
       1.34640982e-03, 1.33394841e-03, 1.32186299e-03, 1.31014438e-03,
       1.29878371e-03, 1.28777237e-03, 1.27710207e-03, 1.26676477e-03,
       1.25675269e-03, 1.24705832e-03, 1.23767439e-03, 1.22859388e-03,
       1.21980999e-03, 1.21131615e-03, 1.20310601e-03, 1.19517343e-03,
       1.18751247e-03, 1.18011740e-03, 1.17298267e-03, 1.16610293e-03,
       1.15947299e-03, 1.15308786e-03, 1.14694269e-03, 1.14103282e-03,
       1.13535373e-03, 1.12990107e-03, 1.12467063e-03, 1.11965835e-03,
       1.11486030e-03, 1.11027269e-03, 1.10589188e-03, 1.10171433e-03,
       1.09773664e-03, 1.09395553e-03, 1.09036783e-03, 1.08697050e-03,
       1.08376057e-03, 1.08073523e-03, 1.07789174e-03, 1.07522745e-03,
       1.07273985e-03, 1.07042648e-03, 1.06828500e-03, 1.06631315e-03,
       1.06450875e-03, 1.06286972e-03, 1.06139404e-03, 1.06007979e-03,
       1.05892511e-03, 1.05792823e-03, 1.05708744e-03, 1.05640110e-03,
       1.05586766e-03, 1.05548560e-03, 1.05525350e-03, 1.05516997e-03,
       1.05523371e-03, 1.05544347e-03, 1.05579804e-03, 1.05629629e-03,
       1.05693714e-03, 1.05771954e-03, 1.05864251e-03, 1.05970512e-03,
       1.06090649e-03, 1.06224578e-03, 1.06372218e-03, 1.06533496e-03,
       1.06708341e-03, 1.06896685e-03, 1.07098467e-03, 1.07313626e-03,
       1.07542110e-03, 1.07783865e-03, 1.08038844e-03, 1.08307003e-03,
       1.08588299e-03, 1.08882696e-03, 1.09190157e-03, 1.09510652e-03,
       1.09844149e-03, 1.10190623e-03, 1.10550050e-03, 1.10922408e-03,
       1.11307677e-03, 1.11705841e-03, 1.12116886e-03, 1.12540798e-03,
       1.12977566e-03])]","[[0, 6.376880005047202e-05, 0.00012384871691641303, 0.0001825152146708144, 0.00024124552683708357, 0.0003010345389896177, 0.00036258495988403667, 0.0004264211943216286, 0.0004929582560318833, 0.0005625439717710088, 0.0006354851092497077, 0.0007120637997041447, 0.0007925480708600469, 0.0008771987827152473, 0.0009662743468578342, 0.001060034064227881, 0.0011587405891738817, 0.0012626618313371755, 0.0013720724887179008, 0.001487255333818077, 0.00160850233126669, 0.0017361156386150873, 0.0018704085253678964, 0.002011706234795422, 0.002160346806272475, 0.002316681871376119, 0.0024810774338908316, 0.0026539146416936356, 0.002835590556906227, 0.0030265189295097888, 0.003227130978697667, 0.0034378761855122274, 0.0036592230997226534, 0.0038916601634145782, 0.004135696553355035, 0.004391863043848834, 0.004660712891501184, 0.004942822743035152, 0.005238793567072739, 0.005549251610567604, 0.00587484938036983, 0.00621626665020338, 0.006574211493140683, 0.00694942133946207, 0.007342664059587264, 0.007754739071558557, 0.00818647847233795, 0.008638748191950749, 0.009112449169263409, 0.00960851854792172, 0.010127930890694288, 0.010671699410163863, 0.011240877213383304, 0.011836558557761995, 0.01245988011507047, 0.013112022240044253, 0.013794210239630622, 0.014507715638452913, 0.015253857435564401, 0.01603400334702664, 0.016849571028274384, 0.017702029269619723, 0.018592899157601768, 0.019523755194204084, 0.020496226365241083, 0.021511997344003417, 0.02257281448250658, 0.02368050173740711, 0.02483697496230621, 0.026044250571290558, 0.02730445034934776, 0.028619803819955516, 0.029992649115908796, 0.03142543297655988, 0.03292071026935671, 0.03448114327749969, 0.03610950088840525, 0.037808657744956925, 0.0395815933728787, 0.041431391265600026, 0.043361237887460484, 0.04537442154333, 0.04747433105511313, 0.04966445418137183, 0.05194837571421946, 0.05432977518689294, 0.05681242412547161, 0.059400182778755674, 0.06209699626116194, 0.06490689004455748, 0.06783396473621983, 0.07088239008161921, 0.07405639813253029, 0.07736027552318557, 0.08079835479987997, 0.08437500475273456, 0.08809461970233885, 0.09196160769882594, 0.09598037759670099, 0.1001553249755425, 0.10449081688461974, 0.10899117539859696, 0.11366065998189136, 0.11850344867095922, 0.12352361809682691, 0.1287251223845535, 0.1341117709819739, 0.13968720548695562, 0.14545487556039607, 0.15141801403114513, 0.1575796113187582, 0.1639423893202319, 0.17050877492735667, 0.17728087336170517, 0.18426044153418214, 0.19144886165507152, 0.1988471153381765, 0.2064557584584722, 0.21427489703618438, 0.22230416443085932, 0.23054270013630415, 0.2389891304707765, 0.24764155145604688, 0.2564975141735688, 0.2655540128756561, 0.2748074761140686, 0.28425376112763123, 0.29388815170446375, 0.30370535970321255, 0.3136995303816296, 0.32386425164034827, 0.3341925672453134, 0.3446769940447278, 0.35530954314637536, 0.3660817449696974, 0.37698467803501684, 0.3880090013008842, 0.3991449898107343, 0.4103825733629678, 0.4217113778752502, 0.4331207690752139, 0.4445998981167312, 0.4561377486942355, 0.4677231852077935, 0.4793450015191897, 0.49099196983441334, 0.5026528892506757, 0.5143166335162955, 0.5259721975691368, 0.537608742443278, 0.5492156381635787, 0.5607825042830274, 0.572299247757321, 0.583756097894093, 0.5951436381596128, 0.6064528346725908, 0.6176750612620034, 0.6288021210126394, 0.6398262642675133, 0.6507402030996098, 0.6615371223059409, 0.6722106870140522, 0.6827550470244584, 0.6931648380417011, 0.7034351799715921, 0.7135616724826478, 0.7235403880457361, 0.7333678626776599, 0.7430410846219717, 0.7525574812040108, 0.7619149040972811, 0.7711116132352016, 0.7801462595963288, 0.7890178670827754, 0.7977258137011208, 0.8062698122430132, 0.8146498906492926, 0.8228663722271541, 0.8309198558749658, 0.8388111964541471, 0.8465414854322749, 0.8541120319065357, 0.8615243441020037, 0.8687801114251338, 0.875881187139476, 0.8828295717180258, 0.8896273969149059, 0.8962769105882877, 0.9027804622966088, 0.9091404896812616, 0.9153595056409892, 0.9214400862962123, 0.9273848597353902, 0.9331964955302452, 0.9388776950022081, 0.9444311822187078, 0.9498596956948853, 0.9551659807738935, 0.9603527826570941, 0.9654228400541199, 0.9703788794218835, 0.9752236097611219, 0.979959717938921, 0.984589864505821, 0.9891166799765075, 0.9935427615437183, 0.9978706701957863, 1.002102928209182, 1.0062420169884627, 1.010290375227169, 1.014250397364403, 1.0181244323130563, 1.0219147824369055, 1.0256237027550603, 1.029253400353501, 1.0328060339846785, 1.036283713837364, 1.0396885014601136, 1.0430224098228518, 1.0462874035021714, 1.049485398977004, 1.0526182650223077, 1.0556878231893752, 1.0586958483622637, 1.061644069380699, 1.0645341697206026, 1.067367788224144, 1.070146519871922, 1.0728719165905343, 1.0755454880894026, 1.0781687027212978, 1.0807429883615232, 1.0832697333012165, 1.0857502871506723, 1.0881859617490082, 1.090578032076879, 1.092927737169301, 1.0952362810259662, 1.097504833516728, 1.0997345312802118, 1.1019264786137504, 1.1040817483530714, 1.106201382740375, 1.1082863942796202, 1.110337766578018, 1.1123564551728773, 1.114343388343091, 1.1162994679046834, 1.1182255699899413, 1.1201225458097674, 1.1219912223989765, 1.1238324033443425, 1.1256468694952795, 1.127435379657101, 1.1291986712668647, 1.1309374610518586, 1.1326524456708313, 1.1343443023381106, 1.1360136894307866, 1.137661247079169, 1.1392875977407526, 1.1408933467579487, 1.1424790828998586, 1.1440453788883815, 1.1455927919089643, 1.1471218641063077, 1.148633123065355, 1.150127082277897, 1.1516042415951273, 1.1530650876664899, 1.15451009436516, 1.1559397232005015, 1.1573544237178404, 1.1587546338858974, 1.160140780472216, 1.1615132794069196, 1.1628725361351309, 1.1642189459583763, 1.1655528943653004, 1.1668747573520026, 1.16818490173231, 1.1694836854382875, 1.1707714578112842, 1.1720485598838088, 1.1733153246525176, 1.1745720773425927, 1.1758191356637833, 1.1770568100583747, 1.178285403941341, 1.1795052139329352, 1.1807165300839562, 1.1819196360939352, 1.1831148095224697, 1.1843023219939266, 1.1854824393957353, 1.1866554220704808, 1.1878215250019981, 1.1889809979956705, 1.1901340858531202, 1.1912810285414788, 1.1924220613574166, 1.193557415086106, 1.1946873161552862, 1.1958119867845938, 1.1969316451303138, 1.1980465054257077, 1.1991567781170616, 1.2002626699955985, 1.2013643843253923, 1.2024621209674151, 1.203556076499847, 1.204646444334769, 1.2057334148313628, 1.206817175405727, 1.2078979106374255, 1.20897580237287, 1.2100510298256453, 1.2111237696738695, 1.2121941961546912, 1.213262481156011, 1.21432879430552, 1.2153933030571353, 1.2164561727749186, 1.217517566814556, 1.2185776466024731, 1.219636571712661, 1.2206944999412785, 1.2217515873791056, 1.222807988481902, 1.2238638561387443, 1.2249193417383908, 1.2259745952337389, 1.2270297652044233, 1.2280849989176128, 1.2291404423870504, 1.2301962404303897, 1.2312525367248668, 1.23230947386136, 1.233367193396869, 1.2344258359054618, 1.235485541027721, 1.23654644751873, 1.2376086932946286, 1.2386724154777746, 1.2397377504405398, 1.2408048338477695, 1.2418738006979342, 1.2429447853629974, 1.2440179216270257, 1.2450933427235633, 1.246171181371792, 1.2472515698114963, 1.2483346398368558, 1.249420522829075, 1.250509349787874, 1.2516012513618517, 1.2526963578777317, 1.25379479936851, 1.25489670560051, 1.2560022060993565, 1.2571114301748783, 1.2582245069449454, 1.2593415653582496, 1.2604627342160308, 1.2615881421927582, 1.2627179178557637]]"
50.0,80.0,4,60,180,I0-S0,"[[0.01, 0.009218546420913139, 0.008861068736292907, 0.008775059817687893, 0.00886844850475938, 0.009085538044240303, 0.009392314091276263, 0.009767651051425302, 0.01019824655570223, 0.010675591005231157, 0.011194138953539597, 0.011750201503759572, 0.012341271736016199, 0.012965610552208306, 0.013621989522534919, 0.014309528770482504, 0.015027592743011691, 0.015775721553526523, 0.01655358446089108, 0.017360947357283486, 0.018197649316636515, 0.019063585161982165, 0.019958692156753197, 0.0208829396179193, 0.02183632067024873, 0.02281884561982795, 0.023830536586154666, 0.024871423134372656, 0.025941538715669003, 0.027040917768342682, 0.028169593362879605, 0.029327595296536262, 0.030514948559477832, 0.03173167210729757, 0.03297777788491855, 0.03425327005517911, 0.035558144392305105, 0.036892387806293725, 0.03825597796919639, 0.03964888301855062, 0.04107106131689191, 0.04252246124946834, 0.04400302104505578, 0.045512668607189874, 0.047051321345241835, 0.04861888599660974, 0.0502152584329109, 0.05184032344447399, 0.053493954498667576, 0.0551760134686871, 0.05688635033037423, 0.05862480282547736, 0.06039119609049457, 0.062185342250883485, 0.06400703998098586, 0.06585607403051007, 0.06773221471884776, 0.06963521739888177, 0.07156482189227471, 0.07352075189851923, 0.07550271438028547, 0.07751039892782315, 0.07954347710536885, 0.08160160178267695, 0.0836844064549373, 0.08579168424976662, 0.08792519761558643, 0.09008959546953844, 0.09229126642471824, 0.09453744036581428, 0.0968356199886342, 0.09919323009758646, 0.10161741069775444, 0.10411490464926178, 0.10669200692203226, 0.10935455329210088, 0.11210793355612235, 0.1149571192249283, 0.11790669897590057, 0.12096091741055938, 0.12412371421641692, 0.12739876189629787, 0.13078950095584227, 0.13429917193412622, 0.1379308439942572, 0.14168744000962608, 0.14557175822157795, 0.1495864906297308, 0.15373423832404381, 0.15801752399005853, 0.16243880182402304, 0.1670004650888745, 0.17170485152953247, 0.1765542468495874, 0.18155088643329284, 0.1866969554781584, 0.19199458768530367, 0.19744586263764566, 0.20305280198029618, 0.20881736450342137, 0.21474144021533192, 0.22082684348272708, 0.2270753053057545, 0.23348846478779492, 0.2400678598535378, 0.24681491726388255, 0.25373094197237495, 0.26081710586517304, 0.26807443592483526, 0.2755038018574485, 0.28310590322268275, 0.2908812561071979, 0.2988301793833631, 0.3069527805974198, 0.31524894153395827, 0.32371830350682845, 0.33236025243031164, 0.34117390372848, 0.35015808714511265, 0.3593113315212597, 0.36863184961248846, 0.3781175230229497, 0.38776588733859685, 0.3975741175471102, 0.4075390138372493, 0.41765698787540084, 0.4279240496619269, 0.43833579507446313, 0.448887394209484, 0.45957358063713977, 0.470388641687501, 0.4813264098888045, 0.4923802556799975, 0.5035430815207214, 0.5148073175217668, 0.5261649187178765, 0.5376073641024851, 0.5491256575404793, 0.5607103306702709, 0.5723514479003293, 0.5840386135977687, 0.5957609815575979, 0.6075072668307854, 0.6192657599773694, 0.6310243437974784, 0.6427705125783342, 0.6544913938791792, 0.6661737728586514, 0.6778041191305629, 0.6893686161144268, 0.7008531928265942, 0.7122435580366863, 0.7235252366923258, 0.7346836084932319, 0.7457039484737614, 0.7565714694312362, 0.7672713660161433, 0.7777888602798269, 0.7881092484558798, 0.7982179487333831, 0.8081005497637015, 0.8177428596280083, 0.8271309549803205, 0.8362512300708235, 0.8450904453468588, 0.8536357753243187, 0.8618748554204829, 0.8697958274406594, 0.8773873834154114, 0.8846388074926989, 0.8915400155999059, 0.8980815926044046, 0.9042548267178983, 0.910051740909146, 0.9154651211115767, 0.9204885410365345, 0.9251163834291544, 0.9293438576318612, 0.9331670133498599, 0.936582750543389, 0.9395888254025813, 0.9421838523921029, 0.9443673023839836, 0.9461394969277871, 0.9475015987371673, 0.9484555985005438, 0.9490042981507901, 0.949151290754169, 0.9489009372019905, 0.948258339909398, 0.9472293137441071, 0.9458203544236884, 0.9440386046329854, 0.941891818123445, 0.9393883220634717, 0.9365369779134308, 0.9333471411006771, 0.9298286197690607, 0.9259916328738991, 0.9218467678875497, 0.9174049383726633, 0.9126773416701257, 0.9076754169368508, 0.9024108037551704, 0.8968953015208326, 0.8911408298008027, 0.8851593898353922, 0.8789630273419717, 0.8725637967598574, 0.8659737270581339, 0.8592047892103795, 0.852268865422682, 0.8451777201841497, 0.8379429731924795, 0.8305760741911795, 0.8230882797398743, 0.8154906319248294, 0.8077939390035223, 0.8000087579647793, 0.7921453789747748, 0.7842138116690383, 0.7762237732415771, 0.7681846782742668, 0.7601056302427964, 0.7519954146296296, 0.7438624935696408, 0.735715001950248, 0.7275607448849406, 0.7194071964770485, 0.711261499789335, 0.7031304679344791, 0.6950205862016636, 0.686938015135241, 0.6788885944827526, 0.6708778479313522, 0.6629109885538771, 0.6549929248883585, 0.6471282675776088, 0.6393213364986119, 0.6315761683147262, 0.6238965243871388, 0.616285898985542, 0.6087475277415966, 0.6012843962923744, 0.5938992490645864, 0.5865945981539938, 0.579372732257931, 0.5722357256223146, 0.5651854469678796, 0.5582235683636144, 0.5513515740184993, 0.544570768965629, 0.5378822876156513, 0.5312871021591493, 0.5247860308001414, 0.5183797458052718, 0.5120687813555059, 0.5058535411892398, 0.49973430602767277, 0.4937112407750938, 0.487784401488386, 0.4819537421115731, 0.4762191209726191, 0.47058030704095033, 0.46503698594531256, 0.45958876575259827, 0.4542351825091985, 0.4489757055472487, 0.443809742558858, 0.4387366444420437, 0.43375570992263873, 0.4288661899569142, 0.42406729192005516, 0.4193581835859653, 0.41473799690414964, 0.4102058315796422, 0.40576075846211723, 0.40140182275044517, 0.3971280470190363, 0.39293843407236395, 0.3888319696340689, 0.3848076248770325, 0.3808643588007628, 0.3770011204623722, 0.37321685106734115, 0.36951048592615815, 0.36588095628281103, 0.3623271910209716, 0.3588481182535779, 0.3554426668013665, 0.35210976756575285, 0.34884835480129406, 0.3456573672928035, 0.34253574944201814, 0.33948245226854673, 0.3364964343296583, 0.3335766625632974, 0.33072211305854127, 0.32793177175754795, 0.32520463509287406, 0.3225397105638792, 0.31993601725577175, 0.3173925863046926, 0.31490846131207995, 0.3124826987114085, 0.310114368090248, 0.3078025524704484, 0.3055463485491175, 0.30334486690292684, 0.3011972321581528, 0.2991025831287352, 0.29706007292451864, 0.29506886903172497, 0.2931281533675979, 0.2912371223110528, 0.28939498671106556, 0.28760097187443623, 0.2858543175344716, 0.28415427780204194, 0.2825001211003824, 0.2808911300849295, 0.27932660154940625, 0.2778058463192964, 0.276328189133778, 0.2748929685171216, 0.2734995366404945, 0.27214725917505317, 0.27083551513714926, 0.26956369672642094, 0.26833120915749037, 0.2671374704859404, 0.2659819114291966, 0.26486397518289934, 0.2637831172333086, 0.26273880516624626, 0.2617305184730439, 0.26075774835392995, 0.25981999751925805, 0.258916779988947, 0.2580476208904752, 0.25721205625574434, 0.2564096328171021, 0.25563990780279017, 0.2549024487320606, 0.2541968332101827, 0.25352264872354346, 0.25287949243502494, 0.2522669709798254, 0.251684700261875, 0.25113230525097985, 0.250609419780817, 0.25011568634788683, 0.2496507559115182, 0.24921428769501044, 0.24880594898798522, 0.2484254149500107, 0.2480723684155525, 0.24774649970029614, 0.24744750640887844, 0.24717509324405773, 0.2469289718173461, 0.24670886046112064, 0.24651448404222492, 0.24634557377706687, 0.24620186704821403, 0.24608310722248367]]","[[0.01, 0.011673645222856313, 0.01362924433757481, 0.01580189558251425, 0.018156401287987095, 0.020675367072433216, 0.023351813254195313, 0.026184711544782236, 0.029176520694470822, 0.032331742642794294, 0.03565606974326733, 0.03915588403772895, 0.04283796555062008, 0.04670932409723938, 0.0507771036296351, 0.0550485288259229, 0.05953087599052567, 0.06423145770482555, 0.06915761505280973, 0.07431671384653488, 0.07971614281187177, 0.08536331259690305, 0.09126565499092071, 0.09743062204473192, 0.10386568495435608, 0.1105783326645273, 0.11757607019793657, 0.12486641673991442, 0.1324569035174946, 0.1403550715130877, 0.14856846905014784, 0.15710464928343087, 0.16597116762095188, 0.17517557909922815, 0.18472543572819358, 0.1946282838174527, 0.2048916612913709, 0.21552309499687183, 0.2265300980047083, 0.2379201669023505, 0.2497007790744465, 0.2618793899650143, 0.2744634303140749, 0.28746030336029554, 0.30087738200034564, 0.3147220058950389, 0.3290014785119223, 0.343723064093744, 0.35889398454216964, 0.3745214162061986, 0.390612486564941, 0.40717427079473906, 0.4242137882110348, 0.4417379985758952, 0.4597537982626863, 0.4782680162700375, 0.49728741007794464, 0.516818661339618, 0.536868371403482, 0.5574430566605757, 0.5785491437134744, 0.6001929643637562, 0.6223807504159622, 0.6451186282969474, 0.6684126134904844, 0.6922687937233799, 0.7166953716988149, 0.7417042770790397, 0.7673106193320642, 0.7935321120577802, 0.8203886418283022, 0.847901938751223, 0.8760953205443989, 0.9049934910550664, 0.9346223800218787, 0.9650090147009843, 0.9961814165151072, 1.0281685176058317, 1.061000093364591, 1.0947067078688546, 1.1293196697713483, 1.1648709966548638, 1.2013933862205988, 1.238920192955023, 1.2774854091397927, 1.3171236492454728, 1.3578701368927735, 1.399760693681844, 1.4428317292862327, 1.4871202322874122, 1.5326637612914358, 1.579500435923749, 1.627668927343452, 1.6772084479559635, 1.7281587400344174, 1.7805600629863283, 1.8344531790240004, 1.8898793370156277, 1.9468802543096644, 2.005498096338439, 2.06577545381859, 2.1277553173761627, 2.191481049433455, 2.256996353203309, 2.324345238644707, 2.393571985241608, 2.464721101475042, 2.537837280866906, 2.6129653544827036, 2.6901502397899577, 2.769436885779197, 2.8508702142655284, 2.9344950573008957, 3.020356090640324, 3.108497763219866, 3.1989642226196446, 3.291799236502437, 3.3870461100366547, 3.484747599332475, 3.5849458209411913, 3.6876821574906535, 3.7929971595539063, 3.9009304438737984, 4.011520588093358, 4.12480502217003, 4.24081991668137, 4.359600068260357, 4.481178782429929, 4.605587754138597, 4.732856946331697, 4.863014466925943, 4.9960864445880135, 5.132096903750835, 5.271067639333553, 5.413018091662707, 5.557965222122426, 5.705923390090158, 5.856904231741258, 6.010916541330129, 6.167966155577308, 6.328055841810365, 6.491185190521436, 6.657350513015164, 6.8265447448275065, 6.998757355597763, 7.173974266073115, 7.352177772916573, 7.533346481975211, 7.717455250645818, 7.904475139949372, 8.094373376894023, 8.287113327668484, 8.482654482163941, 8.680952450272963, 8.881958970358536, 9.085621930225651, 9.291885400862137, 9.500689683145103, 9.711971367634947, 9.925663407501103, 10.141695204542954, 10.359992708186654, 10.580478527254545, 10.803072054219275, 11.027689601570566, 11.25424454983962, 11.482647506745277, 11.712806476848181, 11.944627041025203, 12.178012545006908, 12.412864296157009, 12.649081767614883, 12.886562808871284, 13.12520386180378, 13.364900181162652, 13.605546058470567, 13.847035048280265, 14.089260195724263, 14.332114264289054, 14.575489962753416, 14.819280170246222, 15.063378158403133, 15.307677809633539, 15.552073830548506, 15.796461959646901, 16.040739168409495, 16.284803855009248, 16.52855602990916, 16.771897492686552, 17.014731999493314, 17.25696542063504, 17.49850588782696, 17.73926393076054, 17.979152602690835, 18.21808759483003, 18.455987339407056, 18.692773101325223, 18.92836905841967, 19.16270237038289, 19.39570323648966, 19.62730494231174, 19.85744389566723, 20.086059652099742, 20.31309493022759, 20.53849561734369, 20.762210765682035, 20.984192579796996, 21.204396395526928, 21.422780651034056, 21.639306850428344, 21.85393952049412, 22.066646161045213, 22.277397189437007, 22.48616587976288, 22.69292829725789, 22.897663228424907, 23.100352107387618, 23.300978938961777, 23.499530218920487, 23.69599485191186, 23.89036406746835, 24.082631334526607, 24.272792274855057, 24.46084457576421, 24.6467879024516, 24.83062381031006, 25.012355657504557, 25.191988518099503, 25.36952909599519, 25.544985639909324, 25.718367859617306, 25.889686843643286, 26.05895497857309, 26.226185870140014, 26.39139426621521, 26.554595981816174, 26.715807826229337, 26.87504753232661, 27.032333688140188, 27.18768567074569, 27.34112358249041, 27.49266818959102, 27.642340863113777, 27.790163522339956, 27.936158580509577, 28.080348892928114, 28.22275770741304, 28.363408617050183, 28.502325515223767, 28.63953255287859, 28.775054097968123, 28.908914697038256, 29.041139038892968, 29.17175192028536, 29.300778213575082, 29.428242836291375, 29.5541707225395, 29.678586796187282, 29.8015159457679, 29.922983001034662, 30.043012711103582, 30.161629724119752, 30.27885856838405, 30.39472363487735, 30.50924916112048, 30.622459216308943, 30.73437768766296, 30.8450282679344, 30.954434444013813, 31.062619486582154, 31.169606440753423, 31.27541811765607, 31.38007708690267, 31.48360566989905, 31.586025933945812, 31.68735968708693, 31.7876284736617, 31.886853570518245, 31.985055983848248, 32.0822564466045, 32.17847541646426, 32.27373307430331, 32.3680493231469, 32.46144378756564, 32.55393581348561, 32.64554446838364, 32.736288541840125, 32.82618654642297, 32.91525671887776, 33.00351702160058, 33.09098514437094, 33.17767850632365, 33.26361425813965, 33.34880928443675, 33.43328020634253, 33.51704338423243, 33.600114920617195, 33.68251066316479, 33.76424620784262, 33.84533690216694, 33.92579784854705, 34.00564390771258, 34.08488970221314, 34.163549619979925, 34.241637817939974, 34.31916822567401, 34.3961545491097, 34.47261027424248, 34.5485486708768, 34.623982796381156, 34.69892549945059, 34.7733894238709, 34.84738701227934, 34.92093050991671, 34.99403196836642, 35.06670324927623, 35.13895602805885, 35.21080179756785, 35.28225187174558, 35.3533173892402, 35.424009316989036, 35.49433845376582, 35.56431543368958, 35.63395072969314, 35.70325465694944, 35.77223737625392, 35.840908897361686, 35.90927908227799, 35.977357648500956, 36.045154172215526, 36.112678091437715, 36.17993870910847, 36.24694519613643, 36.31370659438909, 36.38023181963187, 36.44652966441478, 36.51260880090639, 36.57847778367484, 36.644145052415865, 36.70961893462768, 36.77490764823273, 36.840019304146345, 36.90496190879243, 36.96974336656619, 37.034371482244225, 37.098853963342044, 37.163198422419356, 37.22741237933331, 37.291503263439985, 37.35547841574446, 37.41934509099977, 37.48311045975511, 37.546781610353605, 37.61036555088001, 37.67386921105879, 37.73729944410287, 37.80066302851342, 37.863966669831264, 37.92721700234004, 37.99042059072169, 38.05358393166461, 38.11671345542485, 38.179815527340814, 38.24289644930175, 38.305962461170516, 38.36901974216092]]","[array([6.37688001e-05, 6.00799169e-05, 5.86664978e-05, 5.87303122e-05,
       5.97889934e-05, 6.15498736e-05, 6.38327618e-05, 6.65250298e-05,
       6.95552597e-05, 7.28773806e-05, 7.64610843e-05, 8.02860073e-05,
       8.43381748e-05, 8.86078068e-05, 9.30879467e-05, 9.77735894e-05,
       1.02661114e-04, 1.07747908e-04, 1.13032101e-04, 1.18512390e-04,
       1.24187895e-04, 1.30058062e-04, 1.36122587e-04, 1.42381347e-04,
       1.48834357e-04, 1.55481729e-04, 1.62323636e-04, 1.69360291e-04,
       1.76591921e-04, 1.84018752e-04, 1.91640995e-04, 1.99458833e-04,
       2.07472414e-04, 2.15681840e-04, 2.24087167e-04, 2.32688393e-04,
       2.41485462e-04, 2.50478256e-04, 2.59666593e-04, 2.69050230e-04,
       2.78628856e-04, 2.88402092e-04, 2.98369493e-04, 3.08530543e-04,
       3.18884656e-04, 3.29431174e-04, 3.40169365e-04, 3.51098426e-04,
       3.62217473e-04, 3.73525545e-04, 3.85021603e-04, 3.96704523e-04,
       4.08573096e-04, 4.20626025e-04, 4.32861921e-04, 4.45279302e-04,
       4.57876587e-04, 4.70652093e-04, 4.83604032e-04, 4.96730508e-04,
       5.10029509e-04, 5.23498906e-04, 5.37136447e-04, 5.50939754e-04,
       5.64906557e-04, 5.79040639e-04, 5.93363832e-04, 6.07913540e-04,
       6.22735553e-04, 6.37879225e-04, 6.53394463e-04, 6.69329901e-04,
       6.85731859e-04, 7.02643810e-04, 7.20106190e-04, 7.38156404e-04,
       7.56828972e-04, 7.76155740e-04, 7.96166132e-04, 8.16887405e-04,
       8.38344914e-04, 8.60562351e-04, 8.83561968e-04, 9.07364782e-04,
       9.31990756e-04, 9.57458946e-04, 9.83787646e-04, 1.01099449e-03,
       1.03909655e-03, 1.06811042e-03, 1.09805224e-03, 1.12893779e-03,
       1.16078248e-03, 1.19360136e-03, 1.22740919e-03, 1.26222036e-03,
       1.29804891e-03, 1.33490852e-03, 1.37281245e-03, 1.41177355e-03,
       1.45180416e-03, 1.49291611e-03, 1.53512063e-03, 1.57842832e-03,
       1.62284907e-03, 1.66839199e-03, 1.71506534e-03, 1.76287646e-03,
       1.81183167e-03, 1.86193622e-03, 1.91319417e-03, 1.96560831e-03,
       2.01918006e-03, 2.07390939e-03, 2.12979474e-03, 2.18683286e-03,
       2.24501876e-03, 2.30434561e-03, 2.36480460e-03, 2.42638490e-03,
       2.48907347e-03, 2.55285507e-03, 2.61771205e-03, 2.68362436e-03,
       2.75056936e-03, 2.81852181e-03, 2.88745373e-03, 2.95733435e-03,
       3.02813002e-03, 3.09980414e-03, 3.17231713e-03, 3.24562632e-03,
       3.31968597e-03, 3.39444718e-03, 3.46985790e-03, 3.54586292e-03,
       3.62240385e-03, 3.69941913e-03, 3.77684408e-03, 3.85461092e-03,
       3.93264885e-03, 4.01088408e-03, 4.08923997e-03, 4.16763706e-03,
       4.24599329e-03, 4.32422404e-03, 4.40224234e-03, 4.47995902e-03,
       4.55728292e-03, 4.63412104e-03, 4.71037885e-03, 4.78596041e-03,
       4.86076874e-03, 4.93470598e-03, 5.00767374e-03, 5.07957335e-03,
       5.15030618e-03, 5.21977393e-03, 5.28787895e-03, 5.35452457e-03,
       5.41961542e-03, 5.48305776e-03, 5.54475979e-03, 5.60463200e-03,
       5.66258749e-03, 5.71854225e-03, 5.77241553e-03, 5.82413008e-03,
       5.87361247e-03, 5.92079333e-03, 5.96560765e-03, 6.00799499e-03,
       6.04789971e-03, 6.08527115e-03, 6.12006383e-03, 6.15223760e-03,
       6.18175775e-03, 6.20859514e-03, 6.23272627e-03, 6.25413332e-03,
       6.27280419e-03, 6.28873250e-03, 6.30191757e-03, 6.31236435e-03,
       6.32008335e-03, 6.32509057e-03, 6.32740733e-03, 6.32706016e-03,
       6.32408063e-03, 6.31850512e-03, 6.31037471e-03, 6.29973488e-03,
       6.28663528e-03, 6.27112956e-03, 6.25327503e-03, 6.23313243e-03,
       6.21076567e-03, 6.18624153e-03, 6.15962938e-03, 6.13100092e-03,
       6.10042987e-03, 6.06799172e-03, 6.03376341e-03, 5.99782310e-03,
       5.96024987e-03, 5.92112348e-03, 5.88052411e-03, 5.83853211e-03,
       5.79522777e-03, 5.75069111e-03, 5.70500167e-03, 5.65823828e-03,
       5.61047889e-03, 5.56180043e-03, 5.51227859e-03, 5.46198771e-03,
       5.41100064e-03, 5.35938860e-03, 5.30722109e-03, 5.25456579e-03,
       5.20148845e-03, 5.14805286e-03, 5.09432075e-03, 5.04035175e-03,
       4.98620335e-03, 4.93193088e-03, 4.87758747e-03, 4.82322406e-03,
       4.76888937e-03, 4.71462991e-03, 4.66049002e-03, 4.60651184e-03,
       4.55273538e-03, 4.49919851e-03, 4.44593701e-03, 4.39298463e-03,
       4.34037308e-03, 4.28813213e-03, 4.23628963e-03, 4.18487158e-03,
       4.13390214e-03, 4.08340376e-03, 4.03339716e-03, 3.98390144e-03,
       3.93493411e-03, 3.88651118e-03, 3.83864718e-03, 3.79135524e-03,
       3.74464718e-03, 3.69853349e-03, 3.65302348e-03, 3.60812528e-03,
       3.56384589e-03, 3.52019129e-03, 3.47716643e-03, 3.43477534e-03,
       3.39302114e-03, 3.35190610e-03, 3.31143170e-03, 3.27159868e-03,
       3.23240708e-03, 3.19385624e-03, 3.15594495e-03, 3.11867136e-03,
       3.08203313e-03, 3.04602739e-03, 3.01065084e-03, 2.97589972e-03,
       2.94176989e-03, 2.90825685e-03, 2.87535576e-03, 2.84306149e-03,
       2.81136861e-03, 2.78027145e-03, 2.74976412e-03, 2.71984051e-03,
       2.69049435e-03, 2.66171920e-03, 2.63350846e-03, 2.60585544e-03,
       2.57875331e-03, 2.55219519e-03, 2.52617410e-03, 2.50068300e-03,
       2.47571481e-03, 2.45126242e-03, 2.42731870e-03, 2.40387650e-03,
       2.38092868e-03, 2.35846810e-03, 2.33648765e-03, 2.31498024e-03,
       2.29393881e-03, 2.27335634e-03, 2.25322587e-03, 2.23354047e-03,
       2.21429330e-03, 2.19547756e-03, 2.17708652e-03, 2.15911353e-03,
       2.14155201e-03, 2.12439547e-03, 2.10763747e-03, 2.09127170e-03,
       2.07529191e-03, 2.05969192e-03, 2.04446569e-03, 2.02960723e-03,
       2.01511066e-03, 2.00097018e-03, 1.98718012e-03, 1.97373486e-03,
       1.96062892e-03, 1.94785687e-03, 1.93541342e-03, 1.92329334e-03,
       1.91149153e-03, 1.90000296e-03, 1.88882271e-03, 1.87794594e-03,
       1.86736793e-03, 1.85708403e-03, 1.84708969e-03, 1.83738046e-03,
       1.82795198e-03, 1.81879996e-03, 1.80992023e-03, 1.80130869e-03,
       1.79296133e-03, 1.78487423e-03, 1.77704355e-03, 1.76946554e-03,
       1.76213652e-03, 1.75505292e-03, 1.74821121e-03, 1.74160796e-03,
       1.73523983e-03, 1.72910354e-03, 1.72319588e-03, 1.71751372e-03,
       1.71205401e-03, 1.70681376e-03, 1.70179005e-03, 1.69698003e-03,
       1.69238092e-03, 1.68799001e-03, 1.68380463e-03, 1.67982220e-03,
       1.67604019e-03, 1.67245612e-03, 1.66906759e-03, 1.66587223e-03,
       1.66286776e-03, 1.66005192e-03, 1.65742252e-03, 1.65497743e-03,
       1.65271455e-03, 1.65063184e-03, 1.64872731e-03, 1.64699902e-03,
       1.64544507e-03, 1.64406359e-03, 1.64285279e-03, 1.64181087e-03,
       1.64093613e-03])]","[[0, 6.376880005047202e-05, 0.00012384871691641303, 0.0001825152146708144, 0.00024124552683708357, 0.0003010345202128031, 0.00036258439384205337, 0.00042641715567160875, 0.0004929421854225609, 0.0005624974451315101, 0.000635374825707214, 0.0007118359099732307, 0.0007921219172624389, 0.0008764600920787294, 0.0009650678988857189, 0.0010581558455958545, 0.001155929435000363, 0.00125859054938439, 0.001366338456932952, 0.0014793705581623738, 0.0015978829479281885, 0.0017220708424654776, 0.0018521289047835718, 0.001988251491605523, 0.0021306328385482434, 0.002279467195966217, 0.0024349489249813486, 0.0025972725611829034, 0.002766632851995471, 0.0029432247725907808, 0.0031272435243446307, 0.0033188845191401213, 0.0035183433522460806, 0.0037258157660241724, 0.003941497606318833, 0.004165584773046068, 0.004398273166209502, 0.004639758628326705, 0.004890236884039271, 0.005149903477501295, 0.005418953707988431, 0.005697582564040156, 0.00598598465633816, 0.006284354149431317, 0.006592884692340361, 0.006911769348011149, 0.007241200521532766, 0.00758136988699403, 0.00793246831281824, 0.008294685785389912, 0.008668211330767972, 0.00905323293426654, 0.009449937457676373, 0.009858510553896412, 0.010279136578745471, 0.010711998499727989, 0.011157277801534988, 0.011615154388071073, 0.012085806480810582, 0.012569410513300173, 0.013066141021641279, 0.013576170530803464, 0.014099669436638795, 0.014636805883487553, 0.015187745637286946, 0.015752652194119834, 0.016331692833330618, 0.01692505666518186, 0.01753297020538562, 0.01815570575823289, 0.01879358498284853, 0.019446979445549014, 0.020116309346666104, 0.02080204120534559, 0.021504685015580442, 0.02222479120542556, 0.022962947609324297, 0.023719776581322183, 0.02449593232178418, 0.02529209845346223, 0.02610898585856966, 0.026947330772949776, 0.02780789312375992, 0.028691455091451875, 0.02959881987391002, 0.030530810629502518, 0.031488269575875215, 0.03247205722213282, 0.03348305171330361, 0.03452214826746374, 0.03559025868746528, 0.03668831093077597, 0.03781724872243948, 0.03897803119756822, 0.040171632561068184, 0.041399041753458966, 0.04266126211269343, 0.04395931102280474, 0.045294219541022564, 0.04666703199571475, 0.04807880554813659, 0.04953060971151781, 0.05102352582149872, 0.05255864645235101, 0.054137074773796603, 0.05575992384357727, 0.05742831583123811, 0.059143381168876186, 0.06090625762487971, 0.0627180892969483, 0.06458002552094842, 0.06649321969242417, 0.068458827997858, 0.07047800805306247, 0.07255191744638723, 0.07468171218474849, 0.07686854504083444, 0.07911356380021235, 0.08141790940746398, 0.08378271401090735, 0.08620909890592642, 0.08869817237742748, 0.09125102744247282, 0.0938687394947078, 0.09655236385279954, 0.0993029332157395, 0.1021214550285307, 0.1050089087624797, 0.10796624311504195, 0.11099437313492362, 0.11409417727892063, 0.11726649440777173, 0.12051212072911274, 0.12383180669643726, 0.12722625387379072, 0.1306961117767416, 0.13424197470097857, 0.13786437855066963, 0.14156379767947688, 0.14534064175784367, 0.14919525268084674, 0.15312790153152833, 0.15713878561517872, 0.16122802558052313, 0.16539566264416333, 0.16964165593492947, 0.17396587997499732, 0.17836812231471594, 0.1828480813380587, 0.18740536425545326, 0.19203948530045284, 0.1967498641462806, 0.20153582455770444, 0.2063965932929802, 0.2113312992697346, 0.21633897300764732, 0.2214185463596364, 0.2265688525419554, 0.23178862647218376, 0.2370765054225384, 0.24243102999426652, 0.2478506454171079, 0.2533337031759541, 0.25887846296489503, 0.26448309496684974, 0.27014568245494314, 0.27586422470973515, 0.2816366402443515, 0.28746077032752737, 0.29333438279257723, 0.2992551761183667, 0.30522078376650635, 0.31122877875723126, 0.3172766784647961, 0.3233619496117167, 0.3294820134398455, 0.33563425103509426, 0.3418160087816213, 0.34802460392049905, 0.35425733018727396, 0.36051146350243274, 0.36678426768859873, 0.37307300018830064, 0.3793749177563828, 0.385687282101552, 0.39200736545218107, 0.3983324560222981, 0.40465986335467563, 0.41098692351908006, 0.4173110041450373, 0.42362950926989484, 0.42993988398450095, 0.4362396188604564, 0.44252625414460794, 0.44879738370822275, 0.45505065874009454, 0.46128379117466395, 0.46749455684806823, 0.47368079837685734, 0.47984042775589947, 0.4859714286737427, 0.4920718585453798, 0.4981398502639717, 0.5041736136746088, 0.5101714367746202, 0.5161316866462663, 0.5220528101288734, 0.5279333342385708, 0.5337718663447849, 0.5395670941135126, 0.5453177852281498, 0.5510227868992872, 0.5566810251753996, 0.5622915040667644, 0.5678533044952401, 0.573365583082729, 0.5788275707912421, 0.584238571427488, 0.5895979600248245, 0.5949051811152498, 0.6001597469038791, 0.6053612353580535, 0.6105092882228784, 0.6156036089745829, 0.6206439607226494, 0.6256301640711804, 0.6305620949494634, 0.6354396824211582, 0.6402629064809915, 0.6450317958472731, 0.649746425757996, 0.6544069157777049, 0.6590134276217628, 0.6635661630040853, 0.6680653615138672, 0.6725112985262941, 0.6769042831517144, 0.6812446562272474, 0.6855327883543272, 0.6897690779852204, 0.6939539495611244, 0.6980878517040388, 0.7021712554642129, 0.706204652624613, 0.7101885540635068, 0.7141234881759517, 0.7180099993546787, 0.7218486465305944, 0.7256400017728807, 0.7293846489484413, 0.7330831824402504, 0.7367362059239647, 0.7403443312020087, 0.7439081770941879, 0.7474283683837653, 0.7509055348178214, 0.7543403101606238, 0.7577333312986511, 0.7610852373958508, 0.7643966690976518, 0.7676682677822135, 0.770900674857356, 0.7740945311015962, 0.7772504760476994, 0.7803691474071478, 0.7834511805339317, 0.7864972079260725, 0.7895078587633034, 0.7924837584793503, 0.7954255283672763, 0.7983337852163847, 0.8012091409791995, 0.8040522024670816, 0.8068635710730678, 0.8096438425205634, 0.8123936066365537, 0.8151134471480419, 0.8178039415004631, 0.8204656606968634, 0.8230991691566796, 0.8257050245929929, 0.828283777907177, 0.8308359730999008, 0.8333621471974887, 0.8358628301926835, 0.8383385449988969, 0.8407898074170744, 0.8432171261143387, 0.8456210026136163, 0.8480019312934873, 0.8503603993975387, 0.8526968870525302, 0.8550118672947247, 0.8573058061037607, 0.8595791624434816, 0.8618323883091645, 0.8640659287806225, 0.8662802220806836, 0.8684756996385751, 0.8706527861577698, 0.8728118996878762, 0.8749534517001786, 0.8770778471664549, 0.879185484640725, 0.8812767563436008, 0.8833520482489308, 0.8854117401724501, 0.887456205862167, 0.8894858130902321, 0.8915009237460537, 0.8935018939304394, 0.8954890740505572, 0.8974628089155244, 0.8994234378324465, 0.9013712947027388, 0.9033067081185776, 0.9052300014593373, 0.9071414929878818, 0.9090414959465873, 0.9109303186529843, 0.9128082645949139, 0.9146756325251036, 0.9165327165550742, 0.9183798062482971, 0.9202171867125295, 0.9220451386912595, 0.9238639386541999, 0.9256738588867767, 0.927475167578561, 0.9292681289105998, 0.931053003141606, 0.9328300466929695, 0.9345995122325607, 0.9363616487572944, 0.9381167016744332, 0.939864912881605, 0.9416065208455198, 0.9433417606793671, 0.9450708642188823, 0.9467940600970716, 0.9485115738175853, 0.9502236278267351, 0.9519304415841481, 0.9536322316320569, 0.9553292116632233, 0.9570215925874948, 0.9587095825969969, 0.960393387229962, 0.9620732094331991, 0.9637492496232086, 0.9654217057459482, 0.9670907733352541, 0.9687566455699258, 0.9704195133294821, 0.9720795652485941, 0.9737369877702057, 0.9753919651973488, 0.9770446797436633, 0.9786953115826295, 0.9803440388955248, 0.9819910379181126, 0.9836364829860728, 0.985280546579186, 0.9869233993642793, 0.9885652102369447, 0.990206146362039]]"
50.0,80.0,4,60,180,I1-S0,"[[0.01, 0.009218546420913139, 0.008861068736292907, 0.008775059817687893, 0.00886844850475938, 0.009085538076004138, 0.009392315688512485, 0.009767667066188814, 0.010198326279154929, 0.01067586172019682, 0.011194861662940576, 0.011751837573409687, 0.012344557288169012, 0.012971635975486819, 0.013632282098572382, 0.01432613700963325, 0.015053171514060718, 0.015813617473919996, 0.016607921293830742, 0.017436711357144318, 0.018300774593034027, 0.019201039212271693, 0.020138561760859472, 0.021114517309278553, 0.022130192000693053, 0.023186977430564568, 0.02428636648587859, 0.025429950371886202, 0.026619416620011115, 0.027856547915447935, 0.029143221614756364, 0.030481409847083203, 0.03187318011031996, 0.03332069628724378, 0.034826220017564434, 0.036392112370501196, 0.038020835769499196, 0.0397149561262872, 0.04147714514590791, 0.04331018276779379, 0.04521695971055202, 0.047200480089970194, 0.04926386408094859, 0.051410350594677426, 0.05364329994246862, 0.05596619645727108, 0.05838265104308648, 0.06089640362129425, 0.06351132544131638, 0.06623142122112971, 0.06906083108088348, 0.07200383223032131, 0.07506484036785246, 0.07824841074598286, 0.08155923885441266, 0.08500216066844941, 0.08858215240648845, 0.09230432973619061, 0.09617394636466318, 0.10019639194344315, 0.10437718921442339, 0.1087219903180813, 0.11323657218050767, 0.1179268308908353, 0.12279877497578719, 0.1278588160463996, 0.13311680043028384, 0.13858768051891188, 0.14428973948131263, 0.15024313624553673, 0.15646895341112366, 0.16298858979178715, 0.16982338698961105, 0.17699441245584568, 0.18452234475767582, 0.1924274231905476, 0.20072943547785452, 0.20944772549253565, 0.21860120870667776, 0.22820838712423658, 0.238287358275499, 0.24885581480508784, 0.2599310325228313, 0.27152984569164645, 0.2836686089302873, 0.2963631455059713, 0.30962868205044586, 0.32347976990165883, 0.33793019338662017, 0.35299286544399056, 0.36867971105486763, 0.3850015390193496, 0.401967902693124, 0.419586950388148, 0.4378652662479594, 0.45680770253323755, 0.4764172043975972, 0.4966946283969188, 0.5176385561565497, 0.5392451048173889, 0.5615077360913245, 0.5844170659750884, 0.6079606773948727, 0.6321229382768317, 0.6568848277548573, 0.682223773430088, 0.7081135027790949, 0.7345239119616584, 0.7614209553961391, 0.7887665595420538, 0.8165185643469751, 0.8446306957699197, 0.8730525726781952, 0.9017297512223769, 0.9306038095190996, 0.9596124751098187, 0.9886897972137506, 1.017766365255478, 1.0467695745254961, 1.0756239391316011, 1.1042514516299127, 1.1325719878991187, 1.1605037549559258, 1.1879637785223274, 1.214868426267235, 1.241133961779331, 1.266677123509089, 1.2914157221706204, 1.3152692494429166, 1.3381594902782776, 1.3600111307342269, 1.3807523530115913, 1.4003154093193009, 1.4186371663045165, 1.4356596120882954, 1.4513303184297401, 1.4656028511971801, 1.4784371231394549, 1.4897996839044807, 1.4996639433220609, 1.50801032512549, 1.5148263495013268, 1.520106644096471, 1.523852884343631, 1.526073665158437, 1.5267843071837621, 1.5260066017821459, 1.5237684998823042, 1.520103750551847, 1.515051495781781, 1.50865582842072, 1.5009653204847702, 1.4920325291946925, 1.4819134880617346, 1.4706671901681547, 1.458355070482066, 1.4450404936256305, 1.4307882529995735, 1.4156640865752967, 1.3997342140187528, 1.383064899127556, 1.3657220408634594, 1.3477707955637959, 1.3292752322333874, 1.3102980221662757, 1.290900163535657, 1.2711407410294535, 1.2510767201046116, 1.230762774989739, 1.2102511491853973, 1.1895915468946086, 1.168831053561728, 1.1480140835032315, 1.1271823524755082, 1.106374872937966, 1.0856279697296247, 1.064975313878423, 1.0444479722991944, 1.0240744712030407, 1.0038808711323086, 0.9838908516463659, 0.9641258038091148, 0.9446049287653097, 0.9253453408353417, 0.9063621737037854, 0.8876686884227175, 0.8692763820941323, 0.8511950962346401, 0.8334331239584434, 0.8159973152400712, 0.7988931796356534, 0.782124985950005, 0.7656958584361665, 0.7496078692041825, 0.7338621265968844, 0.7184588593625074, 0.7033974965174586, 0.6886767428479091, 0.6742946500466065, 0.6602486835219483, 0.6465357849504957, 0.6331524306723073, 0.6200946860513366, 0.6073582559412023, 0.5949385314104687, 0.5828306328916586, 0.5710294499250682, 0.5595296776724845, 0.5483258503775441, 0.5374123719490967, 0.5267835438418664, 0.5164335904052605, 0.5063566818666175, 0.49654695510974933, 0.4869985324035295, 0.47770553822868844, 0.4686621143440461, 0.4598624332262844, 0.45130071001013816, 0.4429712130486597, 0.4348682732060674, 0.42698629198868016, 0.4193197486126191, 0.4118632061003626, 0.4046113164918987, 0.39755882525015446, 0.39070057493460086, 0.38403150821145277, 0.37754667026369854, 0.3712412106593123, 0.3651103847314128, 0.35914955451983016, 0.35335418931952595, 0.3477198658775552, 0.3422422682767736, 0.33691718754124245, 0.3317405209952782, 0.326708271405303, 0.3218165459310742, 0.3170615549104908, 0.31243961049997604, 0.3079471251904141, 0.3035806102167542, 0.2993366738776848, 0.2952120197802082, 0.2912034450225037, 0.2873078383271451, 0.2835221781355282, 0.279843530673256, 0.27626904799521695, 0.27279596601816664, 0.26942160254777986, 0.2661433553063687, 0.2629586999667632, 0.2598651881972116, 0.2568604457215761, 0.2539421703985741, 0.25110813032333384, 0.24835616195410157, 0.24568416826654038, 0.24309011693770827, 0.240572038561478, 0.23812802489687238, 0.2357562271505255, 0.2334548542942447, 0.23122217141843604, 0.2290564981219648, 0.22695620693885296, 0.2249197218020622, 0.22294551654447534, 0.22103211343706775, 0.21917808176415352, 0.21738203643549514, 0.21564263663498268, 0.2139585845055146, 0.21232862386964804, 0.21075153898553062, 0.2092261533375783, 0.20775132846132152, 0.20632596280180798, 0.20494899060492014, 0.20361938084094183, 0.20233613615968815, 0.2010982918764977, 0.19990491498837384, 0.1987551032195534, 0.19764798409577466, 0.19658271404651517, 0.1955584775344669, 0.1945744862115195, 0.1936299781005245, 0.19272421680211868, 0.19185649072589023, 0.19102611234517985, 0.1902324174748163, 0.18947476457109622, 0.1887525340533273, 0.18806512764626593, 0.18741196774279079, 0.18679249678616575, 0.18620617667125888, 0.18565248816409524, 0.18513093033913497, 0.1846410200336806, 0.18418229131883082, 0.18375429498641024, 0.18335659805131885, 0.1829887832687565, 0.1826504486657919, 0.18234120708675725, 0.18206068575196338, 0.1818085258292416, 0.18158438201783203, 0.181387922144149, 0.1812188267689673, 0.1810767888055834, 0.18096151314851855, 0.1808727163123411, 0.18081012608019587, 0.18077348116164085, 0.18076253085939994, 0.18077703474465215, 0.18081676234048677, 0.18088149281316435, 0.1809710146708324, 0.18108512546935404, 0.1812236315249167, 0.18138634763309736, 0.18157309679406836, 0.18178370994363663, 0.18201802568981768, 0.1822758900546524, 0.18255715622098365, 0.1828616842839164, 0.18318934100669235, 0.18353999958071762, 0.18391353938948846, 0.1843098457761671, 0.18472880981456632, 0.18517032808330794, 0.18563430244292625, 0.18612063981569468, 0.18662925196795893, 0.18716005529476681, 0.1877129706065902, 0.188287922917941, 0.18888484123768814, 0.18950365836088914, 0.19014431066195459, 0.19080673788897026, 0.19149088295900682, 0.19219669175425258, 0.19292411291881073, 0.1936730976560079, 0.19444359952606607, 0.19523557424399657, 0.1960489794775794, 0.19688377464529758, 0.19773992071410165, 0.19861737999688606, 0.19951611594956345, 0.20043609296763126, 0.2013772761821289, 0.20233963125489132, 0.20332312417301138, 0.20432772104242847]]","[[0.01, 0.011673645222856313, 0.01362924433757481, 0.01580189558251425, 0.018156401287987095, 0.020675367105060044, 0.02335181497308117, 0.026184729409232225, 0.029176612859706217, 0.032332066863431715, 0.03565696600216364, 0.03915798386477238, 0.04284232725478181, 0.0467175929155245, 0.05079169583637759, 0.05507283900238819, 0.059569506851638365, 0.06429047207786026, 0.06924480978369638, 0.07444191556609263, 0.07989152562589283, 0.085603737872605, 0.09158903350113376, 0.09785829880380878, 0.10442284713949539, 0.11129444106586121, 0.11848531468272598, 0.12600819625240758, 0.13387633116788425, 0.14210350533761143, 0.1507040690504659, 0.15969296137746727, 0.16908573515966918, 0.17889858262442282, 0.18914836166530077, 0.19985262281438104, 0.21102963692929355, 0.22269842361134803, 0.23487878036509766, 0.2475913125037479, 0.2608574637987961, 0.27469954786608664, 0.2891407802740026, 0.30420531135269885, 0.3199182596760328, 0.3363057461800915, 0.3533949288738708, 0.3712140380886619, 0.38979241220297395, 0.40916053376929934, 0.42935006595764263, 0.4503938892184241, 0.4723261380540667, 0.4951822377742247, 0.5189989410941527, 0.5438143644190948, 0.5696680236397438, 0.596600869244737, 0.6246553205357861, 0.6538752987093515, 0.6843062585457561, 0.7159952184222864, 0.748990788341156, 0.7833431956362509, 0.8191043079943786, 0.8563279673557329, 0.8950734452426211, 0.9354083274513003, 0.9774078333859384, 1.0211540166198234, 1.0667351632278526, 1.1142453374120396, 1.1637840372452462, 1.2154559325161904, 1.2693706631789954, 1.3256426816278148, 1.3843911254767538, 1.4457397100908687, 1.5098166320328286, 1.5767544760339125, 1.6466901191896353, 1.7197646269082056, 1.796123135770004, 1.8759147189380099, 1.9592922301309594, 2.046412122463072, 2.1374342386905325, 2.2325215696052982, 2.331839977497517, 2.435557881782923, 2.5438459040728576, 2.6568764701627487, 2.7748233666390867, 2.897861250063656, 3.0261651069942124, 3.159909663449581, 3.29926874282975, 3.444414571762631, 3.5955170338721714, 3.7527428720496814, 3.916254840462419, 4.086210808249779, 4.262762817635247, 4.446056100016965, 4.636228054484384, 4.833407194133899, 5.037712066510838, 5.249250155474472, 5.468116772750134, 5.694393948378816, 5.928149330178488, 6.169435103169387, 6.41828694066291, 6.674722999344736, 6.938742971171154, 7.210327205217886, 7.489435912748318, 7.77600846868124, 8.069962822317834, 8.371195029619317, 8.679578918500658, 8.994965897518874, 9.31718491698973, 9.646042589974792, 9.981323478759919, 10.322790550422214, 10.670185802888458, 11.023231060564097, 11.381628936204221, 11.745063953257262, 12.113203820492904, 12.485700848383733, 12.862193494501488, 13.242308023167359, 13.625660262811708, 14.0118574429965, 14.400500091870752, 14.791183973994293, 15.183502047997248, 15.577046423450506, 15.971410296604846, 16.366189845300944, 16.76098606433781, 17.155406523882586, 17.549067035071953, 17.941593208750625, 18.332621895266573, 18.72180249534504, 19.108798134241482, 19.49328669357621, 19.87496169743226, 20.25353305140702, 20.628727635308195, 21.000289752040597, 21.367981436914622, 21.731582633098217, 22.090891240217438, 22.44572304417767, 22.79591153712659, 23.141307637113847, 23.48177931742995, 23.81721115583974, 24.147503813979938, 24.472573457083172, 24.792351123942435, 25.106782056660116, 25.415824999255566, 25.719451473654715, 26.017645040973946, 26.310400555356534, 26.597723416940237, 26.879628829843956, 27.156141070372872, 27.427292769966645, 27.693124216763078, 27.95368267902818, 28.209021753118105, 28.45920073809397, 28.704284038609128, 28.94434059723264, 29.179443356961908, 29.409668754312474, 29.635096243051564, 29.8558078483633, 30.07188775099457, 30.283421900729486, 30.49049765837368, 30.693203465295174, 30.891628539462555, 31.085862596841306, 31.275995596952033, 31.46211751135756, 31.644318113826536, 31.822686790917007, 31.997312371732075, 32.168282975619015, 32.33568587661143, 32.499607383449195, 32.660132734051835, 32.81734600336606, 32.97133002355628, 33.122166315557145, 33.26993503105877, 33.41471490404672, 33.556583211071, 33.69561573946907, 33.831886762817824, 33.96546902293809, 34.096433717822016, 34.224850494898625, 34.35078744909587, 34.47431112519831, 34.595486524038414, 34.71437711209579, 34.83104483411335, 34.94555012837152, 35.05795194429187, 35.16830776206978, 35.276673614061956, 35.383104107679124, 35.4876524495568, 35.59037047079796, 35.691308653101, 35.79051615560401, 35.88804084229307, 35.98392930983728, 36.07822691572725, 36.17097780660658, 36.26222494669741, 36.35201014623205, 36.44037408981226, 36.52735636462697, 36.61299548846702, 36.69732893748338, 36.780393173641556, 36.86222367183153, 36.94285494659771, 37.02232057845876, 37.100653239791484, 37.177884720257325, 37.254045951753504, 37.329167032874395, 37.40327725287161, 37.47640511510413, 37.548578359972055, 37.61982398732995, 37.69016827837748, 37.75963681702694, 37.82825451074874, 37.89604561089721, 37.9630337325204, 38.02924187365855, 38.09469243413675, 38.1594072338583, 38.22340753060567, 38.2867140373569, 38.34934693912552, 38.41132590933255, 38.47267012571959, 38.53339828581218, 38.59352862194288, 38.65307891584364, 38.712066512817294, 38.770508335497915, 38.82842089720992, 38.88582031493579, 38.94272232190233, 38.99914227979512, 39.055095190611084, 39.11059570815868, 39.16565814921531, 39.22029650435141, 39.274524448430384, 39.328355350793636, 39.3818022851396, 39.43487803910557, 39.487595123561036, 39.53996578162088, 39.59200199738676, 39.64371550442477, 39.6951177939872, 39.74622012298617, 39.79703352172659, 39.84756880140577, 39.89783656138686, 39.94784719625288, 39.99761090264827, 40.047137685914386, 40.09643736652527, 40.145519586329996, 40.1943938146074, 40.24306935393918, 40.29155534590679, 40.33986077661779, 40.387994482066745, 40.43596515333589, 40.483781341640466, 40.53145146322348, 40.578983804104595, 40.6263865246875, 40.673667664230145, 40.72083514518202, 40.76789677739244, 40.8148602621937, 40.86173319636297, 40.90852307596635, 40.9552373000887, 41.00188317445251, 41.04846791492908, 41.09499865094502, 41.141482428787214, 41.18792621480888, 41.23433689853972, 41.28072129570256, 41.32708615113925, 41.37343814164802, 41.41978387873488, 41.466129911280966, 41.51248272812828, 41.55884876058571, 41.60523438485725, 41.65164592439434, 41.69808965217413, 41.74457179290526, 41.79109852516284, 41.83767598345411, 41.88431026021633, 41.931007407748076, 41.97777344007545, 42.02461433475434, 42.07153603460987, 42.1185444494142, 42.1656454575036, 42.21284490733588, 42.26014861898898, 42.30756238560161, 42.3550919747567, 42.40274312980834, 42.450521571153025, 42.49843299744554, 42.546483086760375, 42.59467749769888, 42.64302187044284, 42.69152182775468, 42.74018297592484, 42.78901090566652, 42.838011192958064, 42.88718939983328, 42.93655107511983, 42.986101755125816, 43.03584696427474, 43.085792215688784, 43.13594301172062, 43.18630484443355, 43.236883196030085, 43.28768353922883, 43.338711337589615, 43.38997204578669, 43.441471109829905, 43.493213967233636, 43.545206047133284, 43.59745277034912, 43.64995954939724, 43.70273178844734, 43.75577488322705, 43.80909422087256]]","[array([6.37688001e-05, 6.00799169e-05, 5.86664978e-05, 5.87303122e-05,
       5.97889934e-05, 6.15498768e-05, 6.38328067e-05, 6.65253049e-05,
       6.95563263e-05, 7.28804986e-05, 7.64686221e-05, 8.03019136e-05,
       8.43684928e-05, 8.86612155e-05, 9.31763183e-05, 9.79125544e-05,
       1.02870630e-04, 1.08052828e-04, 1.13462746e-04, 1.19105112e-04,
       1.24985653e-04, 1.31110989e-04, 1.37488565e-04, 1.44126588e-04,
       1.51033987e-04, 1.58220378e-04, 1.65696044e-04, 1.73471913e-04,
       1.81559555e-04, 1.89971169e-04, 1.98719587e-04, 2.07818273e-04,
       2.17281332e-04, 2.27123515e-04, 2.37360228e-04, 2.48007551e-04,
       2.59082242e-04, 2.70601759e-04, 2.82584273e-04, 2.95048684e-04,
       3.08014641e-04, 3.21502556e-04, 3.35533625e-04, 3.50129844e-04,
       3.65314026e-04, 3.81109821e-04, 3.97541731e-04, 4.14635125e-04,
       4.32416254e-04, 4.50912268e-04, 4.70151224e-04, 4.90162096e-04,
       5.10974788e-04, 5.32620135e-04, 5.55129909e-04, 5.78536818e-04,
       6.02874501e-04, 6.28177524e-04, 6.54481366e-04, 6.81822404e-04,
       7.10237890e-04, 7.39765924e-04, 7.70445418e-04, 8.02316059e-04,
       8.35418657e-04, 8.69805026e-04, 9.05558497e-04, 9.42790830e-04,
       9.81630817e-04, 1.02221635e-03, 1.06468929e-03, 1.10919228e-03,
       1.15586675e-03, 1.20485191e-03, 1.25628416e-03, 1.31029692e-03,
       1.36702064e-03, 1.42658282e-03, 1.48910820e-03, 1.55471875e-03,
       1.62353380e-03, 1.69566990e-03, 1.77124078e-03, 1.85035709e-03,
       1.93312612e-03, 2.01965142e-03, 2.11003229e-03, 2.20436323e-03,
       2.30273330e-03, 2.40522537e-03, 2.51191528e-03, 2.62287098e-03,
       2.73815158e-03, 2.85780626e-03, 2.98187325e-03, 3.11037864e-03,
       3.24333519e-03, 3.38074115e-03, 3.52257895e-03, 3.66881395e-03,
       3.81939319e-03, 3.97424410e-03, 4.13327329e-03, 4.29636532e-03,
       4.46338166e-03, 4.63415956e-03, 4.80851116e-03, 4.98622270e-03,
       5.16705380e-03, 5.35073706e-03, 5.53697770e-03, 5.72545352e-03,
       5.91581507e-03, 6.10768607e-03, 6.30066412e-03, 6.49432170e-03,
       6.68820748e-03, 6.88184791e-03, 7.07474916e-03, 7.26639939e-03,
       7.45627124e-03, 7.64382474e-03, 7.82851037e-03, 8.00977249e-03,
       8.18705289e-03, 8.35979456e-03, 8.52744569e-03, 8.68946359e-03,
       8.84531886e-03, 8.99449940e-03, 9.13651443e-03, 9.27089844e-03,
       9.39721485e-03, 9.51505958e-03, 9.62406426e-03, 9.72389912e-03,
       9.81427559e-03, 9.89494840e-03, 9.96571730e-03, 1.00264283e-02,
       1.00769747e-02, 1.01172967e-02, 1.01473823e-02, 1.01672657e-02,
       1.01770268e-02, 1.01767894e-02, 1.01667195e-02, 1.01470231e-02,
       1.01179432e-02, 1.00797577e-02, 1.00327756e-02, 9.97733442e-03,
       9.91379631e-03, 9.84254501e-03, 9.76398223e-03, 9.67852426e-03,
       9.58659856e-03, 9.48864050e-03, 9.38509020e-03, 9.27638949e-03,
       9.16297913e-03, 9.04529619e-03, 8.92377160e-03, 8.79882797e-03,
       8.67087770e-03, 8.54032117e-03, 8.40754533e-03, 8.27292240e-03,
       8.13680884e-03, 7.99954452e-03, 7.86145211e-03, 7.72283664e-03,
       7.58398521e-03, 7.44516692e-03, 7.30663287e-03, 7.16861636e-03,
       7.03133316e-03, 6.89498186e-03, 6.75974438e-03, 6.62578647e-03,
       6.49325832e-03, 6.36229516e-03, 6.23301801e-03, 6.10553428e-03,
       5.97993857e-03, 5.85631335e-03, 5.73472968e-03, 5.61524796e-03,
       5.49791860e-03, 5.38278275e-03, 5.26987294e-03, 5.15921377e-03,
       5.05082250e-03, 4.94470970e-03, 4.84087977e-03, 4.73933153e-03,
       4.64005871e-03, 4.54305048e-03, 4.44829184e-03, 4.35576412e-03,
       4.26544536e-03, 4.17731065e-03, 4.09133255e-03, 4.00748134e-03,
       3.92572537e-03, 3.84603133e-03, 3.76836448e-03, 3.69268889e-03,
       3.61896768e-03, 3.54716318e-03, 3.47723713e-03, 3.40915084e-03,
       3.34286532e-03, 3.27834142e-03, 3.21553996e-03, 3.15442181e-03,
       3.09494802e-03, 3.03707988e-03, 2.98077898e-03, 2.92600732e-03,
       2.87272734e-03, 2.82090197e-03, 2.77049468e-03, 2.72146951e-03,
       2.67379114e-03, 2.62742484e-03, 2.58233656e-03, 2.53849294e-03,
       2.49586128e-03, 2.45440960e-03, 2.41410662e-03, 2.37492179e-03,
       2.33682526e-03, 2.29978789e-03, 2.26378127e-03, 2.22877770e-03,
       2.19475017e-03, 2.16167238e-03, 2.12951874e-03, 2.09826431e-03,
       2.06788484e-03, 2.03835675e-03, 2.00965711e-03, 1.98176361e-03,
       1.95465460e-03, 1.92830903e-03, 1.90270646e-03, 1.87782704e-03,
       1.85365150e-03, 1.83016113e-03, 1.80733778e-03, 1.78516384e-03,
       1.76362221e-03, 1.74269633e-03, 1.72237011e-03, 1.70262798e-03,
       1.68345481e-03, 1.66483597e-03, 1.64675724e-03, 1.62920487e-03,
       1.61216551e-03, 1.59562625e-03, 1.57957456e-03, 1.56399830e-03,
       1.54888573e-03, 1.53422546e-03, 1.52000647e-03, 1.50621808e-03,
       1.49284994e-03, 1.47989206e-03, 1.46733472e-03, 1.45516856e-03,
       1.44338447e-03, 1.43197367e-03, 1.42092765e-03, 1.41023816e-03,
       1.39989724e-03, 1.38989716e-03, 1.38023046e-03, 1.37088992e-03,
       1.36186854e-03, 1.35315957e-03, 1.34475647e-03, 1.33665291e-03,
       1.32884277e-03, 1.32132014e-03, 1.31407931e-03, 1.30711473e-03,
       1.30042107e-03, 1.29399315e-03, 1.28782599e-03, 1.28191475e-03,
       1.27625478e-03, 1.27084157e-03, 1.26567076e-03, 1.26073815e-03,
       1.25603969e-03, 1.25157145e-03, 1.24732965e-03, 1.24331064e-03,
       1.23951090e-03, 1.23592701e-03, 1.23255572e-03, 1.22939384e-03,
       1.22643834e-03, 1.22368626e-03, 1.22113478e-03, 1.21878117e-03,
       1.21662279e-03, 1.21465712e-03, 1.21288171e-03, 1.21129422e-03,
       1.20989239e-03, 1.20867405e-03, 1.20763710e-03, 1.20677955e-03,
       1.20609946e-03, 1.20559499e-03, 1.20526435e-03, 1.20510583e-03,
       1.20511781e-03, 1.20529871e-03, 1.20564702e-03, 1.20616131e-03,
       1.20684019e-03, 1.20768236e-03, 1.20868653e-03, 1.20985151e-03,
       1.21117614e-03, 1.21265933e-03, 1.21430001e-03, 1.21609719e-03,
       1.21804992e-03, 1.22015727e-03, 1.22241839e-03, 1.22483245e-03,
       1.22739867e-03, 1.23011629e-03, 1.23298462e-03, 1.23600299e-03,
       1.23917074e-03, 1.24248729e-03, 1.24595205e-03, 1.24956449e-03,
       1.25332409e-03, 1.25723036e-03, 1.26128285e-03, 1.26548112e-03,
       1.26982475e-03, 1.27431335e-03, 1.27894656e-03, 1.28372402e-03,
       1.28864540e-03, 1.29371038e-03, 1.29891866e-03, 1.30426995e-03,
       1.30976397e-03, 1.31540047e-03, 1.32117917e-03, 1.32709984e-03,
       1.33316224e-03, 1.33936613e-03, 1.34571127e-03, 1.35219745e-03,
       1.35882444e-03])]","[[0, 6.376880005047202e-05, 0.00012384871691641303, 0.0001825152146708144, 0.00024124552683708357, 0.0003010345202352184, 0.000362584397001784, 0.0004264172037154132, 0.0004929425085857477, 0.0005624988348892179, 0.0006353793334863133, 0.00071184795561981, 0.00079214986926267, 0.0008765183620789007, 0.0009651795776053301, 0.0010583558959157131, 0.0011562684503266926, 0.0012591390806218257, 0.0013671919088276794, 0.0014806546547778787, 0.0015997597670872421, 0.0017247454197489174, 0.0018558564088382932, 0.001993344973883902, 0.002137471562046814, 0.0022885055489687447, 0.002446725927190842, 0.002612421970922634, 0.002785893884360342, 0.0029674534395367144, 0.0031574246087197285, 0.0033561441955943915, 0.0035639624688142656, 0.0037812438009656897, 0.00400836731552562, 0.004245727543996879, 0.0044937350950595934, 0.004752817337274308, 0.0050234190966023315, 0.0053060033697650425, 0.005601052054240106, 0.005909066695483544, 0.006230569251767637, 0.006566102876831727, 0.006916232720352318, 0.007281546746047285, 0.00766265656703336, 0.008060198297853706, 0.008474833422380718, 0.008907249676575838, 0.009358161944850892, 0.009828313168522156, 0.010318475264577, 0.010829450052681613, 0.011362070188045203, 0.011917200097419367, 0.012495736915149495, 0.013098611415806405, 0.013726788939509692, 0.014381270305608013, 0.01506309270990475, 0.01577333060010923, 0.01651309652365321, 0.01728354194143937, 0.018085858000482898, 0.018921276657385282, 0.019791081683437333, 0.02069664018006204, 0.021639431010509764, 0.02262106182790355, 0.023643278177057896, 0.02470796747065591, 0.025817159746899614, 0.026973026495073885, 0.02817787840055375, 0.02943416255681213, 0.030744459480490892, 0.03211148011943722, 0.03353806294353638, 0.035027171140511064, 0.03658188989387366, 0.038205423690990066, 0.03990109359083565, 0.041672334370035403, 0.043522691459757706, 0.0454558175833013, 0.047475469003638616, 0.049585501291003614, 0.051789864522360965, 0.05409259782698525, 0.05649782319527247, 0.059009738471257116, 0.06163260945314188, 0.06437076103053266, 0.06722856729211046, 0.07021044054328164, 0.0733208191800559, 0.07656415437313537, 0.07994489552508106, 0.083467474473566, 0.0871362884252232, 0.09095568161752439, 0.09492992572052916, 0.0990631990062372, 0.10335956433063702, 0.10782294599230674, 0.11245710555147378, 0.11726561671461849, 0.12225183941179205, 0.12741889321653926, 0.13276963028133798, 0.13830660798440172, 0.1440320615060965, 0.14994787657460668, 0.15605556264031306, 0.16235622675605368, 0.16885054845544334, 0.1755387559331367, 0.18242060383876202, 0.18949535299968095, 0.19676175238625312, 0.2042180236264871, 0.21186184836451435, 0.21969035873902504, 0.2277001312335762, 0.23588718412059437, 0.24424697868517842, 0.2527744243738565, 0.26146388796782605, 0.27030920683062293, 0.27930370622749806, 0.2884402206590166, 0.29771111909564113, 0.30710833394448933, 0.31662339352528335, 0.32624745778095476, 0.3359713569006122, 0.34578563248973604, 0.3556805808855264, 0.3656462981851544, 0.3756727265319313, 0.38574970118960045, 0.3958669979283465, 0.40601438024776504, 0.4161816459717797, 0.4263586727679705, 0.4365354621684267, 0.4467021817003309, 0.45684920477115937, 0.4669671479946605, 0.4770469056886114, 0.48707968132265583, 0.4970570157432079, 0.506970812051399, 0.5168133570583497, 0.5265773392887311, 0.5362558635478389, 0.5458424621085218, 0.5553311026117217, 0.5647161928076647, 0.5739925822935686, 0.5831555614279553, 0.5922008576211985, 0.6011246292168775, 0.6099234571889912, 0.6185943348863496, 0.6271346560578211, 0.6355422013909119, 0.6438151237917977, 0.6519519326278218, 0.6599514771440423, 0.6678129292540839, 0.675535765892718, 0.683119751103666, 0.6905649180214316, 0.6978715508908717, 0.7050401672529789, 0.712071500410254, 0.7189664822702881, 0.7257262266519569, 0.7323520131250792, 0.7388452714416459, 0.745207566604838, 0.7514405846111158, 0.7575461188906698, 0.7635260574625136, 0.769382370812456, 0.7751171004950791, 0.7807323484546526, 0.7862302670545778, 0.7916130498004257, 0.7968829227378589, 0.8020421365036463, 0.8070929590055282, 0.8120376687048104, 0.8168785484741953, 0.821617880002441, 0.8262579387169166, 0.830800989194941, 0.8352492810349121, 0.8396050451585918, 0.8438704905164894, 0.8480478011690245, 0.8521391337170265, 0.8561466150561178, 0.8600723404305822, 0.8639183717634482, 0.8676867362406651, 0.8713794251284279, 0.8749983928038839, 0.8785455559806232, 0.8820227931115076, 0.885431943952514, 0.8887748092723645, 0.8920531506937613, 0.8952686906530604, 0.898423112466177, 0.901518060489441, 0.9045551403649817, 0.9075359193410505, 0.91046192665846, 0.9133346539950457, 0.9161555559607367, 0.918926050636458, 0.9216475201506796, 0.9243213112879771, 0.9269487361244843, 0.9295310726855875, 0.9320695656216548, 0.934565426897993, 0.9370198364956065, 0.9394339431196659, 0.9418088649129219, 0.9441456901715797, 0.9464454780614228, 0.9487092593322152, 0.9509380370286346, 0.9531327871961935, 0.9552944595807897, 0.9574239783206969, 0.9595222426299618, 0.9615901274723111, 0.9636284842248013, 0.9656381413305568, 0.9676199049400478, 0.969574559540453, 0.9715028685727358, 0.9734055750361404, 0.9752834020798826, 0.9771370535818699, 0.9789672147143437, 0.9807745524963835, 0.9825597163332566, 0.9843233385426372, 0.986066034867752, 0.9877884049775407, 0.9894910329539465, 0.9911744877664729, 0.9928393237341683, 0.9944860809752113, 0.9961152858442901, 0.9977274513579781, 0.9993230776083226, 1.0009026521648672, 1.0024666504653421, 1.0040155361952559, 1.0055497616566327, 1.0070697681261367, 1.0085759862028316, 1.0100688361458232, 1.0115487282020321, 1.0130160629243443, 1.0144712314803868, 1.0159146159521728, 1.0173465896268592, 1.0187675172788548, 1.0201777554435192, 1.0215776526826825, 1.0229675498422186, 1.0243477803018946, 1.0257186702177212, 1.0270805387570185, 1.0284336983264124, 1.0297784547929676, 1.0311151076986613, 1.0324439504683975, 1.0337652706117528, 1.0350793499186455, 1.0363864646491114, 1.0376868857173627, 1.038980878870308, 1.0402687048607024, 1.0415506196150879, 1.0428268743966909, 1.0440977159634266, 1.0453633867211636, 1.0466241248723933, 1.0478801645604472, 1.0491317360093975, 1.050379065659775, 1.0516223763002308, 1.0528618871952709, 1.0540978142091766, 1.055330369926234, 1.05655976376738, 1.057786202103375, 1.0590098883646075, 1.0602310231476304, 1.0614498043185274, 1.0626664271132022, 1.0638810842346826, 1.065093965947524, 1.0663052601694005, 1.0675151525599595, 1.068723826607021, 1.069931463710194, 1.071138243261984, 1.0723443427264583, 1.0735499377155353, 1.0747552020629636, 1.0759603078960487, 1.0771654257051875, 1.0783707244112641, 1.0795763714309643, 1.0807825327400529, 1.08198937293467, 1.083197055290687, 1.0844057418211692, 1.0856155933319849, 1.0868267694756037, 1.0880394288031194, 1.089253728814535, 1.090469826007342, 1.091687875923429, 1.0929080331943466, 1.0941304515849597, 1.0953552840355134, 1.096582682702136, 1.0978127989958057, 1.0990457836197998, 1.1002817866056493, 1.1015209573476166, 1.1027634446357126, 1.104009396687272, 1.105258961177099, 1.1065122852661986, 1.1077695156291023, 1.109030798479804, 1.11029627959631, 1.1115661043438159, 1.112840417696514, 1.1141193642580414, 1.1154030882805681, 1.1166917336825353, 1.1179854440650412, 1.1192843627268805, 1.1205886326782364, 1.121898396653025, 1.1232137971198928, 1.1245349762918655, 1.1258620761346438, 1.127195238373547, 1.1285346044990958, 1.1298803157712345, 1.131232513222185, 1.1325913376579275]]"
50.0,80.0,4,60,180,I0-S1,"[[0.01, 0.009218546420913139, 0.008861068736292907, 0.008775059817687893, 0.00886844850475938, 0.009085552025794696, 0.009392518826228767, 0.009768605057579708, 0.01020103404453612, 0.010681906658719603, 0.011206333807704387, 0.011771303010951518, 0.012374986700168294, 0.013016316817625426, 0.013694720409973977, 0.014409952953328899, 0.015161991346472963, 0.015950963621282493, 0.016777101488010534, 0.017640707281198684, 0.018542130150860467, 0.01948174832195789, 0.02045995544317894, 0.021477149775039953, 0.022533725413938572, 0.023630065024811634, 0.024766533727637433, 0.025943473892525142, 0.02716120066888298, 0.028419998120862527, 0.029720115872877647, 0.03106176619095649, 0.03244512144137192, 0.03387031187950772, 0.03533742373058091, 0.036846497530505735, 0.038397526700411994, 0.03999045633249435, 0.04162518216822919, 0.04330154975273515, 0.04501935375130641, 0.046778337416013324, 0.04857819219181973, 0.05041855745296953, 0.05229902036149249, 0.05421911584060918, 0.05617832665660632, 0.05817608360343128, 0.060211765784837105, 0.06228470098941355, 0.06439416615427751, 0.06653938791357857, 0.06871954322831038, 0.07093376009421347, 0.07318111832481392, 0.07546065040687142, 0.07777134242571111, 0.08011213505809028, 0.08248192463040482, 0.08487956424017377, 0.0873038649388539, 0.08975359697413175, 0.09222749108991883, 0.09472423988233684, 0.09724249921002526, 0.09978097182803647, 0.10233923869002987, 0.1049181962685735, 0.10751957276484556, 0.11014556547167702, 0.11279862295062187, 0.11548131533589753, 0.11819625820935073, 0.12094606892594503, 0.12373334248985708, 0.12656063911201382, 0.12943047865817317, 0.1323453390792808, 0.1353076570661111, 0.13831982987189934, 0.1413842176737034, 0.14450314610220313, 0.14767890872591213, 0.15091376936939618, 0.15420996420060443, 0.15756970355484246, 0.16099517348142414, 0.16448853700922939, 0.16805193513266584, 0.17168748752194274, 0.1753972929623527, 0.1791834295271585, 0.18304795448813552, 0.1869929039670769, 0.19102029233077114, 0.19513211133119143, 0.19933032899193187, 0.20361688824130694, 0.20799370529200667, 0.21246266776677045, 0.21702563256920754, 0.22168442349864853, 0.22644082860775824, 0.23129659730157298, 0.2362534371766466, 0.24131301059909396, 0.24647693102051463, 0.2517467590310583, 0.2571239981492639, 0.2626100903487624, 0.2682064113224889, 0.2739142654856952, 0.2797348807198031, 0.2856694028599839, 0.29171888993029904, 0.29788430613129263, 0.3041665155860857, 0.310566275852292, 0.31708423120845347, 0.3237209057251783, 0.3304766961327635, 0.33735186449878285, 0.3443465307309331, 0.35146066492233746, 0.35869407955851557, 0.36604642160732526, 0.37351716451536643, 0.3811056001365949, 0.38881083062121874, 0.3966317602953273, 0.404567087564121, 0.4126152968740513, 0.4207746507716295, 0.42904318209909914, 0.43741868636956777, 0.4458987143665405, 0.45448056501505835, 0.46316127857379835, 0.47193763019950646, 0.4808061239369796, 0.489762987189459, 0.4988041657257082, 0.5079253192811924, 0.5171218178116188, 0.5263887384575999, 0.535720863279338, 0.5451126778199513, 0.5545583705553541, 0.5640518332874147, 0.5735866625354381, 0.5831561619788024, 0.5927533460008227, 0.6023709443805846, 0.6120014081755714, 0.621636916833406, 0.6312693865659176, 0.6408904800130447, 0.6504916172177988, 0.6600639879266589, 0.6695985652223714, 0.6790861204882195, 0.688517239694454, 0.6978823409887828, 0.7071716935636599, 0.7163754377636719, 0.725483606386648, 0.7344861471223242, 0.7433729460625328, 0.7521338522070931, 0.7607587028799176, 0.7692373499604452, 0.7775596868264653, 0.7857156758958173, 0.7936953766464425, 0.8014889739869403, 0.8090868068432417, 0.8164793968213522, 0.8236574768014316, 0.8306120193148554, 0.8373342645534002, 0.8438157478584002, 0.8500483265376582, 0.8560242058591178, 0.8617359640728233, 0.8671765763165216, 0.8723394372653802, 0.8772183823926901, 0.881807707716034, 0.8861021879121842, 0.8900970926938669, 0.8937882013524022, 0.8971718153820022, 0.9002447691140643, 0.9030044383030091, 0.9054487466189477, 0.9075761700165772, 0.9093857389640566, 0.9108770385300494, 0.9120502063414937, 0.9129059284388212, 0.9134454330691543, 0.9136704824713234, 0.913583362719242, 0.913186871702118, 0.9124843053310865, 0.9114794420719894, 0.9101765259131476, 0.9085802478849893, 0.9066957262552612, 0.9045284855292236, 0.9020844343886905, 0.8993698427070184, 0.8963913177791737, 0.8931557799068491, 0.8896704374782792, 0.8859427616809843, 0.8819804609831926, 0.8777914555162397, 0.8733838514858777, 0.8687659157352478, 0.8639460505763503, 0.8589327690002895, 0.853734670369463, 0.8483604166873133, 0.8428187095333417, 0.8371182677429144, 0.8312678059030411, 0.8252760137268766, 0.819151536361263, 0.8129029556732701, 0.8065387725534804, 0.8000673902657642, 0.7934970988655533, 0.7868360607012106, 0.7800922970060403, 0.7732736755818306, 0.7663878995685963, 0.759442497289423, 0.7524448131540035, 0.7454019995996397, 0.7383210100441412, 0.7312085928211898, 0.7240712860653642, 0.716915413511101, 0.709747081167413, 0.70257217482816, 0.6953963583760663, 0.6882250728374694, 0.6810635361439494, 0.6739167435564989, 0.6667894687077259, 0.6596862652177118, 0.6526114688395399, 0.6455692000911472, 0.638563367331004, 0.6315976702361696, 0.6246756036424719, 0.6178004617079123, 0.6109753423618542, 0.6042031520041193, 0.5974866104197455, 0.5908282558768606, 0.5842304503768527, 0.5776953850277788, 0.5712250855137193, 0.5648214176345467, 0.5584860928923291, 0.5522206741023049, 0.5460265810080609, 0.5399050958821824, 0.5338573690952487, 0.5278844246375837, 0.5219871655796573, 0.5161663794584528, 0.5104227435784716, 0.5047568302173331, 0.49916911172715, 0.4936599655240079, 0.4882296789589611, 0.48287845406496965, 0.4776064121751495, 0.4724135984085852, 0.4672999860207732, 0.46226548061651285, 0.45730992422375677, 0.45243309922756436, 0.4476347321638813, 0.44291449737339167, 0.4382720205161642, 0.4337068819482392, 0.42921861996168414, 0.4248067338899838, 0.42047068708092855, 0.4162099097394248, 0.41202380164287794, 0.40791173473199055, 0.40387305557998143, 0.399907087743368, 0.39601313399756216, 0.39219047846061805, 0.3884383886085329, 0.38475611718555025, 0.3811429040129397, 0.377597977699741, 0.37412055725895654, 0.370709853632661, 0.36736507112946964, 0.36408540877776957, 0.36087006159807167, 0.3577182217977872, 0.3546290798916718, 0.3516018257511136, 0.3486356495853692, 0.3457297428577768, 0.3428832991398961, 0.34009551490644285, 0.3373655902738015, 0.33469272968481506, 0.3320761425424638, 0.329515043794958, 0.32700865447468214, 0.32455620219334236, 0.32215692159558046, 0.31981005477323404, 0.3175148516423366, 0.3152705702848685, 0.31307647725718746, 0.3109318478669882, 0.30883596642056016, 0.30678812644203773, 0.3047876308662616, 0.3028337922067972, 0.3009259327005856, 0.29906338443063496, 0.2972454894280917, 0.2954715997549694, 0.29374107756874923, 0.2920532951700072, 0.2904076350341651, 0.2888034898284066, 0.28724026241474776, 0.2857173658401976, 0.2842342233148973, 0.28279026817907843, 0.2813849438596351, 0.2800177038170611, 0.27868801148346434, 0.2773953401923268, 0.27613917310064395, 0.27491900310403955, 0.27373433274541803, 0.27258467411768267, 0.27146954876101775, 0.27038848755520134, 0.2693410306073889, 0.26832672713577815, 0.26734513534954313, 0.26639582232539766, 0.2654783638811274, 0.2645923444464074, 0.26373735693119965, 0.26291300259200706, 0.26211889089624096, 0.26135463938494075, 0.2606198735340685, 0.2599142266145853]]","[[0.01, 0.011673645222856313, 0.01362924433757481, 0.01580189558251425, 0.018156401287987095, 0.02067538177527519, 0.02335203961853954, 0.026185818740610153, 0.029179912053458983, 0.032339787256200896, 0.035672311592318, 0.03918523354078642, 0.04288687678330897, 0.046785959973371885, 0.0508914906957628, 0.055212702869438836, 0.05975901931886185, 0.06454002868564072, 0.06956547029251169, 0.07484522321492137, 0.08038929738574724, 0.08620782548898022, 0.09231105494724542, 0.09870933963033601, 0.1054131310996488, 0.11243296931146127, 0.11977947276307321, 0.12746332809937916, 0.1354952792149593, 0.1438861158950883, 0.15264666204216837, 0.16178776353434485, 0.17132027576181366, 0.1812550508843646, 0.1916029248514544, 0.20237470422380902, 0.21358115283334006, 0.22523297831607755, 0.23734081855089995, 0.24991522803507643, 0.26296666422602416, 0.27650547387720964, 0.2905418793947763, 0.3050859652402482, 0.32014766440352765, 0.33573674496936634, 0.35186279679953086, 0.36853521835200065, 0.3857632036577199, 0.40355572947466756, 0.42192154263830917, 0.4408691476268403, 0.46040679435902554, 0.48054246624186736, 0.5012838684848095, 0.5226384166966783, 0.5446132257810927, 0.5672150991456274, 0.5904505182395812, 0.614325632434794, 0.6388462492635526, 0.6640178250272346, 0.6898454557889528, 0.7163338687630769, 0.7434874141141202, 0.7713101435741793, 0.7998067419704201, 0.8289832783664722, 0.8588470001655006, 0.8894061335633076, 0.9206697557897624, 0.952647711811093, 0.9853505587593956, 1.018789527786613, 1.0529764969808846, 1.0879239714011977, 1.123645067772059, 1.1601535022942178, 1.1974635805909999, 1.2355901891577543, 1.274548787897161, 1.3143554034566174, 1.3550266231668922, 1.3965795894329647, 1.43903199446033, 1.482402075220351, 1.5267086085710182, 1.5719709064575256, 1.6182088111221302, 1.6654426902559099, 1.7136934320269541, 1.7629824399206275, 1.8133316273281173, 1.8647634118196754, 1.9173007090389234, 1.970966926154349, 2.025785954803787, 2.0817821634672344, 2.138980389202863, 2.197405928680585, 2.257084528447006, 2.3180423743550906, 2.380306080091422, 2.443902674733516, 2.5088595892693384, 2.5752046420109496, 2.642966022834108, 2.712172276175716, 2.7828522827212114, 2.8550352397144434, 2.9287506398231997, 3.004028248494464, 3.080898079734638, 3.159390370251458, 3.239535551896125, 3.3213642223463515, 3.4049071139736, 3.4901950608407386, 3.5772589637798125, 3.6661297535034993, 3.756838351708258, 3.849415630132101, 3.943892367535436, 4.040299204579485, 4.138666596583485, 4.239024764149142, 4.34140364164878, 4.445832823582164, 4.552341508816218, 4.6609584427317765, 4.7717118573119945, 4.884629409218281, 4.999738115911419, 5.117064289887996, 5.23663347111527, 5.358470357761198, 5.482598735330452, 5.609041404331753, 5.737820106616852, 5.86895545054671, 6.002466835155987, 6.138372373502612, 6.276688815404931, 6.417431469784659, 6.560614126849367, 6.706248980363475, 6.854346550271556, 7.004915605951989, 7.157963090392549, 7.313494045592206, 7.471511539505003, 7.632016594852402, 7.7950081201395545, 7.960482843218546, 8.128435247747602, 8.29885751289931, 8.471739456673035, 8.647068483166652, 8.824829534160502, 9.005005045361761, 9.18757490765036, 9.372516433657857, 9.559804329998384, 9.74941067545584, 9.941304905413805, 10.135453802794366, 10.33182149574909, 10.530369462319781, 10.73105654225876, 10.93383895616792, 11.138670332083354, 11.345501739597713, 11.554281731576115, 11.764956393483489, 11.977469400302033, 12.191762080977231, 12.407773490289998, 12.62544048801127, 12.844697825154054, 13.06547823709711, 13.287712543314134, 13.51132975340322, 13.736257179073665, 13.962420551711187, 14.189744145108884, 14.418150902919821, 14.647562570358545, 14.877899829653206, 15.109082438727645, 15.341029372573947, 15.573658966760801, 15.80688906251159, 16.04063715277875, 16.274820528737337, 16.509356426121325, 16.744162170830524, 16.979155323244385, 17.21425382069107, 17.44937611753591, 17.684441322372596, 17.91936933182288, 18.154080960476012, 18.38849806652727, 18.622543672705604, 18.85614208211292, 19.08921898863223, 19.32170158159755, 19.5535186444557, 19.784600647187627, 20.014879832295385, 20.244290294198866, 20.47276805192465, 20.700251115006726, 20.92667954255553, 21.151995495487395, 21.376143281940692, 21.599069395937715, 21.820722549382243, 22.041053697511902, 22.26001605795129, 22.477565123536802, 22.693658669106632, 22.908256752469732, 23.12132170978549, 23.332818145601504, 23.54271291781008, 23.750975117795154, 23.957576046050043, 24.162489183553014, 24.365690159192194, 24.567156713533883, 24.766868659228933, 24.9648078383508, 25.160958076956167, 25.355305137154726, 25.54783666696929, 25.738542148260407, 25.92741284298195, 26.114441738025143, 26.299623488898963, 26.482954362484406, 26.664432179089207, 26.84405625401825, 27.021827338863122, 27.197747562702443, 27.371820373392307, 27.544050479114247, 27.714443790335892, 27.883007362327554, 28.049749338366144, 28.214678893746278, 28.377806180707072, 28.539142274372278, 28.698699119790746, 28.856489480154085, 29.012526886258634, 29.166825587269578, 29.319400502836235, 29.47026717659919, 29.619441731122123, 29.766940824273778, 29.912781607078703, 30.0569816830489, 30.199559069002692, 30.340532157371587, 30.479919679990914, 30.61774067336544, 30.754014445397036, 30.888760543557613, 31.021998724487304, 31.153748924994773, 31.284031234433918, 31.412865868428867, 31.540273143917215, 31.666273455479665, 31.79088725292282, 31.914135020080646, 32.03603725479919, 32.156614450068375, 32.27588707626414, 32.39387556446384, 32.51060029079767, 32.626081561798706, 32.74033960071446, 32.85339453474279, 32.96526638315573, 33.07597504627471, 33.18554029526178, 33.2939817626914, 33.40131893386868, 33.50757113886006, 33.61275754520369, 33.71689715126727, 33.82000878022211, 33.922111074603016, 34.02322249142448, 34.123361297824594, 34.22254556720903, 34.32079317586834, 34.418121800042805, 34.5145489134099, 34.61009178497052, 34.70476747731089, 34.798592845217975, 34.891584534627285, 34.98375898188264, 35.075132413288394, 35.16572084493554, 35.25554008278376, 35.344605722982465, 35.43293315241456, 35.52053754944745, 35.60743388487646, 35.69363692304673, 35.77916122314016, 35.86402114061465, 35.94823082878379, 36.03180424052529, 36.114755130107504, 36.19709705512376, 36.27884337852469, 36.36000727073941, 36.44060171187695, 36.520639493999596, 36.60013322346048, 36.67909532329817, 36.75753803568126, 36.835473424396625, 36.91291337737524, 36.98986960924975, 37.06635366393856, 37.14237691725132, 37.217950579511204, 37.29308569818944, 37.36779316054807, 37.44208369628707, 37.51596788019217, 37.58945613478014, 37.662558732938344, 37.735285800555644, 37.80764731914207, 37.879653128434654, 37.951312928987136, 38.02263628474147, 38.0936326255791, 38.16431124985015, 38.23468132687904, 38.3047518994447, 38.37453188623428, 38.444030084268846, 38.51325517130005, 38.58221570817662, 38.65092014117972, 38.71937680432636, 38.78759392164003, 38.85557960938788, 38.92334187828382, 38.990888635657, 39.05822768758516, 39.125366740992476, 39.19231340571153, 39.25907519650899, 39.325659535074934, 39.392073751975445, 39.45832508856835, 39.524420698882004]]","[array([6.37688001e-05, 6.00799169e-05, 5.86664978e-05, 5.87303122e-05,
       5.97890121e-05, 6.15504167e-05, 6.38361790e-05, 6.65367357e-05,
       6.95844828e-05, 7.29375893e-05, 7.65702012e-05, 8.04664819e-05,
       8.46169629e-05, 8.90162891e-05, 9.36618086e-05, 9.85526768e-05,
       1.03689275e-04, 1.09072824e-04, 1.14705120e-04, 1.20588345e-04,
       1.26724933e-04, 1.33117463e-04, 1.39768581e-04, 1.46680931e-04,
       1.53857107e-04, 1.61299604e-04, 1.69010784e-04, 1.76992840e-04,
       1.85247772e-04, 1.93777361e-04, 2.02583147e-04, 2.11666415e-04,
       2.21028174e-04, 2.30669146e-04, 2.40589755e-04, 2.50790115e-04,
       2.61270022e-04, 2.72028945e-04, 2.83066023e-04, 2.94380057e-04,
       3.05969506e-04, 3.17832487e-04, 3.29966768e-04, 3.42369773e-04,
       3.55038574e-04, 3.67969896e-04, 3.81160120e-04, 3.94605276e-04,
       4.08301055e-04, 4.22242805e-04, 4.36425538e-04, 4.50843933e-04,
       4.65492338e-04, 4.80364780e-04, 4.95454964e-04, 5.10756287e-04,
       5.26261837e-04, 5.41964403e-04, 5.57856483e-04, 5.73930289e-04,
       5.90177759e-04, 6.06590562e-04, 6.23160109e-04, 6.39877559e-04,
       6.56733944e-04, 6.73722897e-04, 6.90846203e-04, 7.08112865e-04,
       7.25536122e-04, 7.43131552e-04, 7.60915939e-04, 7.78906599e-04,
       7.97120995e-04, 8.15576510e-04, 8.34290332e-04, 8.53279398e-04,
       8.72560366e-04, 8.92149618e-04, 9.12063267e-04, 9.32317167e-04,
       9.52926938e-04, 9.73907976e-04, 9.95275471e-04, 1.01704442e-03,
       1.03922965e-03, 1.06184580e-03, 1.08490739e-03, 1.10842874e-03,
       1.13242407e-03, 1.15690744e-03, 1.18189276e-03, 1.20739383e-03,
       1.23342429e-03, 1.25999763e-03, 1.28712722e-03, 1.31482626e-03,
       1.34310778e-03, 1.37198464e-03, 1.40146953e-03, 1.43157493e-03,
       1.46231312e-03, 1.49369612e-03, 1.52573574e-03, 1.55844350e-03,
       1.59183063e-03, 1.62590806e-03, 1.66068637e-03, 1.69617578e-03,
       1.73238610e-03, 1.76932673e-03, 1.80700661e-03, 1.84543418e-03,
       1.88461736e-03, 1.92456350e-03, 1.96527933e-03, 2.00677097e-03,
       2.04904381e-03, 2.09210253e-03, 2.13595104e-03, 2.18059241e-03,
       2.22602883e-03, 2.27226159e-03, 2.31929098e-03, 2.36711630e-03,
       2.41573573e-03, 2.46514635e-03, 2.51534406e-03, 2.56632350e-03,
       2.61807803e-03, 2.67059967e-03, 2.72387903e-03, 2.77790527e-03,
       2.83266604e-03, 2.88814745e-03, 2.94433399e-03, 3.00120849e-03,
       3.05875209e-03, 3.11694417e-03, 3.17576234e-03, 3.23518237e-03,
       3.29517818e-03, 3.35572178e-03, 3.41678327e-03, 3.47833082e-03,
       3.54033062e-03, 3.60274689e-03, 3.66554189e-03, 3.72867589e-03,
       3.79210717e-03, 3.85579206e-03, 3.91968497e-03, 3.98373836e-03,
       4.04790284e-03, 4.11212717e-03, 4.17635832e-03, 4.24054157e-03,
       4.30462050e-03, 4.36853715e-03, 4.43223205e-03, 4.49564434e-03,
       4.55871186e-03, 4.62137130e-03, 4.68355826e-03, 4.74520742e-03,
       4.80625270e-03, 4.86662733e-03, 4.92626409e-03, 4.98509542e-03,
       5.04305359e-03, 5.10007088e-03, 5.15607976e-03, 5.21101306e-03,
       5.26480419e-03, 5.31738726e-03, 5.36869735e-03, 5.41867063e-03,
       5.46724462e-03, 5.51435830e-03, 5.55995238e-03, 5.60396943e-03,
       5.64635406e-03, 5.68705315e-03, 5.72601596e-03, 5.76319432e-03,
       5.79854278e-03, 5.83201876e-03, 5.86358270e-03, 5.89319815e-03,
       5.92083192e-03, 5.94645417e-03, 5.97003849e-03, 5.99156199e-03,
       6.01100537e-03, 6.02835296e-03, 6.04359276e-03, 6.05671645e-03,
       6.06771943e-03, 6.07660075e-03, 6.08336319e-03, 6.08801311e-03,
       6.09056050e-03, 6.09101885e-03, 6.08940512e-03, 6.08573963e-03,
       6.08004597e-03, 6.07235089e-03, 6.06268418e-03, 6.05107855e-03,
       6.03756950e-03, 6.02219514e-03, 6.00499609e-03, 5.98601527e-03,
       5.96529780e-03, 5.94289079e-03, 5.91884318e-03, 5.89320558e-03,
       5.86603010e-03, 5.83737019e-03, 5.80728042e-03, 5.77581638e-03,
       5.74303447e-03, 5.70899174e-03, 5.67374574e-03, 5.63735436e-03,
       5.59987569e-03, 5.56136784e-03, 5.52188884e-03, 5.48149649e-03,
       5.44024822e-03, 5.39820097e-03, 5.35541112e-03, 5.31193430e-03,
       5.26782537e-03, 5.22313828e-03, 5.17792601e-03, 5.13224045e-03,
       5.08613239e-03, 5.03965141e-03, 4.99284583e-03, 4.94576268e-03,
       4.89844763e-03, 4.85094498e-03, 4.80329759e-03, 4.75554691e-03,
       4.70773291e-03, 4.65989408e-03, 4.61206745e-03, 4.56428854e-03,
       4.51659139e-03, 4.46900858e-03, 4.42157118e-03, 4.37430883e-03,
       4.32724972e-03, 4.28042060e-03, 4.23384684e-03, 4.18755241e-03,
       4.14155994e-03, 4.09589073e-03, 4.05056480e-03, 4.00560090e-03,
       3.96101655e-03, 3.91682809e-03, 3.87305068e-03, 3.82969839e-03,
       3.78678417e-03, 3.74431995e-03, 3.70231664e-03, 3.66078419e-03,
       3.61973159e-03, 3.57916694e-03, 3.53909750e-03, 3.49952969e-03,
       3.46046913e-03, 3.42192071e-03, 3.38388859e-03, 3.34637625e-03,
       3.30938652e-03, 3.27292161e-03, 3.23698315e-03, 3.20157221e-03,
       3.16668935e-03, 3.13233463e-03, 3.09850764e-03, 3.06520754e-03,
       3.03243308e-03, 3.00018260e-03, 2.96845412e-03, 2.93724531e-03,
       2.90655350e-03, 2.87637577e-03, 2.84670889e-03, 2.81754943e-03,
       2.78889367e-03, 2.76073773e-03, 2.73307750e-03, 2.70590872e-03,
       2.67922694e-03, 2.65302759e-03, 2.62730597e-03, 2.60205723e-03,
       2.57727644e-03, 2.55295858e-03, 2.52909855e-03, 2.50569116e-03,
       2.48273119e-03, 2.46021335e-03, 2.43813231e-03, 2.41648273e-03,
       2.39525922e-03, 2.37445640e-03, 2.35406886e-03, 2.33409121e-03,
       2.31451805e-03, 2.29534400e-03, 2.27656368e-03, 2.25817176e-03,
       2.24016292e-03, 2.22253186e-03, 2.20527334e-03, 2.18838215e-03,
       2.17185310e-03, 2.15568108e-03, 2.13986101e-03, 2.12438786e-03,
       2.10925665e-03, 2.09446248e-03, 2.08000047e-03, 2.06586583e-03,
       2.05205381e-03, 2.03855975e-03, 2.02537901e-03, 2.01250706e-03,
       1.99993940e-03, 1.98767162e-03, 1.97569936e-03, 1.96401834e-03,
       1.95262434e-03, 1.94151320e-03, 1.93068085e-03, 1.92012327e-03,
       1.90983652e-03, 1.89981670e-03, 1.89006002e-03, 1.88056273e-03,
       1.87132115e-03, 1.86233167e-03, 1.85359075e-03, 1.84509491e-03,
       1.83684073e-03, 1.82882487e-03, 1.82104404e-03, 1.81349502e-03,
       1.80617466e-03, 1.79907985e-03, 1.79220756e-03, 1.78555482e-03,
       1.77911871e-03, 1.77289637e-03, 1.76688501e-03, 1.76108188e-03,
       1.75548429e-03, 1.75008962e-03, 1.74489528e-03, 1.73989876e-03,
       1.73509759e-03])]","[[0, 6.376880005047202e-05, 0.00012384871691641303, 0.0001825152146708144, 0.00024124552683708357, 0.00030103453894754533, 0.0003625849556444358, 0.00042642113462416746, 0.0004929578703616328, 0.0005625423531813323, 0.0006354799424574965, 0.0007120501436320756, 0.0007925166255361217, 0.0008771335884609471, 0.0009661498775529566, 0.0010598116861327259, 0.001158364362919192, 0.0012620536380352786, 0.0013711264624545751, 0.0014858315826940958, 0.0016064199281788773, 0.0017331448614811003, 0.0018662623247809485, 0.0020060309053323657, 0.002152711835992474, 0.0023065689425103802, 0.0024678685463749555, 0.0026368793300481563, 0.0028138721700279564, 0.0029991199421876822, 0.003192897303098461, 0.0033954804504776202, 0.0036071468654660195, 0.0038281750390871923, 0.004058844184957753, 0.004299433940085799, 0.0045502240554007286, 0.004811494077495667, 0.0050835230229265135, 0.005366589046294579, 0.005660969103239423, 0.005966938609381724, 0.006284771096180692, 0.00661473786460464, 0.006957107637455458, 0.0073121462111365495, 0.007680116107608429, 0.008061276227235568, 0.008455881503191761, 0.008864182558058547, 0.009286425363221603, 0.009722850901643165, 0.010173694834564033, 0.010639187172666337, 0.011119551952207679, 0.01161500691661836, 0.012125763204035887, 0.01265202504123473, 0.013193989444394191, 0.013751845927132994, 0.014325776216225944, 0.014915953975405271, 0.01552254453763725, 0.016145704646252996, 0.016785582205301176, 0.017442316149250466, 0.018116039046243905, 0.018806885249296072, 0.01951499811430273, 0.020240534236146246, 0.020983665788029623, 0.02174458172662845, 0.02252348832597519, 0.02332060932105631, 0.024136185830935776, 0.024970476163355418, 0.025823755561399625, 0.026696315927660693, 0.027588465546101004, 0.028500528812619608, 0.029432845979830063, 0.03038577291829647, 0.0313596808945709, 0.032354956365287485, 0.03337200078596689, 0.03441123043287034, 0.03547307623609334, 0.036557983622033656, 0.0376664123633627, 0.03879883643464849, 0.03995574387180782, 0.0411376366335966, 0.04234503046337614, 0.043578454749418134, 0.04483845238202992, 0.046125579605796295, 0.04744040586524299, 0.04878351364223188, 0.05015549828339885, 0.051556967815943225, 0.05298854275007268, 0.05445085586640109, 0.05594455198658867, 0.05747028772550501, 0.05902873122318679, 0.060620561854853365, 0.06224646991723616, 0.06390715628947158, 0.06560333206680379, 0.06733571816534231, 0.06910504489612232, 0.07091205150672122, 0.07275748568869699, 0.07464210304912919, 0.07656666654456688, 0.0785319458757158, 0.08053871684123412, 0.08258776064905055, 0.08467986318367164, 0.08681581422800833, 0.08899640663832452, 0.09122243547099528, 0.0934946970598572, 0.09581398804304278, 0.09818110433831086, 0.10059684006602118, 0.10306198641904969, 0.10557733047910567, 0.10814365397909088, 0.11076173201133634, 0.11343233168176295, 0.11615621071023972, 0.11893411597765688, 0.12176678202049084, 0.12465492947391431, 0.12759926346479628, 0.13060047195624397, 0.13365922404566113, 0.1367761682186323, 0.13995193056129165, 0.1431871129341955, 0.14648229111108838, 0.14983801288633083, 0.15325479615514387, 0.1567331269712147, 0.16027345758660094, 0.16387620447926243, 0.1675417463739385, 0.171270422262471, 0.1750625294300459, 0.17891832149418702, 0.18283800646367737, 0.18682174482490832, 0.1908696476634539, 0.19498177482894016, 0.19915813315151673, 0.20339867471844136, 0.20770329521945083, 0.2120718323697103, 0.216504064419205, 0.22099970875745828, 0.22555842062242612, 0.23017979192232738, 0.23486335017901774, 0.23960855760130223, 0.24441481029630446, 0.2492814376266693, 0.25420770172096757, 0.25919279714419924, 0.2642358507347534, 0.26933592161358216, 0.27449200137068186, 0.27970301443325457, 0.2849678186191441, 0.2902852058783142, 0.29565390322425955, 0.3010725738563286, 0.3065398184729829, 0.3120541767750442, 0.3176141291569796, 0.323218098583266, 0.32886445264585895, 0.33455150579778065, 0.3402775217568408, 0.34604071607252906, 0.35183925884816747, 0.3576712776095029, 0.3635348603100566, 0.3694280584627394, 0.37534889038649577, 0.3812953445560625, 0.38726538304232716, 0.3932569450302517, 0.39926795040089175, 0.40529630336369826, 0.4113398961250377, 0.41739661257870986, 0.4234643320041823, 0.42954093275829647, 0.4356242959463318, 0.44171230905853837, 0.44780286955856324, 0.4538938884105981, 0.45998329353255796, 0.46606903316316445, 0.47214907913143467, 0.47822143001777667, 0.48428411419664175, 0.49033519275148996, 0.49637276225366644, 0.5023949573976668, 0.5083999534861722, 0.5143859687591571, 0.5203512665623032, 0.5262941573508859, 0.532213000526226, 0.5381062061027146, 0.5439722362043116, 0.5498096063902862, 0.5556168868108061, 0.5613927031937779, 0.5671357376650997, 0.5728447294052017, 0.5785184751454072, 0.584155829508264, 0.5897557051965497, 0.5953170730361588, 0.6008389618785238, 0.6063204583686169, 0.6117607065849071, 0.6171589075579326, 0.622514318674368, 0.6278262529736428, 0.6330940783442845, 0.6383172166272386, 0.6434951426334405, 0.6486273830829042, 0.6537135154725332, 0.6587531668797698, 0.6637460127090733, 0.6686917753880589, 0.6735902230199485, 0.6784411679987762, 0.6832444655935589, 0.6880000125074033, 0.6927077454172506, 0.697367639499693, 0.701979706948011, 0.7065439954852885, 0.7110605868781726, 0.7155295954555468, 0.7199511666360874, 0.7243254754683829, 0.7286527251870026, 0.7329331457876126, 0.7371669926239602, 0.7413545450292756, 0.7454961049643721, 0.7495919956944764, 0.7536425604965716, 0.7576481613988062, 0.7616091779532949, 0.7655260060434301, 0.7693990567266215, 0.7732287551131918, 0.7770155392819839, 0.7807598592330682, 0.7844621758777857, 0.7881229600662225, 0.7917426916520814, 0.7953218585947932, 0.7988609560986065, 0.8023604857882916, 0.8058209549210072, 0.8092428756337977, 0.812626764226117, 0.8159731404767147, 0.819282526994161, 0.822555448600245, 0.8257924317454334, 0.8289940039555508, 0.8321606933088077, 0.8352930279422844, 0.83839153558696, 0.841456743130365, 0.8444891762059269, 0.8474893588080743, 0.8504578129321666, 0.8533950582383185, 0.8563016117381939, 0.8591779875038545, 0.8620246963977592, 0.8648422458230225, 0.8676311394930574, 0.8703918772197444, 0.873124954719286, 0.8758308634349256, 0.878510090375732, 0.8811631179706702, 0.8837904239372002, 0.8863924811636724, 0.8889697576048051, 0.8915227161895579, 0.8940518147407341, 0.8965575059056717, 0.8990402370974029, 0.9015004504456873, 0.9039385827573457, 0.9063550654853436, 0.9087503247060965, 0.9111247811044917, 0.9134788499661397, 0.9158129411763931, 0.9181274592256884, 0.9204228032207873, 0.9226993669015133, 0.9249575386625987, 0.9271977015802736, 0.9294202334432494, 0.9316255067877628, 0.9338138889363654, 0.9359857420401592, 0.938141423124193, 0.9402812841357512, 0.942405671995278, 0.9445149286496975, 0.9466093911278992, 0.9486893915981738, 0.9507552574273958, 0.9528073112417603, 0.9548458709888923, 0.9568712500011578, 0.9588837570600174, 0.960883696461269, 0.9628713680810398, 0.9648470674423935, 0.9668110857824277, 0.9687637101197449, 0.9707052233221874, 0.9726359041747344, 0.9745560274474641, 0.9764658639634934, 0.9783656806668124, 0.9802557406899333, 0.9821363034212856, 0.984007624572289, 0.985869956244042, 0.9877235469935692, 0.9895686418995759, 0.9914054826276583, 0.9932343074949265, 0.9950553515339994, 0.996868846556331, 0.9986750212148365, 1.0004741010657843, 1.0022663086299262, 1.0040518634528397, 1.0058309821644584, 1.0076038785377683, 1.0093707635466524, 1.0111318454228668, 1.0128873297121306, 1.014637419329318, 1.0163823146127418, 1.0181222133775152, 1.0198573109679863]]"
50.0,80.0,4,60,180,I1-S1,"[[0.01, 0.009218546420913139, 0.008861068736292907, 0.008775059817687893, 0.00886844850475938, 0.009085552057563052, 0.009392520424257032, 0.009768621090043856, 0.010201113923070895, 0.010682178188718293, 0.011207059622289087, 0.011772948566713754, 0.01237829692756355, 0.013022399046569374, 0.013705131811552331, 0.014426791308092282, 0.015187988415199034, 0.0159895807462328, 0.016832627302396947, 0.01771835756990291, 0.018648150005509866, 0.019623516785455958, 0.020646092856980266, 0.021717628038029447, 0.02283998134312165, 0.024015116981215952, 0.025245101640088346, 0.026532102780093672, 0.02787838773157717, 0.0292863234385501, 0.03075837672497405, 0.032297114984219145, 0.03390520721011058, 0.03558542530141438, 0.037340645581883755, 0.03917385048590671, 0.041088130365912794, 0.043086685382393734, 0.04517282744094477, 0.047349982143345286, 0.04962169072152486, 0.0519916119244272, 0.054463523828386165, 0.057041325541744285, 0.059729038774139404, 0.06253080924021118, 0.06545090786648136, 0.06849373176887588, 0.07166380496681493, 0.07496577879802614, 0.07840443199626003, 0.0819846703919273, 0.08571152619335604, 0.08959015680390192, 0.09362584312755738, 0.09782398731301677, 0.10219010988338587, 0.10672984619590113, 0.1114489421731714, 0.11635324924460488, 0.12144871843386851, 0.12674139352548375, 0.13223740324103486, 0.13794295235299833, 0.14386431166195127, 0.15000794489276456, 0.1563819013139906, 0.1629965713032996, 0.1698638519388414, 0.17699647193247375, 0.184407556623444, 0.19211035583583635, 0.2001180805071793, 0.20844381024400352, 0.21710044550566485, 0.2261006862997493, 0.23545702504739474, 0.2451817453305668, 0.2552869210584245, 0.265784412540909, 0.2766858572897115, 0.2880026542632754, 0.2997459408651608, 0.31192656238822375, 0.3245550338379074, 0.3376414942142637, 0.3511956534178565, 0.3652267319930964, 0.3797433939502665, 0.394753672925843, 0.4102648919573645, 0.42628357716917575, 0.4428153656921593, 0.45986490817610376, 0.4774357662987694, 0.495530305731479, 0.5141495850871974, 0.5332932414532023, 0.5529593731959244, 0.5731444208194191, 0.5938430467600231, 0.61504801510661, 0.6367500723467802, 0.6589378303523239, 0.6815976529301336, 0.7047135473748811, 0.7282670625644103, 0.7522371952348703, 0.7766003061568183, 0.8013300480023782, 0.8263973067434144, 0.8517701584478664, 0.8774138433422152, 0.9032907589789503, 0.929360474285533, 0.95557976617276, 0.9819026802431272, 1.0082806169619682, 1.034662444434732, 1.060994638672672, 1.0872214519273455, 1.1132851093337846, 1.139126033726289, 1.1646830980841452, 1.1898939046330774, 1.2146950891790582, 1.2390226487925604, 1.262812290502787, 1.2859997982130336, 1.308521414620913, 1.3303142345317451, 1.3513166056010344, 1.3714685322432612, 1.3907120782090825, 1.4089917631702185, 1.4262549485680815, 1.442452207984019, 1.4575376773793076, 1.4714693807328425, 1.4842095268725002, 1.495724773648679, 1.5059864560293175, 1.5149707751963477, 1.5226589462835258, 1.5290373030026851, 1.5340973580460633, 1.5378358188119474, 1.5402545586644578, 1.5413605445908887, 1.5411657227471436, 1.5396868639699115, 1.5369453718711192, 1.5329670566053644, 1.5277818778059322, 1.5214236605132507, 1.5139297881670997, 1.5053408768987329, 1.4957004354416723, 1.4850545149827479, 1.4734513532023463, 1.4609410166107768, 1.447575045083492, 1.4334061022399873, 1.4184876350085904, 1.402873545381549, 1.3866178770013131, 1.3697745188391117, 1.3523969278397154, 1.3345378720199474, 1.3162491951305524, 1.2975816036279686, 1.278584476359953, 1.2593056970513667, 1.239791509387227, 1.2200863942317903, 1.2002329682964927, 1.1802719033766214, 1.1602418651164927, 1.1401794701348082, 1.1201192602443528, 1.1000936924314095, 1.0801331432179708, 1.0602659260115452, 1.040518320050462, 1.0209146095743418, 1.0014771318871276, 0.9822263330310945, 0.9631808298520446, 0.9443574773060509, 0.925771439934434, 0.9074362665141281, 0.8893639669734303, 0.8715650907467462, 0.8540488058249973, 0.8368229778396871, 0.8198942485972929, 0.8032681135559067, 0.786948997807293, 0.7709403301943557, 0.7552446152561025, 0.7398635027494149, 0.7247978545491943, 0.7100478087758054, 0.6956128410412612, 0.6814918227434559, 0.6676830763711612, 0.6541844278116885, 0.6409932556783592, 0.6281065376964904, 0.6155208942047924, 0.6032326288441648, 0.5912377665181742, 0.5795320887192644, 0.5681111663222715, 0.5569703899523354, 0.5461049980380728, 0.5355101026631177, 0.5251807133300564, 0.5151117587505808, 0.5052981067745256, 0.4957345825685032, 0.486415985152242, 0.4773371023976035, 0.46849272459170804, 0.4598776566617342, 0.451486729154869, 0.4433148080626372, 0.43535680357450324, 0.4276076778412656, 0.4200624518244015, 0.41271621130320574, 0.4055641121073328, 0.39860138463822226, 0.39182333773888633, 0.38522536196767365, 0.3788029323279154, 0.3725516105018127, 0.3664670466335386, 0.3605449807033174, 0.3547812435311967, 0.349171757446353, 0.34371253665505913, 0.3383996873378939, 0.33322940750438024, 0.3281979866310005, 0.3233018051064405, 0.3185373335059615, 0.31390113171497713, 0.30938984792021895, 0.3050002174852983, 0.30072906172601443, 0.29657328659940224, 0.29252988131926333, 0.2885959169097638, 0.2847685447076138, 0.2810449948223567, 0.27742257456338754, 0.27389866684148284, 0.270470728551853, 0.26713628894502384, 0.2638929479912024, 0.26073837474318723, 0.2576703057023389, 0.25468654319162554, 0.25178495373930354, 0.2489634664763749, 0.24622007155058281, 0.24355281855936045, 0.24095981500383098, 0.23843922476567078, 0.2359892666083852, 0.23360821270431048, 0.23129438718844028, 0.22904616473998088, 0.22686196919236376, 0.2247402721722857, 0.22267959176820418, 0.2206784912285872, 0.21873557769010235, 0.21684950093582644, 0.2150189521834652, 0.2132426629034913, 0.21151940366703578, 0.20984798302330393, 0.2082272464062304, 0.20665607507003847, 0.20513338505332532, 0.20365812617125745, 0.20222928103542828, 0.20084586410090272, 0.19950692073994927, 0.1982115263419422, 0.19695878543889933, 0.1957478308561087, 0.19457782288728756, 0.19344794849370964, 0.19235742052673152, 0.19130547697314626, 0.19029138022279082, 0.18931441635783464, 0.18837389446317815, 0.187469145957394, 0.1865995239436468, 0.1857644025800337, 0.18496317646879357, 0.18419526006383902, 0.18346008709607448, 0.18275711001596956, 0.1820857994528674, 0.1814456436905148, 0.18083614815831187, 0.1802568349377868, 0.17970724228381224, 0.1791869241600887, 0.17869544978843072, 0.17823240321140144, 0.17779738286785107, 0.17739000118092477, 0.1770098841581151, 0.176656671002945, 0.17633001373787524, 0.17602957683804216, 0.175755036875439, 0.17550608217316493, 0.17528241246937437, 0.17508373859056878, 0.17490978213388148, 0.1747602751580153, 0.17463495988250108, 0.17453358839495378, 0.17445592236601043, 0.17440173277164311, 0.17437079962254734, 0.1743629117003137, 0.17437786630009866, 0.17441546897951699, 0.1744755333134858, 0.17455788065475678, 0.1746623398998799, 0.17478874726034851, 0.174936946038682, 0.175106786409208, 0.17529812520331273, 0.17551082569893367, 0.17574475741407378, 0.17599979590412307, 0.17627582256277793, 0.17657272442635422, 0.1768903939812949, 0.17722872897467867, 0.17758763222753965, 0.17796701145081464, 0.17836677906373746, 0.17878685201450567, 0.17922715160304856, 0.17968760330573041, 0.18016813660182684, 0.18066868480161624, 0.18118918487593294, 0.18172957728703282, 0.18228980582062518, 0.1828698174189305, 0.18346956201462594, 0.1840889923655456, 0.18472806389000623, 0.18538673450263277]]","[[0.01, 0.011673645222856313, 0.01362924433757481, 0.01580189558251425, 0.018156401287987095, 0.020675381807906647, 0.023352041338265, 0.026185836624343407, 0.029180004392447105, 0.03234011241585924, 0.03567321152918192, 0.03918734491560601, 0.04289126934903, 0.04679430176146989, 0.050906239613671786, 0.055237324514863705, 0.05979823103902669, 0.06460007012335836, 0.06965440084922757, 0.07497324701764094, 0.08056911646990546, 0.08645502200557342, 0.0926445032737381, 0.09915164931498546, 0.10599112160168164, 0.11317817751823253, 0.1207286942726443, 0.12865919325505001, 0.13698686486889983, 0.14572959386264867, 0.1549059851876867, 0.16453539040401308, 0.17463793464988306, 0.18523454418595825, 0.19634697451864444, 0.20799783910142505, 0.2202106386071116, 0.23300979075800637, 0.2464206606949556, 0.26046959186010066, 0.27518393736174696, 0.29059209178310386, 0.3067235233896409, 0.3236088066824056, 0.3412796552367987, 0.35976895475796017, 0.37911079627503474, 0.3993405093871229, 0.42049469546363655, 0.44261126069104084, 0.46572944884653744, 0.4898898736671047, 0.5151345506694305, 0.5415069282626411, 0.5690519179813187, 0.5978159236511157, 0.6278468692833086, 0.6591942254778906, 0.6919090340973095, 0.7260439309547247, 0.7616531662417391, 0.7987926224009974, 0.8375198291289043, 0.8778939751730835, 0.9199759165681758, 0.9638283261922067, 1.0095172828644625, 1.0571135852608473, 1.1066924165159449, 1.158332963221742, 1.2121181338468219, 1.2681343506395228, 1.3264713953729614, 1.3872222938578704, 1.4504832275475632, 1.516353463101823, 1.5849352926859903, 1.6563339792186593, 1.7306577018638423, 1.8080174978783423, 1.8885271975377003, 1.972303349323873, 2.059465132902515, 2.150134257676418, 2.2444348448969587, 2.3424932914649874, 2.444438113670559, 2.550399769218495, 2.6605104559731503, 2.7749038859384805, 2.893715033074911, 3.0170798536479264, 3.1451349779094353, 3.2780173720357717, 3.415863969389282, 3.558811270336847, 3.706994910051125, 3.8605491939409897, 4.019606600608438, 4.184297252511486, 4.35474835482707, 4.5310836033549515, 4.713422562682683, 4.901880016241581, 5.096565290322416, 5.297581554584301, 5.505025102077102, 5.718984612301839, 5.939540401349017, 6.166763663674652, 6.400715710589968, 6.641447211044154, 6.888997440760361, 7.143393546232418, 7.40464983049205, 7.672767067901956, 7.947731855506646, 8.229516008668622, 8.51807600882059, 8.813352511164128, 9.115269920031944, 9.423736039396346, 9.738641805644729, 10.05986110924969, 10.387250711335666, 10.72065026038746, 11.059882413463372, 11.40475306527511, 11.755051687389741, 12.110551778610235, 12.471011426318679, 12.836173977240646, 13.205768814733409, 13.579512238339838, 13.957108440010035, 14.33825057010078, 14.722621885045507, 15.109896967470283, 15.499743008538216, 15.891821141457568, 16.285787814405708, 16.681296190617104, 17.07799756306898, 17.475542771079574, 17.8735836062123, 18.271774195151398, 18.669772347673284, 19.067240858470246, 19.463848752374098, 19.859272463457273, 20.253196939535975, 20.645316664740484, 21.03533659402667, 21.42297299475445, 21.807954191728186, 22.19002121335652, 22.56892833782176, 22.94444353933131, 23.316348835636802, 23.68444053903557, 24.048529414000658, 24.408440745410633, 24.764014322062184, 25.115104340743386, 25.46157923662286, 25.80332144607145, 26.14022710828264, 26.472205712201387, 26.799179695315985, 27.121084000822822, 27.437865599548417, 27.749482982817895, 28.05590563220366, 28.3571134717832, 28.653096308190797, 28.943853263373814, 29.229392204569464, 29.50972917561073, 29.784887833257905, 30.054898891841663, 30.31979957910051, 30.5796331057046, 30.8344481505834, 31.084298363819684, 31.3292418885392, 31.56934090291581, 31.80466118312736, 32.03527168783799, 32.26124416454844, 32.48265277794709, 32.699573760209496, 32.912085083032814, 33.12026615105242, 33.32419751616953, 33.52396061221972, 33.71963750933112, 33.91131068725638, 34.09906282691248, 34.28297661932602, 34.4631345911566, 34.63961894595669, 34.81251142032109, 34.981893154081625, 35.14784457371214, 35.310445288123674, 35.46977399604939, 35.62590840424246, 35.77892515573621, 35.92889976744507, 36.07590657641498, 36.220018694064045, 36.36130796778618, 36.49984494932359, 36.63569886934626, 36.7689376177093, 36.8996277288905, 37.02783437214156, 37.15362134591664, 37.27705107617076, 37.39818461814869, 37.5170816613116, 37.63380053707415, 37.74839822904916, 37.86093038551968, 37.971451333880196, 38.0800140968089, 38.18667040995246, 38.291470740922364, 38.39446430941909, 38.495699108316, 38.5952219255494, 38.693078366675, 38.789312877963795, 38.88396876992185, 38.97708824112974, 39.068712402307206, 39.15888130051803, 39.247633943438764, 39.33500832362266, 39.421041442697764, 39.50576933544441, 39.589227093703904, 39.67144889007543, 39.752468001363724, 39.8323168317444, 39.911026935618416, 39.98862904013088, 40.06515306733307, 40.140628155969736, 40.21508268287662, 40.28854428397602, 40.361039874860374, 40.432595670956104, 40.50323720726207, 40.57298935765851, 40.641876353784085, 40.70992180348002, 40.77714870880159, 40.843579483598326, 40.9092359706654, 40.97413945846933, 41.03831069745219, 41.10176991591895, 41.16453683551334, 41.226630686288054, 41.28807022137558, 41.34887373126631, 41.40905905770094, 41.46864360718431, 41.52764436412829, 41.58607790363114, 41.64396040390128, 41.7013076583332, 41.75813508724345, 41.814457749274716, 41.87029035247577, 41.925647265065415, 41.98054252588824, 42.03498985457, 42.08900266138047, 42.14259405681142, 42.19577686087732, 42.248563612146306, 42.30096657650872, 42.352997755690566, 42.40466889551889, 42.45599149394621, 42.50697680884078, 42.55763586554939, 42.607979464239286, 42.658018187025604, 42.70776240489066, 42.757222284401074, 42.80640779422885, 42.85532871148206, 42.903994627850935, 42.9524149555748, 43.0005989332352, 43.048555631380516, 43.096293957986965, 43.14382266376118, 43.191150347288804, 43.23828546003405, 43.28523631119452, 43.33201107241573, 43.37861778236957, 43.42506435120072, 43.47135856484514, 43.51750808922427, 43.56352047431887, 43.6094031581259, 43.655163470502096, 43.700808636897456, 43.74634578198199, 43.79178193316877, 43.837124024036456, 43.88237889765402, 43.92755330981072, 43.972653932153854, 44.017687355237015, 44.06266009148134, 44.10757857805224, 44.15244917965384, 44.19727819124356, 44.24207184066879, 44.286836291227985, 44.33157764415795, 44.37630194104942, 44.42101516619267, 44.46572324885499, 44.5104320654917, 44.555147441892274, 44.599875155263256, 44.64462093624934, 44.68939047089407, 44.73418940254152, 44.779023333680264, 44.82389782773082, 44.868818410777784, 44.91379057324773, 44.95881977153397, 45.003911429569115, 45.04907094034646, 45.094303667390996, 45.13961494618098, 45.18501008552075, 45.230494368865656, 45.276073055599674, 45.321751382266385, 45.36753456375402, 45.41342779443497, 45.459436249260364, 45.50556508481019, 45.55181944029938, 45.59820443854021, 45.6447251868614, 45.691386777984256, 45.738194290856065, 45.785152791441064, 45.83226733346907, 45.87954295914211, 45.92698469979902, 45.974597576538265, 46.02238660079893, 46.07035677490004, 46.11851309253816]]","[array([6.37688001e-05, 6.00799169e-05, 5.86664978e-05, 5.87303122e-05,
       5.97890121e-05, 6.15504198e-05, 6.38362239e-05, 6.65370113e-05,
       6.95855521e-05, 7.29407190e-05, 7.65777777e-05, 8.04824954e-05,
       8.46475401e-05, 8.90702620e-05, 9.37513092e-05, 9.86937511e-05,
       1.03902513e-04, 1.09384004e-04, 1.15145868e-04, 1.21196806e-04,
       1.27546461e-04, 1.34205330e-04, 1.41184698e-04, 1.48496597e-04,
       1.56153773e-04, 1.64169665e-04, 1.72558386e-04, 1.81334719e-04,
       1.90514111e-04, 2.00112676e-04, 2.10147194e-04, 2.20635117e-04,
       2.31594583e-04, 2.43044417e-04, 2.55004148e-04, 2.67494016e-04,
       2.80534991e-04, 2.94148776e-04, 3.08357830e-04, 3.23185375e-04,
       3.38655408e-04, 3.54792720e-04, 3.71622898e-04, 3.89172346e-04,
       4.07468287e-04, 4.26538776e-04, 4.46412707e-04, 4.67119815e-04,
       4.88690686e-04, 5.11156752e-04, 5.34550297e-04, 5.58904447e-04,
       5.84253168e-04, 6.10631257e-04, 6.38074324e-04, 6.66618781e-04,
       6.96301815e-04, 7.27161367e-04, 7.59236098e-04, 7.92565353e-04,
       8.27189119e-04, 8.63147974e-04, 9.00483037e-04, 9.39235898e-04,
       9.79448737e-04, 1.02116884e-03, 1.06445798e-03, 1.10939093e-03,
       1.15605004e-03, 1.20452171e-03, 1.25489396e-03, 1.30725507e-03,
       1.36169269e-03, 1.41829347e-03, 1.47714272e-03, 1.53832444e-03,
       1.60192120e-03, 1.66801421e-03, 1.73668323e-03, 1.80800662e-03,
       1.88206116e-03, 1.95892200e-03, 2.03866242e-03, 2.12135366e-03,
       2.20706458e-03, 2.29586138e-03, 2.38780719e-03, 2.48296168e-03,
       2.58138055e-03, 2.68311502e-03, 2.78821131e-03, 2.89671002e-03,
       3.00864550e-03, 3.12404517e-03, 3.24292887e-03, 3.36530806e-03,
       3.49118513e-03, 3.62055260e-03, 3.75339232e-03, 3.88967471e-03,
       4.02935793e-03, 4.17238707e-03, 4.31869339e-03, 4.46819355e-03,
       4.62078883e-03, 4.77636448e-03, 4.93478903e-03, 5.09591372e-03,
       5.25957196e-03, 5.42557891e-03, 5.59373114e-03, 5.76380636e-03,
       5.93556337e-03, 6.10874205e-03, 6.28306352e-03, 6.45823048e-03,
       6.63392770e-03, 6.80982267e-03, 6.98556644e-03, 7.16079469e-03,
       7.33512888e-03, 7.50817771e-03, 7.67953868e-03, 7.84879988e-03,
       8.01554194e-03, 8.17934009e-03, 8.33976650e-03, 8.49639258e-03,
       8.64879155e-03, 8.79654098e-03, 8.93922545e-03, 9.07643924e-03,
       9.20778903e-03, 9.33289654e-03, 9.45140116e-03, 9.56296248e-03,
       9.66726268e-03, 9.76400877e-03, 9.85293472e-03, 9.93380328e-03,
       1.00064076e-02, 1.00705728e-02, 1.01261568e-02, 1.01730514e-02,
       1.02111827e-02, 1.02405115e-02, 1.02610330e-02, 1.02727768e-02,
       1.02758061e-02, 1.02702165e-02, 1.02561355e-02, 1.02337206e-02,
       1.02031579e-02, 1.01646601e-02, 1.01184648e-02, 1.00648321e-02,
       1.00040427e-02, 9.93639524e-03, 9.86220429e-03, 9.78179770e-03,
       9.69551436e-03, 9.60370181e-03, 9.50671392e-03, 9.40490871e-03,
       9.29864618e-03, 9.18828624e-03, 9.07418688e-03, 8.95670231e-03,
       8.83618136e-03, 8.71296598e-03, 8.58738988e-03, 8.45977737e-03,
       8.33044227e-03, 8.19968705e-03, 8.06780211e-03, 7.93506509e-03,
       7.80174050e-03, 7.66807929e-03, 7.53431866e-03, 7.40068195e-03,
       7.26737859e-03, 7.13460421e-03, 7.00254076e-03, 6.87135676e-03,
       6.74120759e-03, 6.61223582e-03, 6.48457163e-03, 6.35833323e-03,
       6.23362729e-03, 6.11054950e-03, 5.98918500e-03, 5.86960894e-03,
       5.75188701e-03, 5.63607595e-03, 5.52222406e-03, 5.41037177e-03,
       5.30055209e-03, 5.19279117e-03, 5.08710875e-03, 4.98351863e-03,
       4.88202916e-03, 4.78264362e-03, 4.68536071e-03, 4.59017488e-03,
       4.49707674e-03, 4.40605342e-03, 4.31708893e-03, 4.23016441e-03,
       4.14525851e-03, 4.06234761e-03, 3.98140613e-03, 3.90240674e-03,
       3.82532058e-03, 3.75011753e-03, 3.67676631e-03, 3.60523477e-03,
       3.53548995e-03, 3.46749831e-03, 3.40122582e-03, 3.33663811e-03,
       3.27370060e-03, 3.21237856e-03, 3.15263725e-03, 3.09444198e-03,
       3.03775819e-03, 2.98255154e-03, 2.92878793e-03, 2.87643362e-03,
       2.82545519e-03, 2.77581968e-03, 2.72749455e-03, 2.68044776e-03,
       2.63464776e-03, 2.59006356e-03, 2.54666470e-03, 2.50442130e-03,
       2.46330407e-03, 2.42328431e-03, 2.38433393e-03, 2.34642542e-03,
       2.30953192e-03, 2.27362716e-03, 2.23868548e-03, 2.20468185e-03,
       2.17159183e-03, 2.13939159e-03, 2.10805790e-03, 2.07756812e-03,
       2.04790019e-03, 2.01903265e-03, 1.99094457e-03, 1.96361562e-03,
       1.93702599e-03, 1.91115643e-03, 1.88598821e-03, 1.86150312e-03,
       1.83768346e-03, 1.81451203e-03, 1.79197212e-03, 1.77004750e-03,
       1.74872240e-03, 1.72798149e-03, 1.70780992e-03, 1.68819325e-03,
       1.66911746e-03, 1.65056896e-03, 1.63253453e-03, 1.61500138e-03,
       1.59795707e-03, 1.58138955e-03, 1.56528712e-03, 1.54963844e-03,
       1.53443250e-03, 1.51965864e-03, 1.50530650e-03, 1.49136605e-03,
       1.47782757e-03, 1.46468162e-03, 1.45191905e-03, 1.43953102e-03,
       1.42750892e-03, 1.41584443e-03, 1.40452948e-03, 1.39355625e-03,
       1.38291717e-03, 1.37260489e-03, 1.36261231e-03, 1.35293252e-03,
       1.34355885e-03, 1.33448483e-03, 1.32570421e-03, 1.31721092e-03,
       1.30899908e-03, 1.30106299e-03, 1.29339716e-03, 1.28599625e-03,
       1.27885510e-03, 1.27196870e-03, 1.26533222e-03, 1.25894098e-03,
       1.25279044e-03, 1.24687623e-03, 1.24119409e-03, 1.23573993e-03,
       1.23050978e-03, 1.22549979e-03, 1.22070625e-03, 1.21612558e-03,
       1.21175431e-03, 1.20758907e-03, 1.20362664e-03, 1.19986387e-03,
       1.19629775e-03, 1.19292534e-03, 1.18974383e-03, 1.18675049e-03,
       1.18394270e-03, 1.18131791e-03, 1.17887367e-03, 1.17660762e-03,
       1.17451749e-03, 1.17260108e-03, 1.17085627e-03, 1.16928102e-03,
       1.16787336e-03, 1.16663141e-03, 1.16555335e-03, 1.16463741e-03,
       1.16388193e-03, 1.16328526e-03, 1.16284587e-03, 1.16256225e-03,
       1.16243296e-03, 1.16245662e-03, 1.16263192e-03, 1.16295758e-03,
       1.16343238e-03, 1.16405516e-03, 1.16482481e-03, 1.16574025e-03,
       1.16680046e-03, 1.16800447e-03, 1.16935134e-03, 1.17084018e-03,
       1.17247015e-03, 1.17424043e-03, 1.17615026e-03, 1.17819889e-03,
       1.18038562e-03, 1.18270980e-03, 1.18517079e-03, 1.18776800e-03,
       1.19050085e-03, 1.19336880e-03, 1.19637134e-03, 1.19950800e-03,
       1.20277830e-03, 1.20618183e-03, 1.20971817e-03, 1.21338694e-03,
       1.21718777e-03, 1.22112032e-03, 1.22518426e-03, 1.22937929e-03,
       1.23370512e-03])]","[[0, 6.376880005047202e-05, 0.00012384871691641303, 0.0001825152146708144, 0.00024124552683708357, 0.00030103453896996365, 0.0003625849588054018, 0.0004264211827090793, 0.0004929581940097717, 0.000562543746159505, 0.0006354844651140993, 0.00071206224282837, 0.0007925447382199076, 0.0008771922783091039, 0.0009662625403147906, 0.0010600138495265301, 0.0011587076006189, 0.0012626101136915726, 0.0013719941180994964, 0.001487139985655533, 0.0016083367912830022, 0.0017358832524705832, 0.0018700885822534499, 0.002011273279920935, 0.0021597698768457134, 0.002315923650312118, 0.0024800933151313226, 0.0026526517006482155, 0.0028339864191512373, 0.0030245005304960666, 0.0032246132068237047, 0.0034347604005141277, 0.003655395517916168, 0.0038869901008972423, 0.004130034517837939, 0.004385038665338138, 0.004652532681589579, 0.004933067672093835, 0.005227216448156125, 0.005535574278357281, 0.005858759652992781, 0.006197415061264328, 0.00655220778081181, 0.006923830678978214, 0.007313003025004136, 0.007720471312149322, 0.00814701008853385, 0.00859342279527914, 0.00906054261030705, 0.009549233295922452, 0.010060390048059146, 0.010594940344809792, 0.01115384479158634, 0.011738097959967242, 0.012348729216980802, 0.012986803541249313, 0.013653422322075904, 0.014349724137194523, 0.01507688550452306, 0.015836121602860246, 0.016628686956048577, 0.017455876074688653, 0.018319024049035557, 0.019219507086235967, 0.020158742984577246, 0.02113819172206342, 0.02215936055975251, 0.023223818544351887, 0.02433320946953515, 0.025489259514006962, 0.026693781226581236, 0.027948675189706135, 0.029255930256254066, 0.030617622951009518, 0.032035916416672666, 0.033513059137716183, 0.03505138357502844, 0.03665330477631407, 0.03832131898195888, 0.04005800221655669, 0.041866008837610075, 0.04374807000157394, 0.04570699200097021, 0.04774565442306996, 0.049867008079455856, 0.052074072655862925, 0.05436993403253769, 0.05675774122663369, 0.05924070290968524, 0.061822083454873646, 0.06450519847058556, 0.06729340977866878, 0.07019011979785127, 0.07319876529505626, 0.07632281046988339, 0.07956573934039911, 0.0829310474016604, 0.08642223253215026, 0.0900427851275977, 0.09379617744654714, 0.09768585215758557, 0.10171521008437243, 0.10588759715158183, 0.11020629054257806, 0.1146744840881112, 0.11929527291453036, 0.12407163738994002, 0.12900642641732385, 0.13410234013486227, 0.13936191209538373, 0.1447874910090014, 0.15038122214535812, 0.15614502850436743, 0.16208059187671342, 0.16818933392744198, 0.17447239744751158, 0.18093062792892253, 0.1875645556287442, 0.19437437829573648, 0.20135994474003777, 0.2085207394312882, 0.21585586831331316, 0.22336404602385546, 0.23104358470559844, 0.2388923845896775, 0.24690792652489346, 0.25508726661482617, 0.2634270331109693, 0.27192342569290145, 0.28057221724647585, 0.289368758228232, 0.2983079836789509, 0.30738442292182194, 0.31659221195144815, 0.32592510848934586, 0.33537650965019994, 0.34493947213146725, 0.35460673480755783, 0.36437074357936045, 0.3742236783009109, 0.3841574815781047, 0.3941638892100724, 0.4042344620226658, 0.41436061882587144, 0.4245336702132368, 0.4347448529118269, 0.4449853643860088, 0.45524639739755296, 0.46551917422813527, 0.4757949802781852, 0.48606519676794974, 0.4963213322823212, 0.506555052920034, 0.5167582108298316, 0.5269228709406477, 0.5370413357192058, 0.5471061678161826, 0.55711021049064, 0.5670466057312743, 0.5769088100216424, 0.5866906077244127, 0.5963861220864195, 0.6059898238914858, 0.6154965378112935, 0.6249014465257485, 0.6342000927031206, 0.6433883789465854, 0.6524625658275761, 0.6614192681375597, 0.6702554494985008, 0.6789684154784534, 0.6875558053625442, 0.6960155827312287, 0.7043460249972983, 0.7125457120508836, 0.7206135141578528, 0.7285485792517625, 0.7363503197530975, 0.7440183990421587, 0.7515527177038266, 0.7589533996537432, 0.7662207782464062, 0.773355382456412, 0.7803579232147853, 0.7872292799731134, 0.7939704875591868, 0.8005827233791241, 0.8070672950126221, 0.8134256282400621, 0.8196592555327965, 0.8257698050310488, 0.8317589900275167, 0.8376285989689788, 0.843380485982975, 0.8490165619319491, 0.8545387859930867, 0.859949157758454, 0.8652497098468882, 0.8704425010164071, 0.8755296097636495, 0.8805131283949943, 0.8853951575525169, 0.8901778011767747, 0.8948631618875555, 0.8994533367631227, 0.903950413498136, 0.9083564669202799, 0.9126735558456588, 0.91690372025321, 0.9210489787587063, 0.9251113263693476, 0.9290927325004678, 0.9329951392364759, 0.9368204598188047, 0.9405705773443366, 0.9442473436585044, 0.9478525784280114, 0.9513880683788722, 0.9548555666862383, 0.958256792503225, 0.9615934306167039, 0.9648671312187509, 0.9680795097831573, 0.9712321470370902, 0.9743265890186612, 0.9773643472117931, 0.9803468987503852, 0.98327568668436, 0.9861521203007227, 0.9889775754932885, 0.9917533951752259, 0.9944808897290305, 0.997161337488976, 0.9997959852515056, 1.0023860488094045, 1.0049327135059558, 1.0074371348056164, 1.009900438878058, 1.0123237231927105, 1.01470805712121, 1.0170544825454044, 1.0193640144688014, 1.0216376416295465, 1.0238763271132298, 1.0260810089639845, 1.0282526007925188, 1.030391992379868, 1.0325000502757946, 1.0345776183908963, 1.0366255185815925, 1.0386445512272728, 1.040635495798986, 1.0425991114191384, 1.0445361374117481, 1.0464472938428806, 1.0483332820509543, 1.0501947851666662, 1.0520324686223408, 1.053846980650558, 1.055638952771958, 1.0574090002721594, 1.0591577226677669, 1.060885704161471, 1.0625935140862788, 1.0642817073389292, 1.0659508248025773, 1.0676013937588509, 1.0692339282893926, 1.0708489296670265, 1.0724468867366925, 1.0740282762863063, 1.0755935634077143, 1.0771432018479166, 1.0786776343507405, 1.0801972929891532, 1.0817025994884035, 1.0831939655401888, 1.0846717931080443, 1.0861364747241544, 1.0875883937777842, 1.0890279247955323, 1.090455433713607, 1.0918712781423197, 1.093275807622999, 1.0946693638775162, 1.0960522810506204, 1.0974248859452704, 1.0987874982511572, 1.1001404307665972, 1.1014839896139845, 1.1028184744489784, 1.1041441786636035, 1.1054613895834338, 1.1067703886590328, 1.1080714516518126, 1.1093648488144738, 1.110650845066184, 1.1119297001626514, 1.11320166886124, 1.1144670010812767, 1.1157259420596888, 1.1169787325021148, 1.1182256087296212, 1.1194668028211556, 1.1207025427518686, 1.1219330525274218, 1.1231585523144068, 1.1243792585669916, 1.125595384149907, 1.1268071384578795, 1.1280147275316257, 1.1292183541705014, 1.1304182180419127, 1.1316145157875817, 1.1328074411267621, 1.133997184956495, 1.1351839354489914, 1.1363678781462285, 1.1375491960518376, 1.1387280697203657, 1.1399046773439865, 1.1410791948367327, 1.1422517959163225, 1.1434226521836468, 1.144591933199985, 1.145759806562011, 1.1469264379746513, 1.1480919913218548, 1.1492566287353292, 1.1504205106613, 1.1515837959253428, 1.1527466417953411, 1.1539092040426158, 1.1550716370012735, 1.1562340936258175, 1.1573967255470652, 1.15855968312641, 1.1597231155084693, 1.1608871706721533, 1.1620519954801918, 1.1632177357271503, 1.1643845361859717, 1.165552540653069, 1.1667218919920017, 1.1678927321757637, 1.1690652023277046, 1.1702394427611138, 1.171415593017489, 1.172593791903509, 1.1737741775267363, 1.174956887330063, 1.1761420581249233, 1.1773298261232845, 1.1785203269684386, 1.179713695764602, 1.1809100671053423, 1.1821095751008426, 1.183312353404012, 1.1845185352354581, 1.185728253407326, 1.186941640346013, 1.1881588281137692, 1.1893799484291858, 1.1906051326865819, 1.191834511974287, 1.1930682170918323]]"
50.0,80.0,4,60,270,I0-S0,"[[0.01, 0.009218546420913139, 0.008861068736292907, 0.008775059817687893, 0.00886844850475938, 0.009085538038992157, 0.009392313931744358, 0.00976764990299415, 0.01019824194191442, 0.010675577511776922, 0.011194106629684059, 0.011750133975276035, 0.01234114403128145, 0.01296538663655861, 0.013621619532845856, 0.014308945940878313, 0.015026710012834187, 0.015774427849706445, 0.01655174064835243, 0.017358381852773778, 0.018194153363285073, 0.019058907763863327, 0.019952534674719115, 0.02087495002993483, 0.02182608750138548, 0.022805891548941134, 0.023814311738063438, 0.02485129806808403, 0.025916797120821084, 0.0270107488835903, 0.028133084131401274, 0.029283722275203976, 0.030462569599499723, 0.0316695178253185, 0.03290444294464674, 0.034167204280600195, 0.03545764373445212, 0.03677558518636619, 0.03812083402156861, 0.039493176757883316, 0.04089238075416829, 0.04231819398232011, 0.043770344848233236, 0.045248542049467516, 0.046752474459442674, 0.048281811029782455, 0.049836200704008855, 0.05141527233716759, 0.05301863461717566, 0.05464587598474117, 0.056296564549633867, 0.057970248001897914, 0.05966645351730938, 0.06138468765700275, 0.06312443626173257, 0.06488516434170745, 0.06666631596334209, 0.06846731413462426, 0.07028756069109492, 0.07212643618469428, 0.07398329977794066, 0.07585748914608423, 0.07774832039001951, 0.07965508796284966, 0.08157706461307618, 0.08351367429992484, 0.08546623317777158, 0.08743882451531837, 0.08943718496869545, 0.0914678328885301, 0.0935375167313686, 0.09565287485219855, 0.09782023494843115, 0.10004550537432366, 0.1023341263163119, 0.10469105930130097, 0.10712080053606979, 0.10962740832231552, 0.11221453801912659, 0.11488548022981243, 0.11764319940111717, 0.12049037105878145, 0.12342941661174274, 0.12646253513846648, 0.12959173189205658, 0.13281884347380274, 0.1361455597611397, 0.13957344275912179, 0.1431039425910396, 0.14673841086544903, 0.1504781116619405, 0.15432423037230136, 0.15827788062142872, 0.16234010947629535, 0.16651190113342765, 0.17079417925705168, 0.17518780812217213, 0.17969359269992186, 0.18431227780687287, 0.1890445464258028, 0.19389101729271455, 0.1988522418336988, 0.20392870052544626, 0.20912079874477138, 0.21442886216529805, 0.21985313175337104, 0.22539375841018616, 0.2310507973029708, 0.23682420192469583, 0.24271381791916583, 0.24871937670633273, 0.2548404889412308, 0.26107663783896573, 0.2674271723976459, 0.27389130055095917, 0.28046808228222114, 0.2871564227321037, 0.29395506533284876, 0.30086258500254176, 0.3078773814339226, 0.3149976725132145, 0.32222148790551364, 0.32954666284437834, 0.336970832164345, 0.34449142461615745, 0.35210565750548706, 0.35981053169681776, 0.36760282702494357, 0.3754790981571446, 0.3834356709495445, 0.39146863934137865, 0.3995738628308943, 0.4077469645763297, 0.41598333016486, 0.4242781070915276, 0.432626204988972, 0.4410222966472207, 0.44946081986088254, 0.4579359801387793, 0.4664417543083583, 0.4749718950441318, 0.48351993634588875, 0.49207919998852595, 0.5006428029610441, 0.5092036659075702, 0.5177545225782081, 0.5262879302921145, 0.5347962814094552, 0.5432718158028736, 0.551706634312811, 0.5600927131645149, 0.5684219193178961, 0.5766860267146028, 0.5848767333798244, 0.5929856793294819, 0.6010044652266628, 0.6089246717244957, 0.6167378794261814, 0.6244356893866988, 0.6320097440748271, 0.6394517487086665, 0.6467534928728459, 0.6539068723211563, 0.6609039108644974, 0.6677367822408353, 0.6743978318613894, 0.6808795983255427, 0.6871748345960489, 0.6932765287260026, 0.6991779240297965, 0.7048725385918937, 0.7103541840097235, 0.7156169832703382, 0.7206553876646453, 0.7254641926480151, 0.7300385525618271, 0.7343739941370151, 0.7384664287078355, 0.7423121630718675, 0.7459079089405669, 0.7492507909334778, 0.7523383530783622, 0.7551685637889498, 0.7577398193016575, 0.7600509455623676, 0.7621011985641158, 0.7638902631462042, 0.7654182502747559, 0.766685692833952, 0.7676935399660768, 0.7684431500069434, 0.7689362820712277, 0.7691750863496151, 0.769162093186425, 0.7689002010124589, 0.7683926632131817, 0.7676430740169692, 0.7666553534920021, 0.7654337317434544, 0.7639827324049104, 0.7623071555194426, 0.7604120599065223, 0.7583027451109229, 0.7559847330290519, 0.7534637493067396, 0.7507457046004674, 0.7478366757913794, 0.7447428872382377, 0.7414706921518125, 0.73802655416909, 0.7344170292012062, 0.7306487476242147, 0.7267283968767465, 0.722662704523362, 0.7184584218370023, 0.7141223079484563, 0.7096611146052425, 0.7050815715767871, 0.7003903727373348, 0.6955941628526695, 0.6906995250915126, 0.6857129692774223, 0.6806409208921804, 0.67548971083704, 0.6702655659538489, 0.6649746003039707, 0.6596228071991139, 0.6542160519746596, 0.6487600654928576, 0.6432604383603406, 0.6377226158417855, 0.6321518934492316, 0.6265534131845379, 0.6209321604107171, 0.6152929613264216, 0.6096404810166542, 0.6039792220518266, 0.5983135236065824, 0.592647561069313, 0.5869853461130209, 0.5813307271980994, 0.5756873904776972, 0.5700588610765869, 0.564448504714864, 0.5588595296483329, 0.5532949888980856, 0.5477577827425264, 0.5422506614459324, 0.5367762281985468, 0.5313369422441715, 0.5259351221722425, 0.520572949352426, 0.5152524714908574, 0.5099756062882408, 0.5047441451811404, 0.4995597571489012, 0.49442399256974207, 0.48933828711065575, 0.4843039656368246, 0.47932224612731106, 0.47439424358480825, 0.46952097392822845, 0.46470335785786887, 0.4599422246838185, 0.455238316109158, 0.45059228996035094, 0.44600472385803475, 0.4414761188221836, 0.4370069028063448, 0.43259743415633123, 0.42824800498939947, 0.4239588444905435, 0.4197301221230995, 0.41556195075138186, 0.4114543896735563, 0.40740744756340963, 0.40342108532008764, 0.3994952188252572, 0.3956297216074954, 0.39182442741402934, 0.3880791326902361, 0.3843935989675752, 0.3807675551608592, 0.3772006997759778, 0.37369270302937596, 0.3702432088807517, 0.36685183698058066, 0.36351818453420054, 0.3602418280842926, 0.3570223252136896, 0.3538592161705106, 0.35075202541768685, 0.3477002631089874, 0.3447034264936894, 0.3417610012520634, 0.33887246276385635, 0.33603727731196376, 0.3332549032234767, 0.3305247919502819, 0.3278463890913764, 0.32521913535903546, 0.32264246749094566, 0.32011581911038456, 0.3176386215364902, 0.3152103045466269, 0.3128302970928108, 0.31049802797411397, 0.30821292646692044, 0.30597442291485755, 0.30378194928017843, 0.3016349396583198, 0.29953283075730736, 0.29747506234363125, 0.29546107765616025, 0.29349032378961226, 0.2915622520490461, 0.28967631827678986, 0.28783198315316694, 0.2860287124723338, 0.28426597739449166, 0.28254325467568603, 0.2808600268763597, 0.2792157825497791, 0.2776100164114061, 0.2760422294902439, 0.2745119292631412, 0.273018629772997, 0.2715618517317656, 0.2701411226091236, 0.2687559767076188, 0.2674059552250866, 0.26609060630507936, 0.2648094850760222, 0.263562153679773, 0.262348181290231, 0.2611671441226096, 0.2600186254339543, 0.25890221551546144, 0.25781751167712275, 0.2567641182251946, 0.2557416464329649, 0.25474971450526473, 0.2537879475371503, 0.2528559774671544, 0.2519534430254881, 0.25107998967755024, 0.250235269563083, 0.249418941431293, 0.24863067057223837, 0.2478701287447652, 0.24713699410126044, 0.2464309511094717, 0.2457516904716297, 0.24509890904109521, 0.24447230973673717, 0.24387160145523742, 0.24329649898150382, 0.242746722897362, 0.24222199948868514, 0.24172206065111046, 0.2412466437944805, 0.2407954917461384, 0.24036835265319723, 0.23996497988389417, 0.23958513192813333, 0.23922857229731223]]","[[0.01, 0.011673645222856313, 0.01362924433757481, 0.01580189558251425, 0.018156401287987095, 0.020675367066932546, 0.02335181308073338, 0.026184710245492505, 0.029176515269015258, 0.03233172617137555, 0.03565602883511429, 0.03915579554362591, 0.042837792467491656, 0.046709010585735795, 0.05077656906081088, 0.05504766076981144, 0.05952952205730993, 0.06422941614815843, 0.06915462404449181, 0.07431243933210667, 0.0797101648576474, 0.08535511014050688, 0.09125458890944628, 0.09741591645718785, 0.10384640667806612, 0.11055336874858304, 0.11754410346063285, 0.12482589924130351, 0.13240602790274816, 0.14029174016722795, 0.1484902610098767, 0.15700878485722103, 0.1658544706742428, 0.17503443696746912, 0.18455575672657243, 0.1944254523224228, 0.20465049037551966, 0.2152377766052448, 0.226194150667398, 0.23752638098496265, 0.24924115957495754, 0.26134509687252083, 0.2738447165519979, 0.28674645034373375, 0.30005663284446193, 0.31378149631861035, 0.327927165487479, 0.34249965230306045, 0.3575048507032519, 0.37294853134532624, 0.3888363363147698, 0.40517377380694464, 0.4219662127794762, 0.43921887757379185, 0.4569368425048274, 0.47512502641857446, 0.49378818721784085, 0.5129309163573422, 0.5325576333100168, 0.5526725800072587, 0.5732798152565834, 0.5943832091410737, 0.6159864374057888, 0.6380929758371643, 0.6607060946422555, 0.6838290346823882, 0.7074669721175552, 0.731628560417083, 0.7563253895831835, 0.7815714187419731, 0.8073825488970218, 0.8337762944822444, 0.8607715264071856, 0.8883882681148031, 0.916647531842477, 0.945571185978235, 0.9751818468658036, 1.0055027900848004, 1.0365578773962716, 1.0683714963741702, 1.100968510350971, 1.1343742167611204, 1.168614312315187, 1.2037148637105066, 1.2397022828010058, 1.276603305323597, 1.3144449724207798, 1.3532546143158848, 1.393059835593942, 1.433888501621344, 1.4757687257043688, 1.5187288566426054, 1.5627974663802893, 1.6080033374980915, 1.6543754503212535, 1.701942969448189, 1.7507352295276613, 1.8007817201331182, 1.8521120696003206, 1.9047560277095987, 1.9587434471072909, 2.0141042633725776, 2.0708684736463154, 2.12906611374785, 2.1887272337144164, 2.2498818717057567, 2.3125600262242187, 2.376791626607931, 2.442606501761865, 2.510034347098722, 2.5791046896687884, 2.649846851465189, 2.722289910898442, 2.796462662441928, 2.8723935744578513, 2.950110745221537, 3.029641857170511, 3.111014129413736, 3.194254268545672, 3.2793884178194497, 3.3664421047434483, 3.45544018717584, 3.54640679800231, 3.639365288493035, 3.734338170446137, 3.8313470572361723, 3.9304126038976843, 4.031554446385429, 4.134791140164471, 4.240140098294911, 4.347617529187414, 4.457238374216941, 4.569016245393002, 4.682963363295277, 4.799090495493472, 4.917406895679732, 5.037920243750651, 5.160636587083836, 5.285560283260977, 5.412693944495347, 5.54203838402645, 5.673592564748121, 5.80735355033858, 5.943316459161737, 6.081474421208226, 6.221818538342283, 6.364337848116482, 6.509019291410479, 6.655847684142275, 6.804805693291005, 6.955873817458913, 7.109030372186938, 7.264251480223298, 7.421511066927561, 7.580780860974041, 7.742030400498054, 7.905227044806602, 8.070335991751634, 8.237320300839249, 8.406140922122198, 8.576756730895982, 8.74912456819091, 8.923199287023907, 9.098933804344766, 9.276279158582245, 9.455184572666097, 9.635597522371954, 9.817463809807416, 10.000727641829656, 10.185331713157874, 10.371217293918042, 10.558324321332927, 10.746591495247495, 10.935956377158703, 11.1263554923997, 11.317724435111407, 11.50999797561994, 11.703110169826111, 11.896994470203552, 12.091583837995035, 12.286810856192089, 12.482607842881349, 12.678906964542033, 12.875640348882529, 13.072740196810313, 13.270138893138132, 13.467769115640493, 13.665563942087985, 13.863456954902407, 14.061382343093339, 14.259275001156007, 14.45707062463133, 14.65470580205127, 14.85211810301625, 15.049246162175795, 15.246029758908865, 15.44240989252617, 15.63832885284276, 15.833730285995516, 16.028559255406208, 16.222762297816626, 16.416287474347655, 16.609084416558805, 16.80110436750864, 16.992300217839432, 17.18262653693122, 17.372039599191094, 17.56049740556288, 17.747959700360376, 17.93438798354385, 18.119745518574582, 18.303997335995764, 18.487110232900182, 18.669052768455522, 18.849795255667267, 19.02930974956656, 19.207570032016537, 19.384551593335274, 19.56023161093685, 19.734588925193954, 19.907604012726395, 20.079258957319436, 20.249537418674535, 20.418424599192647, 20.585907208986974, 20.75197342931795, 20.91661287463836, 21.079816553431083, 21.241576828015823, 21.40188737349466, 21.56074313599936, 21.71814029039599, 21.87407619759493, 22.02854936160658, 22.181559386475133, 22.333106933214932, 22.48319367686579, 22.63182226377586, 22.7789962692126, 22.92472015539471, 23.068999230030226, 23.21183960543854, 23.353248158326856, 23.49323249028455, 23.631800889052265, 23.768962290615857, 23.90472624216934, 24.039102865984848, 24.172102824222183, 24.30373728470498, 24.43401788768576, 24.56295671361718, 24.690566251942535, 24.81685937091436, 24.941849288446218, 25.065549543999136, 25.187973971501012, 25.309136673294187, 25.42905199510376, 25.547734502016638, 25.665198955459218, 25.781460291159373, 25.89653359807685, 26.01043409828442, 26.123177127780828, 26.234778118215306, 26.345252579502475, 26.454616083305464, 26.562884247364444, 26.670072720647124, 26.77619716929735, 26.881273263357567, 26.98531666424069, 27.08834301292682, 27.1903679188602, 27.29140694952182, 27.391475620653257, 27.490589387107498, 27.58876363430276, 27.686013670255623, 27.782354718170136, 27.877801909560038, 27.972370277881513, 28.06607475265454, 28.158930154051287, 28.250951187930557, 28.342152441297806, 28.43254837817086, 28.52215333583196, 28.610981521447346, 28.699047009036242, 28.78636373677159, 28.872945504595517, 28.958805972133078, 29.043958656888446, 29.12841693270821, 29.212194028497073, 29.295303027171805, 29.37775686483979, 29.459568330189125, 29.540750064077724, 29.62131455930938, 29.70127416058527, 29.7806410646199, 29.859427320410916, 29.9376448296527, 30.01530534728417, 30.09242048216151, 30.169001697847204, 30.245060313506876, 30.32060750490612, 30.395654305499672, 30.47021160760577, 30.544290163658868, 30.61790058753419, 30.691053355937992, 30.763758809857674, 30.83602715606621, 30.90786846867565, 30.97929269073476, 31.05030963586604, 31.12092898993777, 31.19116031276682, 31.261013039848315, 31.330496484108416, 31.399619837676678, 31.468392173674715, 31.536822448018018, 31.604919501228036, 31.672692060251713, 31.740148740285964, 31.807298046604608, 31.874148376385524, 31.940708020535872, 32.00698516551341, 32.072987895142056, 32.138724192419886, 32.2042019413181, 32.26942892856922, 32.33441284544337, 32.39916128951108, 32.46368176639163, 32.5279816914856, 32.59206839169076, 32.65594910710019, 32.71963099268188, 32.7831211199388, 32.84642647854892, 32.90955397798427, 32.972510449108505, 33.03530264575242, 33.097937246266774, 33.16042085505207, 33.222760004064696, 33.28496115429918, 33.3470306972461, 33.4089749563253, 33.470800188294284, 33.53251258463126, 33.59411827289288, 33.655623318046246, 33.71703372377515, 33.77835543376032, 33.83959433293351, 33.90075624870543, 33.96184695216725]]","[array([6.37688001e-05, 6.00799169e-05, 5.86664978e-05, 5.87303122e-05,
       5.97889934e-05, 6.15498733e-05, 6.38327583e-05, 6.65250126e-05,
       6.95552034e-05, 7.28772350e-05, 7.64607627e-05, 8.02853732e-05,
       8.43370263e-05, 8.86058592e-05, 9.30848130e-05, 9.77687588e-05,
       1.02653929e-04, 1.07737535e-04, 1.13017509e-04, 1.18492312e-04,
       1.24160802e-04, 1.30022126e-04, 1.36075641e-04, 1.42320851e-04,
       1.48757351e-04, 1.55384793e-04, 1.62202843e-04, 1.69211159e-04,
       1.76409364e-04, 1.83797028e-04, 1.91373655e-04, 1.99138662e-04,
       2.07091378e-04, 2.15231030e-04, 2.23556734e-04, 2.32067496e-04,
       2.40762202e-04, 2.49639616e-04, 2.58698379e-04, 2.67937002e-04,
       2.77353872e-04, 2.86947242e-04, 2.96715236e-04, 3.06655847e-04,
       3.16766933e-04, 3.27046221e-04, 3.37491303e-04, 3.48099639e-04,
       3.58868553e-04, 3.69795231e-04, 3.80876728e-04, 3.92109960e-04,
       4.03491705e-04, 4.15018606e-04, 4.26687165e-04, 4.38493745e-04,
       4.50434571e-04, 4.62505725e-04, 4.74703148e-04, 4.87022640e-04,
       4.99459858e-04, 5.12010312e-04, 5.24669373e-04, 5.37432264e-04,
       5.50294295e-04, 5.63256586e-04, 5.76337583e-04, 5.89570616e-04,
       6.02996915e-04, 6.16660943e-04, 6.30607467e-04, 6.44879788e-04,
       6.59518735e-04, 6.74562150e-04, 6.90044705e-04, 7.05997913e-04,
       7.22450271e-04, 7.39427471e-04, 7.56952643e-04, 7.75046618e-04,
       7.93728175e-04, 8.13014286e-04, 8.32920334e-04, 8.53460320e-04,
       8.74647037e-04, 8.96492229e-04, 9.19006725e-04, 9.42200557e-04,
       9.66083059e-04, 9.90662943e-04, 1.01594837e-03, 1.04194700e-03,
       1.06866603e-03, 1.09611224e-03, 1.12429197e-03, 1.15321120e-03,
       1.18287548e-03, 1.21328998e-03, 1.24445947e-03, 1.27638827e-03,
       1.30908030e-03, 1.34253900e-03, 1.37676732e-03, 1.41176770e-03,
       1.44754204e-03, 1.48409163e-03, 1.52141718e-03, 1.55951872e-03,
       1.59839557e-03, 1.63804633e-03, 1.67846882e-03, 1.71966001e-03,
       1.76161603e-03, 1.80433205e-03, 1.84780231e-03, 1.89202004e-03,
       1.93697739e-03, 1.98266544e-03, 2.02907410e-03, 2.07619210e-03,
       2.12400694e-03, 2.17250483e-03, 2.22167068e-03, 2.27148804e-03,
       2.32193906e-03, 2.37300448e-03, 2.42466356e-03, 2.47689409e-03,
       2.52967235e-03, 2.58297305e-03, 2.63676939e-03, 2.69103297e-03,
       2.74573383e-03, 2.80084040e-03, 2.85631954e-03, 2.91213653e-03,
       2.96825507e-03, 3.02463730e-03, 3.08124382e-03, 3.13803373e-03,
       3.19496466e-03, 3.25199278e-03, 3.30907288e-03, 3.36615842e-03,
       3.42320157e-03, 3.48015330e-03, 3.53696343e-03, 3.59358074e-03,
       3.64995300e-03, 3.70602715e-03, 3.76174931e-03, 3.81706495e-03,
       3.87191896e-03, 3.92625579e-03, 3.98001957e-03, 4.03315423e-03,
       4.08560362e-03, 4.13731167e-03, 4.18822251e-03, 4.23828063e-03,
       4.28743099e-03, 4.33561920e-03, 4.38279166e-03, 4.42889566e-03,
       4.47387960e-03, 4.51769307e-03, 4.56028704e-03, 4.60161397e-03,
       4.64162795e-03, 4.68028484e-03, 4.71754239e-03, 4.75336038e-03,
       4.78770071e-03, 4.82052754e-03, 4.85180735e-03, 4.88150906e-03,
       4.90960415e-03, 4.93606665e-03, 4.96087330e-03, 4.98400354e-03,
       5.00543960e-03, 5.02516652e-03, 5.04317218e-03, 5.05944732e-03,
       5.07398554e-03, 5.08678332e-03, 5.09783998e-03, 5.10715767e-03,
       5.11474133e-03, 5.12059865e-03, 5.12474004e-03, 5.12717852e-03,
       5.12792972e-03, 5.12701172e-03, 5.12444505e-03, 5.12025254e-03,
       5.11445924e-03, 5.10709234e-03, 5.09818101e-03, 5.08775635e-03,
       5.07585122e-03, 5.06250018e-03, 5.04773930e-03, 5.03160608e-03,
       5.01413932e-03, 4.99537899e-03, 4.97536610e-03, 4.95414259e-03,
       4.93175120e-03, 4.90823532e-03, 4.88363894e-03, 4.85800643e-03,
       4.83138254e-03, 4.80381221e-03, 4.77534046e-03, 4.74601236e-03,
       4.71587284e-03, 4.68496666e-03, 4.65333829e-03, 4.62103183e-03,
       4.58809092e-03, 4.55455869e-03, 4.52047768e-03, 4.48588973e-03,
       4.45083600e-03, 4.41535684e-03, 4.37949179e-03, 4.34327951e-03,
       4.30675773e-03, 4.26996325e-03, 4.23293186e-03, 4.19569838e-03,
       4.15829654e-03, 4.12075906e-03, 4.08311759e-03, 4.04540267e-03,
       4.00764378e-03, 3.96986930e-03, 3.93210652e-03, 3.89438165e-03,
       3.85671980e-03, 3.81914499e-03, 3.78168022e-03, 3.74434737e-03,
       3.70716733e-03, 3.67015994e-03, 3.63334403e-03, 3.59673744e-03,
       3.56035705e-03, 3.52421878e-03, 3.48833763e-03, 3.45272769e-03,
       3.41740219e-03, 3.38237347e-03, 3.34765308e-03, 3.31325174e-03,
       3.27917941e-03, 3.24544528e-03, 3.21205783e-03, 3.17902483e-03,
       3.14635339e-03, 3.11404995e-03, 3.08212035e-03, 3.05056982e-03,
       3.01940303e-03, 2.98862409e-03, 2.95823659e-03, 2.92824364e-03,
       2.89864784e-03, 2.86945137e-03, 2.84065596e-03, 2.81226294e-03,
       2.78427325e-03, 2.75668745e-03, 2.72950579e-03, 2.70272814e-03,
       2.67635410e-03, 2.65038297e-03, 2.62481377e-03, 2.59964526e-03,
       2.57487598e-03, 2.55050421e-03, 2.52652806e-03, 2.50294541e-03,
       2.47975397e-03, 2.45695131e-03, 2.43453479e-03, 2.41250167e-03,
       2.39084905e-03, 2.36957394e-03, 2.34867321e-03, 2.32814364e-03,
       2.30798193e-03, 2.28818468e-03, 2.26874842e-03, 2.24966964e-03,
       2.23094475e-03, 2.21257010e-03, 2.19454203e-03, 2.17685682e-03,
       2.15951073e-03, 2.14249999e-03, 2.12582082e-03, 2.10946942e-03,
       2.09344199e-03, 2.07773472e-03, 2.06234380e-03, 2.04726543e-03,
       2.03249583e-03, 2.01803120e-03, 2.00386778e-03, 1.99000183e-03,
       1.97642963e-03, 1.96314747e-03, 1.95015169e-03, 1.93743864e-03,
       1.92500471e-03, 1.91284632e-03, 1.90095993e-03, 1.88934202e-03,
       1.87798914e-03, 1.86689785e-03, 1.85606476e-03, 1.84548652e-03,
       1.83515984e-03, 1.82508144e-03, 1.81524811e-03, 1.80565668e-03,
       1.79630402e-03, 1.78718705e-03, 1.77830273e-03, 1.76964808e-03,
       1.76122014e-03, 1.75301604e-03, 1.74503290e-03, 1.73726795e-03,
       1.72971841e-03, 1.72238159e-03, 1.71525481e-03, 1.70833548e-03,
       1.70162101e-03, 1.69510888e-03, 1.68879663e-03, 1.68268181e-03,
       1.67676205e-03, 1.67103500e-03, 1.66549836e-03, 1.66014988e-03,
       1.65498735e-03, 1.65000860e-03, 1.64521152e-03, 1.64059401e-03,
       1.63615404e-03, 1.63188960e-03, 1.62779873e-03, 1.62387952e-03,
       1.62013008e-03, 1.61654856e-03, 1.61313317e-03, 1.60988213e-03,
       1.60679371e-03, 1.60386621e-03, 1.60109797e-03, 1.59848737e-03,
       1.59603281e-03])]","[[0, 6.376880005047202e-05, 0.00012384871691641303, 0.0001825152146708144, 0.00024124552683708357, 0.0003010345202062439, 0.00036258439348023445, 0.0004264171517532041, 0.0004929421643402816, 0.0005624973677817828, 0.0006353746027384478, 0.000711835365411685, 0.0007921207386028624, 0.0008764577649136929, 0.0009650636241029874, 0.001058148437115146, 0.0011559171959604087, 0.0012585711246351162, 0.0013663086596399836, 0.0014793261682943604, 0.0015978184803730469, 0.001721979282510222, 0.0018520014086942122, 0.00198807705005852, 0.0021303979006930037, 0.002279155251938751, 0.0024345400447420623, 0.00259674288761609, 0.0027659540462838202, 0.0029423634099646147, 0.0031261604384019595, 0.0033175340930394048, 0.003516672755188133, 0.003723764133562355, 0.0039389951631669026, 0.004162551897190199, 0.004394619393274483, 0.00463538159529555, 0.004885021211579986, 0.005143719590313751, 0.005411656592747775, 0.00568901046468054, 0.005975957706591292, 0.006272672942708216, 0.006579328789221281, 0.006896095721787739, 0.007223141942427797, 0.007560633245867347, 0.00790873288535263, 0.008267601437937276, 0.008637396669224313, 0.009018273397533683, 0.00941038335745888, 0.009813875062773744, 0.010228893668651816, 0.010655580833165378, 0.011094074578038932, 0.011544509148642029, 0.012007014873218758, 0.012481718021365317, 0.012968740661782937, 0.013468200519350382, 0.013980210831578433, 0.014504880204527662, 0.015042312468290383, 0.015592606763180876, 0.0161558633490853, 0.016732200932513378, 0.01732177154842827, 0.017924768463725805, 0.01854142940690009, 0.019172036873507693, 0.019816916661266355, 0.020476435395856613, 0.021150997546134163, 0.021841042251348943, 0.022547040164408675, 0.02326949043538922, 0.02400891790589987, 0.0247658705492041, 0.025540917167528675, 0.0263346453429179, 0.0271476596286609, 0.027980579962910136, 0.02883404028334933, 0.02970868732077388, 0.03060517954960104, 0.031524186274201636, 0.03246638683124422, 0.033432469889763505, 0.03442313283227087, 0.03543908120182609, 0.03648102820152885, 0.037549694234332374, 0.03864580647241107, 0.03977009844652305, 0.04092330964689583, 0.04210618512813497, 0.04331947511151813, 0.04456393457879991, 0.04584032285232667, 0.047149403156854015, 0.04849194215898364, 0.049868709480599474, 0.05128047718309401, 0.05272801921954252, 0.05421211085231257, 0.05573352803389511, 0.05729304674901741, 0.05889144231635213, 0.0605294886483755, 0.06220795746815479, 0.06392761748206434, 0.06568923350764372, 0.06749356555602319, 0.06934136786855367, 0.07123338790749112, 0.07317036530080229, 0.07515303074138001, 0.07718210484118253, 0.07925829694104505, 0.08138230387715134, 0.08355480870540083, 0.08577647938516078, 0.08804796742415531, 0.0903699064865113, 0.09274291096625627, 0.09516757452884375, 0.0976444686235669, 0.10017414097000951, 0.10275711402197493, 0.10539388341262458, 0.10808491638484863, 0.11083065021117966, 0.1136314906078427, 0.11648781014781193, 0.11939994667801115, 0.1223682017460507, 0.12539283904213497, 0.12847408286199968, 0.13161211659694333, 0.13480708125720084, 0.13805907403506634, 0.14136814691430372, 0.14473430533248455, 0.14815750690296298, 0.1516376602032303, 0.1551746236363902, 0.15876820437245195, 0.16241815737605697, 0.1661241845271272, 0.16988593384075432, 0.17370299879243364, 0.17757491775448667, 0.18150117354920933, 0.18548119312393224, 0.189514347352782, 0.19359995096949228, 0.19773726263513117, 0.20192548514408756, 0.2061637657710991, 0.21045119676150817, 0.2147868159663052, 0.21916960762286405, 0.223598503281595, 0.2280723828780443, 0.23259007594925737, 0.23715036299250297, 0.24175197696373119, 0.2463936049124175, 0.251073889748731, 0.25579143213826494, 0.26054479251888707, 0.2653324932336118, 0.2701530207727709, 0.27500482811817073, 0.27988633718137457, 0.2847959413277473, 0.28973200797744625, 0.2946928812741419, 0.2996768848119118, 0.304682324410467, 0.30970749092865135, 0.31475066310599653, 0.31981011042202445, 0.3248840959629613, 0.3299708792855658, 0.3350687192678759, 0.3401758769368428, 0.3452906182630455, 0.35041121691296245, 0.35553595694961276, 0.36066313547276996, 0.3657910651903848, 0.37091807691333306, 0.3760425219661213, 0.38116277450673214, 0.38627723374936995, 0.3913843260844687, 0.3964825070909423, 0.40157026343629, 0.40664611466080813, 0.41170861484280163, 0.4167563541423265, 0.42178796022162796, 0.42680209954105813, 0.43179747852986233, 0.43677284463180843, 0.4417269872261959, 0.44665873842531784, 0.45156697374995713, 0.45645061268497467, 0.4613086191174911, 0.46614000166057484, 0.4709438138657205, 0.4757191543277423, 0.480465166686007, 0.4851810395261938, 0.4898660061869997, 0.4945193444763963, 0.499140376302204, 0.5037284672218698, 0.508283025916424, 0.5128035035936513, 0.5172893933255349, 0.5217402293250376, 0.5261555861672523, 0.5305350779599063, 0.5348783574681282, 0.5391851151982933, 0.5434550784456506, 0.5476880103103047, 0.5518837086859836, 0.5560420052258659, 0.5601627642895763, 0.5642458818752794, 0.5682912845406218, 0.5722989283160845, 0.5762687976141108, 0.5802009041371862, 0.5840952857878469, 0.587952005583398, 0.5917711505779284, 0.5955528307940172, 0.5992971781663353, 0.6030043454991623, 0.6066745054396568, 0.6103078494685427, 0.6139045869097042, 0.6174649439600203, 0.62098916274061, 0.6244775003705122, 0.627930228063679, 0.6313476302500283, 0.6347300037211699, 0.6380776568013039, 0.6413909085436684, 0.6446700879528181, 0.6479155332329065, 0.6511275910620596, 0.6543066158928409, 0.6574529692787301, 0.6605670192264661, 0.6636491395740407, 0.6666997093940684, 0.6697191124222056, 0.6727077365102441, 0.6756659731034607, 0.6785942167417676, 0.6814928645841751, 0.6843623159560493, 0.6872029719186228, 0.690015234860196, 0.6927995081084518, 0.6955561955632883, 0.698285701349568, 0.7009884294891722, 0.7036647835917454, 0.7063151665635123, 0.7089399803335468, 0.7115396255968794, 0.7141145015738292, 0.716665005784951, 0.7191915338410005, 0.7216944792473213, 0.7241742332220718, 0.726631184527719, 0.7290657193152369, 0.7314782209804579, 0.7338690700320419, 0.7362386439705374, 0.7385873171780225, 0.7409154608178309, 0.7432234427438792, 0.7455116274191258, 0.7477803758427094, 0.7500300454853264, 0.7522609902324229, 0.7544735603347912, 0.7566681023661741, 0.7588449591874972, 0.7610044699173607, 0.7631469699084373, 0.765272790729438, 0.7673822601523179, 0.7694757021444115, 0.771553436865195, 0.7736157806673907, 0.7756630461021375, 0.7776955419279649, 0.7797135731233181, 0.7817174409023977, 0.7837074427340801, 0.7856838723637052, 0.78764701983752, 0.7895971715295814, 0.7915346101709304, 0.7934596148808565, 0.7953724612000843, 0.7972734211257194, 0.7991627631477995, 0.8010407522873075, 0.8029076501355057, 0.8047637148944633, 0.8066092014186519, 0.8084443612574925, 0.8102694426987439, 0.8120846908126279, 0.8138903474965931, 0.8156866515206238, 0.8174738385730078, 0.8192521413064794, 0.8210217893846605, 0.8227830095287281, 0.8245360255642367, 0.8262810584680357, 0.8280183264152172, 0.8297480448260406, 0.8314704264127798, 0.8331856812264441, 0.8348940167033257, 0.8365956377113322, 0.8382907465960616, 0.8399795432265851, 0.8416622250408994, 0.8433389870910195, 0.845010022087679, 0.8466755204446117, 0.8483356703223883, 0.8499906576717834, 0.8516406662766514, 0.8532858777962915, 0.8549264718072822, 0.8565626258447671, 0.8581945154431787, 0.8598223141763843, 0.86144619369724, 0.8630663237765419, 0.8646828723413641, 0.8662960055127717, 0.8679058876429014, 0.8695126813514015, 0.8711165475612225, 0.8727176455337549, 0.874316132903305, 0.875912165710906]]"
50.0,80.0,4,60,270,I1-S0,"[[0.01, 0.009218546420913139, 0.008861068736292907, 0.008775059817687893, 0.00886844850475938, 0.00908553807076224, 0.009392315529866514, 0.009767665931294018, 0.010198321756854718, 0.01067584862199044, 0.011194830626647365, 0.01175177349932768, 0.012344437628612676, 0.012971428885628479, 0.013631944447636848, 0.014325612245503385, 0.01505238737038983, 0.01581248350628492, 0.016606326229832057, 0.017434520244329166, 0.018297825727843456, 0.019197140832733366, 0.02013348848534877, 0.021108006303285846, 0.02212193885311987, 0.023176631720602525, 0.024273527020990997, 0.025414160076810292, 0.02660015705603109, 0.027833233408461024, 0.02911519296987399, 0.03044792762668569, 0.03183341745162667, 0.033273731234581265, 0.034771027343625076, 0.03632755485999516, 0.03794565493772704, 0.03962776234431193, 0.041376407143199054, 0.043194216482467684, 0.04508391645665982, 0.04704833401070699, 0.04909039885619438, 0.051213145370957065, 0.053419714453258306, 0.05571335530161152, 0.05809742709071908, 0.06057540051304928, 0.06315085915428957, 0.06582750066932554, 0.06860913772352491, 0.07149969866197443, 0.07450322786694348, 0.07762388576124934, 0.08086594841239327, 0.08423380668934051, 0.08773196492065165, 0.09136503899935637, 0.09513775387651915, 0.09905494038190454, 0.10312153130653928, 0.10734255667832483, 0.1117231381582173, 0.1162684824809102, 0.12098387386048286, 0.12587495747563224, 0.1309507052263456, 0.13622504768291036, 0.1417151317124445, 0.1474398924248967, 0.15341911828505583, 0.15967285429216393, 0.16622103485395606, 0.17308327036634052, 0.18027873431219157, 0.1878261137929616, 0.19574359778713793, 0.20404888546860137, 0.21275920258336745, 0.2218913178594071, 0.23146155419822692, 0.24148579131673636, 0.2519794578232366, 0.26295751160145214, 0.27443440797029117, 0.2864240554770892, 0.2989397594349076, 0.3119941534775684, 0.32559911951338505, 0.33976569653399974, 0.3545039787952367, 0.3698230039441308, 0.3857306317282717, 0.40223341399556445, 0.41933645677768483, 0.4370432753506431, 0.45535564328152595, 0.47427343660129695, 0.4937944743883319, 0.5139143572042826, 0.5346263049903691, 0.5559209962051516, 0.5777864101604534, 0.6002076746860591, 0.6231669214211404, 0.6466431511856465, 0.6706121120221602, 0.6950461926116971, 0.7199143338489858, 0.7451819614072203, 0.7708109421224567, 0.7967595669773418, 0.822982563356811, 0.8494311390796715, 0.8760530604755, 0.9027927664733022, 0.929591520295769, 0.9563875999114726, 0.9831165278898184, 1.0097113407351375, 1.036102897154475, 1.0622202240483345, 1.0879908983171371, 1.1133414618628992, 1.1381978664519392, 1.1624859444081401, 1.1861319004462239, 1.2090628193499033, 1.231207183669653, 1.2524953951772315, 1.2728602934853963, 1.292237665035452, 1.3105667355833774, 1.3277906393846535, 1.3438568584919348, 1.3587176259374134, 1.372330287067693, 1.3846576139234552, 1.3956680682952172, 1.405336009922448, 1.4136418472154588, 1.4205721288447273, 1.426119575535931, 1.4302830524056396, 1.4330674831472066, 1.4344837083049577, 1.4345482907352327, 1.43328327212583, 1.4307158851148065, 1.426878226102916, 1.4218068942827229, 1.415542602707089, 1.4081297673897835, 1.3996160804745619, 1.3900520734328323, 1.379490676063418, 1.3679867767828755, 1.3555967893250307, 1.3423782305287797, 1.3283893133993399, 1.3136885590956842, 1.2983344309410705, 1.2823849929887792, 1.2658975951146043, 1.248928586062997, 1.231533055355129, 1.2137646044828159, 1.1956751473687321, 1.177314739675389, 1.1587314361960188, 1.1399711752613164, 1.1210776888470446, 1.1020924368677825, 1.0830545639894382, 1.0640008771847234, 1.0449658421880372, 1.025981596975217, 1.0070779803951337, 0.9882825741098373, 0.9696207560535381, 0.9511157636939432, 0.9327887654683517, 0.914658938867692, 0.8967435537509579, 0.8790580595871624, 0.8616161754393052, 0.8444299816225553, 0.827510012084929, 0.8108653466715346, 0.7945037025416541, 0.7784315241105023, 0.7626540709837141, 0.7471755034419244, 0.7319989651149404, 0.7171266625598197, 0.702559941524693, 0.6882993597405552, 0.674344756136729, 0.6606953164226136, 0.6473496350190415, 0.6343057733574896, 0.6215613145949739, 0.6091134148171542, 0.5969588508224242, 0.585094064596025, 0.5735152045959181, 0.5622181639816957, 0.5511986159245856, 0.5404520461409862, 0.5299737827942687, 0.5197590239101358, 0.5098028624498847, 0.5001003091837511, 0.4906463135033429, 0.4814357823081795, 0.4724635970967469, 0.46372462938738107, 0.45521375458885993, 0.44692586443491533, 0.4388558780910812, 0.43099875203644245, 0.4233494888170225, 0.41590314476178997, 0.4086548367466322, 0.4015997480861652, 0.39473313362795653, 0.38805032411865137, 0.38154672990662725, 0.37521784404116637, 0.36905924482373853, 0.36306659786282675, 0.35723565767980664, 0.35156226890970427, 0.34604236713719655, 0.34067197940498556, 0.33544722442865454, 0.33036431254929916, 0.32541954545260837, 0.32060931568063766, 0.3159301059602608, 0.31137848837020027, 0.3069511233666055, 0.3026447586853633, 0.2984562281376824, 0.29438245031397914, 0.2904204272096928, 0.28656724278538204, 0.28282006147227157, 0.2791761266333383, 0.27563275898903516, 0.2721873550158419, 0.26883738532499946, 0.26558039302802533, 0.26241399209491106, 0.25933586571026757, 0.2563437646321049, 0.25343550555740496, 0.2506089694981633, 0.2478621001711382, 0.24519290240414704, 0.24259944056138702, 0.24007983698992852, 0.23763227048923186, 0.2352549748052666, 0.23294623715056945, 0.2307043967513544, 0.22852784342259014, 0.22641501617177945, 0.2243644018320131, 0.22237453372472543, 0.22044399035244877, 0.21857139412174537, 0.21675541009639307, 0.21499474478080638, 0.21328814493359213, 0.21163439641106652, 0.21003232304049413, 0.20848078552275406, 0.2069786803640871, 0.20552493883653547, 0.20411852596664856, 0.20275843955199585, 0.20144370920500052, 0.20017339542358445, 0.19894658868809553, 0.1977624085839726, 0.19662000294959067, 0.1955185470487194, 0.19445724276702048, 0.19343531783200435, 0.1924520250558647, 0.19150664160060668, 0.190598468264887, 0.18972682879198446, 0.188891069198324, 0.1880905571219809, 0.1873246811905978, 0.18659285040815274, 0.1858944935600236, 0.18522905863580258, 0.18459601226932118, 0.18399483919535614, 0.1834250417224945, 0.1828861392216461, 0.18237766762970112, 0.18189917896783964, 0.18145024087401046, 0.1810304361491063, 0.18063936231637226, 0.18027663119359472, 0.17994186847762775, 0.17963471334082406, 0.17935481803894754, 0.179101847530154, 0.1788754791046368, 0.17867540202454332, 0.1785013171737781, 0.17835293671731695, 0.17822998376966684, 0.1781321920721138, 0.17805930567841133, 0.17801107864856905, 0.17798727475041143, 0.1779876671685829, 0.1780120382206853, 0.17806017908024022, 0.178131889506178, 0.17822697757856096, 0.17834525944025714, 0.17848655904428745, 0.17865070790657622, 0.1788375448638418, 0.17904691583637083, 0.1792786735954263, 0.179532677535045, 0.17980879344798806, 0.18010689330561178, 0.18042685504143433, 0.18076856233817787, 0.18113190441807223, 0.18151677583621145, 0.18192307627676021, 0.18235071035181213, 0.1827995874027073, 0.1832696213036218, 0.1837607302672464, 0.18427283665237756, 0.18480586677324745, 0.18535975071042615, 0.18593442212313263, 0.18652981806279678, 0.18714587878771904, 0.18778254757867915, 0.18843977055535016, 0.18911749649337878, 0.18981567664199722, 0.1905342645420376, 0.19127321584422313, 0.19203248812761692, 0.19281204071811237, 0.19361183450685535, 0.19443183176849224, 0.19527199597914383, 0.19613229163400933, 0.19701268406451067, 0.19791313925489168]]","[[0.01, 0.011673645222856313, 0.01362924433757481, 0.01580189558251425, 0.018156401287987095, 0.020675367099565727, 0.0233518148005632, 0.026184728124831025, 0.029176607538040272, 0.03233205085433369, 0.03565692664621645, 0.039157899660829394, 0.04284216446037481, 0.04671730155169582, 0.050791205060420626, 0.055072051804923826, 0.05956829402816706, 0.06428866541921552, 0.0692421944245169, 0.07443822142538309, 0.07988641786883913, 0.08559680631795273, 0.09157978089355377, 0.09784612786570239, 0.10440704631158816, 0.11127416884066446, 0.11845958242948071, 0.12597584942644854, 0.13383602879145473, 0.14205369763301387, 0.15064297310004132, 0.15961853467825504, 0.1689956469337088, 0.17879018273852335, 0.1890186470067293, 0.19969820096131968, 0.21084668694709957, 0.22248265379764162, 0.23462538275852296, 0.24729491396293016, 0.2605120734495894, 0.2742985007067109, 0.2886766767191555, 0.3036699524892505, 0.31930257799453793, 0.3355997315381532, 0.35258754943945025, 0.37029315600384416, 0.388744693701577, 0.40797135347517566, 0.4280034050847053, 0.4488722273884825, 0.4706103384446517, 0.4932514253059043, 0.5168303733655942, 0.5413832950985447, 0.5669475580239182, 0.5935618117006192, 0.6212660135478011, 0.6501014532641545, 0.6801107755997735, 0.7113380012135502, 0.7438285453272714, 0.7776292338649476, 0.8127883167424568, 0.8493557852076404, 0.8873867434972211, 0.9269442189541227, 0.9680984803798773, 1.010926239889447, 1.0555100483580848, 1.1019378351143498, 1.150302555548345, 1.2007019192726602, 1.2532381778681707, 1.3080179558813914, 1.3651521121463468, 1.4247556210365684, 1.486947465153333, 1.551850532392649, 1.6195915114251838, 1.6903007804569947, 1.764112284778737, 1.8411633991053973, 1.9215947710947772, 2.005550142740001, 2.0931761465824508, 2.184622073905452, 2.2800396122612403, 2.3795825498671244, 2.483406444592344, 2.5916682554543704, 2.70452593476053, 2.822137979275044, 2.9446629390691315, 3.0722588830280886, 3.205082820348723, 3.343290077766815, 3.4870336327099247, 3.6364634030774434, 3.791725494907468, 3.95296140979789, 4.12030721460437, 4.293892676636437, 4.47384036830881, 4.660264745970396, 4.853271208418395, 5.052955141397907, 5.259400955174666, 5.472681123034495, 5.692855229290676, 5.919969036051016, 6.154053578590333, 6.39512429967105, 6.643180233534111, 6.898203250524569, 7.160157373401926, 7.428988176297751, 7.704622277007518, 7.98696693282901, 8.275909749478624, 8.571318511727048, 8.873041143299696, 9.180905802293102, 9.494721116880475, 9.814276564437609, 10.139342995440074, 10.469673301595192, 10.805003225713188, 11.145052308830921, 11.489524968120675, 11.838111697189753, 12.19049037854786, 12.546327696331339, 12.905280635866436, 13.26699805536397, 13.631122313995954, 13.997290939835484, 14.365138320661774, 14.73429740045232, 15.104401364505254, 15.475085296550589, 15.845987791904962, 16.21675251167941, 16.587029664236134, 16.956477401475222, 17.324763119079325, 17.691564651513843, 18.056571354331513, 18.419485068122768, 18.78002096024726, 19.13790824224044, 19.492890762478112, 19.844727475272055, 20.193192789035336, 20.538076797477633, 20.879185398952917, 21.216340310075022, 21.54937898053572, 21.878154416704582, 22.202534922064032, 22.522403762843684, 22.83765876737574, 23.148211867710323, 23.45398859192075, 23.754927515309078, 24.050979678408094, 24.34210797928344, 24.628286547184377, 24.9095001040894, 25.185743320157425, 25.4570201685396, 25.723343284443008, 25.984733332775395, 26.241218388148962, 26.492833330488132, 26.739619258977303, 26.9816229266046, 27.218896197109824, 27.45149552573167, 27.679481464772245, 27.90291819465628, 28.121873080858222, 28.336416256801627, 28.546620232600777, 28.752559529312368, 28.954310338193785, 29.151950204321306, 29.345557733804718, 29.535212323741757, 29.72099391398396, 29.90298275973311, 30.081259223951758, 30.25590358855063, 30.426995883307637, 30.594615731476342, 30.758842211053995, 30.91975373069918, 31.077427919315518, 31.231941528349097, 31.383370345882643, 31.531789121647527, 31.67727150211502, 31.819889974869703, 31.959715821510247, 32.09681907836507, 32.23126850435256, 32.36313155535688, 32.49247436453077, 32.61936172797612, 32.74385709529062, 32.86602256450535, 32.98591888097253, 33.1036054397958, 33.219140291426505, 33.33258015007879, 33.443980404644336, 33.55339513181337, 33.660877111133, 33.7664778417568, 33.8702475606607, 33.972235262119995, 34.072488718260665, 34.17105450051521, 34.267978001828745, 34.3633034594759, 34.457073978362274, 34.54933155469652, 34.64011709993069, 34.72947046487663, 34.81743046391598, 34.90403489923013, 34.9893205849842, 35.07332337140691, 35.156078168714586, 35.23761897083375, 35.317978878882315, 35.397190124374546, 35.475284092119466, 35.5522913427866, 35.62824163511677, 35.7031639477591, 35.77708650071844, 35.8500367764003, 35.922041540242894, 35.9931268609281, 36.06331813016538, 36.132640082044254, 36.20111681195294, 36.268771795061824, 36.33562790437206, 36.401707428330695, 36.46703208801453, 36.5316230538861, 36.59550096212592, 36.658685930545545, 36.72119757408712, 36.78305501991503, 36.84427692210625, 36.904881475945906, 36.96488643183528, 37.02430910881946, 37.083166407742205, 37.14147482403573, 37.19925046015319, 37.256509037651824, 37.31326590893476, 37.36953606865943, 37.42533416482065, 37.480674509516355, 37.535571089403966, 37.59003757585527, 37.64408733481761, 37.697733436389285, 37.75098866411657, 37.803865524020125, 37.85637625335807, 37.90853282913308, 37.960346976350635, 38.0118301760355, 38.06299367301326, 38.113848483463705, 38.16440540225258, 38.214675010048204, 38.264667680229266, 38.3143935855898, 38.36386270484746, 38.413084828960855, 38.46206956726157, 38.510826353406536, 38.55936445115589, 38.607692959981776, 38.655820820512936, 38.70375681982022, 38.75150959654759, 38.79908764589339, 38.846499324446256, 38.893752854880155, 38.940856330512624, 38.987817719730344, 39.03464487028606, 39.081345513470524, 39.12792726816332, 39.17439764476599, 39.22076404902102, 39.26703378571995, 39.31321406230387, 39.359311992359345, 39.40533459901286, 39.45128881822655, 39.49718150199809, 39.54301942146738, 39.58880926993259, 39.63455766577812, 39.68027115531673, 39.72595621554832, 39.77161925683732, 39.81726662551102, 39.86290460638078, 39.90853942518804, 39.95417725097705, 39.99982419839603, 40.045486329928565, 40.09116965805678, 40.136880147357864, 40.18262371653549, 40.228406240387436, 40.274233551710886, 40.320111443146565, 40.366045668963004, 40.41204194678204, 40.4581059592467, 40.50424335563242, 40.5504597534026, 40.59676073970948, 40.64315187284108, 40.68963868361508, 40.73622667672035, 40.78292133200693, 40.82972810572494, 40.876652431713175, 40.923699722537876, 40.97087537058217, 41.018184749086686, 41.0656332131417, 41.113226100631316, 41.16096873312984, 41.20886641675077, 41.25692444294865, 41.305148089273935, 41.35354262008113, 41.402113287190325, 41.4508653305022, 41.49980397856664, 41.548934449104976, 41.59826194948588, 41.6477916771549, 41.69752882001762, 41.74747855677632, 41.79764605722015, 41.848036482468565, 41.89865498516803, 41.94950670964173, 42.000596791992145, 42.05193036015632, 42.10351253391356]]","[array([6.37688001e-05, 6.00799169e-05, 5.86664978e-05, 5.87303122e-05,
       5.97889934e-05, 6.15498764e-05, 6.38328032e-05, 6.65252880e-05,
       6.95562715e-05, 7.28803581e-05, 7.64683154e-05, 8.03013161e-05,
       8.43674243e-05, 8.86594272e-05, 9.31734791e-05, 9.79082363e-05,
       1.02864292e-04, 1.08043800e-04, 1.13450207e-04, 1.19088077e-04,
       1.24962944e-04, 1.31081219e-04, 1.37450108e-04, 1.44077556e-04,
       1.50972199e-04, 1.58143332e-04, 1.65600882e-04, 1.73355387e-04,
       1.81417987e-04, 1.89800413e-04, 1.98514985e-04, 2.07574609e-04,
       2.16992780e-04, 2.26783589e-04, 2.36961726e-04, 2.47542491e-04,
       2.58541804e-04, 2.69976212e-04, 2.81862906e-04, 2.94219728e-04,
       3.07065187e-04, 3.20418472e-04, 3.34299461e-04, 3.48728738e-04,
       3.63727602e-04, 3.79318081e-04, 3.95522939e-04, 4.12365690e-04,
       4.29870604e-04, 4.48062716e-04, 4.66967828e-04, 4.86612516e-04,
       5.07024129e-04, 5.28230790e-04, 5.50261388e-04, 5.73145576e-04,
       5.96913756e-04, 6.21597064e-04, 6.47227356e-04, 6.73837180e-04,
       7.01459747e-04, 7.30128900e-04, 7.59879071e-04, 7.90745234e-04,
       8.22763243e-04, 8.55979495e-04, 8.90470987e-04, 9.26342270e-04,
       9.63714254e-04, 1.00271643e-03, 1.04348184e-03, 1.08614389e-03,
       1.13083450e-03, 1.17768298e-03, 1.22681555e-03, 1.27835512e-03,
       1.33242133e-03, 1.38913057e-03, 1.44859615e-03, 1.51092838e-03,
       1.57623460e-03, 1.64461916e-03, 1.71618339e-03, 1.79102534e-03,
       1.86923959e-03, 1.95091688e-03, 2.03614372e-03, 2.12500188e-03,
       2.21756781e-03, 2.31391201e-03, 2.41409833e-03, 2.51818316e-03,
       2.62621460e-03, 2.73823161e-03, 2.85426300e-03, 2.97432648e-03,
       3.09842764e-03, 3.22655889e-03, 3.35869838e-03, 3.49480894e-03,
       3.63483698e-03, 3.77871145e-03, 3.92634279e-03, 4.07762195e-03,
       4.23241943e-03, 4.39058446e-03, 4.55194422e-03, 4.71630318e-03,
       4.88344261e-03, 5.05312014e-03, 5.22506966e-03, 5.39900120e-03,
       5.57460118e-03, 5.75153279e-03, 5.92943665e-03, 6.10793166e-03,
       6.28661619e-03, 6.46506942e-03, 6.64285306e-03, 6.81951325e-03,
       6.99458274e-03, 7.16758331e-03, 7.33802845e-03, 7.50542623e-03,
       7.66928233e-03, 7.82910325e-03, 7.98439967e-03, 8.13468986e-03,
       8.27950316e-03, 8.41838340e-03, 8.55089240e-03, 8.67661327e-03,
       8.79515361e-03, 8.90614858e-03, 9.00926369e-03, 9.10419734e-03,
       9.19068309e-03, 9.26849160e-03, 9.33743216e-03, 9.39735394e-03,
       9.44814676e-03, 9.48974152e-03, 9.52211021e-03, 9.54526550e-03,
       9.55926005e-03, 9.56418533e-03, 9.56017016e-03, 9.54737896e-03,
       9.52600968e-03, 9.49629153e-03, 9.45848243e-03, 9.41286638e-03,
       9.35975064e-03, 9.29946288e-03, 9.23234820e-03, 9.15876625e-03,
       9.07908827e-03, 8.99369427e-03, 8.90297022e-03, 8.80730545e-03,
       8.70709010e-03, 8.60271279e-03, 8.49455840e-03, 8.38300606e-03,
       8.26842738e-03, 8.15118478e-03, 8.03163008e-03, 7.91010326e-03,
       7.78693144e-03, 7.66242797e-03, 7.53689181e-03, 7.41060696e-03,
       7.28384211e-03, 7.15685045e-03, 7.02986954e-03, 6.90312139e-03,
       6.77681258e-03, 6.65113446e-03, 6.52626355e-03, 6.40236185e-03,
       6.27957735e-03, 6.15804449e-03, 6.03788470e-03, 5.91920701e-03,
       5.80210859e-03, 5.68667539e-03, 5.57298274e-03, 5.46109597e-03,
       5.35107101e-03, 5.24295503e-03, 5.13678698e-03, 5.03259823e-03,
       4.93041306e-03, 4.83024928e-03, 4.73211868e-03, 4.63602757e-03,
       4.54197723e-03, 4.44996437e-03, 4.35998157e-03, 4.27201764e-03,
       4.18605804e-03, 4.10208520e-03, 4.02007888e-03, 3.94001644e-03,
       3.86187317e-03, 3.78562251e-03, 3.71123634e-03, 3.63868517e-03,
       3.56793836e-03, 3.49896432e-03, 3.43173067e-03, 3.36620441e-03,
       3.30235207e-03, 3.24013981e-03, 3.17953361e-03, 3.12049928e-03,
       3.06300265e-03, 3.00700960e-03, 2.95248616e-03, 2.89939857e-03,
       2.84771337e-03, 2.79739741e-03, 2.74841793e-03, 2.70074260e-03,
       2.65433954e-03, 2.60917736e-03, 2.56522521e-03, 2.52245276e-03,
       2.48083024e-03, 2.44032847e-03, 2.40091884e-03, 2.36257336e-03,
       2.32526463e-03, 2.28896585e-03, 2.25365083e-03, 2.21929402e-03,
       2.18587046e-03, 2.15335578e-03, 2.12172624e-03, 2.09095870e-03,
       2.06103059e-03, 2.03191994e-03, 2.00360536e-03, 1.97606602e-03,
       1.94928166e-03, 1.92323256e-03, 1.89789956e-03, 1.87326402e-03,
       1.84930781e-03, 1.82601333e-03, 1.80336347e-03, 1.78134161e-03,
       1.75993161e-03, 1.73911778e-03, 1.71888492e-03, 1.69921825e-03,
       1.68010343e-03, 1.66152653e-03, 1.64347407e-03, 1.62593293e-03,
       1.60889040e-03, 1.59233417e-03, 1.57625226e-03, 1.56063308e-03,
       1.54546540e-03, 1.53073830e-03, 1.51644122e-03, 1.50256391e-03,
       1.48909644e-03, 1.47602918e-03, 1.46335280e-03, 1.45105826e-03,
       1.43913680e-03, 1.42757994e-03, 1.41637944e-03, 1.40552734e-03,
       1.39501593e-03, 1.38483772e-03, 1.37498549e-03, 1.36545220e-03,
       1.35623109e-03, 1.34731556e-03, 1.33869926e-03, 1.33037602e-03,
       1.32233988e-03, 1.31458506e-03, 1.30710597e-03, 1.29989721e-03,
       1.29295353e-03, 1.28626988e-03, 1.27984136e-03, 1.27366322e-03,
       1.26773088e-03, 1.26203990e-03, 1.25658601e-03, 1.25136505e-03,
       1.24637302e-03, 1.24160604e-03, 1.23706037e-03, 1.23273239e-03,
       1.22861860e-03, 1.22471564e-03, 1.22102024e-03, 1.21752924e-03,
       1.21423962e-03, 1.21114843e-03, 1.20825285e-03, 1.20555014e-03,
       1.20303767e-03, 1.20071290e-03, 1.19857337e-03, 1.19661672e-03,
       1.19484068e-03, 1.19324306e-03, 1.19182175e-03, 1.19057470e-03,
       1.18949998e-03, 1.18859568e-03, 1.18786001e-03, 1.18729123e-03,
       1.18688765e-03, 1.18664767e-03, 1.18656976e-03, 1.18665242e-03,
       1.18689424e-03, 1.18729386e-03, 1.18784995e-03, 1.18856129e-03,
       1.18942665e-03, 1.19044491e-03, 1.19161495e-03, 1.19293573e-03,
       1.19440623e-03, 1.19602552e-03, 1.19779266e-03, 1.19970678e-03,
       1.20176705e-03, 1.20397268e-03, 1.20632290e-03, 1.20881700e-03,
       1.21145430e-03, 1.21423413e-03, 1.21715588e-03, 1.22021897e-03,
       1.22342282e-03, 1.22676691e-03, 1.23025074e-03, 1.23387382e-03,
       1.23763571e-03, 1.24153597e-03, 1.24557419e-03, 1.24974999e-03,
       1.25406299e-03, 1.25851285e-03, 1.26309923e-03, 1.26782181e-03,
       1.27268030e-03, 1.27767440e-03, 1.28280384e-03, 1.28806835e-03,
       1.29346767e-03, 1.29900157e-03, 1.30466978e-03, 1.31047210e-03,
       1.31640827e-03])]","[[0, 6.376880005047202e-05, 0.00012384871691641303, 0.0001825152146708144, 0.00024124552683708357, 0.000301034520228662, 0.0003625843966414725, 0.0004264171998321301, 0.0004929424878230016, 0.0005624987592816431, 0.0006353791173914049, 0.0007118474327662785, 0.0007921487488769385, 0.0008765161731446061, 0.0009651756003320462, 0.001058349079465466, 0.0011562573157864213, 0.0012591216081280672, 0.0013671654076541514, 0.0014806156150923091, 0.0015997036919739127, 0.0017246666359797226, 0.0018557478547585702, 0.001993197962660169, 0.0021372755184017734, 0.0022882477174042057, 0.002446391049571161, 0.0026119919311594344, 0.002785347317803211, 0.00296676530453384, 0.003156565717666684, 0.003355080702638165, 0.0035626553112229125, 0.003779648091011483, 0.004006431679561149, 0.004243393405229209, 0.004490935896347339, 0.004749477700086486, 0.005019453912086335, 0.00530131681767435, 0.005595536545270897, 0.005902601732363737, 0.006223020204232755, 0.006557319665410219, 0.006906048403669601, 0.007269776006143939, 0.0076490940869800295, 0.008044617025734932, 0.008456982715513959, 0.00888685331963247, 0.009334916035355334, 0.009801883863026183, 0.010288496378641772, 0.010795520507653375, 0.01132375129748574, 0.011874012685953358, 0.012447158262422509, 0.013044072018214621, 0.01366566908237096, 0.014312896438499997, 0.014986733618006082, 0.015688193364551305, 0.01641832226413127, 0.01717820133465032, 0.017968946568362957, 0.01879170981122099, 0.019647689305737025, 0.020538160292758765, 0.021464502562790463, 0.02242821681726105, 0.02343093324865011, 0.024474415086290547, 0.025560558979075044, 0.026691393478086228, 0.02786907645599946, 0.029095892002296876, 0.030374247126213214, 0.03170666845631082, 0.033095799027791306, 0.0345443951826816, 0.03605532356433652, 0.03763155815948721, 0.03927617732351947, 0.04099236071438817, 0.042783386055181435, 0.044652625643192494, 0.04660354252331279, 0.048639686244880076, 0.050764688123320904, 0.0529822559307305, 0.055296167942781985, 0.057710266272993214, 0.060228449429409296, 0.06285466403323321, 0.06559289564393365, 0.06844715864097259, 0.07142148511862847, 0.0745199127575459, 0.07774647164471668, 0.0811051700226795, 0.08459997895888567, 0.0882348159374737, 0.09201352738815367, 0.0959398701805293, 0.10001749212695246, 0.10424991155285065, 0.10864049601029183, 0.11319244022821326, 0.11790874341105663, 0.12279218601629285, 0.1278453061602135, 0.13307037582009543, 0.13846937701905254, 0.14404397819717868, 0.14979551098853539, 0.1557249476376953, 0.16183287930145868, 0.16811949549055274, 0.1745845649121481, 0.1812274179764643, 0.18804693122919874, 0.19504151396568095, 0.20220909727227435, 0.20954712572545992, 0.21705255195918288, 0.22472183428647982, 0.23255093753230793, 0.24053533720117645, 0.24867002706606597, 0.2569495302247713, 0.26536791362689044, 0.2739188060299819, 0.2825954192977788, 0.29139057290770615, 0.30029672149024683, 0.3093059851799106, 0.31841018251761716, 0.32760086560810464, 0.33686935720432615, 0.34620678936441224, 0.3556041433062284, 0.3650522900702821, 0.3745420315940008, 0.3840641417993187, 0.3936094073010111, 0.40316866735507184, 0.4127328526842623, 0.4222930228412473, 0.4318404017978367, 0.4413664114810352, 0.45086270301206605, 0.46032118544242484, 0.4697340518204763, 0.47909380246227273, 0.48839326534032496, 0.49762561354322654, 0.5067843797966246, 0.5158634680714286, 0.5248571623378429, 0.5337601325533832, 0.542567437999178, 0.5512745281013667, 0.5598772408931679, 0.5683717992882007, 0.5767548053469548, 0.5850232327260767, 0.5931744175045528, 0.6012060475822003, 0.6091161508443893, 0.616903082282945, 0.6245655102570418, 0.6321024020699365, 0.639513009027928, 0.6467968511372976, 0.6539537015834868, 0.6609835711246778, 0.6678866925195347, 0.6746635050963499, 0.6813146395584412, 0.6878409031085229, 0.6942432649630728, 0.7005228423165696, 0.7066808868049489, 0.7127187715078097, 0.7186379785198342, 0.7244400871135861, 0.7301267625083437, 0.735699745252893, 0.7411608412242385, 0.7465119122389637, 0.7517548672694405, 0.756891654253231, 0.7619242524807749, 0.7668546655437842, 0.7716849148246187, 0.7764170335052377, 0.7810530610730765, 0.7855950383003235, 0.790045002672543, 0.7944049842423392, 0.7986770018837703, 0.8028630599234431, 0.80696514512462, 0.8109852240012282, 0.8149252404393306, 0.8187871136043938, 0.8225727361135292, 0.826283972452787, 0.829922657620514, 0.8334905959787495, 0.8369895602955972, 0.8404212909624798, 0.8437874953711371, 0.8470898474361678, 0.8503299872498267, 0.8535095208566763, 0.8566300201365442, 0.8596930227850521, 0.8627000323817684, 0.8656525185367722, 0.868551917107124, 0.8713996304754023, 0.8741970278830882, 0.8769454458121714, 0.8796461884088987, 0.8823005279441031, 0.8849097053050298, 0.8874749305140239, 0.8899973832698584, 0.8924782135078678, 0.8949185419754073, 0.8973194608194897, 0.8996820341837538, 0.9020072988122011, 0.9042962646573932, 0.9065499154910425, 0.9087692095151443, 0.9109550799719994, 0.9131084357516589, 0.9152301619954903, 0.9173211206947172, 0.919382151282923, 0.9214140712216394, 0.9234176765782509, 0.9253937425955573, 0.9273430242524273, 0.9292662568150659, 0.9311641563784941, 0.9330374203979128, 0.9348867282096837, 0.9367127415417208, 0.9385161050131359, 0.940297446623027, 0.9420573782283436, 0.943796496010797, 0.9455153809328175, 0.9472145991825909, 0.9488947026082314, 0.9505562291411728, 0.9521997032088778, 0.9538256361369851, 0.9554345265410277, 0.9570268607078705, 0.958603112967026, 0.960163746052017, 0.9617092114519611, 0.9632399497535635, 0.9647563909737058, 0.9662589548828222, 0.9677480513192636, 0.9692240804948451, 0.9706874332917802, 0.9721384915512009, 0.9735776283534674, 0.9750052082904673, 0.9764215877301058, 0.9778271150731842, 0.979222131002866, 0.9806069687269237, 0.9819819542129604, 0.9833474064167955, 0.9847036375042005, 0.9860509530661711, 0.9873896523279124, 0.988720028351719, 0.9900423682339179, 0.9913569532960488, 0.9926640592704451, 0.993963956480378, 0.9952569100149231, 0.9965431798987022, 0.9978230212566539, 0.9990966844739755, 1.0003644153513829, 1.0016264552558254, 1.0028830412667902, 1.004134406318329, 1.0053807793369356, 1.0066223853753926, 1.007859445742716, 1.0090921781303053, 1.0103207967344203, 1.0115455123750867, 1.0127665326115416, 1.01398406185432, 1.015198301474081, 1.0164094499072693, 1.0176177027587079, 1.0188232529012078, 1.020026290572285, 1.0212270034680644, 1.0224255768344563, 1.0236221935556793, 1.024817034240207, 1.0260102773042106, 1.0272020990525659, 1.0283926737574947, 1.0295821737349014, 1.0307707694184705, 1.0319586294315823, 1.0331459206571074, 1.0343328083051289, 1.0355194559786536, 1.0367060257373562, 1.0378926781594076, 1.0390795724014354, 1.0402668662566565, 1.0414547162112298, 1.0426432774988657, 1.0438327041537334, 1.0450231490617008, 1.0462147640099448, 1.0474076997349628, 1.048602105969018, 1.049798131485051, 1.0509959241400813, 1.0521956309171299, 1.0533973979656872, 1.054601370640748, 1.0558076935404392, 1.05701651054226, 1.0582279648379522, 1.0594421989670233, 1.0606593548489354, 1.0618795738139772, 1.0631029966328343, 1.0643297635448705, 1.0655600142851318, 1.066793888110085, 1.0680315238220996, 1.0692730597926847, 1.0705186339844839, 1.0717683839720402, 1.073022446961333, 1.0742809598080942, 1.0755440590349068, 1.0768118808470881, 1.0780845611473617, 1.079362235549318, 1.0806450393896645, 1.0819331077392664, 1.0832265754129762, 1.08452557697825, 1.08583024676255, 1.0871407188595286, 1.0884571271339925]]"
50.0,80.0,4,60,270,I0-S1,"[[0.01, 0.009218546420913139, 0.008861068736292907, 0.008775059817687893, 0.00886844850475938, 0.009085552020546502, 0.009392518666688917, 0.009768603909003675, 0.010201029429596224, 0.010681893159413501, 0.011206301461516835, 0.011771235412694425, 0.012374858807528692, 0.013016092450921703, 0.013694349432579935, 0.014409368117367274, 0.015161104787934785, 0.01594966298921987, 0.016775245693576208, 0.017638121853873454, 0.01853860219109616, 0.019477021041589982, 0.02045372228727709, 0.02146904812133126, 0.022523329848530494, 0.02361688019563836, 0.024749986779835347, 0.025922906492792393, 0.027135860628776744, 0.028389030631917635, 0.029682554369373792, 0.03101652285909981, 0.032390977396572665, 0.03380590703631082, 0.035261246392622826, 0.03675687373061229, 0.038292609323601075, 0.03986821405718851, 0.04148338826340143, 0.043137770770992206, 0.04483093816004373, 0.04656240421074296, 0.048331619537564464, 0.050137971401223065, 0.05198078369165718, 0.05385931707603064, 0.05577276930632068, 0.05772027568151909, 0.05970090965983241, 0.06171368361654215, 0.06375754974339157, 0.06583140108551191, 0.06793407271199889, 0.07006434301630554, 0.07222093514263817, 0.07440251853453214, 0.07660771060174873, 0.07883507850157633, 0.0810831410305422, 0.0833503706224475, 0.08563519544853034, 0.08793600161544154, 0.09025113545658746, 0.09257890591225422, 0.09491758699378239, 0.09726549937824942, 0.09962181083262239, 0.10198695483873212, 0.1043621617167981, 0.10674910700394737, 0.10914969983593203, 0.11156595662031228, 0.11399992661998387, 0.11645364902599376, 0.11892912903571581, 0.12142832531433209, 0.12395314419537899, 0.1265054377991046, 0.12908700436233725, 0.1316995897544181, 0.1343448895685383, 0.1370245514296531, 0.13974017731229627, 0.14249332575291007, 0.14528551389554495, 0.14811821934155234, 0.1509928817921128, 0.15391090448255507, 0.1568736554127372, 0.159882468380286, 0.16293864382442938, 0.16604344948822805, 0.16919812090664024, 0.1724038617272829, 0.17566184387011954, 0.17897320753168758, 0.18233906103890873, 0.18576048055702665, 0.18923850965578662, 0.19277415873761455, 0.19636840433126077, 0.20002218825414356, 0.2037364166464537, 0.2075119588799569, 0.21134964634435577, 0.21525027111403872, 0.2192145844980511, 0.22324329547616856, 0.22733706902403408, 0.23149652433043477, 0.23572223290994443, 0.24001471661433757, 0.24437444554639332, 0.2488018358799493, 0.2532972475903388, 0.25786098209964436, 0.2624932798415314, 0.2671943177507808, 0.27196420668302335, 0.2768029887705869, 0.2817106347207986, 0.28668704106354154, 0.29173202735533854, 0.29684533334773483, 0.3020266161282604, 0.30727544724278405, 0.3125913098086095, 0.31797359562821464, 0.32342160231409245, 0.3289345304357108, 0.3345114807001702, 0.3401514511786919, 0.34585333459161677, 0.3516159156651295, 0.3574378685734366, 0.3633177544806225, 0.3692540191968682, 0.3752449909641516, 0.3812888783869353, 0.38738376852369316, 0.3935276251554201, 0.3997182872475019, 0.4059534676214907, 0.4122307518534311, 0.41854759741540004, 0.4249013330768603, 0.43128915858227496, 0.4377081446211793, 0.4441552331065562, 0.45062723777690383, 0.4571208451368156, 0.4636326157502079, 0.4701589858995295, 0.47669626962335965, 0.4832406611437557, 0.4897882376935362, 0.4963349627523886, 0.5028766896992682, 0.5094091658870118, 0.5159280371434246, 0.5224288527013282, 0.5289070705581647, 0.5353580632637722, 0.5417771241328664, 0.5481594738765974, 0.5545002676453222, 0.5607946024724361, 0.5670375251067649, 0.5732240402186553, 0.5793491189625045, 0.5854077078760948, 0.5913947380947253, 0.5973051348558112, 0.6031338272673437, 0.6088757583114145, 0.6145258950519046, 0.6200792390134577, 0.6255308366970072, 0.6308757901954323, 0.6361092678713988, 0.641226515058105, 0.6462228647425313, 0.651093748189885, 0.6558347054672682, 0.6604413958241697, 0.6649096078872215, 0.6692352696267581, 0.6734144580530883, 0.6774434086010332, 0.681318524162199, 0.685036383725647, 0.6885937505890783, 0.6919875801043686, 0.6952150269232586, 0.6982734517112166, 0.7011604272999142, 0.7038737442514106, 0.706411415809954, 0.7087716822203219, 0.710953014394754, 0.7129541169138018, 0.7147739303497805, 0.716411632904937, 0.717866641359927, 0.7191386113316834, 0.7202274368432405, 0.7211332492115197, 0.721856415262465, 0.7223975348862037, 0.7227574379480827, 0.7229371805744733, 0.722938040835112, 0.7227615138464516, 0.7224093063229976, 0.7218833306059037, 0.7211856982001654, 0.720318712853586, 0.719284863212278, 0.7180868150888006, 0.7167274033801172, 0.7152096236733885, 0.7135366235781861, 0.7117116938240401, 0.7097382591623044, 0.7076198691111719, 0.7053601885822719, 0.7029629884266824, 0.7004321359373726, 0.6977715853440875, 0.694985368335504, 0.6920775846421481, 0.689052392712072, 0.685914000509677, 0.6826666564663447, 0.6793146406097171, 0.6758622558965756, 0.6723138197723143, 0.6686736559780107, 0.6649460866240697, 0.6611354245473957, 0.6572459659670069, 0.653281983451008, 0.649247719205848, 0.6451473786968585, 0.6409851246071786, 0.6367650711403539, 0.6324912786701411, 0.6281677487393813, 0.6237984194082115, 0.6193871609503876, 0.6149377718950861, 0.6104539754102423, 0.6059394160222741, 0.6013976566659324, 0.5968321760570069, 0.5922463663797122, 0.5876435312797658, 0.5830268841534595, 0.5783995467224087, 0.5737645478831359, 0.5691248228202113, 0.5644832123713179, 0.5598424626323405, 0.5552052247903778, 0.5505740551724613, 0.5459514154976992, 0.5413396733205783, 0.5367411026532152, 0.5321578847544678, 0.5275921090739821, 0.5230457743394566, 0.5185207897756551, 0.5140189764439774, 0.5095420686917133, 0.5050917157004348, 0.5006694831233488, 0.4962768548018036, 0.4919152345515359, 0.48758594800965027, 0.483290244533732, 0.479029299144912, 0.47480421450712246, 0.47061602293520155, 0.4664656884249241, 0.46235410869844934, 0.45828211725908635, 0.45425048544967894, 0.4502599245093053, 0.4463110876233717, 0.4424045719625516, 0.4385409207063838, 0.43472062504769016, 0.43094412617431216, 0.42721181722498497, 0.42352404521647885, 0.41988111293943053, 0.4162832808205697, 0.4127307687493106, 0.40922375786693216, 0.4057623923168082, 0.4023467809543733, 0.39897699901572253, 0.39565308974393876, 0.3923750659724285, 0.3891429116647174, 0.3859565834103174, 0.3828160118764268, 0.37972110321535846, 0.37667174042772117, 0.37366778468149137, 0.3707090765872199, 0.3677954374297146, 0.3649266703566244, 0.3621025615244325, 0.35932288120243366, 0.35658738483533453, 0.35389581406517123, 0.3512478977132879, 0.3486433527231611, 0.34608188506489207, 0.3435631906022201, 0.3410869559229356, 0.3386528591335925, 0.3362605706194371, 0.3339097537704809, 0.331600065674657, 0.3293311577790015, 0.3271026765198064, 0.3249142639226871, 0.3227655581735073, 0.3206561941610959, 0.31858580399268277, 0.3165540174829732, 0.3145604626177651, 0.31260476599300474, 0.3106865532301573, 0.30880544936875814, 0.3069610792369901, 0.30515306780111695, 0.303381040494584, 0.30164462352757837, 0.2999434441778223, 0.2982771310633525, 0.2966453143980193, 0.2950476262304182, 0.29348370066694796, 0.29195317407966564, 0.29045568529959226, 0.2889908757960992, 0.2875583898429883, 0.28615787467185455, 0.28478898061330504, 0.2834513612265844, 0.2821446734181391, 0.28086857754963473, 0.2796227375359198, 0.2784068209334129, 0.2772204990193712, 0.27606344686248097, 0.274935343385194, 0.27383587141821547, 0.27276471774753547, 0.27172157315437695, 0.27070613244842023, 0.2697180944946479, 0.26875716223413937]]","[[0.01, 0.011673645222856313, 0.01362924433757481, 0.01580189558251425, 0.018156401287987095, 0.020675381769774466, 0.023352039445069004, 0.026185817441161465, 0.029179906626706706, 0.03233977077802255, 0.035672270657706534, 0.03918514496194623, 0.04288670346638104, 0.04678564588713815, 0.05089095483862428, 0.05521183213535347, 0.059757660158449036, 0.06453797745513105, 0.0695624621805389, 0.0748409196352631, 0.08038327172299485, 0.08619954708374801, 0.09229987120791766, 0.09869445615950571, 0.10539358972533203, 0.11240762391588494, 0.11974696280533739, 0.12742204973258764, 0.13544335390349305, 0.14382135644355665, 0.15256653595420083, 0.16168935362676456, 0.17120023796784134, 0.18110956918831142, 0.19142766330684485, 0.2021647560169958, 0.213330986365393, 0.2249363802870088, 0.23699083404207985, 0.24950409759795383, 0.2624857579979394, 0.27594522275812594, 0.2898917033321007, 0.3043341986825084, 0.3192814789974615, 0.33474206958889996, 0.3507242350091154, 0.36723596342078063, 0.3842849512549548, 0.4018785881906636, 0.4200239424887723, 0.4387277467119763, 0.4579963838618204, 0.4778358739627236, 0.4982518611220265, 0.5192496010940891, 0.5408339493754445, 0.5630093498569603, 0.5857798240578674, 0.6091489609653844, 0.6331199075024959, 0.6576953596452331, 0.6828775542095453, 0.7086682613265595, 0.7350687776236761, 0.7620800032455185, 0.7897033392110367, 0.8179414083237544, 0.8467978532201038, 0.876277140426666, 0.9063844335524518, 0.9371255093032305, 0.9685067001949537, 1.000534854034222, 1.0332173040309633, 1.0665618457408725, 1.1005767184699213, 1.1352705896572353, 1.17065254129825, 1.2067320578075098, 1.243519014929684, 1.281023669437479, 1.3192566494363511, 1.358228945146878, 1.3979519000678495, 1.4384372024436538, 1.479696876972774, 1.5217432767028893, 1.56458907506388, 1.608247257994032, 1.6527311161175542, 1.6980542369336102, 1.7442304969786506, 1.791274053925102, 1.8391993385805128, 1.8880210467521608, 1.9377541309429236, 1.9884137918449414, 2.0400154695982824, 2.0925748347824737, 2.1461077791093937, 2.200630405786647, 2.2561590195211814, 2.3127101161335486, 2.370300371753874, 2.4289466315713053, 2.488665898109431, 2.549475319000952, 2.6113921742357045, 2.674433862857033, 2.7386178890824655, 2.803961847825671, 2.8704834095977976, 2.938200304767485, 3.007130307160154, 3.0772912169785513, 3.1487008430280756, 3.2213769842319886, 3.295337410423401, 3.3705998424027723, 3.447181931251674, 3.5251012368957086, 3.604375205911755, 3.685021148577142, 3.7670562151609173, 3.850497371460108, 3.93536137358673, 4.021664742014336, 4.109423734896053, 4.1986543206693785, 4.289372149966463, 4.381592526852212, 4.475330379416254, 4.570600229748713, 4.6674161633336535, 4.765791797898175, 4.865740251759313, 4.967274111715132, 5.070405400530746, 5.17514554407435, 5.281505338162753, 5.389494915180332, 5.4991237105396715, 5.610400429056567, 5.723333011316342, 5.837928600112614, 5.9541935070437875, 6.072133179356442, 6.1917521671285725, 6.31305409088919, 6.436041609774094, 6.56071639032068, 6.687079076007337, 6.81512925764541, 6.944865444733681, 7.076285037886926, 7.209384302451251, 7.344158343419609, 7.480601081761052, 7.618705232276928, 7.75846228309634, 7.899862476921672, 8.042894794132922, 8.18754693785686, 8.333805321103743, 8.481655056070288, 8.631079945703076, 8.782062477611255, 8.93458382041155, 9.088623822582086, 9.2441610138944, 9.40117260948531, 9.559634516622019, 9.71952134420507, 9.880806415044395, 10.043461780933987, 10.207458240540532, 10.372765360110824, 10.539351496991937, 10.707183825947068, 10.876228368238733, 11.046450023439613, 11.217812603919983, 11.390278871949263, 11.563810579338014, 11.738368509535595, 11.913912522087896, 12.090401599349073, 12.267793895331142, 12.446046786565635, 12.625116924842523, 12.804960291683098, 12.985532254395734, 13.166787623556383, 13.348680711749394, 13.531165393398709, 13.71419516551497, 13.897723209180263, 14.0817024515895, 14.266085628465508, 14.450825346664022, 14.635874146784767, 14.82118456560579, 15.006709198160125, 15.192400759276627, 15.378212144410574, 15.564096489594117, 15.750007230342057, 15.935898159354515, 16.12172348286496, 16.307437875489473, 16.492996533441307, 16.67835522598341, 16.863470345000668, 17.048298952583202, 17.232798826521826, 17.416928503626966, 17.60064732079263, 17.78391545373739, 17.96669395336498, 18.148944779697413, 18.33063083334407, 18.511715984480485, 18.692165099320473, 18.87194406407533, 19.051019806403104, 19.229360314360328, 19.406934652877272, 19.58371297778621, 19.75966654744008, 19.93476773196635, 20.10899002020783, 20.28230802440858, 20.454697482708823, 20.626135259518293, 20.79659934384189, 20.966068845636048, 21.134523990277597, 21.301946111230205, 21.46831764099595, 21.633622100441663, 21.79784408659131, 21.96096925897662, 22.122984324638928, 22.283877021875337, 22.443636102821962, 22.60225131496659, 22.75971338168196, 22.91601398186958, 23.071145728802442, 23.225102148252997, 23.37787765599065, 23.529467534730664, 23.67986791061378, 23.829075729293052, 23.977088731701624, 24.123905429572034, 24.269525080774628, 24.41394766453936, 24.557173856622178, 24.699205004473704, 24.840043102464833, 24.979690767220426, 25.1181512131091, 25.255428227933784, 25.391526148864582, 25.526449838652315, 25.66020466215801, 25.792796463230623, 25.924231541962396, 26.054516632348335, 26.18365888037367, 26.311665822550463, 26.438545364922014, 26.56430576255133, 26.688955599507622, 26.812503769362536, 26.934959456205885, 27.05633211618853, 27.176631459598344, 27.295867433473376, 27.414050204754716, 27.531190143980098, 27.647297809517767, 27.76238393233896, 27.876459401325985, 27.989535249111906, 28.101622638446774, 28.21273284908436, 28.3228772651826, 28.432067363210148, 28.540314700350752, 28.64763090339658, 28.754027658121057, 28.859516699121382, 28.96410980012037, 29.067818764717032, 29.17065541757496, 29.272631596037353, 29.373759142157375, 29.47404989513228, 29.573515684129823, 29.672168321495253, 29.77001959632722, 29.86708126841097, 29.963365062497182, 30.05888266291492, 30.153645708507245, 30.24766578787811, 30.3409544349394, 30.433523124747005, 30.525383269615105, 30.616546215497912, 30.707023238628448, 30.79682554240402, 30.88596425450835, 30.974450424260535, 31.062295020181185, 31.149508927766455, 31.236102947460747, 31.322087792819307, 31.40747408885199, 31.49227237053991, 31.57649308151676, 31.660146572906978, 31.743243102313123, 31.825792832945034, 31.907805832883678, 31.989292074472772, 32.07026143383151, 32.15072369048201, 32.230688527085185, 32.31016552927924, 32.389164185614874, 32.467693887581795, 32.54576392972117, 32.62338350981889, 32.70056172917485, 32.77730759294335, 32.85363001054037, 32.929537796113145, 33.005039669068026, 33.08014425465266, 33.15486008458865, 33.22919559775108, 33.30315914089146, 33.37675896940073, 33.45000324810923, 33.52290005212049, 33.59545736767609, 33.6676830930488, 33.73958503946131, 33.81117093202816, 33.88244841071845, 33.95342503133702, 34.02410826652206, 34.094505506757024, 34.16462406139492, 34.23447115969315, 34.30405395185719, 34.373379510091326, 34.442454829655, 34.51128682992325, 34.57988235544975, 34.64824817703121, 34.716390992771856]]","[array([6.37688001e-05, 6.00799169e-05, 5.86664978e-05, 5.87303122e-05,
       5.97890121e-05, 6.15504163e-05, 6.38361754e-05, 6.65367186e-05,
       6.95844265e-05, 7.29374436e-05, 7.65698793e-05, 8.04658470e-05,
       8.46158124e-05, 8.90143369e-05, 9.36586652e-05, 9.85478273e-05,
       1.03682054e-04, 1.09062390e-04, 1.14690423e-04, 1.20568097e-04,
       1.26697572e-04, 1.33081114e-04, 1.39721016e-04, 1.46619528e-04,
       1.53778801e-04, 1.61200839e-04, 1.68887460e-04, 1.76840261e-04,
       1.85060585e-04, 1.93549501e-04, 2.02307771e-04, 2.11335839e-04,
       2.20633807e-04, 2.30201422e-04, 2.40038062e-04, 2.50142721e-04,
       2.60514005e-04, 2.71150118e-04, 2.82048858e-04, 2.93207611e-04,
       3.04623343e-04, 3.16292604e-04, 3.28211519e-04, 3.40375793e-04,
       3.52780707e-04, 3.65421122e-04, 3.78291481e-04, 3.91385814e-04,
       4.04697740e-04, 4.18220472e-04, 4.31946828e-04, 4.45869234e-04,
       4.59979735e-04, 4.74270001e-04, 4.88731340e-04, 5.03354707e-04,
       5.18130716e-04, 5.33049654e-04, 5.48101489e-04, 5.63275889e-04,
       5.78562233e-04, 5.93949629e-04, 6.09426926e-04, 6.24982733e-04,
       6.40605539e-04, 6.56286351e-04, 6.72024029e-04, 6.87824364e-04,
       7.03697193e-04, 7.19654553e-04, 7.35709584e-04, 7.51875867e-04,
       7.68167050e-04, 7.84596623e-04, 8.01177803e-04, 8.17923477e-04,
       8.34846171e-04, 8.51958054e-04, 8.69270938e-04, 8.86796294e-04,
       9.04545264e-04, 9.22528678e-04, 9.40757072e-04, 9.59240696e-04,
       9.77989531e-04, 9.97013301e-04, 1.01632148e-03, 1.03592331e-03,
       1.05582779e-03, 1.07604371e-03, 1.09657961e-03, 1.11744386e-03,
       1.13864457e-03, 1.16018968e-03, 1.18208687e-03, 1.20434365e-03,
       1.22696731e-03, 1.24996490e-03, 1.27334328e-03, 1.29710906e-03,
       1.32126864e-03, 1.34582819e-03, 1.37079362e-03, 1.39617060e-03,
       1.42196455e-03, 1.44818060e-03, 1.47482363e-03, 1.50189823e-03,
       1.52940866e-03, 1.55735890e-03, 1.58575260e-03, 1.61459306e-03,
       1.64388324e-03, 1.67362573e-03, 1.70382274e-03, 1.73447606e-03,
       1.76558710e-03, 1.79715681e-03, 1.82918571e-03, 1.86167384e-03,
       1.89462076e-03, 1.92802553e-03, 1.96188667e-03, 1.99620218e-03,
       2.03096949e-03, 2.06618544e-03, 2.10184630e-03, 2.13794769e-03,
       2.17448461e-03, 2.21145140e-03, 2.24884172e-03, 2.28664855e-03,
       2.32486414e-03, 2.36348002e-03, 2.40248698e-03, 2.44187504e-03,
       2.48163346e-03, 2.52175069e-03, 2.56221437e-03, 2.60301136e-03,
       2.64412766e-03, 2.68554844e-03, 2.72725803e-03, 2.76923991e-03,
       2.81147670e-03, 2.85395017e-03, 2.89664120e-03, 2.93952985e-03,
       2.98259530e-03, 3.02581588e-03, 3.06916909e-03, 3.11263157e-03,
       3.15617917e-03, 3.19978690e-03, 3.24342900e-03, 3.28707895e-03,
       3.33070946e-03, 3.37429252e-03, 3.41779946e-03, 3.46120092e-03,
       3.50446691e-03, 3.54756687e-03, 3.59046968e-03, 3.63314373e-03,
       3.67555691e-03, 3.71767675e-03, 3.75947037e-03, 3.80090462e-03,
       3.84194606e-03, 3.88256110e-03, 3.92271598e-03, 3.96237689e-03,
       4.00151000e-03, 4.04008155e-03, 4.07805790e-03, 4.11540560e-03,
       4.15209148e-03, 4.18808269e-03, 4.22334679e-03, 4.25785182e-03,
       4.29156638e-03, 4.32445966e-03, 4.35650158e-03, 4.38766278e-03,
       4.41791476e-03, 4.44722989e-03, 4.47558153e-03, 4.50294404e-03,
       4.52929287e-03, 4.55460464e-03, 4.57885714e-03, 4.60202943e-03,
       4.62410188e-03, 4.64505619e-03, 4.66487548e-03, 4.68354429e-03,
       4.70104863e-03, 4.71737600e-03, 4.73251545e-03, 4.74645755e-03,
       4.75919446e-03, 4.77071990e-03, 4.78102920e-03, 4.79011925e-03,
       4.79798856e-03, 4.80463722e-03, 4.81006688e-03, 4.81428076e-03,
       4.81728365e-03, 4.81908182e-03, 4.81968306e-03, 4.81909661e-03,
       4.81733316e-03, 4.81440476e-03, 4.81032484e-03, 4.80510812e-03,
       4.79877057e-03, 4.79132938e-03, 4.78280289e-03, 4.77321055e-03,
       4.76257282e-03, 4.75091119e-03, 4.73824804e-03, 4.72460662e-03,
       4.71001098e-03, 4.69448593e-03, 4.67805691e-03, 4.66075001e-03,
       4.64259186e-03, 4.62360956e-03, 4.60383065e-03, 4.58328302e-03,
       4.56199487e-03, 4.53999461e-03, 4.51731088e-03, 4.49397241e-03,
       4.47000801e-03, 4.44544650e-03, 4.42031667e-03, 4.39464722e-03,
       4.36846672e-03, 4.34180355e-03, 4.31468587e-03, 4.28714159e-03,
       4.25919830e-03, 4.23088324e-03, 4.20222329e-03, 4.17324492e-03,
       4.14397417e-03, 4.11443658e-03, 4.08465725e-03, 4.05466073e-03,
       4.02447105e-03, 3.99411167e-03, 3.96360551e-03, 3.93297488e-03,
       3.90224152e-03, 3.87142652e-03, 3.84055041e-03, 3.80963306e-03,
       3.77869373e-03, 3.74775103e-03, 3.71682295e-03, 3.68592687e-03,
       3.65507950e-03, 3.62429693e-03, 3.59359465e-03, 3.56298751e-03,
       3.53248972e-03, 3.50211494e-03, 3.47187617e-03, 3.44178586e-03,
       3.41185585e-03, 3.38209742e-03, 3.35252129e-03, 3.32313761e-03,
       3.29395603e-03, 3.26498562e-03, 3.23623498e-03, 3.20771219e-03,
       3.17942483e-03, 3.15138002e-03, 3.12358442e-03, 3.09604422e-03,
       3.06876521e-03, 3.04175272e-03, 3.01501170e-03, 2.98854669e-03,
       2.96236186e-03, 2.93646102e-03, 2.91084761e-03, 2.88552473e-03,
       2.86049516e-03, 2.83576138e-03, 2.81132554e-03, 2.78718953e-03,
       2.76335493e-03, 2.73982310e-03, 2.71659511e-03, 2.69367180e-03,
       2.67105379e-03, 2.64874147e-03, 2.62673503e-03, 2.60503445e-03,
       2.58363954e-03, 2.56254992e-03, 2.54176505e-03, 2.52128421e-03,
       2.50110657e-03, 2.48123111e-03, 2.46165673e-03, 2.44238215e-03,
       2.42340603e-03, 2.40472686e-03, 2.38634308e-03, 2.36825300e-03,
       2.35045486e-03, 2.33294682e-03, 2.31572694e-03, 2.29879324e-03,
       2.28214365e-03, 2.26577606e-03, 2.24968830e-03, 2.23387814e-03,
       2.21834331e-03, 2.20308152e-03, 2.18809042e-03, 2.17336764e-03,
       2.15891078e-03, 2.14471742e-03, 2.13078511e-03, 2.11711139e-03,
       2.10369380e-03, 2.09052983e-03, 2.07761701e-03, 2.06495283e-03,
       2.05253479e-03, 2.04036039e-03, 2.02842714e-03, 2.01673253e-03,
       2.00527409e-03, 1.99404932e-03, 1.98305576e-03, 1.97229094e-03,
       1.96175243e-03, 1.95143779e-03, 1.94134461e-03, 1.93147048e-03,
       1.92181303e-03, 1.91236988e-03, 1.90313871e-03, 1.89411719e-03,
       1.88530303e-03, 1.87669393e-03, 1.86828767e-03, 1.86008200e-03,
       1.85207472e-03, 1.84426365e-03, 1.83664664e-03, 1.82922156e-03,
       1.82198632e-03, 1.81493883e-03, 1.80807704e-03, 1.80139895e-03,
       1.79490255e-03])]","[[0, 6.376880005047202e-05, 0.00012384871691641303, 0.0001825152146708144, 0.00024124552683708357, 0.0003010345389409862, 0.0003625849552825998, 0.0004264211307053973, 0.0004929578492755971, 0.0005625422758080275, 0.0006354797193815507, 0.0007120495986818651, 0.0007925154456844767, 0.0008771312580835441, 0.000966145594962191, 0.0010598042602074339, 0.0011583520875458248, 0.0012620341419717193, 0.001371096532128901, 0.0014857869553607703, 0.0016063550527765898, 0.0017330526244716375, 0.0018661337381984566, 0.002005854754238298, 0.0021524742825143263, 0.0023062530836427692, 0.0024674539227403144, 0.0026363413828518253, 0.0028131816434991256, 0.0029982422288737415, 0.0031917917294760276, 0.0033940995004588252, 0.0036054353395134726, 0.003826069146805211, 0.004056270569200573, 0.004296308630815157, 0.004546451351734856, 0.004806965356618709, 0.005078115474770869, 0.005360164333167835, 0.005653371943841447, 0.0059579952869450135, 0.006274287890767174, 0.006602499409903516, 0.006942875202748167, 0.007295655909425179, 0.007661077031241423, 0.008039368512708095, 0.008430754327146038, 0.008835452066860297, 0.009253672538841058, 0.009685619366921154, 0.010131488601294068, 0.0105914683362706, 0.01106573833712697, 0.01155446967687161, 0.012057824383732358, 0.012575955100139846, 0.013109004753956502, 0.013657106242673689, 0.014220382131271837, 0.014798944364410174, 0.015392893993583324, 0.016002320919852087, 0.016627303652724513, 0.01726790919135764, 0.01792419554229648, 0.018596219571039543, 0.0192840439351508, 0.019987741127862828, 0.020707395680948572, 0.021443105264491384, 0.0221949811318174, 0.02296314818203191, 0.023747744805071372, 0.02454892260848158, 0.02536684608505306, 0.026201692256055356, 0.027053650310023724, 0.027922921248132268, 0.02880971754184795, 0.029714262805398087, 0.0306367914837417, 0.03157754855568749, 0.0325367892512287, 0.033514778781872784, 0.034511792082614595, 0.03552811356416454, 0.03656403687405567, 0.037619864665292116, 0.038695908371250004, 0.03979248798559435, 0.04090993184602626, 0.042048576420722586, 0.04320876609637386, 0.04439085296676555, 0.045595196620883516, 0.04682216392955624, 0.04807212882967522, 0.04934547210506129, 0.05064258116306839, 0.05196384980603905, 0.053309677996746165, 0.05468047161697639, 0.05607664221842903, 0.057498606765123784, 0.05894678736652932, 0.060421611000643694, 0.06192350922627712, 0.06345291788380772, 0.06501027678370182, 0.06659602938211252, 0.06821062244289358, 0.06985450568539052, 0.07152813141739776, 0.07323195415269886, 0.07496643021263749, 0.07673201731120018, 0.07852917412312667, 0.0803583598346022, 0.08222003367612662, 0.08411465443719914, 0.08604267996250432, 0.08800456662933524, 0.09000076880604303, 0.09203173829135905, 0.09409792373449662, 0.09619977003600312, 0.09833771772940154, 0.10051220234373161, 0.10272365374717642, 0.10497249547203943, 0.1072591440214191, 0.10958400815801513, 0.11194748817559, 0.11434997515370261, 0.11679185019642709, 0.11927348365586957, 0.12179523434139763, 0.1243574487156014, 0.12696046007811249, 0.129604587738515, 0.1322901361796929, 0.13501739421306838, 0.13778663412729708, 0.14059811083209733, 0.14345206099900015, 0.14634870220091575, 0.14928823205251973, 0.15227082735356567, 0.1552966432373317, 0.15836581232650554, 0.16147844389890387, 0.16463462306550758, 0.16783440996337448, 0.17107783896606185, 0.17436491791425593, 0.1776956273693593, 0.181069919892832, 0.18448771935411676, 0.1879489202700001, 0.1914533871782727, 0.1950009540485491, 0.19859142373309055, 0.20222456746044512, 0.2059001243746742, 0.2096178011228735, 0.21337727149362284, 0.21717817610890605, 0.22102012217193687, 0.22490268327320245, 0.22882539925689802, 0.23278777614977134, 0.2367892861542264, 0.2408293677073499, 0.24490742560732653, 0.24902283120849517, 0.2531749226860729, 0.25736300537133755, 0.26158635215780934, 0.26584420397871733, 0.2701357703557681, 0.2744602300189633, 0.27881673159693465, 0.2832043943769827, 0.2876223091337237, 0.29206953902496435, 0.2965451205531422, 0.3010480645903922, 0.305577357465024, 0.3101319621069316, 0.3147108192491951, 0.3193128486828923, 0.323936950561899, 0.328582006754238, 0.333246882236332, 0.3379304265263258, 0.34263147515247516, 0.34734885115244574, 0.3520813665992399, 0.3568278241493559, 0.3615870186087004, 0.36635773851170994, 0.3711387677090955, 0.37592888695960835, 0.38072687552122886, 0.38553151273720976, 0.39034157961245636, 0.39515586037579975, 0.39997314402381445, 0.4047922258419475, 0.40961190889886173, 0.41443100551005035, 0.419248338666952, 0.4240627434279813, 0.4288730682680945, 0.4336781763837236, 0.43847694695013834, 0.44326827632853416, 0.4480510792203855, 0.4528242897668572, 0.4575868625913211, 0.4623377737832836, 0.4670760218222894, 0.4718006284406268, 0.476510639423917, 0.4812051253489251, 0.48588318225817845, 0.49054393227122317, 0.49518652413258557, 0.49981013369673166, 0.5044139643505384, 0.5089972473739967, 0.5135592422400636, 0.5180992368547673, 0.5226165477388385, 0.5271105201523039, 0.5315805281636247, 0.5360259746650935, 0.5404462913363252, 0.5448409385577825, 0.5492094052763706, 0.5535512088252138, 0.557865894699793, 0.5621530362926783, 0.5664122345891316, 0.5706431178258807, 0.5748453411153905, 0.5790185860379565, 0.5831625602039484, 0.5872769967885161, 0.5913616540410483, 0.5954163147716454, 0.599440785816826, 0.6034348974866492, 0.607398502995373, 0.6113314778777199, 0.6152337193927562, 0.619105145917322, 0.6229456963308828, 0.6267553293935958, 0.6305340231193106, 0.6342817741451436, 0.6379985970991862, 0.641684523967825, 0.6453396034640734, 0.6489639003982254, 0.6525574950520711, 0.6561204825578207, 0.6596529722828145, 0.6631550872210082, 0.6666269633921547, 0.6700687492495175, 0.6734806050968893, 0.6768627025156062, 0.6802152238021875, 0.6835383614171605, 0.6868323174455662, 0.69009730306958, 0.6933335380536251, 0.6965412502422965, 0.6997206750713648, 0.7028720550920738, 0.7059956395089038, 0.7090916837309211, 0.7121604489368013, 0.7152022016535631, 0.7182172133490239, 0.7212057600379465, 0.7241681219018181, 0.7271045829221744, 0.730015430527351, 0.7329009552525251, 0.7357614504128837, 0.7385972117897364, 0.7414085373293737, 0.7441957268544522, 0.7469590817876778, 0.7496989048875421, 0.7524154999958574, 0.7551091717968272, 0.7577802255873778, 0.7604289670584743, 0.7630557020871361, 0.7656607365388625, 0.768244376080177, 0.7708069260009986, 0.7733486910465412, 0.7758699752584504, 0.7783710818248794, 0.7808523129392139, 0.7833139696671516, 0.7857563518218503, 0.7881797578468562, 0.7905844847065334, 0.7929708277837134, 0.7953390807842938, 0.7976895356485154, 0.8000224824686555, 0.8023382094128778, 0.8046370026549877, 0.8069191463098441, 0.8091849223741886, 0.8114346106726563, 0.8136684888087389, 0.8158868321204784, 0.818089913640675, 0.8202780040613981, 0.8224513717025984, 0.8246102824846224, 0.8267549999044382, 0.8288857850153886, 0.8310028964102915, 0.8331065902077158, 0.8351971200412661, 0.8372747370517135, 0.8393396898818206, 0.8413922246737094, 0.8434325850686283, 0.8454610122089804, 0.8474777447424812, 0.8494830188283159, 0.8514770681451758, 0.8534601239010543, 0.8554324148446915, 0.8573941672785577, 0.8593456050732735, 0.8612869496833664, 0.8632184201642691, 0.8651402331904695, 0.8670526030747252, 0.8689557417882592, 0.8708498589818586, 0.8727351620077998, 0.874611855942529, 0.8764801436100291, 0.8783402256058075, 0.8801923003214421, 0.8820365639696273, 0.8838732106096618, 0.885702432173327, 0.8875244184911024, 0.8893393573186714, 0.8911474343636702, 0.8929488333126374, 0.8947437358581218]]"
50.0,80.0,4,60,270,I1-S1,"[[0.01, 0.009218546420913139, 0.008861068736292907, 0.008775059817687893, 0.00886844850475938, 0.009085552052321104, 0.009392520265603596, 0.009768619955020402, 0.010201109399811337, 0.010682165085947801, 0.01120702856964708, 0.011772884444511897, 0.012378177145413661, 0.013022191677135473, 0.013704793576630995, 0.014426265408101224, 0.015187202189096733, 0.01598844314626634, 0.016831026166410353, 0.01771615667289248, 0.018645185871444044, 0.019619595239919005, 0.020640985300840936, 0.02171106742200763, 0.022831657822785147, 0.024004673231563158, 0.025232127808449967, 0.026516131055615875, 0.02785888650903312, 0.029262691053673306, 0.030729934737924406, 0.03226310098719131, 0.03386476713448555, 0.03553760519925093, 0.037284382855959156, 0.03910796454195962, 0.041011312660228644, 0.04299748883742023, 0.045069655201247144, 0.04723107564392546, 0.04948511704035362, 0.05183525039099377, 0.05428505186017639, 0.05683820368084053, 0.05949849489661664, 0.06226982191171231, 0.06515618881831904, 0.0681617074702602, 0.07129059727037951, 0.07454718463775604, 0.07793590211925161, 0.08146128710817507, 0.08512798013100696, 0.08894072266119052, 0.09290435441698389, 0.09702381009830571, 0.10130411551541699, 0.10575038306019204, 0.1103678064686686, 0.11516165482156225, 0.12013726572751714, 0.12530003763208108, 0.13065542119377827, 0.13620890966725285, 0.14196602823232207, 0.14793245739362243, 0.15411539551754738, 0.16052429809091814, 0.16717006045031024, 0.1740643561453287, 0.18121921019032367, 0.18864673175886557, 0.1963589534607651, 0.20436774022245, 0.2126847420786371, 0.22132137318410008, 0.23028880500304802, 0.2395979655999304, 0.24925953972071666, 0.25928396626423705, 0.26968143104831105, 0.2804618536543979, 0.2916348677160628, 0.30320979439277485, 0.3151956090071301, 0.3276009009671442, 0.3404338271786821, 0.3537020591994139, 0.3674127244108926, 0.38157234150039154, 0.39618675055641406, 0.4112610380961737, 0.4267994573629465, 0.44280534425789564, 0.45928102930576126, 0.47622774609707796, 0.4936455367012691, 0.5115331546046749, 0.5298879657946372, 0.5487058486843036, 0.5679810936517427, 0.5877063030499865, 0.6078722926302792, 0.6284679954074144, 0.6494803690817502, 0.6708943082152145, 0.6926925624361202, 0.7148556620174784, 0.7373618522331451, 0.7601870379428937, 0.7833047398885936, 0.8066860641963184, 0.8302996865706687, 0.854111852635255, 0.8780863958147408, 0.9021847740669773, 0.9263661266568711, 0.9505873520154954, 0.9748032075479854, 0.9989664320420444, 1.0230278910863042, 1.046936745636088, 1.0706406435659446, 1.0940859337272983, 1.1172179016901853, 1.1399810259958159, 1.1623192533878997, 1.1841762911323248, 1.205495914184562, 1.2262222846301007, 1.2463002805136247, 1.265675830895732, 1.2842962537397948, 1.3021105930434798, 1.3190699514961388, 1.335127814870314, 1.3502403643472607, 1.364366773035468, 1.3774694830687886, 1.3895144598663536, 1.4004714203975395, 1.4103140326176709, 1.4190200836179818, 1.4265716144591727, 1.432955020122897, 1.4381611135097767, 1.4421851529254175, 1.445026833016195, 1.4466902396330334, 1.4471837696029444, 1.4465200168642063, 1.4447156268620953, 1.441791121499501, 1.4377706972833892, 1.432681999598259, 1.4265558762674326, 1.4194261137298867, 1.4113291592636668, 1.4023038327276534, 1.392391031273952, 1.381633430407199, 1.3700751846394388, 1.3577616308157463, 1.3447389969728731, 1.3310541193478318, 1.316754169882649, 1.3018863962826774, 1.2864978763858461, 1.2706352882957113, 1.2543446974282357, 1.2376713613264732, 1.2206595528135549, 1.2033524017866988, 1.1857917557067206, 1.1680180586112636, 1.1500702482775367, 1.1319856709828329, 1.113800013159015, 1.0955472491103406, 1.0772596038618913, 1.0589675301273918, 1.0406996983290027, 1.0224829985660657, 1.0043425534129358, 0.9863017404259746, 0.9683822232544632, 0.9506039902775627, 0.9329853997275034, 0.9155432303059726, 0.8982927363543601, 0.8812477066974125, 0.8644205263423704, 0.8478222402804272, 0.8314626187030912, 0.8153502230116989, 0.7994924720629664, 0.7838957081563256, 0.7685652623292399, 0.7535055185842268, 0.7387199767255705, 0.7242113135344148, 0.709981442057911, 0.6960315688312875, 0.6823622488910718, 0.6689734384733026, 0.6558645453224936, 0.6430344765655037, 0.6304816841294885, 0.6182042077049479, 0.6061997152737493, 0.5944655412381084, 0.5829987222000748, 0.5717960304523089, 0.5608540052500781, 0.5501689819416409, 0.5397371190397404, 0.5295544233209826, 0.5196167730426045, 0.5099199393677203, 0.5004596060907197, 0.4912313877542254, 0.4822308462480328, 0.47345350597886116, 0.4648948676976627, 0.45655042106874455, 0.4484156560621577, 0.44048607324775646, 0.4327571930661096, 0.4252245641481, 0.4178837707516309, 0.41073043938041265, 0.4037602446463622, 0.39696891443374016, 0.3903522344198058, 0.38390605200350014, 0.37762627969049717, 0.3715088979798962, 0.3655499577948814, 0.35974558249684835, 0.3540919695198007, 0.34858539165925284, 0.343222198047437, 0.3379988148443091, 0.3329117456716694, 0.32795757181566265, 0.32313295222099536, 0.31843462329839917, 0.313859398565172, 0.3094041681370491, 0.30506589808817236, 0.3008416296945514, 0.29672847857512363, 0.29272363374332955, 0.2888243565810099, 0.2850279797454056, 0.2813319060190878, 0.2777336071117656, 0.2742306224221051, 0.27082055776694086, 0.2675010840845669, 0.26426993611815613, 0.2611249110847672, 0.2580638673348568, 0.2550847230067168, 0.2521854546797998, 0.24936409603047477, 0.2466187364933728, 0.24394751993112826, 0.24134864331499967, 0.23882035541856012, 0.23636095552637712, 0.23396879215935765, 0.23164226181820913, 0.22937980774626465, 0.2271799187127351, 0.22504112781728267, 0.2229620113166582, 0.22094118747400637, 0.2189773154313181, 0.21706909410539668, 0.2152152611076028, 0.21341459168755195, 0.2116658977008558, 0.20996802660092587, 0.20831986045479176, 0.20672031498282809, 0.20516833862223233, 0.20366291161404942, 0.2022030451134993, 0.20078778032332692, 0.19941618764986446, 0.1980873658814675, 0.19680044138896452, 0.1955545673477391, 0.1943489229810473, 0.19318271282415925, 0.19205516600890196, 0.1909655355681724, 0.18991309775998116, 0.18889715141058389, 0.18791701727625187, 0.18697203742323348, 0.1860615746254552, 0.18518501177951324, 0.18434175133650701, 0.18353121475026907, 0.18275284194154842, 0.18200609077770952, 0.18129043656751184, 0.18060537157054268, 0.17995040452087877, 0.17932506016456035, 0.17872887881046723, 0.178161415894192, 0.1776222415545143, 0.17711094022208537, 0.17662711021994063, 0.17617036337546496, 0.17574032464344236, 0.17533663173983008, 0.174958934785904, 0.17460689596243, 0.17428018917352356, 0.1739784997198666, 0.17370152398095934, 0.17344896910609095, 0.1732205527137202, 0.1730160025989654, 0.1728350564489089, 0.17267746156542874, 0.1725429745952768, 0.17243136126712955, 0.1723423961353441, 0.17227586233015815, 0.17223155131407933, 0.17220926264421532, 0.17220880374030212, 0.17222998965819333, 0.17227264286858, 0.17233659304071486, 0.17242167683092147, 0.17252773767567317, 0.17265462558903227, 0.1728021969642453, 0.17297031437929428, 0.17315884640620932, 0.17336766742395274, 0.17359665743468872, 0.1738457018832576, 0.17411469147967795, 0.17440352202450426, 0.17471209423687115, 0.17504031358506067, 0.17538809011943182, 0.17575533830755594, 0.1761419768714054, 0.1765479286264469, 0.17697312032249374, 0.17741748248617617, 0.17788094926489106, 0.178363458272097, 0.17886495043382353, 0.1793853698362672, 0.17992466357435016, 0.18048278160112044, 0.18105967657787692]]","[[0.01, 0.011673645222856313, 0.01362924433757481, 0.01580189558251425, 0.018156401287987095, 0.020675381802412275, 0.023352041165738927, 0.026185835339800765, 0.029179999069697836, 0.03234009640146323, 0.03567317215373673, 0.03918726065273755, 0.042891106400573746, 0.0467940100373413, 0.05090574806624514, 0.055236535779997875, 0.05979701532897287, 0.06459825831046614, 0.06965177667346617, 0.0749695383453298, 0.08056398552558738, 0.08644805449357094, 0.09263519630053854, 0.09913939801814821, 0.10597520438541118, 0.11315773979008362, 0.12070273056999964, 0.12862652764402244, 0.1369461294921508, 0.14567920550627933, 0.15484411973084766, 0.16445995500819735, 0.17454653753802232, 0.18512446185444698, 0.19621511621828433, 0.2078407084160339, 0.22002429195119885, 0.2327897926075116, 0.24616203535760722, 0.26016677158452123, 0.2748307065770506, 0.29018152725345236, 0.3062479300611056, 0.32305964899258643, 0.34064748365105346, 0.35904332728987753, 0.3782801947430359, 0.3983922501538974, 0.41941483440062416, 0.44138449210648234, 0.46433899811286994, 0.48831738328182095, 0.513359959483117, 0.5395083436089292, 0.566805480446125, 0.5952956642230061, 0.625024558633324, 0.6560392151259538, 0.6883880892336401, 0.7221210546987955, 0.7572894151384847, 0.7939459129745416, 0.8321447353382998, 0.8719415166427918, 0.913393337498574, 0.9565588617998436, 1.0014998828716988, 1.04828260049178, 1.0969772831510218, 1.1476578851838826, 1.200401760883568, 1.2552894503295224, 1.3124045178068704, 1.3718334281645945, 1.4336654497861099, 1.4979925753383134, 1.5649094533403745, 1.634513325008148, 1.7069039618988529, 1.782183600688537, 1.8604568720255055, 1.9418307208644923, 2.026414316035626, 2.1143189470674426, 2.2056579064862127, 2.3005463559718002, 2.3991011748766256, 2.501440789719799, 2.60768498336179, 2.717954682653068, 2.8323717234388757, 2.9510585918964245, 3.0741381412845046, 3.201733283302173, 3.33396665338585, 3.4709602494253007, 3.612835043550747, 3.7597105668374327, 3.9117044669917, 4.0689320393249115, 4.231505731588799, 4.399534623537983, 4.573123882401892, 4.7523741957878745, 4.937381183898126, 5.128234793322555, 5.325018675064615, 5.5278095498633615, 5.736676564287667, 5.951680641492055, 6.172873830931475, 6.400298661727496, 6.633987504752875, 6.873961948847003, 7.120232196882443, 7.372796487663519, 7.631640549842539, 7.896737094178652, 8.168045350529752, 8.44551065595129, 8.729064100170117, 9.018622234500478, 9.31408684996878, 9.61534483001062, 9.922268082597459, 10.234713556042308, 10.552523342027882, 10.875524868603062, 11.203531185012812, 11.536341339274319, 11.873740848401248, 12.21550226012455, 12.561385803879395, 12.91114012774245, 13.264503116931841, 13.621202788443972, 13.980958255417262, 14.343480753902824, 14.708474723904327, 15.07563893584115, 15.444667653004933, 15.815251820131888, 16.187080267911035, 16.55984092309751, 16.933222013902835, 17.30691326048941, 17.680607040699837, 18.053999521595387, 18.4267917479511, 18.798690679543974, 19.169410169860182, 19.538671879719267, 19.906206120249713, 20.271752620631304, 20.635061217026315, 20.995892460134385, 21.354018139806737, 21.709221726127673, 22.06129872729898, 22.41005696553333, 22.755316772964278, 23.096911110304, 23.43468561161898, 23.76849855914365, 24.09822079251044, 24.423735557141377, 24.744938296823037, 25.061736395676256, 25.37404887483967, 25.68180604921695, 25.98494914959902, 26.28342991537115, 26.577210162858858, 26.8662613341637, 27.150564031098263, 27.430107538556555, 27.70488934135919, 27.97491463829899, 28.240195856788308, 28.50075217118051, 28.756609027509583, 29.007797677068407, 29.254354720931683, 29.496321667227033, 29.733744502669847, 29.966673279606464, 30.19516171955702, 30.41926683401554, 30.63904856305048, 30.854569432054564, 31.065894226818, 31.273089686943628, 31.47622421748571, 31.675367618574928, 31.870590832689746, 32.06196570914784, 32.24956478531906, 32.43346108400299, 32.61372792636771, 32.790438759811046, 32.96366700008043, 33.13348588697058, 33.299968352909936, 33.463186903744344, 33.62321351103063, 33.78011951516146, 33.933975538655936, 34.0848514089669, 34.23281609017535, 34.37793762296393, 34.5202830722847, 34.659918482161245, 34.79690883709025, 34.93131802953398, 35.06320883302113, 35.19264288039941, 35.319680646809516, 35.444381436975036, 35.56680337642799, 35.687003406313536, 35.80503728144074, 35.92095957126857, 36.03482366353788, 36.14668177028034, 36.25658493595498, 36.364583047481375, 36.4707248459559, 36.57505793985411, 36.67762881953784, 36.778482872899886, 36.87766440199338, 36.97521664050512, 37.07118177194454, 37.16560094843097, 37.258514309972185, 37.349961004136865, 37.439979206032696, 37.52860613850991, 37.615878092517924, 37.70183044754971, 37.78649769211511, 37.86991344419037, 37.952110471596676, 38.03312071226569, 38.112975294354584, 38.19170455617757, 38.26933806592483, 38.3459046411432, 38.42143236795655, 38.49594862000651, 38.56948007709718, 38.642052743529824, 38.71369196611583, 38.78442245185845, 38.85426828529533, 38.9232529454961, 38.991399322710066, 39.058729734661284, 39.12526594248878, 39.19102916633125, 39.25604010055638, 39.32031892863593, 39.38388533766825, 39.44675853255108, 39.50895724980755, 39.57049977106925, 39.631403936220494, 39.69168715620841, 39.75136642552387, 39.81045833435842, 39.86897908044287, 39.92694448057313, 39.984369981829346, 40.04127067249438, 40.09766129267769, 40.153556244651064, 40.20896960290226, 40.26391512391321, 40.31840625566889, 40.37245614690332, 40.42607765608903, 40.47928336017631, 40.532085563088444, 40.58449630397914, 40.63652736525831, 40.68819028039221, 40.73949634148393, 40.79045660664005, 40.841081907129286, 40.891382854338794, 40.94136984653362, 40.991053075424816, 41.04044253255154, 41.08954801548235, 41.13837913384079, 41.18694531516029, 41.235255810573186, 41.2833197003387, 41.33114589921442, 41.378743161675835, 41.42612008698835, 41.47328512413594, 41.5202465766108, 41.567012607067845, 41.61359124184807, 41.659990375374655, 41.706217774425376, 41.75228108228507, 41.798187822781564, 41.84394540420844, 41.88956112313801, 41.93504216812756, 41.98039562332208, 42.02562847195633, 42.07074759975924, 42.11575979826333, 42.160671768022034, 42.20549012173723, 42.250221387299874, 42.294872010745905, 42.33944835912985, 42.38395672331845, 42.42840332070645, 42.47279429785666, 42.51713573306636, 42.56143363886202, 42.605693964424134, 42.649922597944105, 42.69412536891487, 42.738308050356906, 42.78247636098135, 42.82663596729165, 42.87079248562536, 42.91495148413735, 42.959118484725984, 43.00329896490345, 43.047498359611474, 43.091722062983735, 43.135975430055986, 43.18026377842509, 43.224592389857904, 43.26896651185103, 43.31339135914247, 43.35787211517586, 43.402413933518325, 43.44702193923268, 43.49170123020466, 43.53645687842604, 43.58129393123409, 43.626217412508275, 43.671232323824455, 43.716343645567434, 43.76155633800214, 43.80687534230402, 43.85230558154904, 43.89785196166368, 43.94351937233533, 43.9893126878833, 44.03523676809088, 44.08129645899864, 44.12749659365911, 44.173841992853276, 44.22033746576874, 44.266987810639996, 44.31379781535068, 44.360772257998065]]","[array([6.37688001e-05, 6.00799169e-05, 5.86664978e-05, 5.87303122e-05,
       5.97890121e-05, 6.15504195e-05, 6.38362204e-05, 6.65369944e-05,
       6.95854973e-05, 7.29405784e-05, 7.65774708e-05, 8.04818973e-05,
       8.46464703e-05, 8.90684709e-05, 9.37484645e-05, 9.86894225e-05,
       1.03896156e-04, 1.09374944e-04, 1.15133277e-04, 1.21179688e-04,
       1.27523626e-04, 1.34175370e-04, 1.41145964e-04, 1.48447168e-04,
       1.56091428e-04, 1.64091849e-04, 1.72462177e-04, 1.81216789e-04,
       1.90370688e-04, 1.99939495e-04, 2.09939455e-04, 2.20387439e-04,
       2.31300942e-04, 2.42698096e-04, 2.54597676e-04, 2.67019102e-04,
       2.79982454e-04, 2.93508478e-04, 3.07618592e-04, 3.22334899e-04,
       3.37680190e-04, 3.53677957e-04, 3.70352392e-04, 3.87728401e-04,
       4.05831601e-04, 4.24688326e-04, 4.44325630e-04, 4.64771284e-04,
       4.86053775e-04, 5.08202299e-04, 5.31246758e-04, 5.55217745e-04,
       5.80146535e-04, 6.06065067e-04, 6.33005925e-04, 6.61002312e-04,
       6.90088025e-04, 7.20297421e-04, 7.51665380e-04, 7.84227261e-04,
       8.18018855e-04, 8.53076333e-04, 8.89436177e-04, 9.27135124e-04,
       9.66210263e-04, 1.00670345e-03, 1.04867052e-03, 1.09217975e-03,
       1.13730666e-03, 1.18413043e-03, 1.23273163e-03, 1.28319080e-03,
       1.33558763e-03, 1.39000051e-03, 1.44650635e-03, 1.50518042e-03,
       1.56609639e-03, 1.62932631e-03, 1.69494058e-03, 1.76300796e-03,
       1.83359549e-03, 1.90676834e-03, 1.98258972e-03, 2.06112064e-03,
       2.14241968e-03, 2.22654267e-03, 2.31354241e-03, 2.40346827e-03,
       2.49636577e-03, 2.59227615e-03, 2.69123587e-03, 2.79327611e-03,
       2.89842221e-03, 3.00669312e-03, 3.11810076e-03, 3.23264944e-03,
       3.35033520e-03, 3.47114517e-03, 3.59505687e-03, 3.72203759e-03,
       3.85204370e-03, 3.98501998e-03, 4.12089898e-03, 4.25960037e-03,
       4.40103040e-03, 4.54508123e-03, 4.69163053e-03, 4.84054089e-03,
       4.99165952e-03, 5.14481786e-03, 5.29983134e-03, 5.45649924e-03,
       5.61460462e-03, 5.77391441e-03, 5.93417955e-03, 6.09513531e-03,
       6.25650179e-03, 6.41798444e-03, 6.57927483e-03, 6.74005156e-03,
       6.89998129e-03, 7.05871994e-03, 7.21591402e-03, 7.37120220e-03,
       7.52421686e-03, 7.67458594e-03, 7.82193477e-03, 7.96588814e-03,
       8.10607231e-03, 8.24211723e-03, 8.37365874e-03, 8.50034080e-03,
       8.62181778e-03, 8.73775664e-03, 8.84783917e-03, 8.95176409e-03,
       9.04924909e-03, 9.14003273e-03, 9.22387624e-03, 9.30056511e-03,
       9.36991052e-03, 9.43175057e-03, 9.48595128e-03, 9.53240741e-03,
       9.57104294e-03, 9.60181145e-03, 9.62469612e-03, 9.63970960e-03,
       9.64689355e-03, 9.64631800e-03, 9.63808052e-03, 9.62230509e-03,
       9.59914090e-03, 9.56876089e-03, 9.53136017e-03, 9.48715434e-03,
       9.43637768e-03, 9.37928124e-03, 9.31613090e-03, 9.24720541e-03,
       9.17279437e-03, 9.09319624e-03, 9.00871640e-03, 8.91966522e-03,
       8.82635621e-03, 8.72910424e-03, 8.62822386e-03, 8.52402772e-03,
       8.41682507e-03, 8.30692043e-03, 8.19461232e-03, 8.08019217e-03,
       7.96394331e-03, 7.84614010e-03, 7.72704722e-03, 7.60691896e-03,
       7.48599883e-03, 7.36451903e-03, 7.24270025e-03, 7.12075143e-03,
       6.99886965e-03, 6.87724009e-03, 6.75603614e-03, 6.63541944e-03,
       6.51554011e-03, 6.39653696e-03, 6.27853779e-03, 6.16165970e-03,
       6.04600943e-03, 5.93168375e-03, 5.81876988e-03, 5.70734589e-03,
       5.59748111e-03, 5.48923662e-03, 5.38266565e-03, 5.27781403e-03,
       5.17472064e-03, 5.07341782e-03, 4.97393183e-03, 4.87628321e-03,
       4.78048723e-03, 4.68655426e-03, 4.59449015e-03, 4.50429656e-03,
       4.41597136e-03, 4.32950889e-03, 4.24490033e-03, 4.16213396e-03,
       4.08119546e-03, 4.00206814e-03, 3.92473322e-03, 3.84917004e-03,
       3.77535630e-03, 3.70326823e-03, 3.63288079e-03, 3.56416785e-03,
       3.49710235e-03, 3.43165644e-03, 3.36780164e-03, 3.30550892e-03,
       3.24474887e-03, 3.18549175e-03, 3.12770766e-03, 3.07136655e-03,
       3.01643835e-03, 2.96289302e-03, 2.91070063e-03, 2.85983139e-03,
       2.81025576e-03, 2.76194443e-03, 2.71486840e-03, 2.66899900e-03,
       2.62430796e-03, 2.58076738e-03, 2.53834978e-03, 2.49702815e-03,
       2.45677591e-03, 2.41756699e-03, 2.37937579e-03, 2.34217721e-03,
       2.30594664e-03, 2.27066002e-03, 2.23629376e-03, 2.20282483e-03,
       2.17023069e-03, 2.13848932e-03, 2.10757922e-03, 2.07747941e-03,
       2.04816941e-03, 2.01962923e-03, 1.99183942e-03, 1.96478097e-03,
       1.93843540e-03, 1.91278468e-03, 1.88781127e-03, 1.86349808e-03,
       1.83982848e-03, 1.81678630e-03, 1.79435578e-03, 1.77252162e-03,
       1.75126891e-03, 1.73058319e-03, 1.71045037e-03, 1.69085677e-03,
       1.67178909e-03, 1.65323441e-03, 1.63518017e-03, 1.61761418e-03,
       1.60052459e-03, 1.58389990e-03, 1.56772892e-03, 1.55200082e-03,
       1.53670506e-03, 1.52183141e-03, 1.50736994e-03, 1.49331103e-03,
       1.47964532e-03, 1.46636374e-03, 1.45345747e-03, 1.44091798e-03,
       1.42873697e-03, 1.41690641e-03, 1.40541849e-03, 1.39426565e-03,
       1.38344054e-03, 1.37293604e-03, 1.36274525e-03, 1.35286148e-03,
       1.34327823e-03, 1.33398922e-03, 1.32498833e-03, 1.31626965e-03,
       1.30782745e-03, 1.29965617e-03, 1.29175043e-03, 1.28410499e-03,
       1.27671481e-03, 1.26957498e-03, 1.26268075e-03, 1.25602752e-03,
       1.24961083e-03, 1.24342637e-03, 1.23746996e-03, 1.23173754e-03,
       1.22622520e-03, 1.22092914e-03, 1.21584569e-03, 1.21097129e-03,
       1.20630250e-03, 1.20183600e-03, 1.19756855e-03, 1.19349705e-03,
       1.18961848e-03, 1.18592993e-03, 1.18242857e-03, 1.17911168e-03,
       1.17597664e-03, 1.17302089e-03, 1.17024198e-03, 1.16763754e-03,
       1.16520527e-03, 1.16294297e-03, 1.16084848e-03, 1.15891976e-03,
       1.15715482e-03, 1.15555174e-03, 1.15410867e-03, 1.15282382e-03,
       1.15169549e-03, 1.15072202e-03, 1.14990181e-03, 1.14923334e-03,
       1.14871513e-03, 1.14834576e-03, 1.14812387e-03, 1.14804815e-03,
       1.14811734e-03, 1.14833023e-03, 1.14868567e-03, 1.14918254e-03,
       1.14981977e-03, 1.15059635e-03, 1.15151129e-03, 1.15256366e-03,
       1.15375256e-03, 1.15507714e-03, 1.15653658e-03, 1.15813009e-03,
       1.15985693e-03, 1.16171638e-03, 1.16370778e-03, 1.16583047e-03,
       1.16808384e-03, 1.17046730e-03, 1.17298030e-03, 1.17562231e-03,
       1.17839283e-03, 1.18129138e-03, 1.18431751e-03, 1.18747080e-03,
       1.19075083e-03, 1.19415723e-03, 1.19768964e-03, 1.20134771e-03,
       1.20513111e-03])]","[[0, 6.376880005047202e-05, 0.00012384871691641303, 0.0001825152146708144, 0.00024124552683708357, 0.00030103453896340715, 0.00036258495844507363, 0.00042642117882546416, 0.0004929581732438054, 0.0005625436705328687, 0.0006354842489373938, 0.0007120617196941733, 0.0007925436170171454, 0.0008771900872780738, 0.0009662585581717964, 0.0010600070226466666, 0.0011586964451915885, 0.0012625926016675282, 0.0013719675456378142, 0.00148710082266071, 0.0016082805104972303, 0.0017358041364584928, 0.001869979506485653, 0.0020111254700296267, 0.0021595726379902884, 0.0023156640664550787, 0.0024797559158844084, 0.0026522180932053666, 0.0028334348826783823, 0.0030238055701975602, 0.003223745064751255, 0.0034336845200261326, 0.0036540719585334246, 0.003885372900134964, 0.004128070996424032, 0.004382668672053879, 0.004649687773791435, 0.0049296702277945815, 0.005223178705360002, 0.005530797297158333, 0.005853132195758365, 0.006190812386037887, 0.006544490342881281, 0.006914842735370026, 0.007302571136478881, 0.007708402737095203, 0.008133091062979662, 0.008577416693081489, 0.009042187977408956, 0.009528241752434455, 0.010036444051782301, 0.010567690809705096, 0.011122908554600268, 0.011703055089551662, 0.012309120156601076, 0.012942126081161055, 0.013603128392672914, 0.014293216417292517, 0.015013513838051216, 0.01576517921759048, 0.01654940647820696, 0.017367425333570413, 0.01822050166609148, 0.019109937843520507, 0.02003707296795461, 0.02100328323133043, 0.022009986684523426, 0.023058657205217204, 0.024150836953265246, 0.02528814361139102, 0.026472274043980386, 0.02770500567715993, 0.028988196476522225, 0.030323784102393378, 0.03171378461577853, 0.03316029096504452, 0.03466547138538512, 0.03623156777683684, 0.03786089408254901, 0.03955583466037144, 0.041318842622784284, 0.04315243810935312, 0.04505920644985881, 0.04704179617336801, 0.04910291681763853, 0.051245336493627454, 0.053471879160985565, 0.05578542157195808, 0.058188889842880474, 0.06068525561435527, 0.06327753176318085, 0.06596876763117537, 0.06876204373822231, 0.07166046594920204, 0.07466715906701532, 0.07778525982670711, 0.08101790926881763, 0.08436824447357816, 0.08783938964148218, 0.09143444651014569, 0.09515648410226123, 0.09900852780488305, 0.10299354778627569, 0.10711444676312888, 0.11137404713808774, 0.11577507753525564, 0.12032015876957132, 0.12501178929469828, 0.12985233018323436, 0.13484398970257563, 0.13998880755955537, 0.14528863889691374, 0.15074513813460277, 0.1563597427587467, 0.16213365717058967, 0.1680678367167933, 0.17416297203079656, 0.18041947382241968, 0.1868374582592667, 0.1934167330885519, 0.20015678465152764, 0.20705676594452968, 0.2141154858805932, 0.22133139990346298, 0.22870260210148774, 0.23622681896224665, 0.2439014048997399, 0.2517233396745647, 0.25968922781372084, 0.26779530012062913, 0.2760374173477306, 0.2844110760838655, 0.292911416886743, 0.3015332346675058, 0.31027099131001834, 0.3191188304824328, 0.3280705945732469, 0.33711984365889247, 0.3462598763853387, 0.3554837526227221, 0.36478431773006226, 0.3741542282471226, 0.38358597881280665, 0.3930719300945023, 0.4026043375007776, 0.4121753804410295, 0.4217771918902447, 0.43140188801504403, 0.44104159761865114, 0.45068849116729953, 0.46033480916872666, 0.4699728896846019, 0.4795951947727328, 0.48919433567137444, 0.498763096556573, 0.5082944567238171, 0.5177816110669313, 0.5272179887497146, 0.5365972699888657, 0.5459134008898541, 0.5551606063001839, 0.5643334006666121, 0.5734265969039801, 0.5824353133031371, 0.5913549785237041, 0.6001813347339929, 0.6089104389750744, 0.6175386628387121, 0.6260626905595834, 0.6344795156308757, 0.6427864360590272, 0.6509810483781194, 0.6590612405473288, 0.6670251838560255, 0.6748713239607014, 0.6825983711760785, 0.6902052901396457, 0.6976912889646748, 0.7050558079916357, 0.7122985082420423, 0.719419259672265, 0.7264181293179068, 0.7332953694120943, 0.7400514055536133, 0.7466868249933477, 0.7532023651000525, 0.7595989020592072, 0.7658774398516378, 0.7720390995518058, 0.7780851089792266, 0.7840167927304054, 0.7898355626130201, 0.795542908498839, 0.801140389607061, 0.8066296262254041, 0.8120122918723346, 0.8172901059003309, 0.8224648265369807, 0.8275382443580127, 0.8325121761840387, 0.8373884593908059, 0.8421689466211086, 0.84685550088516, 0.8514499910351503, 0.8559542875988919, 0.8603702589568566, 0.864699767846505, 0.8689446681775953, 0.8731068021420887, 0.8771879976023426, 0.8811900657414703, 0.8851147989600309, 0.8889639690035832, 0.8927393253060758, 0.8964425935345325, 0.9000754743210306, 0.9036396421685334, 0.9071367445177255, 0.9105684009626044, 0.9139362026031901, 0.917241711524325, 0.9204864603901438, 0.92367195214439, 0.926799659807342, 0.9298710263606813, 0.9328874647121873, 0.9358503577326787, 0.9387610583581296, 0.9416208897503824, 0.9444311455103439, 0.9471930899379988, 0.9499079583339932, 0.9525769573379422, 0.9552012652989909, 0.957782032674511, 0.9603203824531522, 0.9628174105987738, 0.9652741865120783, 0.9676917535070405, 0.9700711292994778, 0.9724133065053466, 0.9747192531465693, 0.9769899131623988, 0.9792262069245197, 0.9814290317542572, 0.9835992624404299, 0.98573775175653, 0.987845330976052, 0.9899228103849215, 0.9919709797900862, 0.9939906090234445, 0.9959824484403813, 0.9979472294122722, 0.9998856648124003, 1.0017984494948027, 1.003686260765636, 1.0055497588467086, 1.0073895873308873, 1.0092063736291381, 1.0110007294090042, 1.012773251024369, 1.014524519936393, 1.0162551031255418, 1.017965553494658, 1.0196564102630579, 1.021328199351656, 1.0229814337591454, 1.0246166139292794, 1.0262342281093204, 1.027834752699736, 1.029418652595233, 1.0309863815172402, 1.0325383823379513, 1.0340750873960545, 1.0355969188042844, 1.0371042887489292, 1.038597599781444, 1.040077245102317, 1.0415436088373398, 1.0429970663064396, 1.0444379842852318, 1.0458667212594484, 1.047283627672405, 1.0486890461656677, 1.0500833118130781, 1.0514667523482955, 1.0528396883860178, 1.0542024336370386, 1.0555552951172928, 1.0568985733510508, 1.058232562568409, 1.0595575508972297, 1.0608738205496773, 1.0621816480034962, 1.063481304178175, 1.064773054606133, 1.066057159599072, 1.0673338744096237, 1.0686034493884264, 1.0698661301367594, 1.071122157654859, 1.0723717684860439, 1.0736151948567618, 1.0748526648126835, 1.0760844023509493, 1.0773106275486848, 1.078531556687891, 1.079747402376814, 1.080958373667897, 1.0821646761724124, 1.083366512171873, 1.084564080726311, 1.0857575777795219, 1.086947196261354, 1.0881331261871354, 1.089315554754318, 1.090494666436418, 1.0916706430743315, 1.092843663965102, 1.0940139059482095, 1.095181543489453, 1.096346748762494, 1.097509691728128, 1.0986705402113452, 1.0998294599762444, 1.1009866147988556, 1.1021421665379332, 1.1032962752037703, 1.1044490990250901, 1.1056007945140645, 1.1067515165295083, 1.1079014183382994, 1.1090506516750653, 1.1101993668001868, 1.1113477125561535, 1.112495836422318, 1.113643884568083, 1.11479200190456, 1.1159403321347383, 1.1170890178021922, 1.1182382003383637, 1.1193880201084516, 1.1205386164559343, 1.121690127745757, 1.1228426914062093, 1.1239964439695194, 1.125151521111188, 1.1263080576880877, 1.1274661877753471, 1.128626044702042, 1.1297877610857134, 1.1309514688657294, 1.132117299335509, 1.1332853831736263, 1.1344558504738054, 1.135628830773826, 1.1368044530833483, 1.137982845910671, 1.1391641372884345, 1.1403484547982796, 1.1415359255944686, 1.14272667642648, 1.1439208336605846, 1.1451185233004073, 1.146319871006483, 1.1475250021148107]]"
50.0,80.0,4,60,360,I0-S0,"[[0.01, 0.009218546420913139, 0.008861068736292907, 0.008775059817687893, 0.00886844850475938, 0.009085538036366712, 0.009392313851902116, 0.009767649327945736, 0.010198239630504376, 0.010675570748349647, 0.01119409041923872, 0.011750100091624095, 0.012341079918514892, 0.012965274160852653, 0.013621433580047138, 0.014308652854800626, 0.01502626586930409, 0.015773776561925565, 0.016550811899916997, 0.01735708885561544, 0.018192390438807295, 0.019056547746603897, 0.019949426138945906, 0.02087091434066135, 0.02182091569236394, 0.022799341031244848, 0.023806102843901476, 0.024841110435493873, 0.025904265925855468, 0.0269954609275491, 0.02811457379155504, 0.029261467328310406, 0.03043598692822579, 0.03163795901844804, 0.0328671898026748, 0.03412346423899098, 0.0354065452174668, 0.03671617290495033, 0.03805206422932694, 0.03941391247966325, 0.04080138700222286, 0.04221413297542852, 0.04365177124952223, 0.045113898239002366, 0.04660008585794206, 0.04810988149005957, 0.04964280798695127, 0.051198363689242486, 0.05277602246658501, 0.05437523377345399, 0.055995422718589774, 0.057635990146707755, 0.05929631273177453, 0.060975743081733896, 0.06267360985507063, 0.0643892178900329, 0.06612184834770234, 0.06787075887041139, 0.06963518375726488, 0.07141433415873319, 0.07320739829245075, 0.07501354168248017, 0.07683190742439236, 0.0786616164785687, 0.08050176799415634, 0.0823516091843697, 0.08421224138052888, 0.08608747352724558, 0.08798272539523246, 0.08990416961572632, 0.09185818879554301, 0.09385104076235534, 0.09588866134831207, 0.09797655767052259, 0.10011976038425992, 0.10232281370238719, 0.10458978889374856, 0.10692431164921205, 0.10932959688443393, 0.11180848672205805, 0.1143634888858443, 0.11699681376064719, 0.1197104090705926, 0.12250599160225129, 0.12538507571818513, 0.12834899861617807, 0.131398942423753, 0.13453595329940807, 0.13776095775773292, 0.1410747764567605, 0.14447813569074935, 0.14797167682584877, 0.1515559639038266, 0.15523148962305897, 0.15899867988822847, 0.16285789710196516, 0.16680944235384326, 0.17085355664526009, 0.1749904212730811, 0.17922015748069534, 0.18354282547234266, 0.18795842287522432, 0.19246688272393542, 0.19706807103306379, 0.2017617840162874, 0.20654774500385675, 0.21142560110486333, 0.2163949196560619, 0.2214551844951366, 0.22660579209308315, 0.2318460475777391, 0.2371751606783548, 0.24259224161938908, 0.24809629699037447, 0.25368622561767146, 0.25936081446316867, 0.26511873457444396, 0.27095853711053663, 0.276878649467261, 0.2828773715258792, 0.28895287204892306, 0.2951031852469748, 0.3013262075402729, 0.30761969453906207, 0.3139812582666538, 0.32040836464916794, 0.3268983312958828, 0.33344832559400517, 0.34005536314146967, 0.34671630654107594, 0.35342786457885494, 0.36018659180901386, 0.36698888856712647, 0.373831001432409, 0.3807090241589336, 0.38761889909448344, 0.3945564191044307, 0.40151723001652617, 0.4084968336008149, 0.41549059109704206, 0.4224937272998853, 0.42950133521014505, 0.43650838125765234, 0.44350971109911685, 0.4505000559914469, 0.45747403973823947, 0.4644261862041757, 0.47135092738897827, 0.4782426120494148, 0.4850955148545768, 0.4919038460563592, 0.4986617616537244, 0.5053633740259872, 0.512002763007028, 0.5185739873690608, 0.5250710966813723, 0.5314881435063447, 0.5378191958921047, 0.544058350118332, 0.5501997436491416, 0.55623756824456, 0.5621660831799669, 0.5679796285209932, 0.5736726383997962, 0.5792396542373679, 0.5846753378556192, 0.5899744844224213, 0.5951320351725916, 0.6001430898480072, 0.6050029188006022, 0.6097069747029793, 0.6142509038127248, 0.6186305567382641, 0.6228419986562168, 0.6268815189327067, 0.6307456401039149, 0.6344311261743367, 0.6379349901946776, 0.6412545010850736, 0.6443871896733292, 0.6473308539220801, 0.6500835633231931, 0.6526436624422618, 0.6550097736007103, 0.6571807986877406, 0.6591559200991121, 0.6609346008044809, 0.6625165835497194, 0.6639018892052385, 0.6650908142758113, 0.6660839275917164, 0.6668820662051381, 0.6674863305196613, 0.6678980786843425, 0.6681189202872074, 0.6681507093860928, 0.6679955369175012, 0.6676557225265566, 0.6671338058632222, 0.666432537391672, 0.6655548687610686, 0.6645039427870267, 0.6632830830936963, 0.6618957834667248, 0.6603456969673391, 0.6586366248574478, 0.6567725053850173, 0.6547574024780348, 0.6525954943941593, 0.6502910623717009, 0.6478484793258726, 0.6452721986323642, 0.6425667430382046, 0.6397366937376452, 0.6367866796484212, 0.6337213669212743, 0.6305454487130553, 0.6272636352510983, 0.6238806442139044, 0.6204011914504882, 0.6168299820580706, 0.6131717018351531, 0.6094310091244001, 0.6056125270572041, 0.6017208362093376, 0.5977604676746973, 0.5937358965618603, 0.5896515359159804, 0.5855117310664861, 0.5813207543990939, 0.577082800548831, 0.5728019820090738, 0.5684823251500568, 0.564127766638886, 0.5597421502518125, 0.5553292240683708, 0.550892638035973, 0.5464359418926622, 0.5419625834349698, 0.5374759071171811, 0.5329791529677897, 0.5284754558085123, 0.5239678447609221, 0.5194592430255578, 0.5149524679182413, 0.5104502311483121, 0.5059551393235302, 0.5014696946665234, 0.4969962959278403, 0.49253723948091455, 0.48809472058454745, 0.4836708347988604, 0.4792675795410554, 0.47488685576774514, 0.47053046977106383, 0.46620013507624997, 0.4618974744288848, 0.4576240218604861, 0.4533812248216777, 0.4491704463726857, 0.4449929674214493, 0.4408499890001648, 0.43674263457161844, 0.43267195235718653, 0.4286389176789055, 0.42464443530852203, 0.4206893418169333, 0.4167744079179143, 0.41290034080050025, 0.40906778644484854, 0.40527733191684556, 0.40152950763714623, 0.3978247896207395, 0.3941636016835215, 0.3905463176127253, 0.38697326329841, 0.38344471882354086, 0.3799609205105093, 0.37652206292223545, 0.3731283008162759, 0.36977975105061855, 0.3664764944400913, 0.3632185775625373, 0.3600060145141223, 0.35683878861333285, 0.35371685405340614, 0.35064013750309875, 0.34760853965585187, 0.344621936727553, 0.3416801819032172, 0.33878310673302947, 0.3359305224782905, 0.3331222214079025, 0.3303579780461145, 0.32763755037231945, 0.3249606809737609, 0.3223270981520619, 0.3197365169845393, 0.3171886403413057, 0.3146831598591979, 0.31221975687359727, 0.3097981033092318, 0.3074178625310655, 0.3050786901563937, 0.30278023482927136, 0.3005221389584043, 0.29830403941963424, 0.29612556822414515, 0.2939863531535113, 0.29188601836269984, 0.2898241849521282, 0.28780047150986265, 0.2858144946250299, 0.28386586937349506, 0.28195420977684127, 0.28007912923566525, 0.2782402409381831, 0.27643715824511683, 0.2746694950518107, 0.2729368661285016, 0.2712388874396445, 0.2695751764431686, 0.267945352370516, 0.26634903648828956, 0.2647858523423107, 0.26325542598486434, 0.26175738618588246, 0.26029136462879326, 0.258856996091738, 0.25745391861483463, 0.25608177365414136, 0.2547402062229519, 0.25342886502102957, 0.2521474025523651, 0.2508954752320213, 0.24967274348260446, 0.24847887182088285, 0.24731352893505132, 0.24617638775311954, 0.24506712550288345, 0.24398542376391957, 0.24293096851202275, 0.2419034501564908, 0.24090256357064108, 0.2399280081159274, 0.23897948766000993, 0.23805671058911299, 0.23715938981499268, 0.23628724277681928, 0.23543999143826666, 0.23461736228008576, 0.23381908628842715, 0.23304489893916408, 0.232294540178455, 0.23156775439977326, 0.23086429041761994, 0.2301839014381245, 0.22952634502672808, 0.2288913830731337, 0.22827878175369776, 0.2276883114914286, 0.22711974691374842, 0.22657286680816638, 0.2260474540760027, 0.22554329568429596, 0.2250601826160174]]","[[0.01, 0.011673645222856313, 0.01362924433757481, 0.01580189558251425, 0.018156401287987095, 0.0206753670641808, 0.023351812993920442, 0.02618470959492171, 0.029176512551096944, 0.03233171791584291, 0.03565600832161668, 0.03915575114582497, 0.0428377055873738, 0.046708853137181136, 0.05077630045889226, 0.05504722438051533, 0.05952884106119269, 0.06422838877076385, 0.06915311810608715, 0.07431028606939444, 0.07970715197054674, 0.08535097401784651, 0.09124900598845348, 0.0974084936729808, 0.10383667096094713, 0.11054075552877658, 0.11752794414220327, 0.12480540760931134, 0.13238028543024843, 0.1402596801914677, 0.14845065174999847, 0.15696021124891232, 0.16579531500007524, 0.1749628582651334, 0.18446966896082226, 0.19432250131028242, 0.20452802945817133, 0.215092841063985, 0.22602343088512106, 0.2373261943587892, 0.24900742118986025, 0.2610732889501025, 0.273529856692938, 0.2863830585868268, 0.29963869756962, 0.31330243902567945, 0.3273798044872178, 0.34187616536114385, 0.3567967366826767, 0.37214657089710834, 0.3879305516713211, 0.4041533877369924, 0.4208196067678306, 0.43793354929366873, 0.4554993626547803, 0.47352099500037576, 0.492002189335861, 0.5109464776240996, 0.5303571749465945, 0.5502373737311954, 0.5705899380536309, 0.5914174980208574, 0.612722444244896, 0.6345069224164998, 0.6567728279886363, 0.6795219792169394, 0.7027580423950264, 0.7264880386299736, 0.7507218067670763, 0.7754714406759315, 0.8007508645092567, 0.826575505296967, 0.8529620360285054, 0.8799281710423328, 0.9074925011127346, 0.9356743592634742, 0.9644937107603978, 0.9939710623827976, 1.0241273872209333, 1.054984062066668, 1.086562815064432, 1.118885681740151, 1.1519749678713809, 1.1858532179322965, 1.2205431880622823, 1.256067822680322, 1.2924502340087796, 1.329713683886417, 1.3678815673467235, 1.4069773975177144, 1.4470247914662715, 1.4880474566662154, 1.53006917781651, 1.5731138037758097, 1.6172052344132548, 1.6623674072040033, 1.7086242834223273, 1.7559998338059153, 1.8045180235828977, 1.854202796768555, 1.9050780596520973, 1.9571676634056756, 2.0104953857581904, 2.0650849116857635, 2.1209598130791325, 2.178143527355913, 2.236659334992774, 2.2965303359592393, 2.357779425041165, 2.4204292660480076, 2.4845022649039286, 2.550020541628553, 2.6170059012189624, 2.685479803450192, 2.755463331617253, 2.826977160247445, 2.9000415218175464, 2.974676172516347, 3.050900357098935, 3.1287327728851606, 3.2081915329607877, 3.2892941286459565, 3.3720573913017744, 3.4564974535520188, 3.5426297100031467, 3.630468777551945, 3.720028455376277, 3.8113216847103786, 3.904360508512055, 3.9991560311348446, 4.09571837812373, 4.19405665625825, 4.2941789139718285, 4.396092102280773, 4.499802036360623, 4.605313357911353, 4.712629498456224, 4.821752643721863, 4.932683699249367, 5.045422257387743, 5.159966565821952, 5.276313497787915, 5.394458524126331, 5.514395687325719, 5.636117577702918, 5.759615311866209, 5.884878513602309, 6.0118952973236395, 6.140652254206567, 6.271134441144694, 6.403325372633745, 6.5372070156961835, 6.672759787944441, 6.809962558871502, 6.948792654446689, 7.089225865082822, 7.231236457028517, 7.374797187226399, 7.5198793216643605, 7.666452657232915, 7.814485547087123, 7.963944929496723, 8.114796360152972, 8.267004047885429, 8.420530893726621, 8.57533853324728, 8.731387382069741, 8.88863668445233, 9.047044564823073, 9.206568082127212, 9.367163286839554, 9.528785280480134, 9.691388277459694, 9.854925669070576, 10.019350089428507, 10.184613483161781, 10.35066717463647, 10.51746193849946, 10.684948071315668, 10.853075464071427, 11.021793675313031, 11.191052004687704, 11.360799566653803, 11.530985364127934, 11.701558361838757, 11.87246755916064, 12.043662062204923, 12.215091154952233, 12.386704369216185, 12.55845155323667, 12.730282938709799, 12.902149206071243, 13.074001547860412, 13.245791730003976, 13.417472150869294, 13.588995897950635, 13.760316802063937, 13.931389488939034, 14.102169428111697, 14.272612979031345, 14.442677434313913, 14.612321060082879, 14.781503133354862, 14.950183976439378, 15.118324988335264, 15.285888673118734, 15.452838665330198, 15.619139752378477, 15.784757893992158, 15.949660238758222, 16.11381513779792, 16.27719215563902, 16.439762078351933, 16.601496919025067, 16.76236992066169, 16.922355556586872, 17.08142952845866, 17.23956876198245, 17.39675140043159, 17.552956796080718, 17.708165499660996, 17.86235924794851, 18.01552094959851, 18.167634669338995, 18.318685610637402, 18.468660096953872, 18.617545551693766, 18.765330476970874, 18.91200443129101, 19.057558006263687, 19.20198280244707, 19.345271404428665, 19.487417355241163, 19.628415130209593, 19.768260110322416, 19.90694855521554, 20.04447757585442, 20.18084510699546, 20.316049879503943, 20.45009139260161, 20.582969886112913, 20.71468631277487, 20.845242310671328, 20.974640175848347, 21.102882835163456, 21.229973819417488, 21.35591723681394, 21.480717746786926, 21.604380534235172, 21.726911284195936, 21.848316156989277, 21.968601763859844, 22.087775143140107, 22.205843736955995, 22.32281536849301, 22.43869821983806, 22.553500810409762, 22.667231975987452, 22.77990084834684, 22.89151683550807, 23.002089602599916, 23.111629053342025, 23.220145312145235, 23.32764870682846, 23.434149751949153, 23.539659132742912, 23.644187689666573, 23.747746403538017, 23.850346381264853, 23.9519988421532, 24.052715104786994, 24.15250657446748, 24.251384731201917, 24.349361118229947, 24.4464473310756, 24.54265500711249, 24.637995815629434, 24.732481448383403, 24.82612361062654, 24.91893401259379, 25.01092436143764, 25.10210635359624, 25.192491667581397, 25.282091957172735, 25.370918845004525, 25.45898391653167, 25.546298714361512, 25.63287473293833, 25.718723413567382, 25.803856139765767, 25.888284232927454, 25.972018948290074, 26.055071471191372, 26.13745291360338, 26.21917431093275, 26.300246619075892, 26.380680711717805, 26.46048737786393, 26.53967731959447, 26.61826115003103, 26.696249391505706, 26.773652473923033, 26.850480733305513, 26.92674441051374, 27.00245365013244, 27.077618499514024, 27.152248907971572, 27.226354726113406, 27.29994570531174, 27.373031497298136, 27.445621653878813, 27.517725626763035, 27.589352767498188, 27.6605123275053, 27.731213458209094, 27.80146521125681, 27.871276538820396, 27.94065629397676, 28.00961323116113, 28.07815600668865, 28.146293179339693, 28.214033211004452, 28.28138446738265, 28.34835521873434, 28.41495364067803, 28.481187815032413, 28.54706573069834, 28.61259528457764, 28.677784282525703, 28.742640440334803, 28.80717138474534, 28.871384654482295, 28.93528770131432, 28.99888789113304, 29.06219250505027, 29.125208740510896, 29.18794371241945, 29.2504044542783, 29.312597919335666, 29.37453098174169, 29.436210437710884, 29.497643006689366, 29.558835332525465, 29.61979398464221, 29.68052545921045, 29.741036180321313, 29.801332501156867, 29.86142070515787, 29.921307007187526, 29.98099755469037, 30.040498428845236, 30.099815645711587, 30.158955157368265, 30.21792285304402, 30.27672456023903, 30.33536604583678, 30.3938530172057, 30.45219112328994, 30.51038595568875, 30.568443049724028, 30.626367885495444, 30.684165888922816, 30.74184243277527, 30.79940283768682, 30.856852373158013, 30.91419625854333]]","[array([6.37688001e-05, 6.00799169e-05, 5.86664978e-05, 5.87303122e-05,
       5.97889934e-05, 6.15498731e-05, 6.38327565e-05, 6.65250040e-05,
       6.95551752e-05, 7.28771619e-05, 7.64606013e-05, 8.02850549e-05,
       8.43364495e-05, 8.86048806e-05, 9.30832376e-05, 9.77663290e-05,
       1.02650312e-04, 1.07732312e-04, 1.13010156e-04, 1.18482190e-04,
       1.24147136e-04, 1.30003989e-04, 1.36051935e-04, 1.42290284e-04,
       1.48718422e-04, 1.55335761e-04, 1.62141711e-04, 1.69135645e-04,
       1.76316877e-04, 1.83684641e-04, 1.91238077e-04, 1.98976212e-04,
       2.06897953e-04, 2.15002076e-04, 2.23287219e-04, 2.31751875e-04,
       2.40394387e-04, 2.49212948e-04, 2.58205590e-04, 2.67370190e-04,
       2.76704462e-04, 2.86205960e-04, 2.95872075e-04, 3.05700035e-04,
       3.15686905e-04, 3.25829583e-04, 3.36124810e-04, 3.46569157e-04,
       3.57159037e-04, 3.67890697e-04, 3.78760224e-04, 3.89763544e-04,
       4.00896420e-04, 4.12154457e-04, 4.23533099e-04, 4.35027633e-04,
       4.46633189e-04, 4.58344739e-04, 4.70157101e-04, 4.82064940e-04,
       4.94062768e-04, 5.06144948e-04, 5.18305691e-04, 5.30539066e-04,
       5.42839222e-04, 5.55206000e-04, 5.67656210e-04, 5.80221202e-04,
       5.92939992e-04, 6.05854666e-04, 6.19007502e-04, 6.32439225e-04,
       6.46188018e-04, 6.60289022e-04, 6.74774151e-04, 6.89672112e-04,
       7.05008542e-04, 7.20806223e-04, 7.37085325e-04, 7.53863658e-04,
       7.71156930e-04, 7.88978982e-04, 8.07342014e-04, 8.26256780e-04,
       8.45732772e-04, 8.65778377e-04, 8.86401013e-04, 9.07607247e-04,
       9.29402895e-04, 9.51793109e-04, 9.74782443e-04, 9.98374911e-04,
       1.02257403e-03, 1.04738287e-03, 1.07280404e-03, 1.09883977e-03,
       1.12549185e-03, 1.15276169e-03, 1.18065031e-03, 1.20915831e-03,
       1.23828588e-03, 1.26803279e-03, 1.29839838e-03, 1.32938152e-03,
       1.36098060e-03, 1.39319355e-03, 1.42601773e-03, 1.45944998e-03,
       1.49348658e-03, 1.52812320e-03, 1.56335490e-03, 1.59917607e-03,
       1.63558044e-03, 1.67256103e-03, 1.71011012e-03, 1.74821926e-03,
       1.78687917e-03, 1.82607980e-03, 1.86581023e-03, 1.90605869e-03,
       1.94681253e-03, 1.98805819e-03, 2.02978118e-03, 2.07196604e-03,
       2.11459639e-03, 2.15765484e-03, 2.20112299e-03, 2.24498146e-03,
       2.28920985e-03, 2.33378673e-03, 2.37868963e-03, 2.42389509e-03,
       2.46937858e-03, 2.51511458e-03, 2.56107654e-03, 2.60723690e-03,
       2.65356713e-03, 2.70003771e-03, 2.74661820e-03, 2.79327720e-03,
       2.83998244e-03, 2.88670079e-03, 2.93339827e-03, 2.98004014e-03,
       3.02659092e-03, 3.07301442e-03, 3.11927383e-03, 3.16533175e-03,
       3.21115024e-03, 3.25669092e-03, 3.30191500e-03, 3.34678337e-03,
       3.39125667e-03, 3.43529536e-03, 3.47885977e-03, 3.52191026e-03,
       3.56440722e-03, 3.60631117e-03, 3.64758291e-03, 3.68818351e-03,
       3.72807448e-03, 3.76721780e-03, 3.80557605e-03, 3.84311247e-03,
       3.87979106e-03, 3.91557668e-03, 3.95043511e-03, 3.98433313e-03,
       4.01723866e-03, 4.04912075e-03, 4.07994973e-03, 4.10969725e-03,
       4.13833636e-03, 4.16584156e-03, 4.19218890e-03, 4.21735598e-03,
       4.24132207e-03, 4.26406810e-03, 4.28557673e-03, 4.30583239e-03,
       4.32482130e-03, 4.34253150e-03, 4.35895289e-03, 4.37407721e-03,
       4.38789808e-03, 4.40041097e-03, 4.41161325e-03, 4.42150412e-03,
       4.43008465e-03, 4.43735772e-03, 4.44332802e-03, 4.44800201e-03,
       4.45138790e-03, 4.45349557e-03, 4.45433657e-03, 4.45392407e-03,
       4.45227276e-03, 4.44939885e-03, 4.44531998e-03, 4.44005517e-03,
       4.43362472e-03, 4.42605021e-03, 4.41735436e-03, 4.40756100e-03,
       4.39669498e-03, 4.38478212e-03, 4.37184909e-03, 4.35792337e-03,
       4.34303316e-03, 4.32720733e-03, 4.31047529e-03, 4.29286697e-03,
       4.27441273e-03, 4.25514327e-03, 4.23508958e-03, 4.21428286e-03,
       4.19275447e-03, 4.17053583e-03, 4.14765840e-03, 4.12415358e-03,
       4.10005269e-03, 4.07538687e-03, 4.05018706e-03, 4.02448395e-03,
       3.99830792e-03, 3.97168898e-03, 3.94465678e-03, 3.91724050e-03,
       3.88946887e-03, 3.86137013e-03, 3.83297196e-03, 3.80430150e-03,
       3.77538529e-03, 3.74624926e-03, 3.71691873e-03, 3.68741836e-03,
       3.65777214e-03, 3.62800340e-03, 3.59813479e-03, 3.56818825e-03,
       3.53818503e-03, 3.50814569e-03, 3.47809005e-03, 3.44803726e-03,
       3.41800574e-03, 3.38801323e-03, 3.35807674e-03, 3.32821263e-03,
       3.29843653e-03, 3.26876342e-03, 3.23920760e-03, 3.20978272e-03,
       3.18050176e-03, 3.15137708e-03, 3.12242042e-03, 3.09364289e-03,
       3.06505502e-03, 3.03666674e-03, 3.00848742e-03, 2.98052587e-03,
       2.95279037e-03, 2.92528866e-03, 2.89802797e-03, 2.87101506e-03,
       2.84425619e-03, 2.81775715e-03, 2.79152332e-03, 2.76555961e-03,
       2.73987053e-03, 2.71446019e-03, 2.68933231e-03, 2.66449025e-03,
       2.63993701e-03, 2.61567524e-03, 2.59170728e-03, 2.56803514e-03,
       2.54466055e-03, 2.52158493e-03, 2.49880946e-03, 2.47633503e-03,
       2.45416231e-03, 2.43229171e-03, 2.41072345e-03, 2.38945750e-03,
       2.36849366e-03, 2.34783154e-03, 2.32747056e-03, 2.30740996e-03,
       2.28764886e-03, 2.26818619e-03, 2.24902077e-03, 2.23015127e-03,
       2.21157625e-03, 2.19329416e-03, 2.17530331e-03, 2.15760196e-03,
       2.14018824e-03, 2.12306022e-03, 2.10621587e-03, 2.08965310e-03,
       2.07336977e-03, 2.05736364e-03, 2.04163246e-03, 2.02617389e-03,
       2.01098559e-03, 1.99606514e-03, 1.98141011e-03, 1.96701803e-03,
       1.95288641e-03, 1.93901273e-03, 1.92539445e-03, 1.91202903e-03,
       1.89891390e-03, 1.88604650e-03, 1.87342425e-03, 1.86104457e-03,
       1.84890488e-03, 1.83700261e-03, 1.82533518e-03, 1.81390003e-03,
       1.80269461e-03, 1.79171638e-03, 1.78096279e-03, 1.77043133e-03,
       1.76011950e-03, 1.75002482e-03, 1.74014482e-03, 1.73047705e-03,
       1.72101910e-03, 1.71176856e-03, 1.70272304e-03, 1.69388021e-03,
       1.68523772e-03, 1.67679328e-03, 1.66854460e-03, 1.66048944e-03,
       1.65262558e-03, 1.64495081e-03, 1.63746298e-03, 1.63015994e-03,
       1.62303959e-03, 1.61609985e-03, 1.60933867e-03, 1.60275403e-03,
       1.59634394e-03, 1.59010644e-03, 1.58403960e-03, 1.57814153e-03,
       1.57241036e-03, 1.56684424e-03, 1.56144137e-03, 1.55619997e-03,
       1.55111830e-03, 1.54619462e-03, 1.54142726e-03, 1.53681455e-03,
       1.53235487e-03, 1.52804661e-03, 1.52388819e-03, 1.51987808e-03,
       1.51601475e-03, 1.51229673e-03, 1.50872254e-03, 1.50529075e-03,
       1.50199996e-03])]","[[0, 6.376880005047202e-05, 0.00012384871691641303, 0.0001825152146708144, 0.00024124552683708357, 0.0003010345202029633, 0.00036258439329917735, 0.0004264171497915838, 0.0004929421537816254, 0.0005624973290257994, 0.0006353744909708562, 0.0007118350923169058, 0.0007921201472430886, 0.0008764565967877532, 0.000965061477372601, 0.0010581447149536293, 0.0011559110439451588, 0.0012585613560737222, 0.0013662936676927318, 0.0014793038237345198, 0.0015977860138114144, 0.001721933149902406, 0.001851937138948249, 0.001987989073566739, 0.0021302793576255374, 0.002278997779156668, 0.002434333540215631, 0.002596475251267986, 0.002765610896217999, 0.0029419277730887944, 0.003125612414505023, 0.003316850491444204, 0.0035158267031649196, 0.00372272465575806, 0.003937726731380453, 0.004161013949903673, 0.004392765824433883, 0.0046331602119229764, 0.004882373159890755, 0.005140578750107167, 0.005407948939938633, 0.0056846534019395845, 0.005970859362166644, 0.00626673143760583, 0.006572431473030597, 0.006888118377548567, 0.007213947961045883, 0.007550072770698735, 0.007896641927690691, 0.008253800964250761, 0.008621691661109904, 0.009000451885461938, 0.00939021542950795, 0.009791111849660646, 0.010203266306485966, 0.010626799405463452, 0.011061827038653473, 0.011508460227368528, 0.01196680496595662, 0.012436962066817207, 0.01291902700678391, 0.013413089775022794, 0.013919234722610493, 0.014437540413972248, 0.014968079480376116, 0.01551091870214468, 0.01606612470167527, 0.01663378091175918, 0.017214002113554398, 0.01780694210545989, 0.018412796771784784, 0.01903180427362629, 0.019664243498186854, 0.020310431516150928, 0.020970720538401953, 0.02164549468989838, 0.022335166801731164, 0.02304017534372951, 0.023760981567181816, 0.024498066892067804, 0.0252519305500932, 0.02602308747998712, 0.026812066462358144, 0.02761940847610508, 0.028445665255690845, 0.029291398027640112, 0.030157176404805898, 0.031043577417844397, 0.031951184664649114, 0.03288058756002479, 0.0338323806694941, 0.03480716311273682, 0.03580553802370609, 0.03682811205591563, 0.03787549492272799, 0.03894829896368933, 0.04004713872905156, 0.04117263057560146, 0.04232539226778747, 0.043506042578905474, 0.04471520088778587, 0.045953486767024744, 0.047221519559331335, 0.04851991793903119, 0.04984929945617782, 0.0512102800610924, 0.052603473607478225, 0.054029491332550084, 0.055488941312883865, 0.056982427894933116, 0.05851055109938156, 0.060073905998706476, 0.061673082067521416, 0.06330866250544984, 0.0649812235324567, 0.06669133365673448, 0.06843955291540528, 0.07022643208846262, 0.07205251188653698, 0.07391832211322809, 0.07582438080290557, 0.07777119333503849, 0.07975925152627276, 0.08178903270163523, 0.0838609987464024, 0.08597559514033187, 0.08813324997611413, 0.09033437296406165, 0.09257935442521001, 0.09486856427516283, 0.09720235100116557, 0.09958104063504508, 0.10200493572479746, 0.10447431430774971, 0.10698942888835557, 0.10955050542381481, 0.1121577423208258, 0.11481130944689188, 0.11751134715970266, 0.12025796535820006, 0.12305124255901476, 0.12589122500202002, 0.12877792578879688, 0.13171132405783384, 0.13469136420029795, 0.13771795512020701, 0.14079096954280867, 0.14391024337492628, 0.147075575120965, 0.15028672535818488, 0.1535434162747373, 0.1568453312738301, 0.16019211464723257, 0.16358337132115514, 0.16701866667734097, 0.17049752645198568, 0.17401943671486161, 0.17758384393076088, 0.18119015510509165, 0.18483773801516296, 0.18852592152837827, 0.19225399600822746, 0.19602121380862286, 0.19982678985676972, 0.20366990232439625, 0.20754969338679644, 0.21146527006876162, 0.21541570517609712, 0.2194000383110407, 0.22341727696952235, 0.22746639771783317, 0.23154634744590674, 0.23565604469406315, 0.2397943810497237, 0.24396022261028058, 0.24815241150799658, 0.252369767492523, 0.25661108956635803, 0.2608751576683272, 0.26516073439995064, 0.2694665667893754, 0.27379138808738995, 0.27813391958991024, 0.2824928724812267, 0.28686694969223425, 0.29125484776783195, 0.29565525873767384, 0.3000668719844809, 0.30448837610418045, 0.3089184607522302, 0.31335581847059957, 0.31779914649002877, 0.32224714850235725, 0.32669853639791263, 0.33115203196317117, 0.33560636853414405, 0.34006029260120624, 0.3445125653613632, 0.3489619642142463, 0.35340728419843326, 0.3578473393650091, 0.3622809640856067, 0.36670701429249797, 0.3711243686486405, 0.37553192964592025, 0.3799286246301634, 0.38431340675182296, 0.38868525584157004, 0.39304317921033777, 0.397386212373676, 0.40171341970057284, 0.406023894987186, 0.41031676195620076, 0.41459117468279016, 0.4188463179483966, 0.42308140752378176, 0.4272956903830028, 0.4314884448501651, 0.43565898068097897, 0.4398066390813048, 0.4439307926650112, 0.4480308453535938, 0.4521062322201068, 0.4561564192800466, 0.4601809032318978, 0.4641792111501084, 0.46815090013329624, 0.47209555691051674, 0.47601279740842917, 0.4799022662821972, 0.48376363641294123, 0.48759660837453483, 0.4914009098724963, 0.49517629515768075, 0.4989225444174183, 0.5026394631466797, 0.5063268815017778, 0.5099846536390337, 0.5136126570407525, 0.5172107918307643, 0.5207789800816913, 0.5243171651160091, 0.5278253108028674, 0.5313034008525398, 0.5347514381102652, 0.5381694438511472, 0.5415574570776728, 0.544915533821309, 0.548243746449541, 0.5515421829796109, 0.5548109464001229, 0.5580501540015841, 0.5612599367168586, 0.5644404384724222, 0.5675918155512195, 0.5707142359678393, 0.5738078788566462, 0.5768729338734278, 0.5799096006110432, 0.5829180880294904, 0.5858986139007393, 0.5888514042686197, 0.5917766929239899, 0.5946747208953577, 0.5975457359550713, 0.6003899921411529, 0.6032077492947956, 0.6059992726135088, 0.608764832219853, 0.6115047027456711, 0.6142191629316918, 0.6169084952423459, 0.6195729854956146, 0.6222129225076989, 0.624828597752282, 0.6274203050341314, 0.6299883401767759, 0.6325330007239708, 0.6350545856546567, 0.6375533951111038, 0.640029730139922, 0.6424838924456137, 0.6449161841563333, 0.6473269076015218, 0.6497163651010693, 0.6520848587656685, 0.6544326903080101, 0.6567601608644793, 0.6590675708270078, 0.6613552196847409, 0.6636234058751792, 0.6658724266444613, 0.6681025779164532, 0.670314154170318, 0.6725074483262444, 0.6746827516390158, 0.6768403535991097, 0.6789805418410226, 0.6811036020585233, 0.6832098179265406, 0.6852994710294048, 0.687372840795163, 0.6894302044356994, 0.6914718368923981, 0.6934980107870947, 0.6955089963780675, 0.697505061520829, 0.6994864716334869, 0.701453489666447, 0.7034063760762448, 0.7053453888032902, 0.7072707832533289, 0.7091828122824195, 0.7110817261852416, 0.7129677726865519, 0.714841196935614, 0.7167022415034339, 0.7185511463826398, 0.7203881489898522, 0.7222134841703932, 0.7240273842051957, 0.7258300788197733, 0.7276217951951202, 0.7294027579804168, 0.731173189307421, 0.7329333088064296, 0.7346833336237, 0.7364234784402296, 0.7381539554917912, 0.7398749745901289, 0.7415867431452258, 0.7432894661885542, 0.7449833463972281, 0.7466685841189784, 0.7483453773978763, 0.7500139220007346, 0.7516744114441183, 0.7533270370219022, 0.7549719878333125, 0.7566094508113972, 0.7582396107518687, 0.7598626503422682, 0.7614787501914014, 0.7630880888590014, 0.7646908428855715, 0.766287186822371, 0.7678772932614996, 0.7694613328660481, 0.7710394744002775, 0.7726118847597944, 0.7741787290016917, 0.775740170374627, 0.7772963703488073, 0.7788474886458584, 0.7803936832685516, 0.7819351105303673, 0.7834719250848717, 0.7850042799548882, 0.7865323265614442, 0.7880562147524758, 0.7895760928312728, 0.7910921075846508, 0.7926044043108336, 0.7941131268470338, 0.7956184175967196, 0.7971204175565533]]"
50.0,80.0,4,60,360,I1-S0,"[[0.01, 0.009218546420913139, 0.008861068736292907, 0.008775059817687893, 0.00886844850475938, 0.009085538068139918, 0.009392315450467556, 0.009767665363021177, 0.010198319491255936, 0.01067584205655568, 0.01119481506143946, 0.011751741347478209, 0.012344377550785844, 0.012971324852084572, 0.013631774727084428, 0.014325348316919425, 0.015051992751985975, 0.01581191249449343, 0.01660552254034551, 0.017433415546685857, 0.01829633806468655, 0.019195172914604517, 0.02013092585165131, 0.021104715339834008, 0.022117764656457505, 0.02317139579901555, 0.02426702482184678, 0.02540615832953299, 0.02659039091966568, 0.027821403412393572, 0.029100961735865294, 0.030430916359944875, 0.03181320218820544, 0.033249838831914263, 0.03474293120058271, 0.03629467035235901, 0.03790733455455087, 0.03958329051020077, 0.04132499471113257, 0.04313499488142027, 0.04501593147793789, 0.04697053921664385, 0.04900164859462539, 0.05111218737875544, 0.053305182032157, 0.05558375904958499, 0.05795114617236521, 0.0604106734527145, 0.06296577413613846, 0.06561998532919008, 0.0683769484182019, 0.07124040920269574, 0.07421421770505053, 0.07730232761568825, 0.08050879533054159, 0.08383777853491306, 0.08729353428504623, 0.09088041653582739, 0.09460287306004596, 0.09846544170159319, 0.10247274590190172, 0.10662948943586217, 0.11094045029043656, 0.11541047361627071, 0.12004446367984234, 0.12484766362634453, 0.12982858698487773, 0.1350006290221211, 0.1403803413278849, 0.14598601767326083, 0.15183676799079948, 0.1579519270286992, 0.16435069045307044, 0.17105190321173455, 0.17807394753706116, 0.18543469390052084, 0.1931514894974162, 0.2012411667998856, 0.20972006032683826, 0.21860402371801255, 0.22790844194767187, 0.23764823541599928, 0.2478378539600219, 0.25849125970832176, 0.269621898292411, 0.2812426583140785, 0.2933658192179502, 0.3060029878789117, 0.31916502431835436, 0.33286195703507054, 0.3471028884926294, 0.3618958913566731, 0.3772478961305721, 0.3931645709013379, 0.40965019398273605, 0.426707520330794, 0.44433764270887627, 0.46253984869480774, 0.4813114747500348, 0.5006477587087403, 0.5205416921908036, 0.5409838745935877, 0.561962370470294, 0.5834625722530759, 0.6054670704228075, 0.627955533359472, 0.6509045992222962, 0.6742877823014441, 0.6980753963475173, 0.7222344974154452, 0.7467288487498489, 0.7715189101841159, 0.7965618544202558, 0.8218116123968017, 0.8472189497342287, 0.8727315759694126, 0.8982942879517926, 0.9238491483750261, 0.9493356999617448, 0.974691215310212, 0.9998509818569887, 1.0247486208179244, 1.0493164383517022, 1.0734858065584312, 1.0971875712946295, 1.120352483170891, 1.1429116475159002, 1.1647969885569514, 1.1859417225991677, 1.2062808345988443, 1.2257515522349456, 1.24429381139893, 1.261850706956324, 1.278368922690347, 1.2937991345214148, 1.3080963814059603, 1.3212203987491615, 1.333135909710732, 1.3438128704290486, 1.353226665921614, 1.3613582542214, 1.3681942571591748, 1.3737269970801567, 1.3779544796673495, 1.3808803239117766, 1.3825136411005883, 1.382868865468173, 1.3819655398557202, 1.3798280603365904, 1.3764853842768559, 1.371970706704406, 1.3663211101513493, 1.359577193311879, 1.351782683923315, 1.3429840412366976, 1.3332300533027452, 1.3225714340689902, 1.3110604249760267, 1.2987504053677372, 1.2856955156055292, 1.2719502963136398, 1.2575693466948328, 1.242607004356126, 1.2271170485843703, 1.211152428522228, 1.1947650172256354, 1.1780053921419873, 1.1609226421402707, 1.1435642008549562, 1.125975705777814, 1.1082008822478473, 1.0902814512498114, 1.0722570597357868, 1.0541652320305956, 1.0360413407681965, 1.0179185957298162, 0.9998280489121223, 0.9817986141416882, 0.9638570995665892, 0.9460282513934158, 0.9283348072945781, 0.9107975579829087, 0.8934354155348785, 0.8762654871370721, 0.8593031530301048, 0.8425621475273439, 0.8260546420904177, 0.809791329547637, 0.7937815086435214, 0.7780331682063013, 0.7625530703145139, 0.7473468319328342, 0.7324190045705096, 0.7177731515928119, 0.7034119228865999, 0.6893371266453059, 0.6755497980965114, 0.662050265046902, 0.6488382101650292, 0.6359127299622559, 0.6232723904668681, 0.6109152796159565, 0.5988390564147067, 0.5870409969335773, 0.5755180372308741, 0.5642668133018534, 0.553283698166048, 0.5425648362123949, 0.5321061749272481, 0.5219034941338371, 0.5119524328734223, 0.5022485140586056, 0.4927871670281906, 0.48356374813087644, 0.47457355946210755, 0.46581186587474854, 0.4572739103800734, 0.44895492805097015, 0.440850158534387, 0.43295485727498184, 0.4252643055467602, 0.4177738193842814, 0.4104787574998194, 0.4033745282677507, 0.3964565958524304, 0.3897204855509503, 0.383161788417469, 0.37677616523128465, 0.37055934986649236, 0.3645071521169523, 0.35861546002637834, 0.35288024176965965, 0.34729754712803385, 0.3418635085974484, 0.3365743421663647, 0.3314263477963741, 0.3264159096363, 0.3215394959979489, 0.31679365911932994, 0.31217503473899477, 0.30768034150312684, 0.30330638022514606, 0.29905003301586225, 0.2949082623006155, 0.2908781097383659, 0.28695669505633636, 0.2831412148125592, 0.2794289410975265, 0.2758172201850825, 0.27230347114172704, 0.26888518440260367, 0.26555992032162856, 0.2623253077024669, 0.25917904231637734, 0.25611888541231626, 0.25314266222412113, 0.2502482604790676, 0.24743362891161721, 0.24469677578573665, 0.24203576742877242, 0.23944872677950324, 0.23693383195266393, 0.2344893148219356, 0.23211345962312618, 0.22980460157901902, 0.22756112554714497, 0.22538146469153147, 0.22326409917930032, 0.221207554902821, 0.21921040222797905, 0.21727125476898443, 0.21538876819002656, 0.2135616390339739, 0.21178860357822096, 0.21006843671769898, 0.20839995087499097, 0.20678199493742297, 0.20521345322094456, 0.20369324446055712, 0.20222032082700372, 0.200793666969392, 0.19941229908338745, 0.19807526400458328, 0.19678163832662693, 0.19553052754366146, 0.1943210652166212, 0.1931524121629054, 0.19202375566894153, 0.19093430872514003, 0.18988330928273442, 0.18887001953199545, 0.1878937252013049, 0.18695373487657205, 0.1860493793404764, 0.18518001093102035, 0.1843450029188786, 0.18354374890303404, 0.18277566222419375, 0.1820401753954842, 0.18133673954993026, 0.18066482390422908, 0.18002391523833652, 0.1794135173903912, 0.17883315076650888, 0.17828235186498828, 0.1777606728144767, 0.17726768092565312, 0.17680295825599474, 0.1763661011872014, 0.17595672001486132, 0.17557443854995045, 0.1752188937317661, 0.17488973525190496, 0.1745866251889037, 0.17430923765316955, 0.17405725844183662, 0.1738303847031923, 0.17362832461032626, 0.17345079704366353, 0.17329753128205028, 0.17316826670206992, 0.17306275248527433, 0.17298074733302332, 0.17292201918863218, 0.17288634496653563, 0.17287351028818285, 0.1728833092243859, 0.17291554404385043, 0.1729700249676244, 0.17304656992920772, 0.17314500434007105, 0.1732651608603393, 0.173406879174401, 0.1735700057712109, 0.17375439372905868, 0.173959902504583, 0.17418639772581493, 0.1744337509890406, 0.17470183965927855, 0.1749905466741713, 0.1752997603510973, 0.1756293741973131, 0.1759792867229408, 0.17634940125662094, 0.17673962576365498, 0.17714987266646673, 0.17758005866721624, 0.1780301045724037, 0.1784999351193062, 0.17898947880409347, 0.17949866771147352, 0.18002743734572318, 0.18057572646296255, 0.18114347690453636, 0.18173063343137, 0.18233714355917083, 0.1829629573943508, 0.1836080274705493, 0.18427230858563995, 0.18495575763910868, 0.18565833346969488, 0.18637999669319089, 0.1871207095403002, 0.1878804356944578, 0.1886591401295213, 0.18945678894724485]]","[[0.01, 0.011673645222856313, 0.01362924433757481, 0.01580189558251425, 0.018156401287987095, 0.020675367096817155, 0.023351814714222575, 0.026184727481712543, 0.02917660487209222, 0.03233204283038495, 0.03565690691054053, 0.039157857413685215, 0.04284208273998111, 0.04671715521433594, 0.05079095843725771, 0.05507165601247656, 0.059567683906139784, 0.06428775606639814, 0.06924087730068545, 0.07443635998447108, 0.07988384268605214, 0.08559330967091892, 0.09157511075500208, 0.09783998126250981, 0.10439906200231562, 0.11126391926088905, 0.1184465648513184, 0.1259594762756356, 0.13381561706221076, 0.14202845733763955, 0.15061199468680755, 0.15958077534761478, 0.16894991577920973, 0.17873512463502159, 0.18895272516460496, 0.19961967806138067, 0.21075360476673888, 0.22237281123459618, 0.23449631215428107, 0.2471438556234667, 0.26033594825668965, 0.27409388070870055, 0.2884397535854072, 0.30339650370842125, 0.31898793069213527, 0.33523872378477587, 0.3521744889169401, 0.3698217758926745, 0.38820810564914454, 0.4073619975013174, 0.42731299627780733, 0.4480916992430542, 0.4697297826893016, 0.49226002806936275, 0.515716347527895, 0.5401338086748136, 0.565548658429553, 0.5919983457491163, 0.6195215430362442, 0.6481581660065858, 0.6779493917754952, 0.7089376749060371, 0.7411667611400142, 0.7746816985133936, 0.8095288455364958, 0.8457561798767854, 0.8834166264642642, 0.922570828665034, 0.9632864658727499, 1.0056374557979173, 1.0497033481864197, 1.0955688612020889, 1.143323524574657, 1.1930614024852861, 1.2448808754917993, 1.2988844653875098, 1.3551786902660983, 1.4138739395804172, 1.4750843608739066, 1.5389277512954096, 1.6055254480995795, 1.6750022131713505, 1.7474861072574845, 1.8231083500887635, 1.9020031629696355, 1.9843075907266534, 2.0701613001655668, 2.159706352407736, 2.253086946674626, 2.350449133276979, 2.4519404937533333, 2.5577097862998754, 2.6679065548478413, 2.7826807003824943, 2.9021820133648424, 3.0265596664185157, 3.1559616667836385, 3.290534268420162, 3.4304213440671596, 3.575763718033141, 3.7266984610055465, 3.8833581487239766, 4.045870086958865, 4.214355505871145, 4.3889287274934015, 4.569696310761798, 4.756756179231842, 4.950196737319081, 5.150095981605954, 5.356520614434295, 5.569525167644246, 5.789151144908089, 6.015426191624518, 6.248363301767295, 6.487960071404321, 6.734198008801435, 6.987041911083531, 7.246439317329052, 7.512320047710386, 7.784595837852416, 8.063160076958843, 8.34788765744865, 8.638634942856152, 8.935239859584753, 9.2375221167794, 9.545283557113462, 9.858308639694803, 10.176365054610471, 10.49920446688068, 10.826563385815197, 11.15816415399584, 11.49371604838556, 11.832916484426223, 12.175452312471066, 12.521001194539133, 12.86923304820978, 13.219811543522813, 13.57239563803619, 13.926641134734233, 14.282202247284165, 14.638733157209833, 14.995889547884, 15.353330100823078, 15.710717940583105, 16.067722015579815, 16.424018403361003, 16.779291530214564, 17.133235296466367, 17.48555410037331, 17.83596375511257, 18.184192294973393, 18.529980668439883, 18.873083317381376, 19.21326864301452, 19.550319360644735, 19.884032746415457, 20.214220780377243, 20.540710191125104, 20.863342408036072, 21.181973427768042, 21.49647360215766, 21.806727354984705, 22.112632835261202, 22.41410151476548, 22.711057737487046, 23.003438228490054, 23.2911915694559, 23.574277647842635, 23.852667086214886, 24.126340657866287, 24.395288694389734, 24.659510490361342, 24.91901370980214, 25.17381379857742, 25.423933406395076, 25.669401821578838, 25.91025442132555, 26.14653213971226, 26.378280955302788, 26.605551399816743, 26.828398088968665, 27.046879276261755, 27.26105643022981, 27.470993835362012, 27.676758216717204, 27.878418388036078, 28.07604492298957, 28.26970984905798, 28.459486363416058, 28.64544857010233, 28.827671237674284, 29.00622957649287, 29.181199034737762, 29.352655112227204, 29.520673191101366, 29.685328382424007, 29.84669538776236, 30.00484837481821, 30.159860866202596, 30.31180564047132, 30.460754644567466, 30.606778916849343, 30.74994851991694, 30.890332482486315, 31.0279987495987, 31.163014140489082, 31.29544431347683, 31.42535373727867, 31.552805668181243, 31.677862132546444, 31.80058391415785, 31.921030545950092, 32.03926030569541, 32.15533021525245, 32.269296043011785, 32.38121230920025, 32.49113229373267, 32.59910804632421, 32.705190398599676, 32.80942897795804, 32.91187222297075, 33.0125674001112, 33.11156062163063, 33.20889686441188, 33.30461998964783, 33.39877276320534, 33.491396876548386, 33.582532968106456, 33.67222064498498, 33.76049850492493, 33.847404158428084, 33.93297425097305, 34.01724448525499, 34.10024964338933, 34.18202360902616, 34.262599389328315, 34.34200913677143, 34.420284170729474, 34.49745499881366, 34.57355133793706, 34.64860213508075, 34.722635587740974, 34.79567916403985, 34.867759622484954, 34.93890303136571, 35.00913478777679, 35.078479636260745, 35.146961687064184, 35.214604434003164, 35.2814307719352, 35.34746301383658, 35.412722907484884, 35.477231651747566, 35.541009912478614, 35.60407783802587, 35.666455074352626, 35.72816077977747, 35.78921363933714, 35.84963187877753, 35.90943327817832, 35.96863518521735, 36.027254528080775, 36.08530782802566, 36.14281121160157, 36.19978042253805, 36.25623083330504, 36.31217745635323, 36.367634955041524, 36.42261765425874, 36.47713955074684, 36.53121432313284, 36.58485534167646, 36.63807567774075, 36.69088811299276, 36.7433051483411, 36.79533901261749, 36.84700167100894, 36.89830483324738, 36.9492599615633, 36.999878278409945, 37.05017077396432, 37.100148213411394, 37.149821144017544, 37.199199901999215, 37.248294619192706, 37.29711522953075, 37.34567147533153, 37.393972913405484, 37.442028920985386, 37.489848701484654, 37.537441290089134, 37.58481555918712, 37.631980223642415, 37.67894384591518, 37.725714841034886, 37.77230148142993, 37.818711901617995, 37.86495410276147, 37.91103595709173, 37.956965212206256, 38.00274949524241, 38.04839631693133, 38.093913075535646, 38.139307060674284, 38.18458545703781, 38.22975534799732, 38.27482371911009, 38.31979746152495, 38.36468337529023, 38.40948817256703, 38.454218480750605, 38.4988808455023, 38.543481733694634, 38.58802753627196, 38.63252457102889, 38.676979085308844, 38.721397258624805, 38.76578520520436, 38.81014897646097, 38.85449456339351, 38.89882789891569, 38.943154860117346, 38.9874812704591, 39.03181290190215, 39.07615547697459, 39.120514670775904, 39.164896112920864, 39.209305389424365, 39.25374804452836, 39.29822958247214, 39.34275546920722, 39.387331134057796, 39.43196197132797, 39.47665334185662, 39.521410574520985, 39.56623896768978, 39.611143790626684, 39.65613028484506, 39.70120366541462, 39.74636912222066, 39.79163182117675, 39.83699690539116, 39.882469496287904, 39.92805469468274, 39.973757581814674, 40.0195832203334, 40.06553665524312, 40.11162291480305, 40.15784701138498, 40.204213942288234, 40.25072869051217, 40.297396225486565, 40.344221503760046, 40.39120946964667, 40.438365055830914, 40.48569318393106, 40.53319876502109, 40.580886700111186, 40.628761880586794, 40.67682918860625, 40.725093497457046, 40.77355967187053, 40.82223256829504, 40.87111703512745, 40.92021791290286, 40.969540034442474]]","[array([6.37688001e-05, 6.00799169e-05, 5.86664978e-05, 5.87303122e-05,
       5.97889934e-05, 6.15498762e-05, 6.38328014e-05, 6.65252795e-05,
       6.95562440e-05, 7.28802877e-05, 7.64681615e-05, 8.03010162e-05,
       8.43668876e-05, 8.86585285e-05, 9.31720516e-05, 9.79060639e-05,
       1.02861102e-04, 1.08039252e-04, 1.13443888e-04, 1.19079485e-04,
       1.24951484e-04, 1.31066186e-04, 1.37430676e-04, 1.44052764e-04,
       1.50940938e-04, 1.58104326e-04, 1.65552673e-04, 1.73296317e-04,
       1.81346176e-04, 1.89713741e-04, 1.98411066e-04, 2.07450769e-04,
       2.16846031e-04, 2.26610602e-04, 2.36758799e-04, 2.47305520e-04,
       2.58266247e-04, 2.69657058e-04, 2.81494631e-04, 2.93796261e-04,
       3.06579863e-04, 3.19863987e-04, 3.33667827e-04, 3.48011229e-04,
       3.62914703e-04, 3.78399429e-04, 3.94487265e-04, 4.11200755e-04,
       4.28563134e-04, 4.46598330e-04, 4.65330966e-04, 4.84786362e-04,
       5.04990532e-04, 5.25970175e-04, 5.47752674e-04, 5.70366078e-04,
       5.93839093e-04, 6.18201059e-04, 6.43481931e-04, 6.69712249e-04,
       6.96923106e-04, 7.25146114e-04, 7.54413352e-04, 7.84757324e-04,
       8.16211283e-04, 8.48818785e-04, 8.82653511e-04, 9.17816231e-04,
       9.54423729e-04, 9.92601093e-04, 1.03247673e-03, 1.07417922e-03,
       1.11783546e-03, 1.16356958e-03, 1.21150243e-03, 1.26175141e-03,
       1.31443044e-03, 1.36965007e-03, 1.42751759e-03, 1.48813711e-03,
       1.55160965e-03, 1.61803313e-03, 1.68750226e-03, 1.76010842e-03,
       1.83593942e-03, 1.91507918e-03, 1.99760737e-03, 2.08359890e-03,
       2.17312348e-03, 2.26624491e-03, 2.36302051e-03, 2.46350036e-03,
       2.56772651e-03, 2.67573221e-03, 2.78754095e-03, 2.90316566e-03,
       3.02260768e-03, 3.14585583e-03, 3.27288545e-03, 3.40365739e-03,
       3.53811702e-03, 3.67619331e-03, 3.81779785e-03, 3.96282399e-03,
       4.11114598e-03, 4.26261825e-03, 4.41707468e-03, 4.57432806e-03,
       4.73416966e-03, 4.89636888e-03, 5.06067314e-03, 5.22680786e-03,
       5.39447668e-03, 5.56336188e-03, 5.73312497e-03, 5.90340754e-03,
       6.07383236e-03, 6.24400464e-03, 6.41351363e-03, 6.58193435e-03,
       6.74882965e-03, 6.91375241e-03, 7.07624801e-03, 7.23585695e-03,
       7.39211762e-03, 7.54456930e-03, 7.69275517e-03, 7.83622541e-03,
       7.97454044e-03, 8.10727404e-03, 8.23401650e-03, 8.35437767e-03,
       8.46798993e-03, 8.57451092e-03, 8.67362615e-03, 8.76505138e-03,
       8.84853464e-03, 8.92385808e-03, 8.99083940e-03, 9.04933303e-03,
       9.09923085e-03, 9.14046268e-03, 9.17299629e-03, 9.19683716e-03,
       9.21202781e-03, 9.21864682e-03, 9.21680758e-03, 9.20665671e-03,
       9.18837223e-03, 9.16216149e-03, 9.12825896e-03, 9.08692379e-03,
       9.03843727e-03, 8.98310027e-03, 8.92123049e-03, 8.85315982e-03,
       8.77923168e-03, 8.69979835e-03, 8.61521843e-03, 8.52585438e-03,
       8.43207019e-03, 8.33422916e-03, 8.23269183e-03, 8.12781410e-03,
       8.01994551e-03, 7.90942769e-03, 7.79659295e-03, 7.68176311e-03,
       7.56524849e-03, 7.44734701e-03, 7.32834356e-03, 7.20850938e-03,
       7.08810173e-03, 6.96736361e-03, 6.84652364e-03, 6.72579601e-03,
       6.60538060e-03, 6.48546312e-03, 6.36621539e-03, 6.24779567e-03,
       6.13034900e-03, 6.01400770e-03, 5.89889178e-03, 5.78510949e-03,
       5.67275784e-03, 5.56192313e-03, 5.45268152e-03, 5.34509962e-03,
       5.23923499e-03, 5.13513677e-03, 5.03284616e-03, 4.93239703e-03,
       4.83381638e-03, 4.73712487e-03, 4.64233734e-03, 4.54946322e-03,
       4.45850702e-03, 4.36946873e-03, 4.28234427e-03, 4.19712581e-03,
       4.11380216e-03, 4.03235912e-03, 3.95277979e-03, 3.87504485e-03,
       3.79913285e-03, 3.72502047e-03, 3.65268275e-03, 3.58209330e-03,
       3.51322455e-03, 3.44604787e-03, 3.38053378e-03, 3.31665212e-03,
       3.25437217e-03, 3.19366276e-03, 3.13449246e-03, 3.07682961e-03,
       3.02064247e-03, 2.96589927e-03, 2.91256833e-03, 2.86061810e-03,
       2.81001723e-03, 2.76073463e-03, 2.71273953e-03, 2.66600150e-03,
       2.62049049e-03, 2.57617690e-03, 2.53303155e-03, 2.49102577e-03,
       2.45013137e-03, 2.41032066e-03, 2.37156651e-03, 2.33384231e-03,
       2.29712199e-03, 2.26138005e-03, 2.22659155e-03, 2.19273209e-03,
       2.15977786e-03, 2.12770558e-03, 2.09649256e-03, 2.06611663e-03,
       2.03655621e-03, 2.00779022e-03, 1.97979816e-03, 1.95256004e-03,
       1.92605639e-03, 1.90026828e-03, 1.87517726e-03, 1.85076540e-03,
       1.82701525e-03, 1.80390983e-03, 1.78143267e-03, 1.75956771e-03,
       1.73829938e-03, 1.71761253e-03, 1.69749245e-03, 1.67792486e-03,
       1.65889587e-03, 1.64039201e-03, 1.62240020e-03, 1.60490773e-03,
       1.58790228e-03, 1.57137187e-03, 1.55530490e-03, 1.53969010e-03,
       1.52451654e-03, 1.50977361e-03, 1.49545102e-03, 1.48153879e-03,
       1.46802725e-03, 1.45490701e-03, 1.44216896e-03, 1.42980429e-03,
       1.41780443e-03, 1.40616110e-03, 1.39486624e-03, 1.38391206e-03,
       1.37329101e-03, 1.36299577e-03, 1.35301923e-03, 1.34335453e-03,
       1.33399500e-03, 1.32493417e-03, 1.31616581e-03, 1.30768384e-03,
       1.29948241e-03, 1.29155581e-03, 1.28389856e-03, 1.27650531e-03,
       1.26937091e-03, 1.26249035e-03, 1.25585879e-03, 1.24947155e-03,
       1.24332410e-03, 1.23741204e-03, 1.23173113e-03, 1.22627725e-03,
       1.22104644e-03, 1.21603484e-03, 1.21123873e-03, 1.20665451e-03,
       1.20227871e-03, 1.19810796e-03, 1.19413901e-03, 1.19036871e-03,
       1.18679403e-03, 1.18341203e-03, 1.18021987e-03, 1.17721483e-03,
       1.17439425e-03, 1.17175558e-03, 1.16929635e-03, 1.16701420e-03,
       1.16490682e-03, 1.16297201e-03, 1.16120762e-03, 1.15961161e-03,
       1.15818199e-03, 1.15691685e-03, 1.15581436e-03, 1.15487273e-03,
       1.15409027e-03, 1.15346534e-03, 1.15299635e-03, 1.15268180e-03,
       1.15252022e-03, 1.15251021e-03, 1.15265043e-03, 1.15293959e-03,
       1.15337644e-03, 1.15395980e-03, 1.15468853e-03, 1.15556153e-03,
       1.15657776e-03, 1.15773623e-03, 1.15903596e-03, 1.16047604e-03,
       1.16205561e-03, 1.16377382e-03, 1.16562986e-03, 1.16762299e-03,
       1.16975248e-03, 1.17201762e-03, 1.17441776e-03, 1.17695228e-03,
       1.17962056e-03, 1.18242205e-03, 1.18535620e-03, 1.18842249e-03,
       1.19162045e-03, 1.19494959e-03, 1.19840949e-03, 1.20199972e-03,
       1.20571988e-03, 1.20956960e-03, 1.21354852e-03, 1.21765629e-03,
       1.22189260e-03, 1.22625713e-03, 1.23074958e-03, 1.23536969e-03,
       1.24011717e-03, 1.24499178e-03, 1.24999326e-03, 1.25512139e-03,
       1.26037591e-03])]","[[0, 6.376880005047202e-05, 0.00012384871691641303, 0.0001825152146708144, 0.00024124552683708357, 0.0003010345202253829, 0.00036258439646116945, 0.0004264171978880876, 0.0004929424774243194, 0.0005624987213981631, 0.0006353790090675605, 0.0007118471705508316, 0.0007921481867323448, 0.0008765150743441917, 0.000965173602861644, 0.0010583456544300558, 0.0011562517182897097, 0.0012591128200494734, 0.001367152071697142, 0.0014805959594229937, 0.0015996754447107956, 0.0017246269287354405, 0.0018556931143727483, 0.0019931237901993724, 0.0021371765544378743, 0.0022881174925161955, 0.0024462218189473155, 0.002611774492106563, 0.002785070808897276, 0.0029664169850713252, 0.003156130725998502, 0.0033545417918875316, 0.003561992560805308, 0.003778838592288504, 0.00400544919387071, 0.004242207992442123, 0.004489513512004885, 0.004747779759075208, 0.005017436816705158, 0.005298931447845363, 0.005592727708539008, 0.005899307571222255, 0.006219171558202128, 0.0065528393851861265, 0.006900850614544892, 0.007263765317797167, 0.007642164746612335, 0.008036652011427534, 0.008447852766571586, 0.008876415900574735, 0.009323014230119622, 0.009788345195853468, 0.010273131558032497, 0.010778122089705832, 0.011304092264866325, 0.01185184493869872, 0.012422211016740438, 0.013016050109436078, 0.013634251168212944, 0.014277733098830977, 0.014947445347366063, 0.015644368453770773, 0.016369514567521493, 0.017123927919405785, 0.017908685243029954, 0.018724896525985472, 0.01957371531115289, 0.020456368821893837, 0.021374185053113372, 0.022328608782458608, 0.023321209875210913, 0.024353686601906226, 0.025427865821339907, 0.026545701279832502, 0.027709270855967215, 0.028920773285376324, 0.030182524695290428, 0.031496955137156654, 0.03286660520901476, 0.0342941227942181, 0.03578225990004954, 0.037333869552087035, 0.03895190268305097, 0.040639404944946535, 0.04239951336823959, 0.044235452789937006, 0.04615053197266536, 0.04814813933841101, 0.050231738243020047, 0.05240486172056906, 0.05467110663014817, 0.057034127141381896, 0.05949762749914987, 0.06206535401249759, 0.06474108621771707, 0.06752862717110966, 0.07043179283311071, 0.07345440051234688, 0.07660025634589934, 0.07987314180063378, 0.08327679918999333, 0.08681491621117894, 0.09049110951918367, 0.09430890736670312, 0.09827173135248297, 0.10238287733512537, 0.10664549558466355, 0.11106257026019839, 0.11563689831840099, 0.12037106797451562, 0.12526743685439995, 0.1303281099928305, 0.13555491784946141, 0.1409493945291038, 0.14651275640701544, 0.15224588137226042, 0.1581492889125128, 0.16422312127153327, 0.17046712591554922, 0.17688063954655084, 0.18346257389874956, 0.1902114035488501, 0.1971251559611546, 0.2042014039747097, 0.21143726092168244, 0.21882937854396295, 0.22637394784880271, 0.2340667030143772, 0.24190292842289648, 0.24987746886276246, 0.2579847429028805, 0.26621875940225026, 0.2745731370771403, 0.28304112700729145, 0.29161563792253814, 0.30028926407282647, 0.3090543154486662, 0.3179028500863754, 0.3268267081637709, 0.33581754756785837, 0.3448668805971021, 0.353966111447398, 0.3631065741231927, 0.3722795704133962, 0.3814764075757931, 0.39068843538338727, 0.39990708220120486, 0.40912388978209463, 0.4183305464944602, 0.4275189187230055, 0.4366810802147788, 0.4458093391763255, 0.45489626296284397, 0.46393470023613514, 0.47291780050410476, 0.4818390309899405, 0.4906921908132013, 0.4994714224973785, 0.5081712208485281, 0.5167864392769483, 0.5253122936582862, 0.533744363851685, 0.5420785930105214, 0.550311284835873, 0.5584390989341511, 0.5664590444484264, 0.5743684721380237, 0.5821650650831782, 0.589846828191167, 0.5974120766776226, 0.6048594236919971, 0.6121877672496501, 0.6193962766251, 0.6264843783518655, 0.6334517419643345, 0.6402982656064681, 0.6470240616211281, 0.6536294422226124, 0.6601149053437976, 0.6664811207382685, 0.6727289164071194, 0.6788592654098404, 0.6848732731089595, 0.6907721648889596, 0.6965572743814833, 0.7022300322210063, 0.7077919553480302, 0.7132446368703986, 0.7185897364875985, 0.7238289714778191, 0.728964108243111, 0.7339969544041568, 0.7389293514329157, 0.7437631678086856, 0.748500292680903, 0.7531426300202261, 0.7576920932380741, 0.7621506002538003, 0.7665200689879889, 0.7708024132599758, 0.774999539067548, 0.7791133412268412, 0.7831457003507073, 0.7870984801442269, 0.7909735249965668, 0.7947726578490188, 0.7984976783197605, 0.8021503610666564, 0.8057324543702334, 0.8092456789198078, 0.8126917267866083, 0.8160722605686098, 0.8193889126926547, 0.8226432848603004, 0.8258369476246668, 0.8289714400863764, 0.8320482696974698, 0.8350689121629411, 0.8380348114302669, 0.8409473797580012, 0.8438079978551681, 0.8466180150838157, 0.849378749717683, 0.8520914892504965, 0.8547574907479324, 0.8573779812377762, 0.8599541581332703, 0.8624871896850691, 0.8649782154576228, 0.867428346826181, 0.8698386674909532, 0.8722102340052825, 0.8745440763149857, 0.8768411983062824, 0.8791025783599944, 0.8813291699099202, 0.8835219020035096, 0.885681679863156, 0.8878093854466056, 0.8899058780051443, 0.8919719946383795, 0.8940085508445667, 0.8960163410655577, 0.8979961392255669, 0.8999486992630477, 0.9018747556550764, 0.9037750239337189, 0.9056502011939391, 0.9075009665926774, 0.9093279818387914, 0.9111318916736098, 0.9129133243419026, 0.9146728920531195, 0.9164111914327854, 0.9181288039639884, 0.9198262964189221, 0.9215042212804777, 0.9231631171539096, 0.9248035091686179, 0.926425909370118, 0.9280308171022815, 0.9296187193799508, 0.9311900912520448, 0.9327453961552842, 0.9342850862586759, 0.9358096027989061, 0.9373193764067973, 0.9388148274249927, 0.9402963662170366, 0.9417643934680223, 0.9432193004769833, 0.9446614694412061, 0.9460912737326436, 0.9475090781666113, 0.9489152392629454, 0.9503101054998051, 0.951694017560299, 0.9530673085721151, 0.954430304340331, 0.9557833235735829, 0.9571266781037643, 0.9584606730994287, 0.959785607273064, 0.961101773082405, 0.9624094569259494, 0.9637089393328347, 0.965000495147237, 0.9662843937074426, 0.9675608990197464, 0.9688302699273225, 0.9700927602742114, 0.9713486190645665, 0.9725980906172945, 0.9738414147162259, 0.9750788267559444, 0.9763105578834036, 0.9775368351354533, 0.9787578815723966, 0.9799739164076944, 0.9811851551339302, 0.9823918096451472, 0.9835940883556618, 0.9847921963154606, 0.9859863353222794, 0.9871767040304625, 0.9883634980566968, 0.9895469100827121, 0.9907271299550372, 0.9919043447818962, 0.9930787390273285, 0.9942504946026138, 0.995419790955078, 0.9965868051543559, 0.9977517119761826, 0.9989146839837842, 1.0000758916069346, 1.0012355032187426, 1.002393685210234, 1.0035506020627867, 1.004706416418479, 1.0058612891484051, 1.0070153794190142, 1.008168844756521, 1.0093218411094416, 1.0104745229092997, 1.0116270431295507, 1.012779553342765, 1.0139322037761167, 1.0150851433652133, 1.0162385198063093, 1.0173924796069382, 1.0185471681349982, 1.0197027296663257, 1.020859307430789, 1.0220170436569322, 1.023176079615199, 1.0243365556597617, 1.0254986112689866, 1.026662385084553, 1.0278280149492587, 1.0289956379435228, 1.030165390420619, 1.0313374080406479, 1.0325118258032753, 1.0336887780792468, 1.034868398640699, 1.0360508206902828, 1.037236176889107, 1.0384245993835233, 1.0396162198307561, 1.040811169423394, 1.0420095789127484, 1.0432115786310923, 1.044417298512782, 1.0456268681142733, 1.0468404166330354, 1.0480580729253692, 1.0492799655231329, 1.0505062226493798, 1.051736972232912, 1.0529723419217487, 1.0542124590955146, 1.0554574508767458, 1.056707444141116, 1.0579625655265796, 1.059222941441434]]"
50.0,80.0,4,60,360,I0-S1,"[[0.01, 0.009218546420913139, 0.008861068736292907, 0.008775059817687893, 0.00886844850475938, 0.00908555201792103, 0.009392518586842698, 0.009768603333882742, 0.010201027117609267, 0.010681886393054684, 0.011206285239879347, 0.01177120149405895, 0.012374794600507881, 0.013015979748863944, 0.013694162983900854, 0.014409074023537503, 0.015160658720626066, 0.015949008218362752, 0.01677431091866265, 0.017636818831651656, 0.01853682315379263, 0.019474635900916457, 0.02045057562071224, 0.021464955938491702, 0.022518076136849665, 0.023610213246044225, 0.024741615294649362, 0.02591249547965259, 0.02712302708600798, 0.028373339032421705, 0.02966351195178091, 0.03099357473660073, 0.03236350149552597, 0.03377320887838246, 0.03522255373585334, 0.036711331086410615, 0.03823927236822156, 0.03980604395774927, 0.04141124593993673, 0.043054411117389856, 0.04473500424799001, 0.04645242150197408, 0.048205990130795386, 0.04999496834108427, 0.05181854536780948, 0.05367584174134036, 0.05556590974355648, 0.057487734048470976, 0.05944023254304834, 0.061422257324023434, 0.06343259586658141, 0.06546997236074899, 0.06753304921128715, 0.06962042869677176, 0.07173065478340859, 0.07386221508895988, 0.07601354299196458, 0.0781830198812196, 0.08036897754025736, 0.08256970066131081, 0.08478342948300162, 0.08700836254572616, 0.08924265955844689, 0.09148444437032908, 0.09373180804039484, 0.09598288946091851, 0.09823666011396084, 0.10049333321354229, 0.10275390247090312, 0.10501979614538946, 0.10729266865597208, 0.10957427604319424, 0.11186640249628065, 0.11417081787927673, 0.11648925398341077, 0.11882339200900072, 0.12117485670698806, 0.12354521440282092, 0.12593597322236424, 0.1283485845097221, 0.13078444483537138, 0.13324489824115904, 0.13573123851872507, 0.13824471140797104, 0.14078651665573597, 0.14335780990622674, 0.1459597044127709, 0.14859327257048086, 0.15125954727470423, 0.15395952311266572, 0.15669415739666792, 0.15946437104732358, 0.16227104933495745, 0.16511504248678144, 0.16799716616685006, 0.170918201835215, 0.173878896992156, 0.1768799653128842, 0.17992208667769774, 0.183005907102217, 0.18613203857203098, 0.18930105878584416, 0.19251351081101636, 0.19576990265523217, 0.19907070675791713, 0.2024163594049301, 0.2058072600700012, 0.20924377068635125, 0.21272621485191753, 0.21625487697161982, 0.21983000134013048, 0.22345179116865818, 0.22712040755931862, 0.23083596843074258, 0.2345985473986656, 0.23840817261534675, 0.24226482557178383, 0.24616843986681963, 0.2501188999473734, 0.25411603982418013, 0.2581596417675773, 0.26224943498804165, 0.2663850943063503, 0.2705662388184131, 0.27479243056000496, 0.27906317317680585, 0.2833779106053387, 0.28773602577057866, 0.2921368393061853, 0.29657960830348706, 0.30106352509551787, 0.30558771608256974, 0.31015124060588084, 0.3147530898762236, 0.3193921859642878, 0.32406738085987363, 0.3287774556070068, 0.3335211195221734, 0.33829700950293073, 0.3431036894341893, 0.34793964969947444, 0.3528033068044618, 0.35769300312003766, 0.36260700675206164, 0.36754351154490056, 0.37250063722566185, 0.3774764296958746, 0.3824688614771513, 0.3874758323171057, 0.39249516996150546, 0.3975246310983004, 0.4025619024787848, 0.40760460222072836, 0.41265028129784176, 0.4176964252194331, 0.422740455903555, 0.42777973374634637, 0.4328115598896353, 0.43783317868818905, 0.44284178037728106, 0.4478345039404925, 0.4528084401768766, 0.4577606349657969, 0.46268809272690437, 0.4675877800718476, 0.4724566296434193, 0.4772915441369371, 0.482089400497738, 0.4868470542877425, 0.49156134421311953, 0.4962290968041649, 0.5008471312375944, 0.5054122642905626, 0.5099213154148455, 0.5143711119187874, 0.5187584942438027, 0.5230803213214623, 0.5273334759964736, 0.5315148705002032, 0.5356214519587855, 0.5396502079193229, 0.5435981718772139, 0.5474624287872544, 0.5512401205408456, 0.5549284513914111, 0.5585246933099876, 0.5620261912529039, 0.5654303683235047, 0.5687347308100161, 0.5719368730818816, 0.575034482327228, 0.5780253431145503, 0.580907341762219, 0.5836784705000303, 0.5863368314077244, 0.588880640116182, 0.5913082292578864, 0.5936180516541845, 0.5958086832279064, 0.597878825630988, 0.599827308577892, 0.6016530918768198, 0.6033552671519586, 0.6049330592512825, 0.6063858273357448, 0.6077130656470262, 0.6089144039523501, 0.60998960766622, 0.6109385776502791, 0.6117613496938157, 0.6124580936787446, 0.6130291124341712, 0.6134748402868749, 0.6137958413152452, 0.6139928073153362, 0.6140665554887859, 0.6140180258633562, 0.6138482784577947, 0.6135584902035822, 0.6131499516369199, 0.6126240633750101, 0.6119823323913078, 0.6112263681049463, 0.6103578782999838, 0.6093786648904722, 0.6082906195476105, 0.6070957192054194, 0.6057960214614622, 0.6043936598891423, 0.6028908392780211, 0.6012898308184467, 0.5995929672465441, 0.5978026379653137, 0.5959212841572067, 0.5939513939031094, 0.5918954973221736, 0.5897561617463806, 0.5875359869431291, 0.5852376003985027, 0.5828636526731945, 0.5804168128423637, 0.5778997640299656, 0.5753151990473467, 0.5726658161451321, 0.5699543148866509, 0.5671833921503726, 0.5643557382680393, 0.5614740333044074, 0.5585409434837411, 0.5555591177674464, 0.5525311845864932, 0.5494597487315535, 0.5463473884030857, 0.5431966524229217, 0.5400100576082659, 0.5367900863084016, 0.5335391841038111, 0.5302597576668637, 0.5269541727827065, 0.523624752528504, 0.5202737756087248, 0.5169034748437544, 0.513516035808734, 0.5101135956191765, 0.5066982418596024, 0.5032720116511575, 0.49983689085392874, 0.4963948133994671, 0.4929476607488389, 0.48949726147137945, 0.48604539093920013, 0.4825937711324038, 0.4791440705498964, 0.4756979042206374, 0.4722568338101519, 0.4688223678171269, 0.4653959618549364, 0.46197901901297944, 0.4585728902927712, 0.45517887511380145, 0.45179822188425967, 0.44843212863182635, 0.4450817436898418, 0.4417481664342826, 0.43843244806710713, 0.4351355924416686, 0.431858556926037, 0.4286022533002199, 0.42536754868342647, 0.4221552664876731, 0.41896618739418917, 0.4158010503492406, 0.41266055357614884, 0.40954535560044464, 0.40645607628525326, 0.4033932978741686, 0.400357566039028, 0.3973493909301534, 0.394369248226777, 0.39141758018551465, 0.38849479668489706, 0.3856012762641064, 0.38273736715420376, 0.3799033883002634, 0.37709963037295746, 0.37432635676825693, 0.371583804594032, 0.36887218564244867, 0.36619168734716506, 0.3635424737244357, 0.36092468629732816, 0.3583384450023516, 0.35578384907788424, 0.3532609779338705, 0.35076989200233877, 0.34831063356836356, 0.3458832275811675, 0.3434876824451239, 0.34112399079048084, 0.338792130223688, 0.3364920640572576, 0.3342237420191437, 0.33198710094166634, 0.3297820654300543, 0.32760854851071425, 0.32546645225937393, 0.3233556684092769, 0.32127607893963855, 0.3192275566445982, 0.3172099656829272, 0.31522316210877543, 0.3132669943837569, 0.311341303870693, 0.3094459253093472, 0.30758068727449794, 0.3057454126167069, 0.3039399188861516, 0.30216401873989635, 0.30041752033298397, 0.2987002276937349, 0.297011941083644, 0.29535245734226784, 0.29372157021749645, 0.292119070681604, 0.2905447472334723, 0.28899838618737866, 0.2874797719487386, 0.28598868727718935, 0.28452491353739795, 0.28308823093797175, 0.2816784187588459, 0.28029525556751606, 0.2789385194244782, 0.2776079880782341, 0.2763034391502102, 0.2750246503099356, 0.27377139944081413, 0.2725434647968201, 0.2713406251504404, 0.27016265993217614, 0.2690093493619119, 0.2678804745724514, 0.2667758177255105, 0.26569516212045224, 0.26463829229603925, 0.26360499412547156]]","[[0.01, 0.011673645222856313, 0.01362924433757481, 0.01580189558251425, 0.018156401287987095, 0.02067538176702269, 0.023352039358251756, 0.02618581679051111, 0.029179903908139074, 0.03233976251910374, 0.03567225013094931, 0.03918510052166164, 0.04288661646899646, 0.046785488150193684, 0.05089068558997476, 0.055211394401142595, 0.059756976536031306, 0.06453694521521099, 0.06956094764132913, 0.07483875175040935, 0.08038023482436803, 0.0861953727199625, 0.09229422901960616, 0.09868694373297238, 0.10538372136722778, 0.11239481829300822, 0.11973052939556741, 0.12740117403531048, 0.13541708136068412, 0.14378857502593548, 0.15252595737057284, 0.16163949311880052, 0.17113939265711015, 0.1810357949473625, 0.19133875013151636, 0.20205820188288698, 0.2132039695575602, 0.22478573019840348, 0.23681300044301504, 0.2492951183859366, 0.2622412254445087, 0.27566024827685554, 0.2895608807996329, 0.3039515663523382, 0.3188404800541541, 0.33423551139846325, 0.35014424712931763, 0.36657395444326285, 0.38353156455899967, 0.4010236566963988, 0.4190564425053706, 0.4376357509840198, 0.4567670139243822, 0.47645525192284455, 0.49670506099108414, 0.5175205998020308, 0.5389055776039486, 0.5608632428342553, 0.583396372463144, 0.6065072620954476, 0.6301977168574798, 0.654469043093818, 0.6793220408971412, 0.7047569974923215, 0.7307736814939804, 0.7573714195028026, 0.7845499764561459, 0.8123102615300953, 0.8406541286036898, 0.869584182588273, 0.8991036535652563, 0.9292163129326878, 0.9599264157466941, 0.9912386595132109, 1.0231581534098892, 1.0556903942069473, 1.0888412465644952, 1.1226169262523578, 1.1570239853748059, 1.1920692990145991, 1.2277600529167358, 1.2641037319605481, 1.3011081092489372, 1.3387812356939315, 1.3771314300096655, 1.4161672690442901, 1.4558975783955777, 1.496331423263745, 1.5374780995009496, 1.5793471248210649, 1.6219482301363548, 1.6652913509899427, 1.7093866190547753, 1.754244353671272, 1.7998750533971257, 1.846289387543857, 1.89349818767576, 1.9415124390478375, 1.9903432719602456, 2.040001953007637, 2.0904998762026534, 2.141848553953649, 2.1940596078775587, 2.247144759429639, 2.301115820332648, 2.3559846827888364, 2.4117633094589883, 2.468463723193572, 2.526097996501959, 2.5846782407465327, 2.64421659504944, 2.7047252149006784, 2.766216260457168, 2.828701884523483, 2.892194220205946, 2.956705368232866, 3.022247383934831, 3.0888322638801253, 3.156471932161539, 3.225178226332112, 3.2949628829886337, 3.365837523003093, 3.4378136364036407, 3.510902566908118, 3.5851154961146543, 3.660463427355423, 3.7369571692212156, 3.8146073187661393, 3.893424244403435, 3.9734180685051257, 4.054598649719992, 4.1369755650261455, 4.22055809153634, 4.305355188075986, 4.391375476555755, 4.478627223162528, 4.567118319394393, 4.656856262967281, 4.747848138622769, 4.840100598868474, 4.933619844684363, 5.028411606230133, 5.124481123590689, 5.221833127598472, 5.320471820773159, 5.42040085842087, 5.52162332993663, 5.624141740355293, 5.727957992197554, 5.833073367658913, 5.939488511190647, 6.047203412522839, 6.156217390180395, 6.266529075543694, 6.378136397506048, 6.49103656778054, 6.605226066908953, 6.7207006310255, 6.837455239427817, 6.955484103007238, 7.074780653589678, 7.195337534237575, 7.317146590562143, 7.440198863093856, 7.564484580757402, 7.689993155495521, 7.816713178083942, 7.9446324151773515, 8.07373780762363, 8.204015470080805, 8.33545069196805, 8.468027939778771, 8.601730860780254, 8.736542288120727, 8.872444247360635, 9.009417964440933, 9.14744387509692, 9.286501635721729, 9.426570135679073, 9.567627511060243, 9.709651159875616, 9.8526177586662, 9.99650328051593, 10.141283014440596, 10.286931586124572, 10.433422979971628, 10.580730562431567, 10.728827106559716, 10.877684817761892, 11.027275360673098, 11.17756988711406, 11.328539065065732, 11.480153108598119, 11.632381808686324, 11.785194564843353, 11.938560417496351, 12.09244808103016, 12.246825977419782, 12.401662270371254, 12.556924899888715, 12.712581617184151, 12.868600019845195, 13.02494758717579, 13.181591715624213, 13.338499754212998, 13.495639039885772, 13.652976932686785, 13.810480850690077, 13.968118304596633, 14.125856931919794, 14.283664530681197, 14.44150909254203, 14.599358835297037, 14.757182234661691, 14.914948055286205, 15.072625380933435, 15.23018364376142, 15.387592652655114, 15.54482262055583, 15.701844190741078, 15.858628462011627, 16.01514701274702, 16.171371923795046, 16.327275800165165, 16.4828317915002, 16.638013611305126, 16.79279555491606, 16.94715251619693, 17.101060002955542, 17.254494151074905, 17.40743173735972, 17.55985019110185, 17.711727604372403, 17.863042741051583, 18.013775044611066, 18.16390464466676, 18.313412362323056, 18.46227971433243, 18.610488916097047, 18.75802288354151, 18.90486523388805, 19.051000285367685, 19.19641305590263, 19.341089260796924, 19.485015309473678, 19.628178301298586, 19.770566020530367, 19.912166930439657, 20.05297016663853, 20.19296552966325, 20.332143476853215, 20.470495113569108, 20.608012183793313, 20.74468706015535, 20.88051273342488, 21.015482801514292, 21.149591458032305, 21.282833480429353, 21.41520421777465, 21.54669957820403, 21.677316016076563, 21.80705051887696, 21.935900593899646, 22.063864254749156, 22.190940007690273, 22.317126837880117, 22.442424195513006, 22.566831981907548, 22.690350535564214, 22.812980618220056, 22.934723400926057, 23.05558045017107, 23.175553714075047, 23.294645508672783, 23.41285850430817, 23.53019571215753, 23.64666047089937, 23.762256433546526, 23.87698755445552, 23.99085807652669, 24.103872518607407, 24.216035663109718, 24.327352543852413, 24.437828434136676, 24.547468835063285, 24.656279464098436, 24.76426624389428, 24.871435291369384, 24.97779290705345, 25.083345564699844, 25.188099901168673, 25.29206270658246, 25.395240914755743, 25.497641593899328, 25.59927193759926, 25.700139256070038, 25.800250967681116, 25.899614590755125, 25.998237735635954, 26.09612809702425, 26.19329344657762, 26.28974162577247, 26.385480539023963, 26.480518147060444, 26.574862460548374, 26.66852153396349, 26.761503459703782, 26.853816362439755, 26.945468393697066, 27.036467726666764, 27.126822551238007, 27.216541069248173, 27.305631489945146, 27.39410202565652, 27.481960887660367, 27.56921628225228, 27.655876407003262, 27.74194944720314, 27.827443572484132, 27.912366933619197, 27.996727659489903, 28.080533854218494, 28.163793594458973, 28.246514926841982, 28.328705865568416, 28.410374390146714, 28.49152844326885, 28.572175928820165, 28.652324710018195, 28.731982607675864, 28.811157398584296, 28.889856814010855, 28.968088538307878, 29.045860207627832, 29.123179408740615, 29.20005367794891, 29.276490500097573, 29.352497307673058, 29.428081479989157, 29.503250342455285, 29.578011165923684, 29.652371166112076, 29.72633750309832, 29.79991728088382, 29.873117547022385, 29.945945292311542, 30.01840745054323, 30.090510898310953, 30.16226245487064, 30.233668882052395, 30.304736884220624, 30.375473108279856, 30.445884143723937, 30.515976522726145, 30.585756720267977, 30.655231154304385, 30.724406185963385, 30.79328811977793, 30.861883203948146, 30.93019763063199, 30.99823753626255, 31.066009001890198, 31.133518053547938, 31.200770662638355, 31.267772746340555, 31.33453016803564]]","[array([6.37688001e-05, 6.00799169e-05, 5.86664978e-05, 5.87303122e-05,
       5.97890121e-05, 6.15504162e-05, 6.38361736e-05, 6.65367100e-05,
       6.95843983e-05, 7.29373705e-05, 7.65697178e-05, 8.04655283e-05,
       8.46152346e-05, 8.90133560e-05, 9.36570850e-05, 9.85453880e-05,
       1.03678420e-04, 1.09057136e-04, 1.14683018e-04, 1.20557890e-04,
       1.26683770e-04, 1.33062768e-04, 1.39696997e-04, 1.46588505e-04,
       1.53739216e-04, 1.61150885e-04, 1.68825051e-04, 1.76763006e-04,
       1.84965759e-04, 1.93434011e-04, 2.02168129e-04, 2.11168124e-04,
       2.20433634e-04, 2.29963905e-04, 2.39757777e-04, 2.49813673e-04,
       2.60129586e-04, 2.70703072e-04, 2.81531241e-04, 2.92610751e-04,
       3.03937807e-04, 3.15508153e-04, 3.27317074e-04, 3.39359394e-04,
       3.51629480e-04, 3.64121240e-04, 3.76828130e-04, 3.89743159e-04,
       4.02858892e-04, 4.16167461e-04, 4.29660571e-04, 4.43329509e-04,
       4.57165156e-04, 4.71158000e-04, 4.85298143e-04, 4.99575322e-04,
       5.13978918e-04, 5.28497973e-04, 5.43121208e-04, 5.57837037e-04,
       5.72633589e-04, 5.87498722e-04, 6.02420046e-04, 6.17384944e-04,
       6.32380691e-04, 6.47397047e-04, 6.62431480e-04, 6.77488255e-04,
       6.92575592e-04, 7.07703856e-04, 7.22884467e-04, 7.38129256e-04,
       7.53450088e-04, 7.68858644e-04, 7.84366306e-04, 7.99984095e-04,
       8.15722649e-04, 8.31592216e-04, 8.47602659e-04, 8.63763470e-04,
       8.80083783e-04, 8.96572390e-04, 9.13237755e-04, 9.30088028e-04,
       9.47131059e-04, 9.64374412e-04, 9.81825369e-04, 9.99490949e-04,
       1.01737791e-03, 1.03549275e-03, 1.05384175e-03, 1.07243090e-03,
       1.09126601e-03, 1.11035262e-03, 1.12969606e-03, 1.14930143e-03,
       1.16917359e-03, 1.18931718e-03, 1.20973664e-03, 1.23043615e-03,
       1.25141968e-03, 1.27269096e-03, 1.29425350e-03, 1.31611057e-03,
       1.33826519e-03, 1.36072016e-03, 1.38347800e-03, 1.40654102e-03,
       1.42991122e-03, 1.45359039e-03, 1.47758000e-03, 1.50188128e-03,
       1.52649515e-03, 1.55142225e-03, 1.57666293e-03, 1.60221721e-03,
       1.62808482e-03, 1.65426515e-03, 1.68075725e-03, 1.70755986e-03,
       1.73467135e-03, 1.76208972e-03, 1.78981262e-03, 1.81783734e-03,
       1.84616074e-03, 1.87477934e-03, 1.90368920e-03, 1.93288603e-03,
       1.96236507e-03, 1.99212115e-03, 2.02214868e-03, 2.05244161e-03,
       2.08299344e-03, 2.11379720e-03, 2.14484550e-03, 2.17613043e-03,
       2.20764363e-03, 2.23937625e-03, 2.27131897e-03, 2.30346196e-03,
       2.33579492e-03, 2.36830704e-03, 2.40098702e-03, 2.43382307e-03,
       2.46680291e-03, 2.49991374e-03, 2.53314230e-03, 2.56647483e-03,
       2.59989709e-03, 2.63339435e-03, 2.66695143e-03, 2.70055267e-03,
       2.73418198e-03, 2.76782281e-03, 2.80145817e-03, 2.83507068e-03,
       2.86864254e-03, 2.90215557e-03, 2.93559122e-03, 2.96893057e-03,
       3.00215440e-03, 3.03524316e-03, 3.06817701e-03, 3.10093585e-03,
       3.13349935e-03, 3.16584696e-03, 3.19795794e-03, 3.22981139e-03,
       3.26138630e-03, 3.29266154e-03, 3.32361593e-03, 3.35422826e-03,
       3.38447730e-03, 3.41434189e-03, 3.44380090e-03, 3.47283334e-03,
       3.50141834e-03, 3.52953521e-03, 3.55716348e-03, 3.58428293e-03,
       3.61087363e-03, 3.63691597e-03, 3.66239071e-03, 3.68727898e-03,
       3.71156239e-03, 3.73522297e-03, 3.75824330e-03, 3.78060646e-03,
       3.80229612e-03, 3.82329655e-03, 3.84359265e-03, 3.86317000e-03,
       3.88201484e-03, 3.90011416e-03, 3.91745569e-03, 3.93402791e-03,
       3.94982010e-03, 3.96482237e-03, 3.97902564e-03, 3.99242167e-03,
       4.00500310e-03, 4.01676343e-03, 4.02769705e-03, 4.03779923e-03,
       4.04706617e-03, 4.05549492e-03, 4.06308349e-03, 4.06983075e-03,
       4.07573650e-03, 4.08080142e-03, 4.08502709e-03, 4.08841597e-03,
       4.09097139e-03, 4.09269752e-03, 4.09359941e-03, 4.09368292e-03,
       4.09295471e-03, 4.09142224e-03, 4.08909373e-03, 4.08597817e-03,
       4.08208524e-03, 4.07742533e-03, 4.07200951e-03, 4.06584947e-03,
       4.05895754e-03, 4.05134660e-03, 4.04303010e-03, 4.03402203e-03,
       4.02433685e-03, 4.01398947e-03, 4.00299525e-03, 3.99136994e-03,
       3.97912962e-03, 3.96629075e-03, 3.95287004e-03, 3.93888450e-03,
       3.92435135e-03, 3.90928801e-03, 3.89371208e-03, 3.87764130e-03,
       3.86109351e-03, 3.84408664e-03, 3.82663864e-03, 3.80876753e-03,
       3.79049129e-03, 3.77182787e-03, 3.75279519e-03, 3.73341107e-03,
       3.71369321e-03, 3.69365923e-03, 3.67332656e-03, 3.65271248e-03,
       3.63183409e-03, 3.61070826e-03, 3.58935167e-03, 3.56778075e-03,
       3.54601166e-03, 3.52406032e-03, 3.50194236e-03, 3.47967311e-03,
       3.45726763e-03, 3.43474062e-03, 3.41210652e-03, 3.38937939e-03,
       3.36657300e-03, 3.34370074e-03, 3.32077568e-03, 3.29781055e-03,
       3.27481771e-03, 3.25180918e-03, 3.22879660e-03, 3.20579129e-03,
       3.18280418e-03, 3.15984587e-03, 3.13692659e-03, 3.11405623e-03,
       3.09124430e-03, 3.06849999e-03, 3.04583214e-03, 3.02324923e-03,
       3.00075942e-03, 2.97837054e-03, 2.95609007e-03, 2.93392518e-03,
       2.91188272e-03, 2.88996923e-03, 2.86819094e-03, 2.84655377e-03,
       2.82506337e-03, 2.80372508e-03, 2.78254396e-03, 2.76152480e-03,
       2.74067213e-03, 2.71999021e-03, 2.69948304e-03, 2.67915438e-03,
       2.65900775e-03, 2.63904643e-03, 2.61927349e-03, 2.59969177e-03,
       2.58030389e-03, 2.56111227e-03, 2.54211914e-03, 2.52332653e-03,
       2.50473629e-03, 2.48635008e-03, 2.46816939e-03, 2.45019557e-03,
       2.43242978e-03, 2.41487304e-03, 2.39752622e-03, 2.38039004e-03,
       2.36346511e-03, 2.34675189e-03, 2.33025073e-03, 2.31396184e-03,
       2.29788533e-03, 2.28202122e-03, 2.26636939e-03, 2.25092966e-03,
       2.23570173e-03, 2.22068523e-03, 2.20587969e-03, 2.19128456e-03,
       2.17689924e-03, 2.16272304e-03, 2.14875520e-03, 2.13499490e-03,
       2.12144126e-03, 2.10809336e-03, 2.09495021e-03, 2.08201077e-03,
       2.06927397e-03, 2.05673868e-03, 2.04440374e-03, 2.03226794e-03,
       2.02033007e-03, 2.00858885e-03, 1.99704299e-03, 1.98569117e-03,
       1.97453205e-03, 1.96356426e-03, 1.95278642e-03, 1.94219713e-03,
       1.93179497e-03, 1.92157851e-03, 1.91154630e-03, 1.90169689e-03,
       1.89202883e-03, 1.88254063e-03, 1.87323084e-03, 1.86409796e-03,
       1.85514053e-03, 1.84635705e-03, 1.83774605e-03, 1.82930604e-03,
       1.82103554e-03, 1.81293309e-03, 1.80499719e-03, 1.79722639e-03,
       1.78961923e-03, 1.78217425e-03, 1.77488999e-03, 1.76776503e-03,
       1.76079792e-03])]","[[0, 6.376880005047202e-05, 0.00012384871691641303, 0.0001825152146708144, 0.00024124552683708357, 0.00030103453893770554, 0.00036258495510153405, 0.000426421128743594, 0.00049295783871506, 0.0005625422370402352, 0.0006354796075602588, 0.0007120493253922775, 0.0007925148537269762, 0.000877130088346227, 0.0009661434443136081, 0.001059800529288444, 0.0011583459172832531, 0.0012620243375804736, 0.0013710814733160126, 0.001485764491396304, 0.0016063223810539064, 0.001733006151144053, 0.0018660689194517901, 0.002005765916739758, 0.0021523544215682634, 0.002306093637583481, 0.0024672445221017685, 0.002636069572874232, 0.0028128325785630177, 0.0029977983374938656, 0.003191232348540052, 0.0033934004774597367, 0.0036045686015995907, 0.0038250022355579244, 0.004054966140147093, 0.004294723916791595, 0.004544537589333473, 0.004804667175081929, 0.005075370246833204, 0.005356901487494722, 0.005649512238870616, 0.0059534500461008175, 0.006268958199190587, 0.006596275273019585, 0.006935634667177784, 0.007287264146938259, 0.007651385386643149, 0.008028213516747845, 0.008417956675739002, 0.008820815568113653, 0.009236983029578948, 0.009666643600604445, 0.010109973109431049, 0.01056713826561229, 0.011038296265134438, 0.01152359440813172, 0.012023169730181412, 0.012537148648130804, 0.013065646621373685, 0.013608767829458102, 0.014166604866869567, 0.0147392384557946, 0.015326737177628431, 0.01592915722394786, 0.016546542167625605, 0.017178922858230763, 0.017826319904991828, 0.018488751384845542, 0.019166239639812652, 0.0198588152322827, 0.020566519088552847, 0.02128940355557127, 0.022027532811699065, 0.022780982899582716, 0.023549841543544905, 0.02433420784929732, 0.02513419194435084, 0.02594991459349447, 0.026781506809154337, 0.027629109467659153, 0.028492872937178306, 0.02937295671998414, 0.030269529109875647, 0.031182766864570412, 0.032112854892309875, 0.03305998595163802, 0.03402436036318979, 0.035006185732292576, 0.03600567668120117, 0.03702305458982854, 0.038058547343887965, 0.03911238908941867, 0.04018481999272253, 0.04127608600479195, 0.042386438629357794, 0.04351613469373095, 0.044665436121652045, 0.045834609707401386, 0.04702392689045579, 0.04823366353001091, 0.049464099678717476, 0.05071551935500793, 0.051988210313416695, 0.053282463812322274, 0.05459857437856445, 0.05593683956841316, 0.057297559724389276, 0.058681037727460285, 0.060087578744156926, 0.061517489968179545, 0.06297108035608595, 0.06444866035667583, 0.06595054163371035, 0.06747703678162961, 0.06902845903395533, 0.0706051219640914, 0.07220733917826096, 0.0738354240003456, 0.07548968914841987, 0.0771704464028034, 0.07887800626548198, 0.08061267761078053, 0.08237476732720234, 0.08416457995038193, 0.08598241728713373, 0.0878285780306134, 0.08970335736664613, 0.09160704657131324, 0.09353993259992854, 0.09550229766757501, 0.09749441882141488, 0.09951656750502792, 0.10156900911507684, 0.10365200255064316, 0.10576579975562249, 0.10791064525461436, 0.11008677568278921, 0.11229441931026249, 0.11453379556155419, 0.1168051145307606, 0.11910857649311396, 0.12144437141365379, 0.12381267845378313, 0.12621366547653012, 0.12864748855138333, 0.1311142914596158, 0.13361420520105857, 0.13614734750332835, 0.1387138223345571, 0.14131371942071186, 0.14394711376863234, 0.1466140651959494, 0.1493146178690822, 0.15204879985054157, 0.15481662265679513, 0.15761808082797357, 0.16045315151071698, 0.16332179405547692, 0.16622394962960063, 0.16915954084753124, 0.17212847141945925, 0.1751306258197583, 0.1781658689765284, 0.18123404598355708, 0.18433498183598834, 0.1874684811909636, 0.1906343281544676, 0.1938322860955743, 0.19706209748924372, 0.20032348378877093, 0.203616145328932, 0.20693976126080965, 0.21029398951921266, 0.2136784668235293, 0.2170928087127752, 0.2205366096155098, 0.2240094429552066, 0.22751086129156498, 0.23104039649815236, 0.23459755997666115, 0.23818184290795558, 0.2417927165399736, 0.24542963251243305, 0.24909202321817528, 0.25277930220086126, 0.256490864588614, 0.26022608756308213, 0.2639843308632782, 0.2677649373234254, 0.27156723344392775, 0.27539052999446323, 0.27923412264808267, 0.28309729264508837, 0.2869793074853583, 0.2908794216476787, 0.2947968773345499, 0.29873090524083834, 0.3026807253445611, 0.3066455477180091, 0.31062457335734367, 0.31461699502873414, 0.3186219981290488, 0.3226387615590606, 0.3266664586070892, 0.33070425784096774, 0.3347513240062013, 0.3388068189281673, 0.34286990241620424, 0.346939733167438, 0.3510154696682074, 0.35509627109097297, 0.3591812981846199, 0.3632697141561083, 0.36736068554146634, 0.3714533830641786, 0.37554698247908197, 0.3796406653999499, 0.38373362010902146, 0.38782504234681187, 0.3919141360806277, 0.39600011425030196, 0.4000821994897589, 0.4041596248231197, 0.40823163433416076, 0.4122974838080451, 0.4163564413443513, 0.42040778794053635, 0.4244508180450773, 0.42848484007964693, 0.4325091769297894, 0.4365231664036696, 0.4405261616585796, 0.4445175315949895, 0.44849666121803594, 0.45246295196644065, 0.4564158220089506, 0.4603547065084854, 0.46427905785426776, 0.46818834586230007, 0.4720820579446318, 0.4759596992479402, 0.479820792762019, 0.48366487939883884, 0.48749151804290397, 0.4913002855736893, 0.49509077686099284, 0.4988626047340867, 0.5026153999255912, 0.5063488109910338, 0.5100625042050861, 0.5137561634354996, 0.5174294899957811, 0.5210822024776688, 0.5247140365644792, 0.5283247448264061, 0.5319140964988549, 0.5354818772448965, 0.5390278889029223, 0.5425519492205705, 0.5460538915759882, 0.5495335646874767, 0.5529908323125511, 0.5564255729374266, 0.5598376794579218, 0.5632270588527449, 0.5665936318501031, 0.5699373325885477, 0.5732581082729375, 0.5765559188263738, 0.579830736538927, 0.5830825457139447, 0.586311342312693, 0.5895171335980561, 0.592699937777978, 0.5958597836492993, 0.5989967102426079, 0.6021107664686867, 0.6052020107671051, 0.6082705107574741, 0.6113163428938412, 0.6143395921226791, 0.6173403515448802, 0.6203187220821446, 0.623274812148114, 0.6262087373245759, 0.6291206200430328, 0.6320105892719023, 0.6348787802095885, 0.6377253339836368, 0.6405503973561602, 0.6433541224357008, 0.6461366663956679, 0.6488981911994698, 0.6516388633324383, 0.6543588535406232, 0.6570583365765158, 0.6597374909517422, 0.6623964986967522, 0.6650355451275107, 0.6676548186191875, 0.6702545103868237, 0.6728348142729442, 0.6753959265420713, 0.6779380456820823, 0.6804613722123481, 0.6829661084985771, 0.6854524585742788, 0.6879206279687607, 0.6903708235415553, 0.6928032533231768, 0.6952181263620949, 0.6976156525778129, 0.6999960426199282, 0.7023595077330551, 0.7047062596274806, 0.7070365103554257, 0.7093504721927809, 0.7116483575261815, 0.7139303787452889, 0.7161967481401422, 0.7184476778034444, 0.7206833795376446, 0.7229040647666825, 0.725109944452257, 0.7273012290144848, 0.729478128256813, 0.7316408512950529, 0.7337896064904023, 0.7359246013863262, 0.7380460426491662, 0.7401541360123501, 0.7422490862240795, 0.7443310969983675, 0.7464003709693104, 0.7484571096484698, 0.7505015133852513, 0.752533781330166, 0.7545541114008605, 0.7565627002508089, 0.7585597432405589, 0.7605454344114287, 0.7625199664615525, 0.7644835307241764, 0.7664363171481087, 0.7683785142802306, 0.7703103092499775, 0.7722318877557003, 0.7741434340528243, 0.7760451309437197, 0.7779371597692051, 0.7798197004016038, 0.7816929312392806, 0.7835570292025823, 0.7854121697311135, 0.7872585267822785, 0.7890962728310235, 0.7909255788707149, 0.7927466144150926, 0.794559547501238, 0.7963645446935007, 0.7981617710883273, 0.7999513903199404, 0.8017335645668153, 0.8035084545589056, 0.8052762195855707, 0.8070370175041591]]"
50.0,80.0,4,60,360,I1-S1,"[[0.01, 0.009218546420913139, 0.008861068736292907, 0.008775059817687893, 0.00886844850475938, 0.009085552049698756, 0.009392520186200902, 0.00976861938668316, 0.010201107133732163, 0.010682158518226657, 0.011207012996245864, 0.011772852268536619, 0.01237811700609582, 0.013022087503300066, 0.01370462356290577, 0.014426000909042506, 0.01518680652435556, 0.015987870308579108, 0.016830219423337286, 0.017715047052675004, 0.018643690522988404, 0.01961761565665556, 0.02063840539800151, 0.021707751456672204, 0.0228274481458532, 0.023999387860592133, 0.025225557810069382, 0.026508037725968953, 0.02784899834042061, 0.029250700475280084, 0.030715494618202922, 0.0322458208851625, 0.033844209286903286, 0.03551328023026673, 0.037255745195626265, 0.039074407539636605, 0.040972163378690064, 0.0429520025132627, 0.04501700935700267, 0.04717036383716798, 0.04941534223502003, 0.05175531793614638, 0.05419376206152207, 0.05673424395050402, 0.05938043146695459, 0.062136091099364986, 0.06500508782524297, 0.06799138470918346, 0.07109904220298924, 0.07433221711498349, 0.07769516121428373, 0.08119221943431286, 0.08482782763823316, 0.08860650990732469, 0.09253287531161608, 0.09661161412033586, 0.10084749340801183, 0.10524535201033149, 0.10981009478221598, 0.11454668610898544, 0.11946014262003668, 0.12455552505315465, 0.12983792921647344, 0.13531247599423693, 0.1409843003419299, 0.14685867287206067, 0.15294234673316012, 0.15924428827257628, 0.16577486854217116, 0.172545208556454, 0.17956675678245243, 0.18685102431227757, 0.19440942548944945, 0.20225318745296914, 0.2103933032178795, 0.2188405108190798, 0.22760528662909385, 0.23669784488192758, 0.246128138169619, 0.25590585556780127, 0.26604041633787523, 0.276540958023357, 0.2874163183337618, 0.2986750105820202, 0.3103251926757791, 0.32237462980506393, 0.3348306510511318, 0.3477001001866553, 0.36098928096138083, 0.37470389718088254, 0.3888489878962402, 0.403428858034164, 0.41844700481330166, 0.4339060403149821, 0.4498076106064245, 0.46615231185180284, 0.48293960389141527, 0.5001677218211515, 0.5178335861628204, 0.5359327122798305, 0.5544591197611739, 0.573405242568428, 0.5927618408142012, 0.6125179151145695, 0.6326606245308786, 0.653175209185998, 0.6740449187046779, 0.6952509476849742, 0.7167723794555169, 0.7385861394093723, 0.7606669592270298, 0.7829873533062517, 0.8055176087028597, 0.8282257898517985, 0.8510777592800449, 0.8740372154403885, 0.8970657486864615, 0.9201229162737181, 0.9431663371079785, 0.9661518067728821, 0.9890334331510281, 1.0117637927123468, 1.0342941072797518, 1.0565744407995443, 1.0785539153463863, 1.1001809452846414, 1.1214034881949762, 1.1421693108633353, 1.162426268325324, 1.1821225936695074, 1.2012071960352217, 1.2196299640011958, 1.2373420713573744, 1.254296282090109, 1.270447251295978, 1.2857518186766108, 1.3001692912596907, 1.31366171204214, 1.3261941113613926, 1.337734737969101, 1.3482552670066759, 1.3577309823601798, 1.3661409311983987, 1.3734680488661353, 1.379699252707524, 1.3848255038231192, 1.3888418362106056, 1.3917473531927869, 1.3935451914883759, 1.3942424537215954, 1.3938501105866279, 1.392382874274164, 1.3898590451222221, 1.38630033376568, 1.3817316613234698, 1.3761809403753837, 1.3696788396395634, 1.3622585353660754, 1.353955452511925, 1.3448069987601508, 1.3348522943931378, 1.3241319009318475, 1.3126875513130158, 1.3005618842008484, 1.287798184824145, 1.2744401345001803, 1.26053157075917, 1.2461162597238318, 1.231237682133157, 1.215938834133507, 1.2002620436984537, 1.184248803285794, 1.1679396190996536, 1.1513738771006918, 1.1345897257006183, 1.1176239748903476, 1.1005120113854288, 1.083287729228509, 1.0659834751667003, 1.048630008021481, 1.0312564711894923, 1.013890377353222, 0.9965576044398322, 0.979282401842769, 0.9620874059126574, 0.9449936637296343, 0.9280206641869215, 0.9111863754433704, 0.89450728783921, 0.8779984614126692, 0.8616735772040002, 0.8455449915862802, 0.8296237929179359, 0.8139198598690464, 0.7984419208311412, 0.7831976138775143, 0.7681935467972925, 0.7534353567809949, 0.7389277693875949, 0.7246746564727565, 0.7106790928046685, 0.6969434111375297, 0.6834692555531323, 0.670257632918076, 0.657308962337938, 0.6446231225202579, 0.6321994969855774, 0.620037017090105, 0.6081342028450248, 0.5964892015361826, 0.5850998241640416, 0.5739635797376081, 0.5630777074676389, 0.5524392069140801, 0.542044866150513, 0.5318912880145836, 0.5219749145181476, 0.5122920494943191, 0.5028388795609445, 0.49361149348135724, 0.48460590000374854, 0.4758180442602358, 0.4672438228058297, 0.4588790973761012, 0.45071970744051754, 0.4427614816262368, 0.43500024808469295, 0.42743184387063426, 0.4200521234004536, 0.41285696605371613, 0.405842282978794, 0.3990040231604922, 0.3923381788045272, 0.38584079009072386, 0.379507949343854, 0.3733358046681586, 0.3673205630888001, 0.361458493240787, 0.35574592764330565, 0.3501792645948995, 0.3447549697225448, 0.33946957721539867, 0.3343196907718337, 0.32930198428632607, 0.3244132023008276, 0.3196501602434284, 0.3150097444753983, 0.31048891216608165, 0.30608469101360847, 0.3017941788279685, 0.29761454299167106, 0.2935430198119795, 0.28957691377755784, 0.2857135967312975, 0.2819505069700939, 0.2782851482814223, 0.27471508892570184, 0.2712379605726446, 0.2678514571990512, 0.2645533339548359, 0.2613414060034356, 0.2582135473421793, 0.25516768960766056, 0.2522018208706639, 0.2493139844247442, 0.24650227757214152, 0.24376485041033286, 0.24109990462217085, 0.23850569227223828, 0.23598051461175312, 0.23352272089408863, 0.2311307072027269, 0.22880291529323957, 0.22653783145068251, 0.22433398536360588, 0.2221899490157089, 0.22010433559601414, 0.21807579842829503, 0.2161030299203629, 0.21418476053370322, 0.21231975777384657, 0.21050682520176503, 0.2087448014664994, 0.2070325593591456, 0.20536900488826043, 0.20375307637668408, 0.20218374357972252, 0.20066000682458324, 0.19918089617091417, 0.19774547059225717, 0.19635281717819308, 0.19500205035692614, 0.19369231113802815, 0.1924227663750419, 0.19119260804762236, 0.19000105256287841, 0.1888473400755636, 0.18773073382675304, 0.18665051950063308, 0.1856060045990247, 0.18459651783325318, 0.18362140853297454, 0.18268004607156527, 0.18177181930768, 0.18089613604258217, 0.18005242249285225, 0.17924012277808032, 0.17845869842315132, 0.17770762787473446, 0.17698640603159194, 0.17629454378832574, 0.17563156759218615, 0.17499701901257025, 0.17439045432284425, 0.1738114440941286, 0.17325957280069113, 0.17273443843659902, 0.17223565214328698, 0.17176283784770485, 0.1713156319107145, 0.17089368278541273, 0.17049665068506228, 0.17012420726032113, 0.16977603528546484, 0.16945182835330574, 0.1691512905785165, 0.16887413630907386, 0.16862008984554447, 0.1683888851679401, 0.16818026566987687, 0.1679939838997785, 0.16782980130886974, 0.16768748800571256, 0.1675668225170427, 0.1674675915546703, 0.16738958978821433, 0.1673326196234449, 0.16729649098601426, 0.16728102111036122, 0.16728603433357983, 0.16731136189404774, 0.16735684173461426, 0.16742231831015367, 0.16750764239929308, 0.1676126709201294, 0.16773726674975384, 0.16788129854740716, 0.16804464058109264, 0.1682271725574782, 0.1684287794549228, 0.16864935135946632, 0.168888783303626, 0.16914697510784588, 0.16942383122444982, 0.16971926058395168, 0.1700331764435803, 0.1703654962378795, 0.17071614143124778, 0.17108503737228445, 0.17147211314981295, 0.17187730145045504, 0.17230053841763251, 0.17274176351187615, 0.17320091937232493, 0.17367795167930117, 0.17417280901785018]]","[[0.01, 0.011673645222856313, 0.01362924433757481, 0.01580189558251425, 0.018156401287987095, 0.020675381799663686, 0.023352041079394256, 0.026185834696611496, 0.029179996403207335, 0.03234008837486057, 0.035673152408289714, 0.039187218376051755, 0.04289102460291735, 0.04679386351919979, 0.05090550105583411, 0.0552361392155138, 0.059796403756790406, 0.06459734636720138, 0.06965045511673729, 0.07496766959508847, 0.08056139867500949, 0.08644453974563769, 0.09263049878357393, 0.0991332109306789, 0.10596716141776079, 0.11314740676709036, 0.12068959625614452, 0.128609993649068, 0.136925499212114, 0.14565367203119564, 0.15481275264732683, 0.1644216860212286, 0.17450014483286216, 0.18506855311572262, 0.1961481102196801, 0.20776081509010635, 0.21992949084500266, 0.2326778096258274, 0.24603031769166372, 0.26001246072021605, 0.2746506092728235, 0.2899720843741759, 0.30600518315066455, 0.32277920446425157, 0.3403244744713564, 0.358672372028506, 0.37785535385833935, 0.3979069793809742, 0.4188619351067151, 0.4407560584765802, 0.4636263610271476, 0.487511050745752, 0.5124495534711012, 0.5384825331829282, 0.5656519110123575, 0.5940008827922567, 0.623573934953991, 0.6544168585637214, 0.6865767612777409, 0.7201020769823533, 0.7550425728695492, 0.7914493536852804, 0.8293748628725649, 0.8688728803170763, 0.9099985163883849, 0.952808342515509, 0.9973619149542989, 1.0437230324616655, 1.0919593971215107, 1.14214223030407, 1.1943459843582775, 1.248648125102258, 1.3051289662569323, 1.3638715413832032, 1.424961502173452, 1.4884870344148133, 1.5545387847992223, 1.62320979315819, 1.6945954257618638, 1.7687933061260293, 1.84590324038018, 1.926027134712093, 2.0092689027557395, 2.0957343610576937, 2.185531110963962, 2.278768405431194, 2.375556999396738, 2.4760089824514258, 2.5802375926557217, 2.6883570104307095, 2.800482131545876, 2.91672831832035, 3.0372111282570065, 3.16204601944285, 3.2913480321770336, 3.4252314464320386, 3.563809414915736, 3.7071935716837907, 3.8554936164541833, 4.008816874999247, 4.1672678362357365, 4.330947666899953, 4.499953704982036, 4.674378933400097, 4.854311435719002, 5.0398338360579675, 5.231022725682617, 5.427948079137089, 5.630672663135725, 5.839251441796815, 6.053730982157065, 6.274148864248587, 6.500533100343453, 6.732901568266837, 6.971261463940896, 7.215608778539921, 7.4659278058050615, 7.722190685176288, 7.984356986442945, 8.252373341585319, 8.5261731293722, 8.805676218088578, 9.09078877148956, 9.3814031227094, 9.677397720397684, 9.978637150809616, 10.284972238947637, 10.596240231142609, 10.91226506068248, 11.232857697254026, 11.557816580071162, 11.886928133634248, 12.219967364114448, 12.556698533401155, 12.896875906906235, 13.24024457030361, 13.586541309514159, 13.93549554744095, 14.286830330234476, 14.640263355236614, 14.995508032228225, 15.352274569199132, 15.710271073579072, 16.069204659719134, 16.428782553397838, 16.788713184243722, 17.148707257213694, 17.508478794637192, 17.867746140821435, 18.226232921801685, 18.583668953499217, 18.939791092303906, 19.294344022912185, 19.64708097910809, 19.9977643940584, 20.34616647758599, 20.692069718772554, 21.035267313108008, 21.37556351423516, 21.71277391112331, 22.046725632232043, 22.377257478889135, 22.704219990696973, 23.02747544629614, 23.34689780324971, 23.662372581167027, 23.973796692461402, 24.281078225335015, 24.5841361837096, 24.882900188877834, 25.177310147643205, 25.467315891651506, 25.75287679250166, 26.03396135706382, 26.310546807235653, 26.582618648140052, 26.850170228515786, 27.11320229678284, 27.371722555982505, 27.625745220503546, 27.87529057721516, 28.120384553338823, 28.361058293108417, 28.597347744994202, 28.82929326100372, 29.056939209323936, 29.280333601334927, 29.499527733807803, 29.71457584689872, 29.925534798367163, 30.132463754280497, 30.335423896317398, 30.5344781456504, 30.729690903271027, 30.921127806519934, 31.1088555014975, 31.292941430957068, 31.47345363722216, 31.650460579619647, 31.824030965882006, 31.994233596942358, 32.1611372245251, 32.32481042092155, 32.485321460333296, 32.64273821116495, 32.79712803865222, 32.94855771721939, 33.097093351972255, 33.242800308747555, 33.3857431521572, 33.525985591084805, 33.66359043111292, 33.798619533380894, 33.931133779396134, 34.06119304134435, 34.188856157467434, 34.31418091210087, 34.437224019985436, 34.55804111449025, 34.67668673940632, 34.793214343990975, 34.90767628096419, 35.02012380717771, 35.13060708669669, 35.23917519605204, 35.34587613143865, 35.45075681765139, 35.55386311856603, 35.65523984898729, 35.75493078769971, 35.85297869157025, 35.9494253105638, 36.04431140354403, 36.13767675474299, 36.229560190792434, 36.31999959821967, 36.409031941319014, 36.49669328031807, 36.583018789765624, 36.6680427770747, 36.75179870116091, 36.83431919112187, 36.91563606490929, 36.99578034794999, 37.07478229167695, 37.152671391935826, 37.229476407235985, 37.30522537681903, 37.379945638520844, 37.453663846406315, 37.52640598815865, 37.598197402207596, 37.66906279458326, 37.739026255484404, 37.80811127555167, 37.87634076183834, 37.94373705347241, 38.010321937005386, 38.07611666144445, 38.14114195296569, 38.205418029307324, 38.268964613842485, 38.33180094933228, 38.39394581136031, 38.455417521450656, 38.51623395987185, 38.57641257812988, 38.63597041115375, 38.69492408917744, 38.75328984932255, 38.81108354688612, 38.86832066633846, 38.925016332035945, 38.98118531865388, 39.036842061344935, 39.092000665628355, 39.14667491701567, 39.20087829037832, 39.25462395906292, 39.307924803759796, 39.360793421130474, 39.413242132199706, 39.46528299051772, 39.51692779009829, 39.56818807313817, 39.61907513752331, 39.6696000441275, 39.719773623908495, 39.76960648480723, 39.81910901845506, 39.86829140669435, 39.91716362791725, 39.965735463227794, 40.01401650243199, 40.06201614986068, 40.10974363002988, 40.157207993143025, 40.20441812043962, 40.2513827293946, 40.29811037877258, 40.344609473541205, 40.390888269647505, 40.43695487866124, 40.48281727228898, 40.528483286762736, 40.57396062710654, 40.61925687128472, 40.66437947423512, 40.70933577179055, 40.754132984491825, 40.79877822129536, 40.84327848317843, 40.88764066664501, 40.93187156713502, 40.975977882339706, 41.019966215425974, 41.06384307817203, 41.107614894017026, 41.151288001027034, 41.194868654779725, 41.23836303116999, 41.28177722913874, 41.32511727332696, 41.36838911665708, 41.411598642843586, 41.4547516688349, 41.4978539471882, 41.54091116837907, 41.58392896304763, 41.62691290418287, 41.66986850924657, 41.7128012422386, 41.755716515704854, 41.79861969268932, 41.84151608863159, 41.88441097321115, 41.92730957213966, 41.970217068902436, 42.013138606450234, 42.05607928884253, 42.09904418284319, 42.142038319469606, 42.18506669549634, 42.228134274913984, 42.271245990344234, 42.314406744412, 42.35762141107523, 42.40089483691332, 42.44423184237468, 42.48763722298419, 42.53111575051117, 42.57467217409835, 42.618311221352585, 42.66203759939757, 42.70585599588925, 42.74977107999428, 42.793787503331906, 42.83790990087972, 42.88214289184363, 42.92649108049227, 42.97095905695632, 43.01555139799276, 43.06027266771451, 43.10512741828549, 43.15012019058141, 43.19525551481633]]","[array([6.37688001e-05, 6.00799169e-05, 5.86664978e-05, 5.87303122e-05,
       5.97890121e-05, 6.15504193e-05, 6.38362186e-05, 6.65369860e-05,
       6.95854698e-05, 7.29405079e-05, 7.65773168e-05, 8.04815971e-05,
       8.46459330e-05, 8.90675708e-05, 9.37470341e-05, 9.86872448e-05,
       1.03892957e-04, 1.09370380e-04, 1.15126931e-04, 1.21171055e-04,
       1.27512102e-04, 1.34160241e-04, 1.41126392e-04, 1.48422177e-04,
       1.56059887e-04, 1.64052456e-04, 1.72413441e-04, 1.81157012e-04,
       1.90297940e-04, 1.99851597e-04, 2.09833951e-04, 2.20261569e-04,
       2.31151619e-04, 2.42521874e-04, 2.54390715e-04, 2.66777141e-04,
       2.79700770e-04, 2.93181850e-04, 3.07241261e-04, 3.21900524e-04,
       3.37181803e-04, 3.53107913e-04, 3.69702323e-04, 3.86989156e-04,
       4.04993193e-04, 4.23739873e-04, 4.43255289e-04, 4.63566188e-04,
       4.84699960e-04, 5.06684635e-04, 5.29548870e-04, 5.53321936e-04,
       5.78033700e-04, 6.03714608e-04, 6.30395662e-04, 6.58108386e-04,
       6.86884805e-04, 7.16757401e-04, 7.47759075e-04, 7.79923101e-04,
       8.13283075e-04, 8.47872858e-04, 8.83726511e-04, 9.20878227e-04,
       9.59362431e-04, 9.99218145e-04, 1.04049808e-03, 1.08326713e-03,
       1.12759723e-03, 1.17356379e-03, 1.22124346e-03, 1.27071273e-03,
       1.32204710e-03, 1.37532065e-03, 1.43060583e-03, 1.48797337e-03,
       1.54749221e-03, 1.60922959e-03, 1.67325099e-03, 1.73962009e-03,
       1.80839877e-03, 1.87964695e-03, 1.95342249e-03, 2.02978098e-03,
       2.10877552e-03, 2.19045643e-03, 2.27487101e-03, 2.36206310e-03,
       2.45207277e-03, 2.54493585e-03, 2.64068355e-03, 2.73934190e-03,
       2.84093132e-03, 2.94546604e-03, 3.05295358e-03, 3.16339419e-03,
       3.27678023e-03, 3.39309560e-03, 3.51231513e-03, 3.63440399e-03,
       3.75931709e-03, 3.88699844e-03, 4.01738063e-03, 4.15038423e-03,
       4.28591729e-03, 4.42387481e-03, 4.56413830e-03, 4.70657538e-03,
       4.85103945e-03, 4.99736936e-03, 5.14538930e-03, 5.29490859e-03,
       5.44572173e-03, 5.59760847e-03, 5.75033399e-03, 5.90364920e-03,
       6.05729122e-03, 6.21098391e-03, 6.36443858e-03, 6.51735484e-03,
       6.66942154e-03, 6.82031789e-03, 6.96971475e-03, 7.11727593e-03,
       7.26265975e-03, 7.40552066e-03, 7.54551090e-03, 7.68228239e-03,
       7.81548860e-03, 7.94478651e-03, 8.06983859e-03, 8.19031489e-03,
       8.30589503e-03, 8.41627024e-03, 8.52114535e-03, 8.62024069e-03,
       8.71329395e-03, 8.80006191e-03, 8.88032204e-03, 8.95387397e-03,
       9.02054082e-03, 9.08017027e-03, 9.13263554e-03, 9.17783610e-03,
       9.21569817e-03, 9.24617508e-03, 9.26924728e-03, 9.28492228e-03,
       9.29323425e-03, 9.29424350e-03, 9.28803572e-03, 9.27472103e-03,
       9.25443292e-03, 9.22732695e-03, 9.19357934e-03, 9.15338550e-03,
       9.10695841e-03, 9.05452686e-03, 8.99633378e-03, 8.93263443e-03,
       8.86369455e-03, 8.78978861e-03, 8.71119799e-03, 8.62820926e-03,
       8.54111242e-03, 8.45019935e-03, 8.35576218e-03, 8.25809184e-03,
       8.15747671e-03, 8.05420128e-03, 7.94854505e-03, 7.84078143e-03,
       7.73117679e-03, 7.61998965e-03, 7.50746991e-03, 7.39385828e-03,
       7.27938573e-03, 7.16427307e-03, 7.04873069e-03, 6.93295827e-03,
       6.81714467e-03, 6.70146786e-03, 6.58609492e-03, 6.47118213e-03,
       6.35687508e-03, 6.24330887e-03, 6.13060834e-03, 6.01888833e-03,
       5.90825397e-03, 5.79880104e-03, 5.69061630e-03, 5.58377787e-03,
       5.47835560e-03, 5.37441149e-03, 5.27200005e-03, 5.17116874e-03,
       5.07195834e-03, 4.97440337e-03, 4.87853245e-03, 4.78436869e-03,
       4.69193011e-03, 4.60122992e-03, 4.51227694e-03, 4.42507588e-03,
       4.33962772e-03, 4.25592998e-03, 4.17397700e-03, 4.09376029e-03,
       4.01526869e-03, 3.93848874e-03, 3.86340479e-03, 3.78999934e-03,
       3.71825316e-03, 3.64814552e-03, 3.57965440e-03, 3.51275657e-03,
       3.44742787e-03, 3.38364323e-03, 3.32137691e-03, 3.26060255e-03,
       3.20129332e-03, 3.14342202e-03, 3.08696117e-03, 3.03188310e-03,
       2.97816003e-03, 2.92576415e-03, 2.87466767e-03, 2.82484288e-03,
       2.77626224e-03, 2.72889836e-03, 2.68272412e-03, 2.63771266e-03,
       2.59383740e-03, 2.55107212e-03, 2.50939096e-03, 2.46876843e-03,
       2.42917945e-03, 2.39059935e-03, 2.35300391e-03, 2.31636932e-03,
       2.28067227e-03, 2.24588988e-03, 2.21199973e-03, 2.17897989e-03,
       2.14680889e-03, 2.11546574e-03, 2.08492992e-03, 2.05518137e-03,
       2.02620052e-03, 1.99796825e-03, 1.97046590e-03, 1.94367528e-03,
       1.91757865e-03, 1.89215870e-03, 1.86739857e-03, 1.84328184e-03,
       1.81979252e-03, 1.79691501e-03, 1.77463415e-03, 1.75293518e-03,
       1.73180372e-03, 1.71122580e-03, 1.69118781e-03, 1.67167653e-03,
       1.65267910e-03, 1.63418300e-03, 1.61617607e-03, 1.59864650e-03,
       1.58158280e-03, 1.56497380e-03, 1.54880865e-03, 1.53307682e-03,
       1.51776806e-03, 1.50287244e-03, 1.48838028e-03, 1.47428220e-03,
       1.46056910e-03, 1.44723213e-03, 1.43426270e-03, 1.42165247e-03,
       1.40939334e-03, 1.39747746e-03, 1.38589719e-03, 1.37464513e-03,
       1.36371410e-03, 1.35309713e-03, 1.34278744e-03, 1.33277848e-03,
       1.32306388e-03, 1.31363745e-03, 1.30449320e-03, 1.29562531e-03,
       1.28702815e-03, 1.27869625e-03, 1.27062430e-03, 1.26280716e-03,
       1.25523983e-03, 1.24791749e-03, 1.24083544e-03, 1.23398913e-03,
       1.22737417e-03, 1.22098627e-03, 1.21482131e-03, 1.20887527e-03,
       1.20314426e-03, 1.19762452e-03, 1.19231240e-03, 1.18720437e-03,
       1.18229700e-03, 1.17758699e-03, 1.17307112e-03, 1.16874629e-03,
       1.16460949e-03, 1.16065780e-03, 1.15688843e-03, 1.15329863e-03,
       1.14988577e-03, 1.14664731e-03, 1.14358077e-03, 1.14068378e-03,
       1.13795403e-03, 1.13538929e-03, 1.13298741e-03, 1.13074631e-03,
       1.12866399e-03, 1.12673851e-03, 1.12496799e-03, 1.12335063e-03,
       1.12188469e-03, 1.12056849e-03, 1.11940040e-03, 1.11837888e-03,
       1.11750240e-03, 1.11676953e-03, 1.11617887e-03, 1.11572907e-03,
       1.11541884e-03, 1.11524695e-03, 1.11521219e-03, 1.11531341e-03,
       1.11554953e-03, 1.11591947e-03, 1.11642222e-03, 1.11705680e-03,
       1.11782229e-03, 1.11871779e-03, 1.11974244e-03, 1.12089542e-03,
       1.12217594e-03, 1.12358326e-03, 1.12511667e-03, 1.12677547e-03,
       1.12855901e-03, 1.13046668e-03, 1.13249788e-03, 1.13465204e-03,
       1.13692863e-03, 1.13932714e-03, 1.14184709e-03, 1.14448800e-03,
       1.14724946e-03, 1.15013103e-03, 1.15313233e-03, 1.15625299e-03,
       1.15949265e-03])]","[[0, 6.376880005047202e-05, 0.00012384871691641303, 0.0001825152146708144, 0.00024124552683708357, 0.000301034538960128, 0.00036258495826476235, 0.00042642117688125537, 0.000492958162843511, 0.0005625436326398419, 0.0006354841405725673, 0.0007120614573380555, 0.000792543054462897, 0.000877188987425967, 0.0009662565582578788, 0.0010600035923758776, 0.0011586908372061, 0.0012625837937304486, 0.0013719541738545452, 0.001487081104997752, 0.001608252159792755, 0.0017357642620514837, 0.0018699245035213611, 0.0020110508954287445, 0.002159473071997599, 0.002315532958610343, 0.002479585414183769, 0.0026519988551454293, 0.0028331558667972307, 0.0030234538066471572, 0.0032233054033538678, 0.0034331393541835353, 0.003653400923271659, 0.003884552542479373, 0.00412707441620919, 0.004381465131181032, 0.004648242271852275, 0.004927943041884797, 0.005221124891809378, 0.0055283661528064435, 0.0058502666763065835, 0.006187448478909857, 0.006540556391925779, 0.006910258714642794, 0.007297247870244203, 0.007702241063094573, 0.008125980935924582, 0.00856923622524132, 0.009032802413083792, 0.00951750237302849, 0.010024187008126339, 0.010553735878219202, 0.011107057813840731, 0.011685091513652043, 0.012288806122097184, 0.012919201783686263, 0.013577310170025439, 0.01426419497541273, 0.014980952376507147, 0.015728711451256313, 0.016508634551935394, 0.017321917626808462, 0.01816979048457381, 0.01905351699539843, 0.01997439522198585, 0.020933757653076583, 0.02193297579795166, 0.02297347387504128, 0.024056741002060768, 0.025184338227210806, 0.026357902014956497, 0.027579145475064425, 0.028849858201752794, 0.030171905296889186, 0.031547225946897975, 0.03297783178170735, 0.03446580514727605, 0.03601329735782499, 0.037622526950447904, 0.039295777936577334, 0.04103539802707284, 0.042843796797110006, 0.044723443751220185, 0.046676866246121385, 0.048706647228264476, 0.050815422743535815, 0.05300587917780791, 0.0552807501886953, 0.05764281329076206, 0.06009488605843702, 0.06263982191297751, 0.0652805054619788, 0.0680198473621741, 0.07086077867864586, 0.07380624471611966, 0.07685919830078529, 0.08002259249413815, 0.08329937272370486, 0.08669246831925613, 0.0902047834472575, 0.09383918744089768, 0.09759850452809153, 0.1014855029653983, 0.10550288359183188, 0.10965326782306815, 0.11393918511355766, 0.11836305992150493, 0.12292719821953546, 0.12763377360208333, 0.13248481304902449, 0.13748218241376714, 0.14262757171278792, 0.14792248030235305, 0.15336820203675422, 0.15896581051067143, 0.16471614449609173, 0.17061979369139216, 0.1766770849065602, 0.1828880688138952, 0.18925250739772556, 0.1957698622395109, 0.20243928377600598, 0.2092596016677872, 0.21622931641324297, 0.22334659233899468, 0.23060925209155775, 0.23801477274682228, 0.24556028364361746, 0.2532425660352507, 0.26105805463855886, 0.2690028411437906, 0.2770726797307285, 0.2852629946170667, 0.2935688896444426, 0.3019851598859805, 0.31050630523706463, 0.3191265459286872, 0.32783983988048837, 0.336639901788911, 0.34552022382513, 0.3544740977979621, 0.36349463861919334, 0.3725748088930043, 0.3817074444377401, 0.3908852805374106, 0.40010097871222333, 0.4093471537922879, 0.418616401076478, 0.4279013233593002, 0.4371945576124698, 0.44648880111461264, 0.45577683683194137, 0.4650515578646744, 0.47430599078811464, 0.483533317733375, 0.4927268970704055, 0.5018802825748832, 0.5109872409803102, 0.5200417678369675, 0.5290381016198228, 0.5379707360477642, 0.5468344305962936, 0.5556242192047786, 0.5643354171972808, 0.5729636264526126, 0.5815047388744641, 0.5899549382260326, 0.598310700405486, 0.6065687922487394, 0.6147262689543987, 0.6227804702323317, 0.6307290152822268, 0.638569796711741, 0.6463009735055364, 0.6539209631567547, 0.6614284330714215, 0.6688222913540358, 0.6761016770793338, 0.6832659501510603, 0.6903146808436904, 0.6972476391175503, 0.7040647837918342, 0.71076625165373, 0.7173523465753624, 0.7238235287036645, 0.7301804037816707, 0.7364237126531954, 0.7425543209964792, 0.7485732093262215, 0.7544814632975199, 0.7602802643396498, 0.7659708806423673, 0.771554658512532, 0.7770330141143377, 0.7824074256023068, 0.7876794256524676, 0.7928505943937608, 0.797922552738732, 0.8028969561099238, 0.8077754885560847, 0.8125598572503299, 0.8172517873607165, 0.821853017282297, 0.8263652942185775, 0.8307903700994032, 0.8351299978216097, 0.8393859277982811, 0.8435599048021342, 0.8476536650883779, 0.8516689337823645, 0.8556074225174229, 0.8594708273084501, 0.8632608266470979, 0.8669790798047292, 0.8706272253297108, 0.8742068797260487, 0.8777196363008506, 0.881167064168601, 0.8845507074007618, 0.88787208430974, 0.8911326868568117, 0.8943339801741294, 0.8974774021914781, 0.900564363358977, 0.9035962464574429, 0.906574406488635, 0.9095001706380967, 0.9123748383037772, 0.9151996811840746, 0.9179759434193774, 0.9207048417815971, 0.9233875659065801, 0.9260252785646633, 0.9286191159649948, 0.9311701880895743, 0.9336795790532869, 0.9361483474865, 0.9385775269370732, 0.9409681262888923, 0.9433211301942815, 0.9456374995178805, 0.9479181717897792, 0.9501640616659087, 0.952376061393862, 0.9545550412824972, 0.9567018501738291, 0.9588173159158601, 0.9609022458351422, 0.9629574272079807, 0.9649836277293083, 0.9669815959783639, 0.9689520618804064, 0.9708957371637854, 0.9728133158117698, 0.9747054745086131, 0.9765728730794012, 0.9784161549232918, 0.9802359474398122, 0.9820328624479331, 0.9838074965976852, 0.9855604317741276, 0.987292235493515, 0.989003461291549, 0.9906946491036276, 0.992366325637037, 0.9940190047350576, 0.9956531877329755, 0.9972693638060154, 0.9988680103092265, 1.0004495931093718, 1.0020145669088842, 1.0035633755619675, 1.0050964523829278, 1.0066142204468367, 1.0081170928826322, 1.0096054731587705, 1.01107975536155, 1.012540324466235, 1.0139875566011056, 1.015421819304574, 1.016843471775497, 1.0182528651168299, 1.0196503425727592, 1.0210362397594586, 1.022410884889608, 1.0237745989908216, 1.025127696118124, 1.0264704835606209, 1.0278032620425015, 1.0291263259185142, 1.0304399633640555, 1.0317444565600078, 1.0330400818724608, 1.0343271100274523, 1.0356058062808577, 1.0368764305835574, 1.0381392377420107, 1.0393944775743589, 1.0406423950621795, 1.041883230498013, 1.0431172196287766, 1.0443445937951812, 1.0455655800672627, 1.0467804013761364, 1.0479892766420806, 1.0491924208990555, 1.0503900454157558, 1.0515823578132968, 1.0527695621796307, 1.0539518591807844, 1.055129446169013, 1.0563025172879537, 1.057471263574868, 1.0586358730600558, 1.0597965308635209, 1.0609534192889678, 1.0621067179152055, 1.0632566036850317, 1.0644032509916705, 1.0655468317628312, 1.0666875155424562, 1.0678254695702252, 1.0689608588588737, 1.0700938462693925, 1.071224592584163, 1.0723532565780878, 1.0734799950877694, 1.0746049630787926, 1.0757283137111606, 1.0768501984029346, 1.0779707668921241, 1.0790901672968758, 1.0802085461740034, 1.081326048575903, 1.0824428181058938, 1.083558996972024, 1.084674726039382, 1.0857901448809457, 1.0869053918270093, 1.0880206040132192, 1.08913591742725, 1.090251466954155, 1.0913673864204196, 1.0924838086367443, 1.0936008654395861, 1.0947186877314858, 1.095837405520202, 1.0969571479566802, 1.0980780433718744, 1.0992002193124477, 1.1003238025753679, 1.1014489192414203, 1.1025756947076544, 1.1037042537187811, 1.1048347203975393, 1.1059672182740432, 1.1071018703141295, 1.1082387989467124, 1.1093781260901634, 1.1105199731777247, 1.111664461181969, 1.1128117106383137, 1.1139618416675996, 1.1151149739977435, 1.1162712269844692, 1.1174307196311282]]"
50.0,80.0,4,90,90,I0-S0,"[[0.01, 0.009218546420913139, 0.008861068736292907, 0.008775059817687893, 0.008868448505882056, 0.009085547075700008, 0.00939245092120551, 0.009768292359568722, 0.010200132486891687, 0.010679897509735449, 0.011202530710712026, 0.011764873431030023, 0.012364984035654876, 0.013001720415348895, 0.013674481465891187, 0.01438304484630764, 0.015127463381917526, 0.015907997482234804, 0.016725069927338868, 0.01757923475829549, 0.018471155235227438, 0.019401587766505617, 0.02037136988181107, 0.021381411029785604, 0.022432685412437384, 0.023526226333817207, 0.02466312170573775, 0.02584451045795761, 0.027071579667949604, 0.02834556227031891, 0.029667735236685366, 0.03103941813857334, 0.03246197202171833, 0.03393679853214656, 0.03546533924362553, 0.03704907514339262, 0.03868952623894808, 0.04038825125348561, 0.0421468473814617, 0.043966950079041625, 0.04585023286683023, 0.047798407124495075, 0.04981322185869347, 0.051896463427185166, 0.054049955203198746, 0.05627555716506508, 0.05857516539687042, 0.06095071148644644, 0.06340416180743029, 0.0659375166724179, 0.06855280934441878, 0.07125210489391721, 0.07403749888887051, 0.07691111590494243, 0.07987510784319413, 0.08293165204234632, 0.08608294917259784, 0.08933122089784742, 0.09267870729302771, 0.09612766400313506, 0.09968035913043365, 0.10333906983623987, 0.10710607864366258, 0.11098366942769688, 0.1149741230791555, 0.11907971282908164, 0.12330269922053518, 0.1276453247149876, 0.13210980792101704, 0.13669833743357135, 0.14141306527278072, 0.1462560999121615, 0.1512294988870766, 0.15633526097551426, 0.161575317944634, 0.16695152585811454, 0.17246565594113997, 0.17811938500188948, 0.183914285410661, 0.18985181464027562, 0.19593330437418488, 0.20215994919174335, 0.2085327948434271, 0.21505272613237064, 0.22172045442247099, 0.22853650479746032, 0.23550120289977894, 0.24261466148277716, 0.249876766714729, 0.2572871642783335, 0.2648452453147929, 0.2725501322671635, 0.280400664683439, 0.28839538504571965, 0.2965325246977848, 0.3048104519581073, 0.3132323113290975, 0.32180835030337895, 0.33055293383627943, 0.3394822105763594, 0.3486126348431367, 0.3579600507247191, 0.367539145078448, 0.377363141245048, 0.3874436480502866, 0.39779060701791485, 0.4084122996559686, 0.41931538941738056, 0.43050498155483397, 0.4419846899471141, 0.4537567039651691, 0.46582185116638997, 0.47817965345536206, 0.49082837559969555, 0.5037650658258614, 0.5169855887698707, 0.5304846514095836, 0.544255822820991, 0.5582915487229311, 0.5725831618333924, 0.5871208890767006, 0.6018938566689045, 0.616890094078501, 0.6320965378178627, 0.6474990359717472, 0.6630823543157794, 0.6788301848214147, 0.694725157285433, 0.710748854761786, 0.7268818334115809, 0.7431036473229474, 0.7593928787861631, 0.7757271744404265, 0.7920832876367877, 0.808437127286803, 0.8247638133884196, 0.8410377393395083, 0.8572326410655758, 0.8733216729019132, 0.8892774900823203, 0.905072337597312, 0.9206781450952134, 0.9360666274107832, 0.9512093902190709, 0.9660780402283137, 0.9806442992460657, 0.9948801213787297, 1.0087578125575232, 1.0222501515249194, 1.0353305113659834, 1.0479729806298477, 1.060152483058842, 1.0718448949273045, 1.0830271589894718, 1.093677394046488, 1.1037749991666466, 1.1133007516304159, 1.122236897722258, 1.1305672355541665, 1.138277189180352, 1.14535387334759, 1.1517861483200622, 1.1575646643196758, 1.1626818952311635, 1.1671321613340384, 1.1709116409388736, 1.174018370921538, 1.176452236264091, 1.1782149488232119, 1.179310015654578, 1.1797426973229155, 1.1795199567210621, 1.178650399006038, 1.1771442033347568, 1.1750130471457676, 1.1722700237856918, 1.1689295543194391, 1.1650072943916858, 1.160520037023573, 1.1554856122334383, 1.1499227843640742, 1.143851147982239, 1.1372910231896705, 1.1302633511496671, 1.1227895905903944, 1.1148916159965527, 1.1065916181460607, 1.097912007589098, 1.0888753216043612, 1.079504135102834, 1.0698209758838033, 1.0598482445822717, 1.0496081395822119, 1.0391225871071244, 1.02841317663878, 1.017501101757508, 1.0064071064433926, 0.9951514368277183, 0.983753798338219, 0.9722333181403734, 0.9606085127402659, 0.9488972605824104, 0.9371167794484117, 0.925283608439282, 0.9134135943055006, 0.9015218818742806, 0.8896229083127664, 0.8777304009587316, 0.8658573784465108, 0.8540161548550557, 0.8422183466068551, 0.83047488185068, 0.8187960120673984, 0.8071913256461594, 0.7956697631877662, 0.7842396343027928, 0.7729086356836717, 0.7616838702423746, 0.7505718671181917, 0.7395786023733069, 0.7287095202071829, 0.7179695545340626, 0.7073631507810254, 0.6968942877769027, 0.6865664996148447, 0.6763828973833794, 0.6663461906723342, 0.6564587087709692, 0.6467224214860442, 0.637138959517299, 0.6277096343369486, 0.6184354575282741, 0.6093171595462342, 0.6003552078702361, 0.591549824525803, 0.5829010029578836, 0.5744085242439786, 0.566071972640147, 0.5578907504573226, 0.5498640922692486, 0.5419910784567546, 0.5342706480960927, 0.5267016112016365, 0.5192826603354702, 0.5120123815982767, 0.5048892650175054, 0.49791171435009235, 0.49107805631803114, 0.48438654929590225, 0.47783539147005377, 0.4714227284895366, 0.4651466606291394, 0.459005249484962, 0.4529965242229367, 0.44711848740056015, 0.44136912038186327, 0.43574638836531976, 0.43024824504400516, 0.4248726369168671, 0.4196175072694684, 0.414480799842029, 0.40946046220202387, 0.4045544488380039, 0.39976072399070073, 0.3950772642368562, 0.390502060840597, 0.3860331218865483, 0.38166847420825867, 0.3774061651248939, 0.3732442639985488, 0.36918086362393154, 0.36521408146159073, 0.3613420607252899, 0.35756297133357906, 0.35387501073508126, 0.350276404616493, 0.34676540750180046, 0.34334030325073267, 0.33999940546401275, 0.3367410578025276, 0.3335636342271124, 0.3304655391652438, 0.3274452076105508, 0.32450110516068453, 0.3216317279987402, 0.31883560282309253, 0.31611128673019173, 0.31345736705456784, 0.31087246117001094, 0.30835521625562473, 0.3059043090302017, 0.30351844545812684, 0.30119636042979425, 0.2989368174193085, 0.2967386081220417, 0.29460055207443253, 0.2925214962582337, 0.29050031469125115, 0.28853590800646123, 0.28662720302124683, 0.28477315229835654, 0.2829727337000623, 0.2812249499368725, 0.2795288281120432, 0.2778834192630277, 0.2762877979009048, 0.2747410615487369, 0.27324233027972084, 0.2717907462559184, 0.2703854732682777, 0.2690256962785873, 0.2677106209639425, 0.26643947326424317, 0.2652114989331869, 0.2640259630931708, 0.26288214979446717, 0.2617793615789954, 0.26071691904897065, 0.25969416044067306, 0.2587104412035466, 0.2577651335848046, 0.25685762621968916, 0.25598732372750593, 0.2551536463135287, 0.25435602937684787, 0.25359392312421414, 0.2528667921899107, 0.2521741152616691, 0.25151538471262896, 0.2508901062393262, 0.2502977985056827, 0.24973799279295633, 0.24921023265560313, 0.2487140735829897, 0.24824908266688878, 0.2478148382746815, 0.24741092972818357, 0.24703695698800662, 0.2466925303433611, 0.24637727010720228, 0.24609080631661698, 0.24583277843834597, 0.24560283507933378, 0.2454006337021957, 0.2452258403454901, 0.24507812934868303, 0.24495718308169095, 0.24486269167888752, 0.24479435277745973, 0.24475187125999923, 0.24473495900121536, 0.24474333461865683, 0.24477672322733046, 0.24483485619810677, 0.24491747091980312, 0.24502431056483806, 0.24515512385835114, 0.2453096648506858, 0.2454876926931346, 0.24568897141684848, 0.24591326971481497, 0.2461603607268125, 0.24643002182725077, 0.2467220344158109, 0.24703618371080108, 0.24737225854514805]]","[[0.01, 0.011673645222856313, 0.01362924433757481, 0.01580189558251425, 0.01815640128854605, 0.020675376735105774, 0.0233519646334846, 0.0261854556507351, 0.029178813496970556, 0.032337220515404254, 0.03566722135008346, 0.03917622279208612, 0.042872205353332346, 0.04676356024596283, 0.050859000289646586, 0.05516751412368214, 0.05969834556285849, 0.06446098737043617, 0.06946518314787041, 0.07472093366967585, 0.08023850554801312, 0.08602844102871625, 0.09210156825760231, 0.09846901166759231, 0.10514220231555566, 0.11213288809769803, 0.11945314382631403, 0.12711538117811308, 0.13513235853649516, 0.14351719075379304, 0.15228335885851402, 0.16144471972926072, 0.17101551575256696, 0.18101038447705714, 0.19144436827150677, 0.20233292398972627, 0.2136919326407905, 0.22553770905900655, 0.2378870115641376, 0.2507570515987521, 0.2641655033261067, 0.278130513168664, 0.29267070926415534, 0.307805210812994, 0.32355363728779274, 0.33993611747272395, 0.356973298297451, 0.374686353427343, 0.3930969915686468, 0.4122274644442127, 0.43210057439225225, 0.4527396815374327, 0.4741687104803861, 0.4964121564484216, 0.5194950908468872, 0.5434431661472233, 0.5682826200443, 0.5940402788121314, 0.6207435597835317, 0.6484204728757215, 0.6770996210803318, 0.7068101998327005, 0.7375819951718291, 0.7694453805988973, 0.8024313125388371, 0.8365713243061741, 0.8718975184731995, 0.9084425575355527, 0.9462396527675303, 0.9853225511569298, 1.0257255203070217, 1.0674833311913878, 1.1106312386459043, 1.1552049594811513, 1.2012406480980533, 1.2487748694896594, 1.2978445695127252, 1.3484870423142299, 1.400739894800222, 1.4546410080375138, 1.5102284954828002, 1.5675406579388576, 1.6266159351436407, 1.6874928539054244, 1.7502099727057068, 1.8148058227014667, 1.8813188450696257, 1.949787324649258, 2.020249319851282, 2.0927425888210984, 2.1673045118569565, 2.243972010105748, 2.3227814605784722, 2.403768607549772, 2.4869684704297166, 2.5724157339578633, 2.660149914904693, 2.750219397976628, 2.842679905355975, 2.937592898196673, 3.0350243520574596, 3.1350437922669028, 3.2377235137830107, 3.3431379344771095, 3.4513630464996523, 3.562475940693738, 3.6765543859027696, 3.7936764497105386, 3.9139201504293823, 4.0373631325022705, 4.164082359216903, 4.294153817942444, 4.427652234121011, 4.56465079106123, 4.705220853246881, 4.84943169142857, 4.997350208237539, 5.149040663467197, 5.304564398523584, 5.463979559860871, 5.627340821499527, 5.794699106978536, 5.96610131132294, 6.141590023817032, 6.321203252563507, 6.504974151981318, 6.692930754550259, 6.885095708248859, 7.081486021253655, 7.282112815571945, 7.486981091365951, 7.6960895037931145, 7.909430154234026, 8.126988397805352, 8.348742669059028, 8.57466432775017, 8.804717526513887, 9.038859102224912, 9.277038492723483, 9.51919768047617, 9.765271164601753, 10.015185962530344, 10.268861642380033, 10.526210386930497, 10.787137089849388, 11.051539484586922, 11.31930830609954, 11.590327485297689, 11.86447437583894, 12.141620012609156, 12.421629400955004, 12.704361835454518, 12.989671246742484, 13.277406574648039, 13.56741216565677, 13.859528192482383, 14.15359109332708, 14.449434028228092, 14.746887349733269, 15.045779085023181, 15.345935426502939, 15.64718122782493, 15.949340502274751, 16.25223692045688, 16.55569430425382, 16.859537114101553, 17.16359092672371, 17.467682900595186, 17.7716422265604, 18.075300561209648, 18.378492440815634, 18.681055673848427, 18.982831710317207, 19.28366598642749, 19.583408243290084, 19.881912818668713, 20.179038911004167, 20.474650815200466, 20.76861812990005, 21.060815936207568, 21.35112494804313, 21.63943163451365, 21.92562831488342, 22.209613226900988, 22.49129056939748, 22.770570520211162, 23.047369230613715, 23.321608797515456, 23.59321721480953, 23.86212830527964, 24.128281634542553, 24.391622408526583, 24.652101356001157, 24.909674597671973, 25.164303503342126, 25.415954538613256, 25.664599102563837, 25.910213357795175, 26.152778054181294, 26.39227834759765, 26.628703614836983, 26.862047265849757, 27.09230655437272, 27.31948238793324, 27.54357913814, 27.764604452093582, 27.982569065673946, 28.197486619386574, 28.409373477375798, 28.618248550142916, 28.824133121438628, 29.027050679734433, 29.227026754616123, 29.42408875838464, 29.61826583309544, 29.80958870321711, 29.998089534043597, 30.183801795951574, 30.36676013455562, 30.547000246778552, 30.72455876282251, 30.899473133997915, 31.07178152634247, 31.241522719940146, 31.40873601383095, 31.57346113638584, 31.735738161007134, 31.89560742700312, 32.05310946547615, 32.20828493005585, 32.36117453230347, 32.511818981609224, 32.660258929401685, 32.80653491748719, 32.95068733033678, 33.09275635113905, 33.23278192143923, 33.37080370418688, 33.50686105001818, 33.6409929666022, 33.77323809088496, 33.90363466406951, 34.032220509175275, 34.159033011025066, 34.28410909851345, 34.40748522901566, 34.5291973748019, 34.64928101132727, 34.767771107273425, 34.88470211622346, 35.00010796985701, 35.11402207255824, 35.22647729733435, 35.33750598294781, 35.44713993217044, 35.555410411072224, 35.66234814926292, 35.76798334100876, 35.872345647151214, 35.97546419775898, 36.077367595448514, 36.17808391931222, 36.27764072939749, 36.37606507168296, 36.473383483502126, 36.56962199936756, 36.66480615715202, 36.75896100458588, 36.85211110603287, 36.94428054950896, 37.035492953911486, 37.125771476428305, 37.215138820098566, 37.30361724149923, 37.39122855853309, 37.47799415829609, 37.56393500500345, 37.649071647955765, 37.733424229527635, 37.81701249316313, 37.89985579136341, 37.98197309365324, 38.06338299451451, 38.14410372127548, 38.224153141946, 38.30354877298969, 38.38230778702491, 38.460447020447226, 38.53798298096704, 38.614931855056355, 38.69130951529977, 38.76713152764506, 38.842413158549455, 38.917169382018216, 38.99141488653258, 39.06516408186457, 39.13843110577665, 39.21122983060448, 39.283573869721536, 39.35547658388447, 39.426951087458534, 39.49801025452268, 39.568666724853955, 39.638932909791365, 39.70882099797933, 39.77834296099117, 39.847510558833115, 39.916335345329585, 39.98482867339058, 40.05300170016211, 40.12086539206074, 40.18843052969337, 40.25570771266352, 40.32270736426544, 40.389439736067295, 40.45591491238502, 40.52214281464812, 40.58813320565909, 40.6538956937478, 40.71943973682257, 40.784774646319406, 40.84990959105093, 40.91485360095676, 40.979615570756735, 41.04420426350875, 41.10862831407263, 41.172896232481726, 41.23701640722377, 41.30099710843252, 41.36484649099175, 41.42857259755311, 41.49218336146927, 41.555686609644034, 41.61909006530054, 41.6824013506693, 41.7456279895973, 41.80877741007956, 41.871856946714466, 41.93487384308434, 41.99783525406231, 42.060748248046906, 42.123619809125564, 42.18645683916817, 42.24926615985192, 42.312054514618524, 42.37482857056496, 42.437594920268744, 42.50036008354889, 42.563130509163464, 42.62591257644476, 42.68871259687308, 42.75153681559004, 42.81439141285227, 42.87728250542638, 42.94021614792617, 43.00319833409271, 43.06623499801819, 43.12933201531437, 43.19249520422626, 43.25573032669184, 43.31904308934848, 43.38243914448681, 43.445924090952545, 43.50950347499715, 43.573182791077755, 43.63696748260701]]","[array([6.37688001e-05, 6.00799169e-05, 5.86664978e-05, 5.87303122e-05,
       5.97890098e-05, 6.15502351e-05, 6.38350540e-05, 6.65329278e-05,
       6.95751168e-05, 7.29186398e-05, 7.65365902e-05, 8.04122586e-05,
       8.45355458e-05, 8.89007531e-05, 9.35052066e-05, 9.83483871e-05,
       1.03431369e-04, 1.08756450e-04, 1.14326901e-04, 1.20146790e-04,
       1.26220856e-04, 1.32554419e-04, 1.39153306e-04, 1.46023799e-04,
       1.53172594e-04, 1.60606763e-04, 1.68333730e-04, 1.76361251e-04,
       1.84697393e-04, 1.93350523e-04, 2.02329298e-04, 2.11642653e-04,
       2.21299798e-04, 2.31310210e-04, 2.41683632e-04, 2.52430066e-04,
       2.63559777e-04, 2.75083283e-04, 2.87011359e-04, 2.99355037e-04,
       3.12125600e-04, 3.25334581e-04, 3.38993766e-04, 3.53115187e-04,
       3.67711123e-04, 3.82794093e-04, 3.98376858e-04, 4.14472411e-04,
       4.31093974e-04, 4.48254994e-04, 4.65969132e-04, 4.84250258e-04,
       5.03112440e-04, 5.22569934e-04, 5.42637171e-04, 5.63328747e-04,
       5.84659404e-04, 6.06644015e-04, 6.29297568e-04, 6.52635145e-04,
       6.76671897e-04, 7.01423027e-04, 7.26903757e-04, 7.53129306e-04,
       7.80114858e-04, 8.07875527e-04, 8.36426326e-04, 8.65782131e-04,
       8.95957633e-04, 9.26967307e-04, 9.58825357e-04, 9.91545675e-04,
       1.02514179e-03, 1.05962680e-03, 1.09501334e-03, 1.13131350e-03,
       1.16853880e-03, 1.20670005e-03, 1.24580738e-03, 1.28587007e-03,
       1.32689656e-03, 1.36889433e-03, 1.41186980e-03, 1.45582832e-03,
       1.50077402e-03, 1.54670972e-03, 1.59363691e-03, 1.64155558e-03,
       1.69046419e-03, 1.74035953e-03, 1.79123666e-03, 1.84308878e-03,
       1.89590718e-03, 1.94968112e-03, 2.00439834e-03, 2.06006030e-03,
       2.11671283e-03, 2.17443958e-03, 2.23334328e-03, 2.29353324e-03,
       2.35511752e-03, 2.41819811e-03, 2.48286817e-03, 2.54921053e-03,
       2.61729702e-03, 2.68718838e-03, 2.75893439e-03, 2.83257425e-03,
       2.90813698e-03, 2.98564189e-03, 3.06509900e-03, 3.14650945e-03,
       3.22986584e-03, 3.31515252e-03, 3.40234585e-03, 3.49141439e-03,
       3.58231906e-03, 3.67501322e-03, 3.76944281e-03, 3.86554635e-03,
       3.96325501e-03, 4.06249265e-03, 4.16317581e-03, 4.26521378e-03,
       4.36850860e-03, 4.47295512e-03, 4.57844107e-03, 4.68484716e-03,
       4.79204716e-03, 4.89990810e-03, 5.00829041e-03, 5.11704818e-03,
       5.22602936e-03, 5.33507615e-03, 5.44402526e-03, 5.55270838e-03,
       5.66095257e-03, 5.76858074e-03, 5.87541222e-03, 5.98126329e-03,
       6.08594780e-03, 6.18927786e-03, 6.29106446e-03, 6.39111826e-03,
       6.48925028e-03, 6.58527271e-03, 6.67899969e-03, 6.77024809e-03,
       6.85883836e-03, 6.94459530e-03, 7.02734888e-03, 7.10693505e-03,
       7.18319646e-03, 7.25598327e-03, 7.32515381e-03, 7.39057528e-03,
       7.45212438e-03, 7.50968789e-03, 7.56316316e-03, 7.61245863e-03,
       7.65749419e-03, 7.69820152e-03, 7.73452434e-03, 7.76641864e-03,
       7.79385273e-03, 7.81680734e-03, 7.83527555e-03, 7.84926269e-03,
       7.85878618e-03, 7.86387527e-03, 7.86457074e-03, 7.86092452e-03,
       7.85299927e-03, 7.84086787e-03, 7.82461295e-03, 7.80432628e-03,
       7.78010816e-03, 7.75206681e-03, 7.72031769e-03, 7.68498285e-03,
       7.64619020e-03, 7.60407286e-03, 7.55876842e-03, 7.51041826e-03,
       7.45916689e-03, 7.40516125e-03, 7.34855006e-03, 7.28948320e-03,
       7.22811109e-03, 7.16458412e-03, 7.09905209e-03, 7.03166370e-03,
       6.96256608e-03, 6.89190432e-03, 6.81982104e-03, 6.74645608e-03,
       6.67194610e-03, 6.59642428e-03, 6.52002009e-03, 6.44285903e-03,
       6.36506242e-03, 6.28674726e-03, 6.20802609e-03, 6.12900687e-03,
       6.04979289e-03, 5.97048278e-03, 5.89117042e-03, 5.81194495e-03,
       5.73289081e-03, 5.65408778e-03, 5.57561099e-03, 5.49753103e-03,
       5.41991403e-03, 5.34282174e-03, 5.26631166e-03, 5.19043713e-03,
       5.11524746e-03, 5.04078810e-03, 4.96710070e-03, 4.89422333e-03,
       4.82219057e-03, 4.75103366e-03, 4.68078069e-03, 4.61145668e-03,
       4.54308376e-03, 4.47568133e-03, 4.40926618e-03, 4.34385262e-03,
       4.27945264e-03, 4.21607604e-03, 4.15373055e-03, 4.09242197e-03,
       4.03215428e-03, 3.97292977e-03, 3.91474915e-03, 3.85761166e-03,
       3.80151518e-03, 3.74645631e-03, 3.69243051e-03, 3.63943216e-03,
       3.58745464e-03, 3.53649044e-03, 3.48653124e-03, 3.43756795e-03,
       3.38959083e-03, 3.34258952e-03, 3.29655311e-03, 3.25147021e-03,
       3.20732901e-03, 3.16411731e-03, 3.12182261e-03, 3.08043210e-03,
       3.03993275e-03, 3.00031133e-03, 2.96155444e-03, 2.92364858e-03,
       2.88658013e-03, 2.85033544e-03, 2.81490079e-03, 2.78026247e-03,
       2.74640679e-03, 2.71332009e-03, 2.68098876e-03, 2.64939926e-03,
       2.61853816e-03, 2.58839212e-03, 2.55894792e-03, 2.53019248e-03,
       2.50211285e-03, 2.47469623e-03, 2.44792999e-03, 2.42180167e-03,
       2.39629898e-03, 2.37140981e-03, 2.34712223e-03, 2.32342451e-03,
       2.30030512e-03, 2.27775271e-03, 2.25575614e-03, 2.23430446e-03,
       2.21338694e-03, 2.19299305e-03, 2.17311245e-03, 2.15373501e-03,
       2.13485081e-03, 2.11645013e-03, 2.09852346e-03, 2.08106147e-03,
       2.06405504e-03, 2.04749526e-03, 2.03137340e-03, 2.01568093e-03,
       2.00040952e-03, 1.98555101e-03, 1.97109744e-03, 1.95704103e-03,
       1.94337419e-03, 1.93008950e-03, 1.91717972e-03, 1.90463777e-03,
       1.89245677e-03, 1.88062998e-03, 1.86915082e-03, 1.85801291e-03,
       1.84720998e-03, 1.83673595e-03, 1.82658488e-03, 1.81675096e-03,
       1.80722857e-03, 1.79801218e-03, 1.78909644e-03, 1.78047612e-03,
       1.77214613e-03, 1.76410150e-03, 1.75633739e-03, 1.74884910e-03,
       1.74163204e-03, 1.73468173e-03, 1.72799383e-03, 1.72156408e-03,
       1.71538837e-03, 1.70946266e-03, 1.70378304e-03, 1.69834571e-03,
       1.69314693e-03, 1.68818310e-03, 1.68345069e-03, 1.67894628e-03,
       1.67466652e-03, 1.67060816e-03, 1.66676804e-03, 1.66314307e-03,
       1.65973025e-03, 1.65652666e-03, 1.65352944e-03, 1.65073582e-03,
       1.64814310e-03, 1.64574865e-03, 1.64354990e-03, 1.64154436e-03,
       1.63972958e-03, 1.63810321e-03, 1.63666291e-03, 1.63540644e-03,
       1.63433161e-03, 1.63343626e-03, 1.63271830e-03, 1.63217570e-03,
       1.63180646e-03, 1.63160864e-03, 1.63158034e-03, 1.63171971e-03,
       1.63202492e-03, 1.63249423e-03, 1.63312588e-03, 1.63391820e-03,
       1.63486951e-03, 1.63597821e-03, 1.63724269e-03, 1.63866141e-03,
       1.64023283e-03, 1.64195546e-03, 1.64382783e-03, 1.64584849e-03,
       1.64801602e-03])]","[[0, 6.376880005047202e-05, 0.00012384871691641303, 0.0001825152146708144, 0.0002412455268224413, 0.0003010345366079418, 0.00036258477174750867, 0.00042641982574458104, 0.0004929527535085418, 0.0005625278702771115, 0.0006354465101135433, 0.0007119831002871709, 0.000792395358900713, 0.0008769309046912705, 0.0009658316577598799, 0.001059336864347389, 0.0011576852514530113, 0.0012611166204727622, 0.0013698730706631565, 0.0014841999717241647, 0.0016043467613710567, 0.0017305676172002765, 0.0018631220357348374, 0.0020022753412417328, 0.002148299140340734, 0.002301471734126774, 0.0024620784966383445, 0.0026304122264975438, 0.002806773477105079, 0.0029914708697006266, 0.0031848213927747697, 0.0033871506906672046, 0.0035987933436584063, 0.0038200931414262493, 0.004051403351373539, 0.0042930869830216534, 0.004545517049398505, 0.004809076826117428, 0.005084160108640933, 0.005371171468044429, 0.0056705265054357535, 0.005982652105043348, 0.006307986685856151, 0.0066469804515794486, 0.007000095638560882, 0.007367806761237892, 0.007750600854560534, 0.00814897771275056, 0.008563450123667962, 0.008994544097968698, 0.00944279909215152, 0.0099087682245069, 0.010393018482896513, 0.010896130923207256, 0.011418700857238786, 0.01196133802869811, 0.012524666775888375, 0.013109326179591799, 0.013715970194558553, 0.014345267762924328, 0.01499790290778957, 0.01567457480510288, 0.016375997831900434, 0.017102901588862355, 0.01785603089505667, 0.018636145752651757, 0.01944402127928999, 0.02028044760572897, 0.021146229736273076, 0.022042187369437884, 0.022969154676214052, 0.02392798003322666, 0.0249195257080215, 0.02594466749365291, 0.027004294289699204, 0.02809930762679337, 0.029230621131729487, 0.03039915993019066, 0.03160585998414444, 0.03285166736096723, 0.03413753743139261, 0.03546443399343155, 0.03683332831948608, 0.038245198123975435, 0.039701026448915225, 0.041201800465039136, 0.0427485101862298, 0.044342147095233285, 0.04598370267887153, 0.047674166871240674, 0.04941452640369259, 0.05120576306074249, 0.05304885184142947, 0.05494475902607932, 0.056894440148881384, 0.058898838493500194, 0.06095889879417135, 0.06307561162787664, 0.06525005120830382, 0.06748339448364454, 0.06977692771985257, 0.07213204523486194, 0.07455024334297566, 0.07703311151252108, 0.07958232203764587, 0.08219961905651489, 0.08488680743498185, 0.0876457418257963, 0.0904783160746636, 0.0933864530533807, 0.09637209494160348, 0.09943719394223517, 0.10258370339391297, 0.10581356923276715, 0.10912872175119533, 0.11253106760152466, 0.11602248199553132, 0.11960480105574561, 0.12327981428053644, 0.12704925709162282, 0.13091480343955395, 0.13487805844960082, 0.13894055109725817, 0.14310372690906933, 0.1473689406906951, 0.15173744929001404, 0.15621040440854148, 0.1607888454795696, 0.16547369263615253, 0.17026573979637316, 0.17516564789722097, 0.18017393831186895, 0.18529098648814551, 0.19051701584853425, 0.1958520919940839, 0.20129611725614951, 0.2068488256408931, 0.21250977821193096, 0.21827835895640452, 0.22415377117906118, 0.23013503446764794, 0.23622098227104246, 0.24241026012907155, 0.2487013245899073, 0.2550924428473007, 0.2615816931257366, 0.26816696583690425, 0.2748459655257187, 0.2816162136185461, 0.2884750519803423, 0.29541964728117304, 0.30244699616612164, 0.30955393121597885, 0.31673712767944345, 0.32399311095091654, 0.3313182647614479, 0.33870884004406937, 0.34616096442872313, 0.35367065231634054, 0.36123381547643735, 0.36884627410793136, 0.376503768298828, 0.3842019698170152, 0.3919364941617071, 0.39970291280311143, 0.40749676553669323, 0.4153135728779788, 0.42314884842418454, 0.4309981111100571, 0.438856897287145, 0.4467207725582527, 0.4545853433020097, 0.46244626782626436, 0.47029926709331793, 0.4781401349647876, 0.48596474791903965, 0.4937690741996035, 0.5015491823586699, 0.509301249165623, 0.517021566856471, 0.5247065497059497, 0.532352739909907, 0.5399568127712664, 0.5475155811883461, 0.5550259994495349, 0.5624851663432369, 0.5698903275965627, 0.577238877660425, 0.5845283608624722, 0.5917564719526446, 0.5989210560690588, 0.606020108154398, 0.6130517718550378, 0.6200143379367495, 0.6269062422520351, 0.6337260632949546, 0.640472519379752, 0.6471444654796744, 0.6537408897621579, 0.6602609098560334, 0.6667037688856293, 0.6730688313056455, 0.6793555785694628, 0.6855636046621809, 0.691692611528169, 0.6977424044212808, 0.7037128872041868, 0.7096040576215027, 0.7154160025695923, 0.7211488933841006, 0.726802981164462, 0.7323785921528251, 0.737876123183084, 0.7432960372139868, 0.7486388589586411, 0.7539051706211514, 0.7590956077496088, 0.7642108552132264, 0.7692516433100635, 0.7742187440105264, 0.7791129673406584, 0.7839351579081526, 0.7886861915730252, 0.7933669722639811, 0.7979784289406788, 0.8025215127013634, 0.8069971940346709, 0.8114064602138229, 0.8157503128309126, 0.8200297654685345, 0.8242458415056247, 0.8283995720540515, 0.8324919940222203, 0.8365241483017399, 0.840497078073013, 0.8444118272254856, 0.8482694388881892, 0.8520709540661497, 0.8558174103782048, 0.8595098408917656, 0.8631492730500839, 0.8667367276876219, 0.8702732181291861, 0.8737597493685618, 0.877197317322473, 0.8805869081557973, 0.8839294976740738, 0.8872260507794615, 0.8904775209864298, 0.8936848499935957, 0.8968489673082469, 0.8999707899202372, 0.9030512220220626, 0.9060911547720754, 0.9090914660979197, 0.9120530205374128, 0.9149766691142242, 0.9178632492458385, 0.9207135846814124, 0.9235284854672611, 0.9263087479378317, 0.9290551547301359, 0.9317684748197278, 0.9344494635764232, 0.9370988628380601, 0.9397174010007014, 0.9423057931237796, 0.9448647410487704, 0.9473949335300783, 0.9498970463768948, 0.9523717426048727, 0.9548196725965391, 0.9572414742694368, 0.959637773251057, 0.9620091830596897, 0.9643563052903802, 0.9666797298052388, 0.9689800349274045, 0.9712577876380173, 0.9735135437756013, 0.9757478482373075, 0.9779612351815077, 0.9801542282312731, 0.9823273406783077, 0.9844810756869432, 0.9866159264978352, 0.9887323766310331, 0.9908309000881225, 0.992911961553171, 0.9949760165922282, 0.9970235118511592, 0.9990548852516103, 1.001070566184928, 1.0030709757038694, 1.0050565267119638, 1.007027624150395, 1.0089846651822982, 1.0109280393743714, 1.012858128875718, 1.0147753085938516, 1.0166799463677987, 1.0185724031382517, 1.0204530331147312, 1.0223221839397243, 1.0241801968497757, 1.026027406833515, 1.0278641427866086, 1.0296907276636342, 1.0315074786268756, 1.033314707192049, 1.0351127193709664, 1.0369018158111551, 1.03868229193245, 1.0404544380605794, 1.0422185395577708, 1.0439748769504051, 1.0457237260537446, 1.0474653580937703, 1.04920003982616, 1.0509280336524434, 1.0526495977333674, 1.0543649860995137, 1.0560744487592022, 1.0577782318037205, 1.0594765775099204, 1.0611697244402194, 1.062857907540048, 1.0645413582327825, 1.0662203045122058, 1.0678949710325314, 1.069565579196038, 1.071232347238347, 1.0728954903113888, 1.0745552205640931, 1.0762117472208428, 1.0778652766577312, 1.0795160124766598, 1.0811641555773113, 1.082809904227039, 1.0844534541287045, 1.0860949984865016, 1.0877347280697987, 1.0893728312750355, 1.091009494185708, 1.0926449006304693, 1.0942792322393846, 1.095912668498366, 1.0975453868018192, 1.0991775625035336, 1.100809368965839, 1.1024409776070623, 1.1040725579473096, 1.1057042776525965, 1.1073363025773586, 1.1089687968053612, 1.1106019226890367, 1.1122358408872695, 1.113870710401655, 1.1155066886112508, 1.1171439313058447, 1.1187825927177584, 1.1204228255522084, 1.122064781016242, 1.123708608846269, 1.125354457334207, 1.1270024733522566]]"
50.0,80.0,4,90,90,I1-S0,"[[0.01, 0.009218546420913139, 0.008861068736292907, 0.008775059817687893, 0.008868448505882056, 0.009085547095776882, 0.009392451985686848, 0.009768303038547818, 0.01020018566845943, 0.010680078192032167, 0.011203013391201524, 0.011765967021320283, 0.01236718231146848, 0.013005756373789817, 0.013681384390697675, 0.01439419927915345, 0.015144669527307954, 0.01593353282821246, 0.01676175205067091, 0.01763048541271513, 0.018541065907107187, 0.019494986935354452, 0.020493892252630045, 0.02153956901800291, 0.022633943165468403, 0.02377907657032072, 0.024977165647207103, 0.0262305411192989, 0.02754166876536247, 0.02891315099680869, 0.030347729148240493, 0.03184828638753617, 0.033417851168095175, 0.03505960115837123, 0.03677686759337363, 0.03857314000016435, 0.040452071254998, 0.042417482933969346, 0.044473370922075914, 0.04662391124763568, 0.048873466110141706, 0.05122659006997771, 0.05368803636802892, 0.05626276334215198, 0.05895594090575422, 0.06177295705140335, 0.06471942433946086, 0.0678011863282176, 0.07102432389791288, 0.07439516141633788, 0.07792027268845808, 0.08160648662662974, 0.08546089257152568, 0.0894908451868158, 0.09370396884296149, 0.09810816139717318, 0.10271159726764434, 0.1075227296906151, 0.11255029203864148, 0.11780329806766812, 0.12329104094914838, 0.1290230909315626, 0.13500929146330504, 0.1412597535961095, 0.14778484847505033, 0.1545951977077992, 0.16170166139237308, 0.16911532356923922, 0.1768474748505447, 0.18490959196664367, 0.19331331395827647, 0.2020704147320257, 0.21119277168739914, 0.22069233011647846, 0.2305810630719916, 0.24087092639743735, 0.2515738086140867, 0.262701475364944, 0.2742655081257574, 0.2862772369086646, 0.29874766670583347, 0.31168739744933793, 0.32510653730034245, 0.3390146091263366, 0.3534204500805121, 0.36833210426325586, 0.3837567085229166, 0.39970037154218724, 0.4161680464581928, 0.4331633973790851, 0.4506886602878038, 0.4687444989645755, 0.4873298567132867, 0.506441804842278, 0.5260753890261344, 0.5462243603084115, 0.5668899657370567, 0.5880853975195309, 0.6098299468479795, 0.6321442407281432, 0.6550470765686598, 0.6785533547020978, 0.7026727613477787, 0.7274089602974678, 0.7527591261470108, 0.7787137045521018, 0.8052563222005366, 0.8323637954549953, 0.8600062050793047, 0.8881470173413377, 0.9167432406652795, 0.9457456130084815, 0.9750988190653719, 1.004741738826063, 1.0346077303507772, 1.06462495015754, 1.0947167145722974, 1.1248019049124705, 1.154795418581753, 1.184608667132997, 1.2141501211764822, 1.243325900729968, 1.2720404082745418, 1.3001970004416534, 1.3276986929541748, 1.3544488922180358, 1.380352145848986, 1.4053149034568464, 1.4292462782294095, 1.452058799287761, 1.4736691444466885, 1.4939988429240216, 1.5129749377099733, 1.5305305977326047, 1.546605670630958, 1.5611471678574749, 1.5741096749524361, 1.5854556811346245, 1.5951558237974655, 1.603189045047169, 1.6095426590244153, 1.61421233036812, 1.6172019657634913, 1.6185235220237342, 1.6181967355460296, 1.6162487792234925, 1.6127138539576493, 1.6076327227794864, 1.601052196237644, 1.593024578143697, 1.583607080977762, 1.5728612202607366, 1.5608521970060434, 1.5476482769926214, 1.5333201750747107, 1.5179404520881585, 1.5015829311545783, 1.4843221393512886, 1.4662327798336416, 1.4473892385928753, 1.4278651291307018, 1.407732877452549, 1.3870633489428323, 1.3659255179027319, 1.3443861798153, 1.3225097057627169, 1.3003578378614797, 1.2779895241057646, 1.2554607906171686, 1.23282464898842, 1.2101310361755322, 1.1874267842320152, 1.164755617083833, 1.1421581715078042, 1.1196720394917037, 1.0973318292139187, 1.0751692419767442, 1.0532131625531427, 1.0314897605553568, 1.0100226005990003, 0.9888327592125994, 0.9679389466251285, 0.9473576317486225, 0.9271031688558565, 0.9071879246313976, 0.887622404445676, 0.8684153768642363, 0.8495739955566789, 0.8311039179110498, 0.8130094197890505, 0.7952935059751804, 0.777958015978832, 0.7610037249426951, 0.7444304394940086, 0.7282370884477786, 0.7124218083337236, 0.696982023772101, 0.6819145227684821, 0.6672155270347251, 0.6528807574736067, 0.6389054949885615, 0.6252846367984423, 0.6120127484508404, 0.5990841117369149, 0.5864927687164608, 0.5742325620646387, 0.5622971719518688, 0.5506801496663121, 0.539374948184499, 0.5283749498903819, 0.5176734916366724, 0.5072638873350617, 0.49713944825401885, 0.48729350119454024, 0.47771940470562774, 0.4684105634925609, 0.45936044116230473, 0.450562571441762, 0.4420105679961107, 0.43369813296622683, 0.42561906433622415, 0.4177672622344851, 0.41013673426423286, 0.40272159995271944, 0.395516094401494, 0.38851457121396193, 0.3817115047705617, 0.3751014919163522, 0.3686792531206245, 0.3624396331633067, 0.356377601398415, 0.3504882516405968, 0.3447668017169056, 0.3392085927223222, 0.3338090880141787, 0.3285638719775367, 0.32346864859070235, 0.3185192398174134, 0.31371158384979675, 0.3090417332239469, 0.30450585282791465, 0.3001002178199958, 0.2958212114734715, 0.291665322962355, 0.28762914510123655, 0.2837093720509819, 0.2799027970008137, 0.27620630983618844, 0.2726168948008588, 0.2691316281605813, 0.26574767587507836, 0.2624622912840932, 0.25927281281266934, 0.25617666170015013, 0.2531713397568111, 0.2502544271515129, 0.2474235802332837, 0.24467652938931, 0.2420110769414229, 0.23942509508281531, 0.23691652385640777, 0.23448336917599488, 0.23212370089104717, 0.22983565089581326, 0.22761741128316093, 0.22546723254341153, 0.2233834218082583, 0.22136434113971373, 0.21940840586390165, 0.21751408294939623, 0.21567988942971006, 0.21390439086944588, 0.21218619987355014, 0.21052397463904102, 0.20891641754852658, 0.20736227380478076, 0.2058603301056044, 0.2044094133581644, 0.20300838943197685, 0.20165616194967792, 0.20035167111470908, 0.19909389257503085, 0.1978818363219705, 0.19671454562330443, 0.19559109598967309, 0.19451059417342903, 0.19347217719902002, 0.19247501142401607, 0.1915182916298965, 0.1906012401417216, 0.1897231059758253, 0.18888316401467553, 0.1880807142080635, 0.1873150807997955, 0.18658561157907635, 0.185891677155788, 0.1852326702588835, 0.1846080050571312, 0.18401711650146169, 0.18345945968818556, 0.1829345092423676, 0.18244175872065865, 0.1819807200329045, 0.1815509228818664, 0.1811519142204054, 0.18078325772549886, 0.1804445332884732, 0.1801353365208541, 0.17985527827524975, 0.17960398418069984, 0.17938109419193649, 0.17918626215202016, 0.17901915536782667, 0.17887945419787657, 0.17876685165201203, 0.17868105300243992, 0.17862177540567312, 0.17858874753491547, 0.17858170922244757, 0.17860041111158415, 0.17864461431778444, 0.17871409009850983, 0.17880861953143334, 0.17892799320061767, 0.17907201089028768, 0.1792404812858354, 0.17943322168170403, 0.17965005769580855, 0.17989082299015915, 0.18015535899736354, 0.18044351465269265, 0.18075514613140367, 0.18109011659102195, 0.18144829591829262, 0.18182956048051963, 0.182233792881019, 0.18266088171841968, 0.18311072134955322, 0.18358321165568126, 0.18407825781181594, 0.18459577005889624, 0.18513566347858948, 0.18569785777049438, 0.18628227703152814, 0.186888849537287, 0.18751750752517599, 0.18816818697910973, 0.1888408274155926, 0.18953537167099277, 0.19025176568983068, 0.190989958313909, 0.19174990107211679, 0.19253154797074712, 0.19333485528417316, 0.1941597813457346, 0.19500628633869144, 0.19587433208710947, 0.19676388184654756, 0.1976749000944229, 0.1986073523199379, 0.19956120481345765, 0.20053642445523462, 0.20153297850338328, 0.20255083438101473, 0.20358995946244823, 0.20465032085842355]]","[[0.01, 0.011673645222856313, 0.01362924433757481, 0.01580189558251425, 0.01815640128854605, 0.020675376755846735, 0.02335196577897939, 0.026185467562881058, 0.029178874976351424, 0.032337436896518856, 0.03566781988015413, 0.039177626142898575, 0.04287512294593819, 0.04676909696317081, 0.05086878221689551, 0.05518383110065261, 0.059724310495719544, 0.06450071242227193, 0.06952397308066205, 0.07480549675081946, 0.08035718255728637, 0.08619145300934077, 0.09232128374983947, 0.09876023424756616, 0.10552247933797253, 0.11262284161078176, 0.1200768246922096, 0.1279006474935084, 0.1361112795072439, 0.14472647723459747, 0.1537648218247313, 0.16324575800291663, 0.1731896343588315, 0.18361774506074996, 0.194552373055529, 0.20601683480843283, 0.2180355266308944, 0.23063397263822916, 0.2438388743729855, 0.2576781621229216, 0.27218104795542036, 0.2873780804823637, 0.3033012013609578, 0.3199838035266042, 0.33746079114351035, 0.3557686412472, 0.3749454670402765, 0.39503108278856947, 0.416067070249014, 0.4380968465431221, 0.4611657333705516, 0.48532102743590555, 0.5106120719383384, 0.5370903289476455, 0.5648094524621017, 0.5938253619122238, 0.624196315840712, 0.655982985451893, 0.6892485276839178, 0.7240586574135991, 0.7604817183569941, 0.7985887521785263, 0.8384535652675397, 0.8801527925836071, 0.9237659579106956, 0.9693755297954367, 1.017066972376369, 1.0669287902392681, 1.1190525663587978, 1.1735329921090354, 1.2304678882453792, 1.2899582156784917, 1.352108074777953, 1.417024691860041, 1.4848183914314987, 1.5556025526805104, 1.6294935486287425, 1.7066106662858112, 1.7870760060817459, 1.871014358795965, 1.9585530581552724, 2.0498218072409675, 2.1449524768291046, 2.244078873791294, 2.347336477709424, 2.4548621439097222, 2.56679377120329, 2.6832699327352647, 2.804429468496873, 2.9304110382474557, 3.061352633830654, 3.1973910501536023, 3.338661314433081, 3.4852960737005056, 3.6374249409999986, 3.7951747322964375, 3.95867885316137, 4.128084596987535, 4.303549647368379, 4.485238229013434, 4.673317850854362, 4.8679564843637255, 5.069320064125983, 5.27757022864981, 5.492862242032285, 5.71534305397928, 5.945149468558493, 6.182406402047459, 6.42722521810503, 6.6797021347643035, 6.939916702778079, 7.207930358893666, 7.483785060864252, 7.767502013537256, 8.059080497276673, 8.358496811330385, 8.665703345581628, 8.980627794451754, 9.303172526569012, 9.633214123203494, 9.970603097411463, 10.31516380435709, 10.66669455141666, 11.024967914457248, 11.389731264165201, 11.760707503533867, 12.13759601466762, 12.520073809989672, 12.907796879829363, 13.300401725288813, 13.69750706232818, 14.098715680241344, 14.503616435193223, 14.911786357323209, 15.322792848144422, 15.736195943632122, 16.151550617530646, 16.56840909903621, 16.986323179137763, 17.40484648051016, 17.8235366669291, 18.24195756967916, 18.65968121030624, 19.076289701266994, 19.49137700848571, 19.904550562475563, 20.31543270744532, 20.72366198062516, 21.128894216839313, 21.530803476067053, 21.92908279431188, 22.323444760494436, 22.713621924259083, 23.099367041507826, 23.480453166128303, 23.85667359775379, 24.227841696479583, 24.593790576266816, 24.954372689302815, 25.309459313873525, 25.658939958359156, 26.002721693813637, 26.34072842725775, 26.672900127332333, 26.999192013349294, 27.319573718070952, 27.634028433768023, 27.942552050277182, 28.24515229292169, 28.541847867292756, 28.83266761703105, 29.117649699911453, 29.396840786731094, 29.670295286739883, 29.938074602641056, 30.200246417531392, 30.456884015549683, 30.708065637459075, 30.953873871904197, 31.19439508265622, 31.429718871786417, 31.659937578388426, 31.885145812198516, 32.105440021237435, 32.32091809241391, 32.531678983884035, 32.73782238784918, 32.93944842239355, 33.136657350907825, 33.329549327613385, 33.51822416769017, 33.702781140515945, 33.883318784544045, 34.05993474237749, 34.232725614637474, 34.40178683127172, 34.56721253900162, 34.729095503664055, 34.8875270262641, 35.04259687161668, 35.19439320851728, 35.34300256044477, 35.488509765860556, 35.63099794722899, 35.770548487942435, 35.90724101639119, 36.041153396472815, 36.1723617238874, 36.300940327614754, 36.42696177601632, 36.55049688704877, 36.67161474211787, 36.79038270314013, 36.90686643241632, 37.02112991495487, 37.133235482914934, 37.24324384186833, 37.35121409860681, 37.45720379024653, 37.56126891440479, 37.66346396024571, 37.76384194021138, 37.862454422273395, 37.959351562556144, 38.05458213819893, 38.148193580338024, 38.2402320071025, 38.330742256529774, 38.419767919317295, 38.50735137133683, 38.593533805846654, 38.67835526534515, 38.76185467301668, 38.8440698637274, 38.92503761453458, 39.00479367467884, 39.08337279503327, 39.16080875698841, 39.23713440075552, 39.31238165307483, 39.38658155431824, 39.45976428497923, 39.531959191545084, 39.60319481174914, 39.67349889920259, 39.742898447407455, 39.8114197131538, 39.87908823930582, 39.945928876982606, 40.011965807140534, 40.077222561565236, 40.14172204328175, 40.20548654639242, 40.26853777535244, 40.33089686369364, 40.39258439220737, 40.45362040659786, 40.514024434617355, 40.57381550269499, 40.63301215207105, 40.69163245444864, 40.749694027174684, 40.80721404796236, 40.86420926916667, 40.92069603162527, 40.97669027807616, 41.03220756616394, 41.08726308104618, 41.14187164761119, 41.19604774231844, 41.24980550467254, 41.303158748341616, 41.35612097193068, 41.40870536942025, 41.460924840280455, 41.5127919992705, 41.56431918593309, 41.61551847379337, 41.66640167927143, 41.71698037031744, 41.76726587477806, 41.81726928850269, 41.86700148319763, 41.91647311403635, 41.9656946270335, 42.014676266190264, 42.06342808041836, 42.111959930249746, 42.16028149433894, 42.208402275764556, 42.256331608136584, 42.30407866151552, 42.35165244814946, 42.39906182803497, 42.44631551430734, 42.49342207846566, 42.54038995543804, 42.58722744849186, 42.63394273399423, 42.680543866027094, 42.727038780861704, 42.773435301296786, 42.81974114086465, 42.865963907909254, 42.91211110954023, 42.958190155466546, 43.004208361713545, 43.05017295422668, 43.09609107236551, 43.14196977229093, 43.18781603024894, 43.23363674575381, 43.27943874467349, 43.32522878221997, 43.37101354584728, 43.41679965805955, 43.46259367913153, 43.508402109743905, 43.554231393535524, 43.60008791957464, 43.64597802475118, 43.691907996091906, 43.73788407300026, 43.78391244942262, 43.82999927594262, 43.87615066180495, 43.922372676870296, 43.9686713535026, 44.01505268839006, 44.06152264430108, 44.10808715177629, 44.1547521107577, 44.2015233921561, 44.24840683935754, 44.295408269669856, 44.342533475709956, 44.38978822673277, 44.437178269902404, 44.48470933150627, 44.532387118112624, 44.58021731767223, 44.62820560056443, 44.67635762058817, 44.724679015898296, 44.77317540988747, 44.82185241201394, 44.87071561857547, 44.9197706134295, 44.96902296865986, 45.01847824518991, 45.06814199334239, 45.118019753345834, 45.16811705578769, 45.21843942201397, 45.268992364475466, 45.3197813870203, 45.370811985132825, 45.42208964611859, 45.47361984923523, 45.525408065769014, 45.577459759056964, 45.62978038445407, 45.68237538924547, 45.7352502125033, 45.788410284887824, 45.84186102839257]]","[array([6.37688001e-05, 6.00799169e-05, 5.86664978e-05, 5.87303122e-05,
       5.97890098e-05, 6.15502372e-05, 6.38350839e-05, 6.65331113e-05,
       6.95758285e-05, 7.29207217e-05, 7.65416268e-05, 8.04228964e-05,
       8.45558430e-05, 8.89365516e-05, 9.35645194e-05, 9.84417960e-05,
       1.03572432e-04, 1.08962115e-04, 1.14617930e-04, 1.20548190e-04,
       1.26762323e-04, 1.33270790e-04, 1.40085032e-04, 1.47217427e-04,
       1.54681269e-04, 1.62490753e-04, 1.70660970e-04, 1.79207906e-04,
       1.88148454e-04, 1.97500427e-04, 2.07282570e-04, 2.17514586e-04,
       2.28217161e-04, 2.39411989e-04, 2.51121801e-04, 2.63370404e-04,
       2.76182710e-04, 2.89584773e-04, 3.03603829e-04, 3.18268337e-04,
       3.33608015e-04, 3.49653885e-04, 3.66438317e-04, 3.83995066e-04,
       4.02359324e-04, 4.21567753e-04, 4.41658539e-04, 4.62671426e-04,
       4.84647760e-04, 5.07630534e-04, 5.31664419e-04, 5.56795807e-04,
       5.83072841e-04, 6.10545451e-04, 6.39265374e-04, 6.69286183e-04,
       7.00663304e-04, 7.33454023e-04, 7.67717499e-04, 8.03514755e-04,
       8.40908671e-04, 8.79963963e-04, 9.20747148e-04, 9.63326505e-04,
       1.00777202e-03, 1.05415530e-03, 1.10254950e-03, 1.15302922e-03,
       1.20567035e-03, 1.26054998e-03, 1.31774615e-03, 1.37733772e-03,
       1.43940412e-03, 1.50402511e-03, 1.57128047e-03, 1.64124971e-03,
       1.71401171e-03, 1.78964434e-03, 1.86822400e-03, 1.94982518e-03,
       2.03451996e-03, 2.12237740e-03, 2.21346299e-03, 2.30783800e-03,
       2.40555875e-03, 2.50667592e-03, 2.61123373e-03, 2.71926911e-03,
       2.83081088e-03, 2.94587877e-03, 3.06448254e-03, 3.18662095e-03,
       3.31228081e-03, 3.44143593e-03, 3.57404727e-03, 3.71009131e-03,
       3.84961849e-03, 3.99274029e-03, 4.13959189e-03, 4.29030613e-03,
       4.44499624e-03, 4.60374476e-03, 4.76659651e-03, 4.93355448e-03,
       5.10457749e-03, 5.27957914e-03, 5.45842754e-03, 5.64094562e-03,
       5.82691180e-03, 6.01606090e-03, 6.20808529e-03, 6.40263626e-03,
       6.59932553e-03, 6.79772707e-03, 6.99737907e-03, 7.19778623e-03,
       7.39842230e-03, 7.59873295e-03, 7.79813891e-03, 7.99603948e-03,
       8.19181630e-03, 8.38483739e-03, 8.57446158e-03, 8.76004304e-03,
       8.94093611e-03, 9.11650019e-03, 9.28610488e-03, 9.44913494e-03,
       9.60499544e-03, 9.75311667e-03, 9.89295895e-03, 1.00240171e-02,
       1.01458250e-02, 1.02579589e-02, 1.03600415e-02, 1.04517446e-02,
       1.05327916e-02, 1.06029594e-02, 1.06620800e-02, 1.07100408e-02,
       1.07467852e-02, 1.07723118e-02, 1.07866736e-02, 1.07899765e-02,
       1.07823769e-02, 1.07640797e-02, 1.07353352e-02, 1.06964354e-02,
       1.06477111e-02, 1.05895277e-02, 1.05222812e-02, 1.04463945e-02,
       1.03623127e-02, 1.02704994e-02, 1.01714326e-02, 1.00656005e-02,
       9.95349796e-03, 9.83562266e-03, 9.71247184e-03, 9.58453906e-03,
       9.45231135e-03, 9.31626654e-03, 9.17687094e-03, 9.03457725e-03,
       8.88982283e-03, 8.74302815e-03, 8.59459559e-03, 8.44490847e-03,
       8.29433029e-03, 8.14320422e-03, 7.99185285e-03, 7.84057803e-03,
       7.68966092e-03, 7.53936228e-03, 7.38992273e-03, 7.24156325e-03,
       7.09448575e-03, 6.94887367e-03, 6.80489275e-03, 6.66269170e-03,
       6.52240310e-03, 6.38414412e-03, 6.24801745e-03, 6.11411209e-03,
       5.98250420e-03, 5.85325796e-03, 5.72642639e-03, 5.60205211e-03,
       5.48016818e-03, 5.36079880e-03, 5.24396007e-03, 5.12966065e-03,
       5.01790242e-03, 4.90868112e-03, 4.80198693e-03, 4.69780499e-03,
       4.59611599e-03, 4.49689658e-03, 4.40011987e-03, 4.30575583e-03,
       4.21377169e-03, 4.12413231e-03, 4.03680047e-03, 3.95173724e-03,
       3.86890221e-03, 3.78825377e-03, 3.70974934e-03, 3.63334559e-03,
       3.55899862e-03, 3.48666414e-03, 3.41629765e-03, 3.34785455e-03,
       3.28129029e-03, 3.21656049e-03, 3.15362102e-03, 3.09242809e-03,
       3.03293835e-03, 2.97510896e-03, 2.91889764e-03, 2.86426271e-03,
       2.81116317e-03, 2.75955870e-03, 2.70940973e-03, 2.66067743e-03,
       2.61332377e-03, 2.56731151e-03, 2.52260422e-03, 2.47916627e-03,
       2.43696291e-03, 2.39596016e-03, 2.35612492e-03, 2.31742487e-03,
       2.27982856e-03, 2.24330534e-03, 2.20782536e-03, 2.17335958e-03,
       2.13987976e-03, 2.10735843e-03, 2.07576891e-03, 2.04508524e-03,
       2.01528223e-03, 1.98633540e-03, 1.95822101e-03, 1.93091598e-03,
       1.90439795e-03, 1.87864522e-03, 1.85363671e-03, 1.82935202e-03,
       1.80577135e-03, 1.78287550e-03, 1.76064588e-03, 1.73906446e-03,
       1.71811377e-03, 1.69777689e-03, 1.67803743e-03, 1.65887951e-03,
       1.64028776e-03, 1.62224729e-03, 1.60474367e-03, 1.58776295e-03,
       1.57129162e-03, 1.55531660e-03, 1.53982523e-03, 1.52480525e-03,
       1.51024481e-03, 1.49613244e-03, 1.48245703e-03, 1.46920784e-03,
       1.45637448e-03, 1.44394691e-03, 1.43191538e-03, 1.42027051e-03,
       1.40900319e-03, 1.39810462e-03, 1.38756630e-03, 1.37738001e-03,
       1.36753778e-03, 1.35803193e-03, 1.34885503e-03, 1.33999988e-03,
       1.33145954e-03, 1.32322730e-03, 1.31529666e-03, 1.30766137e-03,
       1.30031535e-03, 1.29325276e-03, 1.28646794e-03, 1.27995543e-03,
       1.27370995e-03, 1.26772640e-03, 1.26199988e-03, 1.25652562e-03,
       1.25129905e-03, 1.24631573e-03, 1.24157139e-03, 1.23706192e-03,
       1.23278333e-03, 1.22873179e-03, 1.22490361e-03, 1.22129520e-03,
       1.21790314e-03, 1.21472411e-03, 1.21175491e-03, 1.20899248e-03,
       1.20643383e-03, 1.20407612e-03, 1.20191660e-03, 1.19995263e-03,
       1.19818166e-03, 1.19660125e-03, 1.19520903e-03, 1.19400275e-03,
       1.19298023e-03, 1.19213938e-03, 1.19147820e-03, 1.19099477e-03,
       1.19068723e-03, 1.19055382e-03, 1.19059284e-03, 1.19080265e-03,
       1.19118170e-03, 1.19172851e-03, 1.19244163e-03, 1.19331971e-03,
       1.19436144e-03, 1.19556558e-03, 1.19693093e-03, 1.19845635e-03,
       1.20014078e-03, 1.20198316e-03, 1.20398253e-03, 1.20613795e-03,
       1.20844852e-03, 1.21091340e-03, 1.21353178e-03, 1.21630291e-03,
       1.21922607e-03, 1.22230055e-03, 1.22552573e-03, 1.22890097e-03,
       1.23242570e-03, 1.23609937e-03, 1.23992146e-03, 1.24389147e-03,
       1.24800894e-03, 1.25227343e-03, 1.25668453e-03, 1.26124184e-03,
       1.26594500e-03, 1.27079365e-03, 1.27578746e-03, 1.28092612e-03,
       1.28620932e-03, 1.29163679e-03, 1.29720825e-03, 1.30292344e-03,
       1.30878211e-03, 1.31478402e-03, 1.32092894e-03, 1.32721664e-03,
       1.33364690e-03, 1.34021950e-03, 1.34693422e-03, 1.35379084e-03,
       1.36078915e-03])]","[[0, 6.376880005047202e-05, 0.00012384871691641303, 0.0001825152146708144, 0.0002412455268224413, 0.00030103453662519084, 0.0003625847738517542, 0.00042641985777488935, 0.0004929529690361558, 0.000562528797519135, 0.0006354495191935743, 0.0007119911460150209, 0.000792414042453759, 0.0008769698854384678, 0.0009659064370441, 0.001059470956402576, 0.0011579127524262755, 0.0012614851842612854, 0.0013704472994802896, 0.001485065229561152, 0.001605613419485174, 0.0017323757421814632, 0.0018656465323950505, 0.0020057315644042405, 0.002152948991493614, 0.002307630260791196, 0.002470121014155909, 0.002640781983745702, 0.0028199898893995178, 0.0030081383438386703, 0.003205638770817944, 0.0034129213406592328, 0.003630435927032113, 0.0038586530883734744, 0.0040980650769391015, 0.004349186878136845, 0.004612557282490818, 0.004888739992318439, 0.0051783247649586925, 0.005481928594163273, 0.005800196931046201, 0.00613380494577626, 0.006483458830985166, 0.006849897147648111, 0.007233892213967694, 0.007636251537553162, 0.008057819290930279, 0.008499477830139013, 0.008962149255872761, 0.009446797016280114, 0.009954427550184252, 0.010486091969072103, 0.011042887775761373, 0.011625960617164414, 0.012236506068029621, 0.012875771441949372, 0.013545057625274491, 0.014245720928864367, 0.014979174951825363, 0.015746892450543667, 0.016550407205398594, 0.01739131587654452, 0.018271279839071036, 0.019192026986688256, 0.020155353491834952, 0.021163125508769816, 0.022217280804779128, 0.023319830303117645, 0.024472859519694894, 0.025678529873828362, 0.026939079851613066, 0.02825682599860951, 0.029634163716637768, 0.03107356783749514, 0.032577592944402795, 0.03414887340994996, 0.0357901231172638, 0.03750413482911345, 0.03929377916768804, 0.041162003165903925, 0.0431118283493361, 0.045146348306276125, 0.047268725702045794, 0.049482188692596324, 0.05179002669166007, 0.05419558544536279, 0.05670226136832142, 0.05931349509592412, 0.062032764208796914, 0.06486357508749017, 0.06780945385825589, 0.0708739363945202, 0.07406055734337132, 0.07737283815216178, 0.08081427407724324, 0.08438832135033836, 0.08809841266037179, 0.09194803115501313, 0.0959407714420883, 0.10008036333208549, 0.10437066946196631, 0.10881566570549683, 0.11341941046177154, 0.11818600697019072, 0.12311956145156558, 0.1282241389461605, 0.13350371808721967, 0.1389621456257783, 0.1446030912474215, 0.15043000304994722, 0.15644606395098182, 0.16265414924377106, 0.16905678550126965, 0.17565611103145962, 0.18245383810197138, 0.1894512171733207, 0.19664900340283983, 0.20404742570231918, 0.21164615864901987, 0.2194442975602728, 0.22744033704506456, 0.23563215334096435, 0.24401699073096428, 0.25259145231209357, 0.2613514953561307, 0.27029243146274906, 0.2794089316576271, 0.28869503653332035, 0.2981441714701289, 0.30774916690911847, 0.3175022835813377, 0.32739524252772295, 0.33741925967488984, 0.3475650846646912, 0.35782304357177847, 0.368183085085056, 0.37863482967735634, 0.38916762124419724, 0.3997705806581898, 0.4104326606613766, 0.421142701504018, 0.4318894867353519, 0.4426617985595521, 0.45344847218813683, 0.464238448647784, 0.4750208255390149, 0.48578490528539414, 0.49652024046352405, 0.5072166758597837, 0.5178643869590484, 0.5284539146320552, 0.538976195850226, 0.5494225903182609, 0.559784902974421, 0.5700554023650285, 0.5802268349523543, 0.5902924354629874, 0.6002459334263774, 0.6100815560901085, 0.6197940279293677, 0.6293785669929469, 0.6388308783470413, 0.6481471448912967, 0.6573240158293404, 0.6663585930788052, 0.6752484159041101, 0.6839914440495208, 0.6925860396408163, 0.701030948111806, 0.7093252783975155, 0.717468482619624, 0.7254603354721934, 0.7333009134973316, 0.7409905744216126, 0.7485299367051782, 0.7559198594368178, 0.7631614226902066, 0.7702559084391155, 0.7772047821129573, 0.7840096748586295, 0.7906723665603592, 0.79719476965619, 0.8035789137779198, 0.8098269312306909, 0.8159410433190267, 0.8219235475178798, 0.8277768054801286, 0.8335032318658931, 0.8391052839739426, 0.8445854521512817, 0.8499462509536363, 0.8551902110269382, 0.8603198716779572, 0.8653377741008699, 0.8702464552257065, 0.8750484421542339, 0.879746247148819, 0.8843423631401448, 0.8888392597202437, 0.8932393795881319, 0.8975451354163306, 0.901758907107697, 0.9058830394132396, 0.9099198398829113, 0.9138715771227528, 0.9177404793331574, 0.9215287331044404, 0.9252384824473011, 0.9288718280371496, 0.932430826652622, 0.9359174907899249, 0.9393337884359173, 0.942681642984055, 0.945962933278488, 0.9491794937727078, 0.9523331147901918, 0.9554255428754813, 0.9584584812250663, 0.9614335901883228, 0.9643524878295733, 0.9672167505431034, 0.9700279137136855, 0.9727874724158223, 0.9754968821455434, 0.9781575595791543, 0.9807708833538719, 0.9833381948657648, 0.9858607990808682, 0.9883399653557579, 0.9907769282642476, 0.9931728884272272, 0.9955290133429755, 0.9978464382155787, 1.0001262667793527, 1.002369572117413, 1.004577397472761, 1.0067507570504564, 1.0088906368096364, 1.010997995244305, 1.0130737641519714, 1.0151188493893597, 1.017134131614526, 1.0191204670148475, 1.0210786880204363, 1.0230096040026329, 1.0249140019573113, 1.0267926471728053, 1.0286462838823285, 1.030475635900825, 1.032281407246233, 1.0340642827451993, 1.0358249286233163, 1.037563993079994, 1.039282106848112, 1.0409798837386193, 1.0426579211702824, 1.0443168006847945, 1.045957088447482, 1.0475793357338594, 1.0491840794022926, 1.0507718423530457, 1.0523431339739928, 1.0538984505732816, 1.0554382757992438, 1.0569630810478479, 1.0584733258579944, 1.0599694582949537, 1.0614519153222468, 1.0629211231622682, 1.0643774976459501, 1.0658214445517626, 1.067253359934343, 1.0686736304430433, 1.0700826336306817, 1.0714807382527785, 1.0728683045575522, 1.0742456845669488, 1.0756132223489674, 1.0769712542815453, 1.0783201093082546, 1.0796601091860623, 1.0809915687253948, 1.0823147960227455, 1.0836300926860543, 1.0849377540530876, 1.0862380694030358, 1.0875313221615424, 1.0888177900993707, 1.0900977455249112, 1.091371455470724, 1.0926391818743064, 1.0939011817532696, 1.095157707375102, 1.0964090064216936, 1.0976553221487868, 1.0988968935405172, 1.1001339554591998, 1.1013667387905133, 1.1025954705842287, 1.1038203741906218, 1.105041669392711, 1.1062595725344457, 1.1074742966449813, 1.108686051559154, 1.109895044034282, 1.1111014778634047, 1.1123055539850677, 1.1135074705897627, 1.1147074232231247, 1.115905604885981, 1.1171022061313516, 1.118297415158489, 1.119491417904044, 1.1206843981304448, 1.1218765375115665, 1.1230680157157702, 1.124259010486387, 1.1254496977197153, 1.1266402515406007, 1.127830844375665, 1.1290216470242451, 1.1302128287271023, 1.1314045572329574, 1.13259699886291, 1.1337903185727887, 1.1349846800134844, 1.1361802455893149, 1.1373771765144627, 1.1385756328675305, 1.139775773644253, 1.1409777568084059, 1.1421817393409435, 1.1433878772874055, 1.1445963258036178, 1.1458072391997238, 1.1470207709825706, 1.1482370738964776, 1.1494562999624127, 1.1506786005156004, 1.1519041262415803, 1.1531330272107367, 1.1543654529113214, 1.1556015522809795, 1.1568414737368, 1.1580853652039018, 1.1593333741425662, 1.160585647573932, 1.1618423321042581, 1.1631035739477635, 1.164369518948055, 1.1656403125981432, 1.1669161000590584, 1.1681970261770644, 1.1694832354994764, 1.170774872289085, 1.1720720805371856, 1.1733750039752144, 1.1746837860849892, 1.1759985701075544, 1.1773194990506264, 1.1786467156946376, 1.1799803625973733, 1.181320582097198, 1.1826675163148654, 1.1840213071539067, 1.1853820962995891]]"
50.0,80.0,4,90,90,I0-S1,"[[0.01, 0.009218546420913139, 0.008861068736292907, 0.008775059817687893, 0.008868448505882056, 0.009085556401576822, 0.00939258766230063, 0.009768930174034924, 0.010201998040137432, 0.01068412893837992, 0.011210710570706574, 0.011779044830040355, 0.012387655759564428, 0.01303586499698038, 0.013723528891043973, 0.01445087372402299, 0.015218390794883265, 0.016026768301119588, 0.016876846068180178, 0.01776958464928663, 0.018706043612922146, 0.019687365823068067, 0.02071476572090559, 0.02178952034906107, 0.02291296230802601, 0.024086474111532145, 0.025311483580883077, 0.026589460028108334, 0.027921911048764736, 0.02931037979204659, 0.03075644260755784, 0.03226170699012988, 0.033827809759814885, 0.035456415425747664, 0.037149214691274086, 0.038907923064441886, 0.04073427954319623, 0.04263004534879242, 0.044597002684288574, 0.04663695349769563, 0.048751718231573406, 0.05094313454267114, 0.05321305597669535, 0.055563350584508585, 0.05799589946706789, 0.06051259523724266, 0.06311534038733904, 0.06580604555173175, 0.0685866276544856, 0.0714590079322592, 0.07442510982313821, 0.07748685671236076, 0.08064616952618554, 0.08390496416542548, 0.0872651487704363, 0.09072862080962041, 0.09429726398378846, 0.0979729449390243, 0.10175750978102821, 0.10565278038427794, 0.10966055048975061, 0.11378258158540051, 0.11802059856409133, 0.12237628515424348, 0.12685127911908364, 0.1314471672210792, 0.13616547994890937, 0.14100768600517546, 0.1459751865539831, 0.1510693092285531, 0.1562913019001291, 0.16164232621065877, 0.16712345087303423, 0.17273564474408476, 0.1784797696770273, 0.18435657316169649, 0.1903666807625965, 0.1965105883666425, 0.20278865425438586, 0.2092010910105463, 0.21574795729179638, 0.22242914947195871, 0.2292443931870737, 0.2361932348051713, 0.24327503284801863, 0.2504889493946119, 0.25783394149871436, 0.2653087526553046, 0.27291190435336843, 0.28064168775502424, 0.2884961555434995, 0.29647311398494364, 0.304570115251452, 0.3127844500549556, 0.321113140643773, 0.3295531320035959, 0.33810328229850123, 0.3467653960270104, 0.355543037490295, 0.36444064346278354, 0.3734629892741652, 0.38261486928922545, 0.39190090701871244, 0.40132544308616114, 0.41089246948312985, 0.42060559091999117, 0.4304680016535789, 0.4404824708047632, 0.4506513320075677, 0.46097647495537997, 0.4714593374576564, 0.4821008972551285, 0.49290166322406104, 0.5038616658293555, 0.5149804468227099, 0.5262570482625799, 0.5376900009798581, 0.5492773126406626, 0.5610164555736391, 0.5729043545386595, 0.5849373746196226, 0.5971113094278858, 0.6094213698055824, 0.6218621732201366, 0.6344277340428729, 0.6471114549057059, 0.6599061193304327, 0.672803885824974, 0.6857962836398589, 0.6988742103761574, 0.7120279316327227, 0.7252470828758725, 0.7385206737083205, 0.7518370947061398, 0.7651841269826457, 0.7785489546262339, 0.7919181801453055, 0.805277843037401, 0.8186134415815128, 0.8319099579322748, 0.8451518865723623, 0.8583232661550619, 0.8714077147427157, 0.8843884684187532, 0.8972484232215125, 0.9099701803172546, 0.9225360942979731, 0.9349283244571217, 0.9471288888635736, 0.9591197210213764, 0.9708827288705938, 0.9823998558531514, 0.9936531437375903, 1.0046247968684212, 1.015297247479826, 1.0256532216902061, 1.0356758057739657, 1.0453485122903303, 1.054655345636298, 1.0635808665823279, 1.0721102553453448, 1.08022937275428, 1.0879248190688289, 1.0951839900224263, 1.101995129675647, 1.1083473796862071, 1.1142308246263373, 1.1196365330072657, 1.1245565937035797, 1.1289841475069393, 1.1329134135785526, 1.1363397106124973, 1.1392594725668097, 1.1416702588657104, 1.1435707590237598, 1.1449607916905178, 1.1458412981617925, 1.146214330450186, 1.1460830340527726, 1.14545162559682, 1.1443253655849472, 1.1427105264985424, 1.1406143565521987, 1.13804503942204, 1.1350116502967837, 1.1315241086220293, 1.127593127925424, 1.1232301631229678, 1.1184473557147754, 1.113257477282211, 1.107673871697545, 1.1017103964523896, 1.095381363502364, 1.0887014800130312, 1.0816857893764633, 1.074349612849177, 1.0667084921410463, 1.0587781332615076, 1.0505743519043445, 1.0421130206259837, 1.033410018044919, 1.0244811802620113, 1.0153422546733386, 1.0060088563193381, 0.9964964268864847, 0.9868201964510044, 0.9769951480283354, 0.9670359849674695, 0.956957101206109, 0.9467725543809027, 0.9364960417669957, 0.9261408790028377, 0.9157199815396854, 0.9052458487405403, 0.8947305505403821, 0.8841857165684709, 0.873622527624157, 0.8630517093899881, 0.8524835282598767, 0.8419277891555881, 0.8313938352017406, 0.8208905491277672, 0.810426356264762, 0.8000092290057185, 0.7896466925992334, 0.7793458321492059, 0.769113300696277, 0.7589553282606293, 0.7488777317302062, 0.7388859254833, 0.7289849326397118, 0.719179396840233, 0.7094735944599291, 0.6998714471665763, 0.6903765347415347, 0.6809921080862672, 0.6717211023436099, 0.6625661500686871, 0.6535295943900262, 0.6446135021069275, 0.6358196766744474, 0.6271496710324421, 0.6186048002399803, 0.6101861538810419, 0.6018946082117828, 0.5937308380237402, 0.5856953282011901, 0.5777883849544421, 0.5700101467141693, 0.5623605946749286, 0.554839562978838, 0.5474467485329434, 0.5401817204561453, 0.5330439291536679, 0.5260327150189577, 0.5191473167645976, 0.5123868793853383, 0.505750461757678, 0.49923704388159407, 0.49284553377104273, 0.48657477400070986, 0.4804235479172355, 0.47439058552374863, 0.46847456904705126, 0.4626741381971932, 0.45698789512948584, 0.45141440911922875, 0.44595222095957265, 0.4405998470930223, 0.4353557834871069, 0.4302185092647114, 0.4251864900994857, 0.42025818138662774, 0.415432031199182, 0.4107064830398096, 0.4060799783977742, 0.4015509591206549, 0.39711786961004597, 0.3927791588502383, 0.3885332822785993, 0.3843787035060835, 0.3803138958960128, 0.37633734400897195, 0.37244754492136495, 0.3686430094248821, 0.3649222631138297, 0.3612838473669826, 0.35772632023032724, 0.35424825720678055, 0.350848251958689, 0.34752491692863896, 0.34427688388384403, 0.3411028043891161, 0.33800135021317484, 0.33497121367280847, 0.3320111079191627, 0.3291197671702092, 0.3262959468932253, 0.32353842394090876, 0.32084599664454877, 0.3182174848674817, 0.3156517300218756, 0.31314759505171064, 0.3107039643846545, 0.3083197438553689, 0.3059938606026337, 0.30372526294252444, 0.3015129202197443, 0.299355822639078, 0.29725298107880854, 0.29520342688782153, 0.2932062116680074, 0.29126040704346595, 0.2893651044179161, 0.2875194147216195, 0.2857224681490357, 0.28397341388834085, 0.28227141984386395, 0.28061567235241586, 0.2790053758944179, 0.2774397528006674, 0.2759180429555162, 0.274439503497177, 0.2730034085158184, 0.2716090487500556, 0.2702557312823953, 0.2689427792341467, 0.26766953146026845, 0.26643534224457804, 0.265239580995717, 0.26408163194422374, 0.26296089384103916, 0.26187677965773304, 0.2608287162887157, 0.2598161442556681, 0.2588385174144023, 0.25789530266433686, 0.25698597966075404, 0.2561100405299819, 0.2552669895876281, 0.2544563430599741, 0.25367762880862077, 0.2529303860584648, 0.2522141651290678, 0.2515285271694702, 0.25087304389648835, 0.2502472973365234, 0.2496508795709007, 0.24908339248474834, 0.24854444751941634, 0.24803366542842942, 0.24755067603696, 0.2470951180048011, 0.24666663859281404, 0.24626489343281943, 0.24588954630089646, 0.24554026889405067, 0.24521674061020673, 0.24491864833147978, 0.24464568621067578, 0.2443975554609688, 0.24417396414870107, 0.24397462698924977, 0.2437992651459031, 0.24364760603168684, 0.2435193831140814]]","[[0.01, 0.011673645222856313, 0.01362924433757481, 0.01580189558251425, 0.01815640128854605, 0.02067538654434497, 0.02335211581771128, 0.026186195831247414, 0.029181082907699128, 0.032342609241199846, 0.03567811255293714, 0.0391959252702189, 0.042905077721232115, 0.04681512839747296, 0.05093606939563318, 0.05527827612133409, 0.05985248286864104, 0.06466977337002666, 0.06974157987151458, 0.07507968694263153, 0.08069623780780395, 0.08660374191984116, 0.09281508304703076, 0.09934352746832951, 0.10620273205877402, 0.11340675215476954, 0.1209700491492166, 0.1289074977990447, 0.13723439324423287, 0.145966457744658, 0.1551198471431589, 0.16471115706239375, 0.17475742884076476, 0.18527615520966803, 0.19628528571103002, 0.20780323185075114, 0.21984887198040837, 0.23244155589642373, 0.24560110914290503, 0.2593478370014987, 0.2737025281488605, 0.28868645795972264, 0.3043213914310099, 0.32062958570000755, 0.3376337921272114, 0.35535725791216954, 0.373823727208362, 0.39305744170094586, 0.41308314060901785, 0.4339260600719133, 0.4556119318769706, 0.4781669814841468, 0.5016179253008746, 0.5259919671586121, 0.5513167939406659, 0.5776205703090593, 0.6049319324765043, 0.6332799809679084, 0.6626942723143303, 0.6932048096209091, 0.7248420319490331, 0.7576368024519187, 0.7916203952018485, 0.8268244806465856, 0.863281109631976, 0.9010226959274722, 0.9400819971913064, 0.9804920943123148, 1.0222863690660053, 1.0654984800233884, 1.1101623366523838, 1.156312071553307, 1.2039820107720427, 1.2532066421370753, 1.3040205815695833, 1.3564585373193427, 1.410555272083267, 1.4663455629680364, 1.5238641592634985, 1.5831457379993379, 1.644224857263977, 1.707135907271765, 1.7719130591722838, 1.8385902116040391, 1.9072009350039272, 1.9777784136936893, 2.050355385775061, 2.124964080876499, 2.201636155806233, 2.280402628178856, 2.361293808095816, 2.4443392279738383, 2.5295675706295815, 2.617006595743539, 2.706683064841383, 2.7986228728989513, 2.8928532299648073, 2.9894043958987115, 3.0883091032867314, 3.1896019985096764, 3.293319257435637, 3.3994983082727916, 3.508177620076744, 3.619396531220119, 3.7331951018551046, 3.8496139803894454, 3.968694277695681, 4.090477445066071, 4.215005153353652, 4.34231917163596, 4.472461244306593, 4.605472965866737, 4.7413956529315815, 4.880270213132858, 5.0221370107182475, 5.167035728739162, 5.315005227791902, 5.466083401340307, 5.620307027705106, 5.777711618858964, 5.938331266218239, 6.102198483673698, 6.269344048153402, 6.439796838061917, 6.613583669990852, 6.7907291341465195, 6.971255428990906, 7.155182195641885, 7.342526352627324, 7.533301931635012, 7.727519914945671, 7.925188075279227, 8.126310818824408, 8.33088903225813, 8.538919934593286, 8.750396934721051, 8.96530949553587, 9.183643005547474, 9.405378658893891, 9.630493344671972, 9.858959546497, 10.090745253189901, 10.325813881469246, 10.564124211495088, 10.80563033607275, 11.050281624276618, 11.298022700196936, 11.548793437446628, 11.802528969990416, 12.059159719775447, 12.318611441551699, 12.580805285172175, 12.845657875558162, 13.113081410404366, 13.382983775583615, 13.655268678092076, 13.929835796254707, 14.206580946788291, 14.485396268197125, 14.766170419855673, 15.048788796014506, 15.333133753852215, 15.619084854587813, 15.90651911656699, 16.195311279142484, 16.485334076085053, 16.776458517188157, 17.068554176667206, 17.361489486904162, 17.655132036050716, 17.949348867978838, 18.244006783056406, 18.538972638227968, 18.834113644896306, 19.129297663129186, 19.42439349075697, 19.719271145979988, 20.013802142169105, 20.30785975361752, 20.601319271086062, 20.89405824607623, 21.185956722864514, 21.47689745743621, 21.766766122566207, 22.055451498406505, 22.34284564805423, 22.62884407768848, 22.913345880978213, 23.19625386757521, 23.477474675615188, 23.756918868255063, 24.03450101437441, 24.31013975366367, 24.583757846409686, 24.85528220837031, 25.12464393120379, 25.39177828898475, 25.656624731397024, 25.919126864243964, 26.179232417959373, 26.436893204836785, 26.692065065721852, 26.94470780693217, 27.1947851281814, 27.44226454229042, 27.687117287467863, 27.92931823293629, 28.16884577866873, 28.405681749984353, 28.6398112877314, 28.871222734761595, 29.09990751937287, 29.325860036367267, 29.549077526338756, 29.769559953771786, 29.98730988449622, 30.202332363008292, 30.41463479013063, 30.62422680144785, 30.83112014691759, 31.035328572020923, 31.23686770078078, 31.43575492094261, 31.632009271578177, 31.82565133334155, 32.016703121575574, 32.205187982438126, 32.39113049218986, 32.5745563597593, 32.75549233267681, 32.93396610644651, 33.110006237404185, 33.28364205909, 33.45490360214726, 33.62382151774234, 33.79042700448632, 33.954751738825905, 34.11682780885951, 34.27668765152401, 34.43436399308865, 34.58988979288487, 34.74329819019378, 34.894622454207656, 35.04389593697687, 35.191152029249885, 35.33642411911114, 35.47974555331908, 35.621149601245264, 35.7606694213146, 35.89833802984608, 36.034188272193866, 36.16825279608899, 36.30056402708294, 36.431154145995656, 36.56005506827234, 36.687298425155014, 36.81291554657724, 36.93693744569242, 37.05939480494884, 37.18031796362685, 37.29973690675668, 37.41768125533776, 37.53418025778346, 37.649262782517916, 37.76295731165446, 37.875291935688075, 37.98629434913698, 38.09599184707155, 38.20441132247113, 38.3115792643525, 38.41752175661598, 38.522264477558004, 38.625832700001574, 38.7282512919983, 38.82954471805821, 38.9297370408659, 39.028851923443696, 39.12691263172477, 39.22394203750118, 39.31996262171381, 39.41499647805308, 39.50906531684115, 39.60219046916818, 39.69439289125663, 39.78569316902959, 39.87611152286018, 39.965667812480945, 40.0543815420333, 40.14227186523843, 40.22935759067236, 40.31565718712903, 40.40118878905643, 40.48597020205168, 40.5700189084023, 40.65335207266143, 40.7359865472461, 40.81793887804811, 40.89922531004812, 40.97986179292415, 41.05986398664655, 41.13924726705195, 41.21802673138951, 41.29621720383329, 41.37383324095507, 41.45088913715256, 41.52739893002829, 41.60337640571511, 41.67883510414435, 41.75378832425339, 41.828249129129645, 41.9022303510881, 41.97574459668024, 42.048804251632134, 42.12142148571006, 42.19360825751184, 42.26537631918289, 42.33673722105564, 42.407702316211555, 42.47828276496499, 42.54848953926833, 42.61833342703812, 42.687825036401755, 42.75697479986485, 42.82579297839907, 42.89428966545075, 42.96247479087033, 43.03035812476309, 43.09794928126141, 43.1652577222192, 43.2322927608289, 43.299063565161646, 43.36557916163138, 43.431848438383454, 43.49788014860853, 43.563682913782586, 43.62926522683374, 43.69463545523682, 43.75980184403651, 43.82477251879989, 43.88955548849936, 43.95415864832682, 44.01858978243992, 44.08285656664151, 44.14696657099302, 44.210927262362794, 44.27474600691029, 44.338430072507094, 44.4019866310956, 44.465422760986385, 44.52874544909506, 44.591961593119606, 44.65507800365902, 44.718101406274194, 44.78103844349185, 44.843895676752474, 44.90667958830296, 44.9693965830349, 45.03205299026935, 45.09465506548874, 45.15720899201689, 45.219720882647735, 45.282196781223675, 45.344642664164105, 45.40706444194504, 45.4694679605304, 45.53185900275571]]","[array([6.37688001e-05, 6.00799169e-05, 5.86664978e-05, 5.87303122e-05,
       5.97890223e-05, 6.15505977e-05, 6.38373377e-05, 6.65407587e-05,
       6.95946866e-05, 7.29590047e-05, 7.66098301e-05, 8.05335460e-05,
       8.47231543e-05, 8.91760287e-05, 9.38925167e-05, 9.88750565e-05,
       1.04127610e-04, 1.09655292e-04, 1.15464117e-04, 1.21560829e-04,
       1.27952777e-04, 1.34647824e-04, 1.41654280e-04, 1.48980848e-04,
       1.56636579e-04, 1.64630845e-04, 1.72973304e-04, 1.81673881e-04,
       1.90742747e-04, 2.00190301e-04, 2.10027157e-04, 2.20264130e-04,
       2.30912226e-04, 2.41982630e-04, 2.53486695e-04, 2.65435939e-04,
       2.77842029e-04, 2.90716777e-04, 3.04072131e-04, 3.17920167e-04,
       3.32273078e-04, 3.47143170e-04, 3.62542848e-04, 3.78484612e-04,
       3.94981039e-04, 4.12044783e-04, 4.29688554e-04, 4.47925112e-04,
       4.66767252e-04, 4.86227790e-04, 5.06319551e-04, 5.27055351e-04,
       5.48447980e-04, 5.70510186e-04, 5.93254658e-04, 6.16694000e-04,
       6.40840715e-04, 6.65707182e-04, 6.91305629e-04, 7.17648110e-04,
       7.44746478e-04, 7.72612358e-04, 8.01257113e-04, 8.30691819e-04,
       8.60927226e-04, 8.91973728e-04, 9.23841326e-04, 9.56539590e-04,
       9.90077618e-04, 1.02446400e-03, 1.05970677e-03, 1.09581337e-03,
       1.13279058e-03, 1.17064453e-03, 1.20938058e-03, 1.24900330e-03,
       1.28951645e-03, 1.33092287e-03, 1.37322447e-03, 1.41642216e-03,
       1.46051579e-03, 1.50550411e-03, 1.55138470e-03, 1.59815391e-03,
       1.64580681e-03, 1.69433714e-03, 1.74373725e-03, 1.79399801e-03,
       1.84510880e-03, 1.89705746e-03, 1.94983017e-03, 2.00341146e-03,
       2.05778416e-03, 2.11292931e-03, 2.16882641e-03, 2.22545992e-03,
       2.28283252e-03, 2.34096275e-03, 2.39987764e-03, 2.45960813e-03,
       2.52018626e-03, 2.58164348e-03, 2.64400974e-03, 2.70731284e-03,
       2.77157811e-03, 2.83682822e-03, 2.90308307e-03, 2.97035966e-03,
       3.03867209e-03, 3.10803143e-03, 3.17844576e-03, 3.24992003e-03,
       3.32245604e-03, 3.39605238e-03, 3.47070433e-03, 3.54640380e-03,
       3.62313927e-03, 3.70089567e-03, 3.77965434e-03, 3.85939292e-03,
       3.94008526e-03, 4.02170141e-03, 4.10420744e-03, 4.18756548e-03,
       4.27173359e-03, 4.35666573e-03, 4.44231169e-03, 4.52861712e-03,
       4.61552344e-03, 4.70296785e-03, 4.79088335e-03, 4.87919877e-03,
       4.96783876e-03, 5.05672390e-03, 5.14577071e-03, 5.23489183e-03,
       5.32399603e-03, 5.41298844e-03, 5.50177063e-03, 5.59024086e-03,
       5.67829421e-03, 5.76582285e-03, 5.85271627e-03, 5.93886155e-03,
       6.02414367e-03, 6.10844576e-03, 6.19164953e-03, 6.27363554e-03,
       6.35428357e-03, 6.43347309e-03, 6.51108355e-03, 6.58699487e-03,
       6.66108784e-03, 6.73324453e-03, 6.80334879e-03, 6.87128660e-03,
       6.93694660e-03, 7.00022047e-03, 7.06100340e-03, 7.11919448e-03,
       7.17469715e-03, 7.22741960e-03, 7.27727509e-03, 7.32418241e-03,
       7.36806615e-03, 7.40885704e-03, 7.44649224e-03, 7.48091557e-03,
       7.51207780e-03, 7.53993678e-03, 7.56445761e-03, 7.58561281e-03,
       7.60338235e-03, 7.61775372e-03, 7.62872195e-03, 7.63628958e-03,
       7.64046659e-03, 7.64127033e-03, 7.63872535e-03, 7.63286325e-03,
       7.62372249e-03, 7.61134817e-03, 7.59579175e-03, 7.57711078e-03,
       7.55536861e-03, 7.53063403e-03, 7.50298099e-03, 7.47248816e-03,
       7.43923861e-03, 7.40331943e-03, 7.36482133e-03, 7.32383824e-03,
       7.28046692e-03, 7.23480656e-03, 7.18695842e-03, 7.13702542e-03,
       7.08511172e-03, 7.03132245e-03, 6.97576325e-03, 6.91853999e-03,
       6.85975841e-03, 6.79952381e-03, 6.73794077e-03, 6.67511282e-03,
       6.61114222e-03, 6.54612971e-03, 6.48017425e-03, 6.41337286e-03,
       6.34582038e-03, 6.27760934e-03, 6.20882980e-03, 6.13956921e-03,
       6.06991228e-03, 5.99994093e-03, 5.92973415e-03, 5.85936799e-03,
       5.78891546e-03, 5.71844656e-03, 5.64802817e-03, 5.57772413e-03,
       5.50759519e-03, 5.43769904e-03, 5.36809033e-03, 5.29882073e-03,
       5.22993893e-03, 5.16149071e-03, 5.09351902e-03, 5.02606400e-03,
       4.95916310e-03, 4.89285108e-03, 4.82716018e-03, 4.76212011e-03,
       4.69775819e-03, 4.63409943e-03, 4.57116658e-03, 4.50898026e-03,
       4.44755902e-03, 4.38691944e-03, 4.32707620e-03, 4.26804221e-03,
       4.20982865e-03, 4.15244506e-03, 4.09589946e-03, 4.04019839e-03,
       3.98534701e-03, 3.93134920e-03, 3.87820756e-03, 3.82592359e-03,
       3.77449768e-03, 3.72392920e-03, 3.67421658e-03, 3.62535738e-03,
       3.57734832e-03, 3.53018536e-03, 3.48386377e-03, 3.43837815e-03,
       3.39372251e-03, 3.34989032e-03, 3.30687451e-03, 3.26466761e-03,
       3.22326168e-03, 3.18264844e-03, 3.14281925e-03, 3.10376519e-03,
       3.06547707e-03, 3.02794544e-03, 2.99116068e-03, 2.95511297e-03,
       2.91979235e-03, 2.88518874e-03, 2.85129195e-03, 2.81809172e-03,
       2.78557772e-03, 2.75373959e-03, 2.72256695e-03, 2.69204940e-03,
       2.66217657e-03, 2.63293809e-03, 2.60432366e-03, 2.57632299e-03,
       2.54892588e-03, 2.52212219e-03, 2.49590185e-03, 2.47025489e-03,
       2.44517143e-03, 2.42064170e-03, 2.39665602e-03, 2.37320484e-03,
       2.35027872e-03, 2.32786835e-03, 2.30596454e-03, 2.28455825e-03,
       2.26364053e-03, 2.24320262e-03, 2.22323585e-03, 2.20373173e-03,
       2.18468188e-03, 2.16607807e-03, 2.14791223e-03, 2.13017642e-03,
       2.11286284e-03, 2.09596383e-03, 2.07947189e-03, 2.06337966e-03,
       2.04767990e-03, 2.03236554e-03, 2.01742964e-03, 2.00286539e-03,
       1.98866614e-03, 1.97482535e-03, 1.96133664e-03, 1.94819376e-03,
       1.93539056e-03, 1.92292108e-03, 1.91077943e-03, 1.89895990e-03,
       1.88745686e-03, 1.87626484e-03, 1.86537846e-03, 1.85479249e-03,
       1.84450180e-03, 1.83450137e-03, 1.82478633e-03, 1.81535187e-03,
       1.80619332e-03, 1.79730613e-03, 1.78868583e-03, 1.78032806e-03,
       1.77222857e-03, 1.76438320e-03, 1.75678791e-03, 1.74943873e-03,
       1.74233178e-03, 1.73546330e-03, 1.72882961e-03, 1.72242709e-03,
       1.71625225e-03, 1.71030166e-03, 1.70457196e-03, 1.69905991e-03,
       1.69376230e-03, 1.68867602e-03, 1.68379806e-03, 1.67912544e-03,
       1.67465527e-03, 1.67038473e-03, 1.66631107e-03, 1.66243161e-03,
       1.65874372e-03, 1.65524483e-03, 1.65193247e-03, 1.64880417e-03,
       1.64585757e-03, 1.64309035e-03, 1.64050023e-03, 1.63808499e-03,
       1.63584248e-03, 1.63377058e-03, 1.63186724e-03, 1.63013043e-03,
       1.62855818e-03, 1.62714857e-03, 1.62589973e-03, 1.62480981e-03,
       1.62387702e-03])]","[[0, 6.376880005047202e-05, 0.00012384871691641303, 0.0001825152146708144, 0.0002412455268224413, 0.0003010345491628088, 0.00036258514689378296, 0.0004264224846029216, 0.0004929632433132905, 0.0005625579299433745, 0.000635516934603391, 0.000712126764679962, 0.000792660310692667, 0.0008773834649478589, 0.0009665594936256932, 0.0010604520103197686, 0.0011593270668508514, 0.0012634546771144698, 0.0013731099689177771, 0.0014885740855414265, 0.0016101349141527746, 0.0017380876908252756, 0.0018727355149642908, 0.0020143897953056747, 0.0021633706428765727, 0.002320007221902271, 0.0024846380667099626, 0.002657611370673673, 0.002839285251830343, 0.0030300279987691297, 0.0032302182996260045, 0.0034402454564224413, 0.003660509586518182, 0.0038914218125693637, 0.004133404442071585, 0.004386891137306737, 0.004652327076291226, 0.004930169105133284, 0.005220885882041989, 0.005524958013085797, 0.0058428781796697965, 0.006175151257585756, 0.006522294427384794, 0.006884837275727245, 0.007263321887276455, 0.007658302926621478, 0.00807034770963696, 0.008500036263615953, 0.008947961375442398, 0.009414728627004003, 0.009900956416982661, 0.010407275968098342, 0.010934331318823093, 0.01148277929852433, 0.01205328948494103, 0.012646544142842569, 0.013263238142667945, 0.013904078857893094, 0.014569786039826029, 0.015261091668483927, 0.01597873977816318, 0.016723486256273196, 0.01749609861396772, 0.018297355727073826, 0.01912804754578942, 0.01998897477159463, 0.02088094849980253, 0.021804789826159476, 0.022761329415896696, 0.0237514070336321, 0.02477587103252611, 0.025835577801107762, 0.026931391166208025, 0.028064181750467303, 0.029234826282923548, 0.030444206861237583, 0.03169321016417328, 0.03298272661302324, 0.0343136494807562, 0.03568687394776086, 0.03710329610317356, 0.0385638118909041, 0.04006931599961589, 0.041620700696074535, 0.043218854601452215, 0.04486466141036569, 0.04655899855263242, 0.048302735797953154, 0.05009673380397056, 0.051941842608411275, 0.053838900066293986, 0.055788730233477836, 0.057792141698133286, 0.05984992586204118, 0.061962855173963945, 0.06413168158169759, 0.06635714149782619, 0.06863997402264164, 0.07098093677393347, 0.07338081441680247, 0.07584042254964868, 0.078360608804768, 0.08094225228722164, 0.0835862620294535, 0.08629357486680458, 0.08906515297323261, 0.09190198119589879, 0.09480506426652752, 0.09777542393106715, 0.10081409601767743, 0.10392212745062174, 0.10710057321069115, 0.11035049323915641, 0.11367294928061052, 0.11706900165962442, 0.12053970598640477, 0.12408610978732587, 0.12770924905713368, 0.1314101447306875, 0.1351897990732547, 0.13904919198957452, 0.14298927725313804, 0.147010978658385, 0.15111518609978658, 0.15530275158306445, 0.1595744851750861, 0.16393115090027205, 0.16837346259264707, 0.17290207971396018, 0.1775176031495807, 0.1822205709951416, 0.18701145434813918, 0.19189065311989847, 0.19685849188446738, 0.20191521578209468, 0.20706098649596943, 0.212295878321833, 0.21761987435091115, 0.22303286278733467, 0.2285346334218105, 0.23412487428375697, 0.2398031684944116, 0.24556899134354646, 0.2514217076123726, 0.2573605691649675, 0.26338471283011367, 0.26949315859477857, 0.2756848081295979, 0.2819584436656326, 0.2883127272403658, 0.29474620032937965, 0.3012572838784165, 0.3078442787485866, 0.3145053665853495, 0.3212386111195792, 0.32804195990654234, 0.3349132465059936, 0.34185019310384346, 0.34885041357300883, 0.35591141696813916, 0.36303061144595256, 0.37020530859994666, 0.3774327281952986, 0.38471000328687216, 0.3920341857004377, 0.3994022518545159, 0.40681110889771005, 0.4142576011340248, 0.42173851670650897, 0.42925059450763087, 0.43679053128312456, 0.4443549888946472, 0.4519406017054849, 0.459543984052743, 0.4671617377689723, 0.47479045971601186, 0.4824267492939793, 0.49006721588880325, 0.4977084862224612, 0.5053472115711494, 0.5129800748179556, 0.5206037973082073, 0.5282151454775069, 0.5358109372245239, 0.5433880480028499, 0.5509434166086286, 0.5584740506431962, 0.5659770316326037, 0.5734495197885826, 0.580888758398259, 0.5882920778326627, 0.5956568991668056, 0.6029807374067871, 0.610261204321991, 0.6174960108829571, 0.624682969307912, 0.631819994723213, 0.6389051064450783, 0.645936428891938, 0.6529121921385295, 0.659830732124464, 0.6666904905314244, 0.6734900143443852, 0.6802279551133003, 0.6869030679325696, 0.693514210156282, 0.700060339867739, 0.7065405141221107, 0.7129538869812532, 0.7192997073597533, 0.7255773167011585, 0.7317861465031178, 0.7379257157098074, 0.7439956279895641, 0.7499955689151014, 0.7559253030630585, 0.7617846710489385, 0.767573586512744, 0.7732920330698175, 0.7789400612405716, 0.7845177853719268, 0.790025380562416, 0.7954630796020221, 0.8008311699369471, 0.8061299906686318, 0.8113599295954903, 0.8165214203049832, 0.8216149393228372, 0.826641003325431, 0.8316001664206106, 0.8364930175014754, 0.8413201776769861, 0.8460822977825996, 0.8507800559735246, 0.8554141554026186, 0.859985321984417, 0.8644943022462934, 0.8689418612672942, 0.8733287807047787, 0.877655856908616, 0.8819238991223484, 0.8861337277704241, 0.8902861728303291, 0.8943820722882031, 0.8984222706763141, 0.9024076176905816, 0.9063389668861785, 0.910217174449112, 0.9140430980415696, 0.9178175957187311, 0.921541524914676, 0.9252157414949623, 0.9288410988734233, 0.932418447190701, 0.9359486325520359, 0.9394324963218289, 0.9428708744725167, 0.946264596985318, 0.9496144873004478, 0.9529213618144364, 0.956186029422233, 0.9594092911018317, 0.9625919395392131, 0.9657347587914509, 0.968838523985903, 0.9719040010534697, 0.9749319464939675, 0.9779231071717396, 0.9808782201396912, 0.9837980124900104, 0.9866832012299032, 0.9895344931807407, 0.9923525848990895, 0.9951381626181589, 0.9978919022082702, 1.0006144691550163, 1.0033065185538452, 1.005968695119863, 1.008601633211713, 1.0112059568684473, 1.0137822798583638, 1.016331205738835, 1.0188533279262135, 1.0213492297749425, 1.0238194846650581, 1.0262646560973085, 1.0286852977951686, 1.031081953813065, 1.0334551586501737, 1.035805437369187, 1.0381333057194913, 1.0404392702642236, 1.0427238285107168, 1.0449874690438743, 1.047230671662043, 1.0494539075149862, 1.0516576392435828, 1.0538423211209071, 1.0560083991943707, 1.058156311428624, 1.060286487848948, 1.0623993506848743, 1.064495314513808, 1.0665747864044273, 1.068638166059668, 1.0706858459591089, 1.0727182115005875, 1.0747356411408997, 1.0767385065354376, 1.078727172676646, 1.080701998031177, 1.0826633346756431, 1.0846115284308753, 1.0865469189946018, 1.088469840072474, 1.0903806195073735, 1.0922795794069435, 1.0941670362692915, 1.0960433011068207, 1.097908679568154, 1.0997634720581162, 1.101607973855747, 1.1034424752303296, 1.1052672615554098, 1.1070826134207978, 1.1088888067425444, 1.110686112870882, 1.1124747986961339, 1.114255126752588, 1.1160273553203426, 1.117791738525128, 1.1195485264361127, 1.121297965161707, 1.123040296943372, 1.1247757602474526, 1.1265045898550479, 1.1282270169499347, 1.129943269204565, 1.1316535708641533, 1.1333581428288761, 1.1350572027342036, 1.1367509650293843, 1.1384396410541051, 1.1401234391133495, 1.141802564550476, 1.1434772198185403, 1.145147604549885, 1.1468139156240182, 1.1484763472338086, 1.1501350909500165, 1.1517903357841863, 1.1534422682499235, 1.1550910724225811, 1.156736929997377, 1.1583800203459647, 1.1600205205714815, 1.1616586055620994, 1.1632944480430942, 1.164928218627461, 1.1665600858650962, 1.1681902162905653, 1.1698187744694797, 1.1714459230435024, 1.1730718227740031, 1.1746966325843817, 1.176320509601081]]"
50.0,80.0,4,90,90,I1-S1,"[[0.01, 0.009218546420913139, 0.008861068736292907, 0.008775059817687893, 0.008868448505882056, 0.009085556421655492, 0.009392588727134908, 0.009768940860904846, 0.010202051290907711, 0.01068430998474928, 0.011211194639759673, 0.011780142666982607, 0.012389865094391345, 0.013039926444967698, 0.013730485200579632, 0.014462131674330497, 0.015235785365414676, 0.016052628977952527, 0.01691406532793366, 0.017821688779961195, 0.018777266106378202, 0.01978272361701243, 0.020840138588720587, 0.021951733740989077, 0.023119873942666323, 0.02434706460631765, 0.025635951396950848, 0.026989320990588227, 0.028410102689112756, 0.02990137074527081, 0.03146634728429699, 0.0331084057315812, 0.03483107467234284, 0.03663804208141254, 0.03853315987021417, 0.040520448704704594, 0.04260410305290692, 0.044788496424132324, 0.0470781867642818, 0.04947792197293785, 0.051992645508431384, 0.05462750204680219, 0.05738784315963867, 0.060279232974241356, 0.06330745377744902, 0.06647851152182888, 0.0697986411897874, 0.07327431196752383, 0.07691223217663688, 0.08071935390661553, 0.08470287728640402, 0.08887025432773399, 0.09322919226696762, 0.09778765632580257, 0.10255387180435617, 0.1075363254128879, 0.11274376574074597, 0.11818520275305922, 0.12386990619726393, 0.12980740279279251, 0.13600747206819985, 0.14248014070072018, 0.14923567520379927, 0.15628457279861485, 0.1636375502960828, 0.17130553080646227, 0.17929962808455824, 0.18763112830983034, 0.1963114690926414, 0.2053522154906192, 0.21476503281290432, 0.22456165598518066, 0.23475385524512593, 0.24535339793661723, 0.256372006172033, 0.26782131013571076, 0.27971279680847133, 0.2920577539035634, 0.30486720881890134, 0.3181518624295667, 0.3319220175687487, 0.34618750207513554, 0.36095758632078095, 0.3762408951761642, 0.39204531441905094, 0.40837789165128224, 0.42524473185317985, 0.4426508877791541, 0.4606002454805519, 0.47909540533285094, 0.49813755904390744, 0.5177263632278137, 0.5378598102445195, 0.5585340971279511, 0.5797434935538943, 0.6014805982795739, 0.6237401289082526, 0.6465207910198819, 0.6698226523735765, 0.6936450299102731, 0.7179851045812528, 0.7428370328234187, 0.7681913937694352, 0.7940348606632488, 0.8203500200794416, 0.847115287458522, 0.8743048850586425, 0.9018888607595223, 0.9298331347255604, 0.95809956681279, 0.9866460415578135, 1.0154265701680931, 1.0443914105370709, 1.073487207216461, 1.1026571536921843, 1.1318411793720313, 1.160976163502976, 1.1899961778656913, 1.2188327595945538, 1.2474152148808095, 1.2756709536630266, 1.3035258547151207, 1.3309046598271999, 1.3577313950554553, 1.3839298163104732, 1.4094238758744417, 1.4341382058022591, 1.4579986135847383, 1.4809325849486215, 1.5028697882517579, 1.5237425746150177, 1.5434864677259517, 1.5620406371612485, 1.5793483491113243, 1.5953573885535053, 1.6100204472095074, 1.62329547203407, 1.6351459695070103, 1.645541261629653, 1.6544566902444966, 1.6618737670874248, 1.6677802678259424, 1.6721702692144447, 1.6750441293872589, 1.6764084121907545, 1.6762757573064697, 1.6746646987183738, 1.67159943481143, 1.6671095540402108, 1.6612297206629458, 1.6539993254886596, 1.6454621069268083, 1.6356657478572447, 1.624661453953783, 1.6125035191005184, 1.5992488834425063, 1.5849566894198766, 1.5696878408573778, 1.5535045698315277, 1.5364700156278295, 1.5186478196442228, 1.5001017396074614, 1.4808952859594944, 1.4610913827535383, 1.4407520548857402, 1.4199381429883167, 1.3987090468326266, 1.3771224976431344, 1.3552343593114853, 1.3330984581283178, 1.3107664403218997, 1.2882876564088002, 1.265709071123004, 1.2430751974954743, 1.220428053504612, 1.1978071396070376, 1.1752494353847645, 1.1527894135058072, 1.1304590691869927, 1.1082879633664566, 1.0863032778352242, 1.0645298806386312, 1.0429904001355683, 1.0217053061931864, 1.0006929970936553, 0.9799698908349181, 0.9595505196165789, 0.9394476264128103, 0.9196722626445427, 0.9002338860715231, 0.8811404581297695, 0.8623985400403925, 0.8440133871108713, 0.8259890407390448, 0.8083284177128917, 0.791033396475377, 0.7741049000931597, 0.757542975730808, 0.7413468704884963, 0.7255151035111936, 0.7100455343213615, 0.6949354273655248, 0.6801815127980984, 0.6657800435539621, 0.651726848784864, 0.6380173837541944, 0.6246467763004266, 0.6116098699919256, 0.5989012641052658, 0.5865153505660288, 0.574446347995576, 0.5626883330098453, 0.5512352689170555, 0.5400810319606019, 0.5292194352515973, 0.5186442505326887, 0.5083492279111278, 0.4983281136947782, 0.4885746664599317, 0.47908267147462535, 0.4698459535956999, 0.46085838875221935, 0.45211391412216156, 0.4436065371035612, 0.4353303431755927, 0.42727950273947635, 0.4194482770236055, 0.411831023131968, 0.40442219830978243, 0.39721636349532086, 0.39020818622214504, 0.383392442931459, 0.376764020749982, 0.3703179187846676, 0.36404924898174545, 0.35795323659393175, 0.3520252202962417, 0.3462606519876369, 0.34065509631274205, 0.3352042299350672, 0.329903840590557, 0.3247498259478586, 0.31973819229943734, 0.3148650531055699, 0.3101266274112994, 0.30551923815463444, 0.3010393103826069, 0.29668336939026757, 0.2924480387962758, 0.2883300385674338, 0.28432618300331125, 0.2804333786909997, 0.2766486224390185, 0.2729689991984623, 0.2693916799786251, 0.2659139197635515, 0.262533055435251, 0.25924650370865754, 0.25605175908281597, 0.25294639181223694, 0.24992804590186138, 0.2469944371286281, 0.24414335109222474, 0.2413726412972333, 0.2386802272685415, 0.236064092701588, 0.23352228364873276, 0.23105290674279452, 0.22865412745857483, 0.22632416841298475, 0.22406130770421068, 0.22186387729019338, 0.21973026140654997, 0.21765889502393979, 0.21564826234476037, 0.21369689533895944, 0.2118033723186581, 0.20996631655120365, 0.20818439491020072, 0.2064563165640102, 0.20478083170115471, 0.20315673029202436, 0.2015828408862398, 0.20005802944499834, 0.19858119820770265, 0.19715128459215092, 0.1957672601275506, 0.19442812941960572, 0.19313292914691774, 0.1918807270879354, 0.19067062117768466, 0.18950173859351005, 0.18837323486906063, 0.18728429303575625, 0.18623412279097673, 0.18522195969222258, 0.18424706437650384, 0.18330872180422414, 0.18240624052683618, 0.181538951977557, 0.18070620978444252, 0.17990738910513412, 0.17914188598260253, 0.17840911672122753, 0.17770851728256645, 0.17703954270017713, 0.17640166651287634, 0.17579438021582783, 0.17521719272886901, 0.174669629881499, 0.1741512339139652, 0.17366156299389945, 0.17320019074796886, 0.1727667058080199, 0.17236071137120815, 0.1719818247736196, 0.17162967707690194, 0.17130391266743814, 0.17100418886760616, 0.17073017555868206, 0.1704815548149554, 0.1702580205486374, 0.1700592781651548, 0.16988504422843256, 0.16973504613578055, 0.16960902180200899, 0.16950671935240919, 0.16942789682424486, 0.1693723218764101, 0.1693397715069194, 0.16933003177790404, 0.16934289754779883, 0.16937817221041127, 0.16943566744057423, 0.16951520294609096, 0.1696166062256896, 0.16973971233271196, 0.1698843636442686, 0.17005040963559986, 0.17023770665938937, 0.17044611772978288, 0.1706755123108731, 0.17092576610941587, 0.171196760871551, 0.17148838418330567, 0.17180052927466516, 0.17213309482700037, 0.17248598478364832, 0.17285910816344588, 0.17325237887702333, 0.1736657155456684, 0.1740990413225773, 0.17455228371631368, 0.17502537441630076, 0.1755182491201774, 0.17603084736285307, 0.17656311234710012, 0.17711499077552817, 0.17768643268378784, 0.17827739127485626, 0.17888782275426074, 0.17951768616610142, 0.1801669432297373, 0.1808355581770049, 0.18152349758984193, 0.1822307302381938]]","[[0.01, 0.011673645222856313, 0.01362924433757481, 0.01580189558251425, 0.01815640128854605, 0.02067538656508778, 0.023352116963580194, 0.026186207751989567, 0.029181144464610568, 0.03234282604174181, 0.035678712727531994, 0.039197333789868234, 0.04290800914273609, 0.04682069784900335, 0.05094592170585435, 0.05529473315663073, 0.05987870932582516, 0.06470996145120284, 0.06980115343222124, 0.07516552584998866, 0.08081692337208747, 0.08676982437242038, 0.0930393721324141, 0.09964140730074027, 0.10659250146659884, 0.11390999180143349, 0.12161201677821648, 0.12971755300533494, 0.13824645322490156, 0.1472194855295667, 0.15665837385142278, 0.16658583977351663, 0.17702564571001728, 0.1880026394958555, 0.19954280042096761, 0.2116732867382591, 0.2244224846680738, 0.23782005891526709, 0.251897004707867, 0.2666857013586744, 0.282219967342905, 0.2985351168760122, 0.31566801796604127, 0.33365715190415335, 0.35254267414521057, 0.3723664765174256, 0.39317225068594147, 0.4150055527797093, 0.4379138690740628, 0.4619466826028362, 0.48715554055362187, 0.5135941222777087, 0.5413183077222629, 0.5703862460663046, 0.6008584243138942, 0.6327977355675579, 0.6662695466722773, 0.7013417648852458, 0.7380849031889863, 0.7765721438252846, 0.8168793995846689, 0.8590853723408639, 0.9032716082717679, 0.9495225491581064, 0.9979255790980862, 1.0485710659212493, 1.1015523965274918, 1.156966005318121, 1.2149113948251797, 1.2754911475834771, 1.3388109282272964, 1.4049794747311728, 1.4741085776521383, 1.5463130461701808, 1.621710659665289, 1.7004221035143883, 1.7825708877408757, 1.8682832471046837, 1.957688021183274, 2.0509165129653306, 2.1481023244609374, 2.249381167826589, 2.35489065051258, 2.464770032966266, 2.579159957469722, 2.6982021467567465, 2.8220390711444208, 2.9508135830309197, 3.0846685177563735, 3.223746259999569, 3.3681882750922636, 3.5181346048767748, 3.673723328012799, 3.835089984957306, 4.002366968197428, 4.175683287148853, 4.355168327652537, 4.540954660813141, 4.733176117027228, 4.931965733246501, 5.137453984565909, 5.3497672247591, 5.569026280428358, 5.795345158213274, 6.028829835768913, 6.269577115909219, 6.517673530073595, 6.773194282586557, 7.0362022313844035, 7.3067469042283255, 7.5848635520925125, 7.8705722435413445, 8.163877005588231, 8.464765017829293, 8.773205867617202, 9.089150874718625, 9.412532494306708, 9.74326380729468, 10.081238106929836, 10.42632859024839, 10.778388162449875, 11.137249361494236, 11.502724409266845, 11.874605394510452, 12.25266459140557, 12.636654916213235, 13.026310522800797, 13.421347536180937, 13.821464921438055, 14.226345483628872, 14.635656992462032, 15.049053423822334, 15.466176308546652, 15.886656177317612, 16.310114089152474, 16.736163229760308, 17.16441056504807, 17.594458534298404, 18.025906767035835, 18.458353807354197, 18.891398829500897, 19.324643328800196, 19.757692772539123, 20.190158196220416, 20.621657731586225, 21.051818054008315, 21.480275738195438, 21.906678512653638, 22.330686404916158, 22.751972771200702, 23.170225205818287, 23.58514632731582, 23.996454439952338, 24.4038840706577, 24.80718638307737, 25.20612947164632, 25.600498539842174, 25.990095967829635, 26.374741275616806, 26.754270988594847, 27.12853841292532, 27.49741332867753, 27.860781608907672, 28.218544773021037, 28.570619482779247, 28.916936989218513, 29.257442538545913, 29.592094744792913, 29.92086493664278, 30.243736485425664, 30.560704120805305, 30.871773240177543, 31.17695921727519, 31.476286714936744, 31.769789006458186, 32.057507309415406, 32.33949013532751, 32.6157926580336, 32.88647610318313, 33.1516071607954, 33.41125742243072, 33.665502844135155, 33.914423235974084, 34.15810177865709, 34.396624567477176, 34.63008018354103, 34.85855929205169, 35.08215426721973, 35.30095884322188, 35.51506779049449, 35.72457661654242, 35.92958129035819, 36.13017798948103, 36.32646286867731, 36.51853184919202, 36.70648042750235, 36.89040350249834, 37.07039522001951, 37.24654883368917, 37.41895658100812, 37.58770957369595, 37.7528977012988, 37.91460954711763, 38.072932315548854, 38.22795176996883, 38.37975218033548, 38.52841627972194, 38.674025229039906, 38.81665858925233, 38.956394300416825, 39.09330866694205, 39.22747634847896, 39.35897035590739, 39.487862051915435, 39.61422115570457, 39.738115751387454, 39.85961229967747, 39.9787756524998, 40.095669070182566, 40.21035424091392, 40.32289130217655, 40.433338863894974, 40.54175403305363, 40.64819243956461, 40.752708263183514, 40.85535426128997, 40.956181797366376, 41.05524087002408, 41.15258014244044, 41.24824697208399, 41.342287440616865, 41.43474638387543, 41.52566742184008, 41.615092988515286, 41.703064361649226, 41.78962169223102, 41.874804033710525, 41.95864937089254, 42.04119464846364, 42.12247579911515, 42.20252777123119, 42.28138455611509, 42.35907921473201, 42.435643903949085, 42.511109902258156, 42.5855076349691, 42.658866698864585, 42.731215886309755, 42.802583208812344, 42.87299592003111, 42.94248053823187, 43.01106286819245, 43.078768022558855, 43.145620442656735, 43.21164391876278, 43.27686160984208, 43.34129606275815, 43.40496923096303, 43.467902492675655, 43.53011666855693, 43.59163203889075, 43.652468360280395, 43.712644881869906, 43.77218036110061, 43.83109307901285, 43.88940085510334, 43.94712106174839, 44.00427063820363, 44.060866104190595, 44.11692357308064, 44.17245876468661, 44.227487017672566, 44.28202330159183, 44.33608222856348, 44.38967806459727, 44.442824740576874, 44.49553586291107, 44.547824723862476, 44.59970431156319, 44.651187319726425, 44.70228615706324, 44.75301295641305, 44.80337958359659, 44.85339764599964, 44.90307850089584, 44.95243326351638, 45.00147281487456, 45.0502078093526, 45.09864868205824, 45.146805655958225, 45.19468874879563, 45.24230777979784, 45.289672376181805, 45.33679197946281, 45.38367585157315, 45.430333080796586, 45.476772587524444, 45.523003129839026, 45.5690333089298, 45.61487157434759, 45.66052622910209, 45.70600543460739, 45.751317215480555, 45.79646946419776, 45.841469945612545, 45.88632630134047, 45.9310460540144, 45.97563661141447, 46.02010527047661, 46.064459221183405, 46.10870555034098, 46.152851245245365, 46.19690319724175, 46.240868205179915, 46.28475297876893, 46.32856414183419, 46.372308235479764, 46.41599172115869, 46.45962098365418, 46.50320233397409, 46.54674201216127, 46.59024619002226, 46.63372097377651, 46.677172406628415, 46.72060647126431, 46.76402909227641, 46.80744613851569, 46.8508634253756, 46.89428671700835, 46.93772172847553, 46.98117412783471, 47.024649538163544, 47.06815353952295, 47.11169167086072, 47.15526943185695, 47.19889228471262, 47.24256565588251, 47.28629493775361, 47.330085490270214, 47.37394264250663, 47.4178716941886, 47.46187791716436, 47.5059665568261, 47.550142833482845, 47.59441194368534, 47.63877906150384, 47.683249339759364, 47.72782791120908, 47.77251988968644, 47.817330371196526, 47.86226443496719, 47.90732714445639, 47.95252354831612, 47.99785868131337, 48.04333756520834, 48.08896520959033, 48.134746612671435, 48.18068676203838, 48.22679063536254, 48.27306320106846, 48.31950941896082, 48.3661342408101, 48.412942610896806, 48.4599394665145, 48.50712973843139, 48.55451835131067]]","[array([6.37688001e-05, 6.00799169e-05, 5.86664978e-05, 5.87303122e-05,
       5.97890224e-05, 6.15505998e-05, 6.38373677e-05, 6.65409424e-05,
       6.95953996e-05, 7.29610917e-05, 7.66148840e-05, 8.05442318e-05,
       8.47435677e-05, 8.92120806e-05, 9.39523371e-05, 9.89694150e-05,
       1.04270351e-04, 1.09863783e-04, 1.15759713e-04, 1.21969356e-04,
       1.28505026e-04, 1.35380072e-04, 1.42608832e-04, 1.50206596e-04,
       1.58189602e-04, 1.66575018e-04, 1.75380952e-04, 1.84626455e-04,
       1.94331539e-04, 2.04517189e-04, 2.15205389e-04, 2.26419143e-04,
       2.38182503e-04, 2.50520601e-04, 2.63459675e-04, 2.77027106e-04,
       2.91251451e-04, 3.06162479e-04, 3.21791206e-04, 3.38169934e-04,
       3.55332286e-04, 3.73313246e-04, 3.92149198e-04, 4.11877959e-04,
       4.32538822e-04, 4.54172584e-04, 4.76821593e-04, 5.00529768e-04,
       5.25342644e-04, 5.51307391e-04, 5.78472849e-04, 6.06889546e-04,
       6.36609722e-04, 6.67687345e-04, 7.00178121e-04, 7.34139501e-04,
       7.69630681e-04, 8.06712594e-04, 8.45447897e-04, 8.85900948e-04,
       9.28137769e-04, 9.72226011e-04, 1.01823489e-03, 1.06623513e-03,
       1.11629887e-03, 1.16849957e-03, 1.22291191e-03, 1.27961166e-03,
       1.33867549e-03, 1.40018087e-03, 1.46420580e-03, 1.53082867e-03,
       1.60012794e-03, 1.67218195e-03, 1.74706857e-03, 1.82486487e-03,
       1.90564681e-03, 1.98948881e-03, 2.07646333e-03, 2.16664042e-03,
       2.26008724e-03, 2.35686749e-03, 2.45704087e-03, 2.56066247e-03,
       2.66778213e-03, 2.77844375e-03, 2.89268457e-03, 3.01053447e-03,
       3.13201513e-03, 3.25713926e-03, 3.38590976e-03, 3.51831886e-03,
       3.65434727e-03, 3.79396329e-03, 3.93712245e-03, 4.08377948e-03,
       4.23391353e-03, 4.38752194e-03, 4.54460360e-03, 4.70514745e-03,
       4.86912499e-03, 5.03648558e-03, 5.20715353e-03, 5.38102645e-03,
       5.55797436e-03, 5.73783939e-03, 5.92043576e-03, 6.10555000e-03,
       6.29294132e-03, 6.48234216e-03, 6.67345878e-03, 6.86597199e-03,
       7.05953807e-03, 7.25378970e-03, 7.44833718e-03, 7.64276975e-03,
       7.83665711e-03, 8.02955111e-03, 8.22098774e-03, 8.41048918e-03,
       8.59756618e-03, 8.78172059e-03, 8.96244805e-03, 9.13924093e-03,
       9.31159131e-03, 9.47899420e-03, 9.64095079e-03, 9.79697179e-03,
       9.94658075e-03, 1.00893175e-02, 1.02247413e-02, 1.03524342e-02,
       1.04720041e-02, 1.05830876e-02, 1.06853528e-02, 1.07785016e-02,
       1.08622720e-02, 1.09364400e-02, 1.10008211e-02, 1.10552713e-02,
       1.10996883e-02, 1.11340115e-02, 1.11582224e-02, 1.11723442e-02,
       1.11764410e-02, 1.11706167e-02, 1.11550140e-02, 1.11298123e-02,
       1.10952260e-02, 1.10515021e-02, 1.09989179e-02, 1.09377785e-02,
       1.08684136e-02, 1.07911753e-02, 1.07064344e-02, 1.06145782e-02,
       1.05160072e-02, 1.04111319e-02, 1.03003706e-02, 1.01841460e-02,
       1.00628830e-02, 9.93700607e-03, 9.80693681e-03, 9.67309189e-03,
       9.53588100e-03, 9.39570508e-03, 9.25295469e-03, 9.10800858e-03,
       8.96123247e-03, 8.81297800e-03, 8.66358190e-03, 8.51336526e-03,
       8.36263302e-03, 8.21167365e-03, 8.06075888e-03, 7.91014364e-03,
       7.76006609e-03, 7.61074778e-03, 7.46239386e-03, 7.31519343e-03,
       7.16931997e-03, 7.02493175e-03, 6.88217238e-03, 6.74117137e-03,
       6.60204474e-03, 6.46489558e-03, 6.32981476e-03, 6.19688155e-03,
       6.06616426e-03, 5.93772088e-03, 5.81159979e-03, 5.68784031e-03,
       5.56647339e-03, 5.44752217e-03, 5.33100259e-03, 5.21692393e-03,
       5.10528940e-03, 4.99609660e-03, 4.88933803e-03, 4.78500161e-03,
       4.68307103e-03, 4.58352624e-03, 4.48634384e-03, 4.39149738e-03,
       4.29895780e-03, 4.20869368e-03, 4.12067157e-03, 4.03485626e-03,
       3.95121103e-03, 3.86969790e-03, 3.79027783e-03, 3.71291095e-03,
       3.63755670e-03, 3.56417404e-03, 3.49272157e-03, 3.42315769e-03,
       3.35544070e-03, 3.28952896e-03, 3.22538093e-03, 3.16295530e-03,
       3.10221108e-03, 3.04310763e-03, 2.98560477e-03, 2.92966279e-03,
       2.87524256e-03, 2.82230550e-03, 2.77081368e-03, 2.72072980e-03,
       2.67201726e-03, 2.62464015e-03, 2.57856329e-03, 2.53375221e-03,
       2.49017321e-03, 2.44779332e-03, 2.40658034e-03, 2.36650280e-03,
       2.32753001e-03, 2.28963203e-03, 2.25277966e-03, 2.21694445e-03,
       2.18209869e-03, 2.14821538e-03, 2.11526827e-03, 2.08323179e-03,
       2.05208109e-03, 2.02179199e-03, 1.99234100e-03, 1.96370528e-03,
       1.93586264e-03, 1.90879153e-03, 1.88247102e-03, 1.85688080e-03,
       1.83200113e-03, 1.80781287e-03, 1.78429744e-03, 1.76143681e-03,
       1.73921350e-03, 1.71761055e-03, 1.69661151e-03, 1.67620042e-03,
       1.65636182e-03, 1.63708072e-03, 1.61834257e-03, 1.60013330e-03,
       1.58243924e-03, 1.56524716e-03, 1.54854424e-03, 1.53231806e-03,
       1.51655657e-03, 1.50124811e-03, 1.48638139e-03, 1.47194545e-03,
       1.45792970e-03, 1.44432386e-03, 1.43111800e-03, 1.41830248e-03,
       1.40586797e-03, 1.39380544e-03, 1.38210614e-03, 1.37076162e-03,
       1.35976366e-03, 1.34910433e-03, 1.33877594e-03, 1.32877107e-03,
       1.31908250e-03, 1.30970327e-03, 1.30062663e-03, 1.29184605e-03,
       1.28335522e-03, 1.27514802e-03, 1.26721853e-03, 1.25956104e-03,
       1.25217000e-03, 1.24504006e-03, 1.23816603e-03, 1.23154291e-03,
       1.22516584e-03, 1.21903014e-03, 1.21313127e-03, 1.20746486e-03,
       1.20202665e-03, 1.19681257e-03, 1.19181865e-03, 1.18704106e-03,
       1.18247611e-03, 1.17812023e-03, 1.17396997e-03, 1.17002199e-03,
       1.16627308e-03, 1.16272013e-03, 1.15936015e-03, 1.15619024e-03,
       1.15320761e-03, 1.15040956e-03, 1.14779350e-03, 1.14535692e-03,
       1.14309740e-03, 1.14101263e-03, 1.13910035e-03, 1.13735841e-03,
       1.13578473e-03, 1.13437730e-03, 1.13313420e-03, 1.13205358e-03,
       1.13113365e-03, 1.13037269e-03, 1.12976908e-03, 1.12932121e-03,
       1.12902758e-03, 1.12888673e-03, 1.12889726e-03, 1.12905784e-03,
       1.12936717e-03, 1.12982404e-03, 1.13042726e-03, 1.13117572e-03,
       1.13206833e-03, 1.13310407e-03, 1.13428195e-03, 1.13560105e-03,
       1.13706048e-03, 1.13865937e-03, 1.14039693e-03, 1.14227239e-03,
       1.14428501e-03, 1.14643410e-03, 1.14871900e-03, 1.15113909e-03,
       1.15369379e-03, 1.15638252e-03, 1.15920477e-03, 1.16216004e-03,
       1.16524785e-03, 1.16846777e-03, 1.17181938e-03, 1.17530229e-03,
       1.17891613e-03, 1.18266056e-03, 1.18653525e-03, 1.19053991e-03,
       1.19467425e-03, 1.19893800e-03, 1.20333093e-03, 1.20785279e-03,
       1.21250338e-03])]","[[0, 6.376880005047202e-05, 0.00012384871691641303, 0.0001825152146708144, 0.0002412455268224413, 0.0003010345491800592, 0.0003625851489985788, 0.00042642251665155116, 0.000492963459057217, 0.0005625588586231823, 0.0006355199503317484, 0.0007121348343606655, 0.0007926790661907724, 0.0008774226338710557, 0.0009666347144227198, 0.0010605870514883175, 0.0011595564665041681, 0.0012638268174870208, 0.0013736906001113659, 0.0014894503135072074, 0.0016114196692392027, 0.001739924694945662, 0.0018753047673686634, 0.0020179135989545766, 0.0021681201954268183, 0.0023263097972757362, 0.0024928848150978086, 0.002668265766616798, 0.0028528922217088007, 0.0030472237606310637, 0.0032517409497954766, 0.0034669463387515705, 0.0036933654814980377, 0.003931547984790727, 0.004182068585733856, 0.004445528260611806, 0.0047225553666277115, 0.005013806817951553, 0.0053199692972359805, 0.005641760503525627, 0.005979930437259058, 0.006335262722836628, 0.006708575968997475, 0.007100725167010706, 0.007512603126435369, 0.007945141947937582, 0.008399314532367643, 0.008876136124991833, 0.009376665893439638, 0.009902008537564178, 0.01045331592901865, 0.011031788777921428, 0.011638678323514166, 0.01227528804520785, 0.012942975389858138, 0.013643153510510916, 0.014377293011208615, 0.015146923691745114, 0.01595363628549929, 0.01679908418266214, 0.017684985130297908, 0.018613122899744004, 0.01958534891085634, 0.02060358380154525, 0.021669818929922178, 0.022786117795189277, 0.02395461736215412, 0.025177529272942617, 0.026457140928117878, 0.027795816417996312, 0.029195997283490704, 0.030660203084311482, 0.03219103175083149, 0.03379115969437827, 0.03546334164917548, 0.037210410217627984, 0.03903527508915336, 0.0409409219013278, 0.04293041071076292, 0.045006874039889976, 0.04717351446473218, 0.049433601707829976, 0.051790469199787, 0.05424751007247018, 0.056808172546770674, 0.059475954678064005, 0.062254398423149115, 0.06514708299355235, 0.06815761746170966, 0.07128963258874592, 0.07454677184541185, 0.07793268160127172, 0.08145100046151375, 0.0851053477358274, 0.0888993110297022, 0.09283643347712417, 0.09692021295439704, 0.10115412648813665, 0.10554164843256242, 0.11008625203470726, 0.11479139948012099, 0.11966052446586191, 0.12469701004308896, 0.129904163572728, 0.13528519001790842, 0.14084316437534286, 0.14658100376662223, 0.152501439527975, 0.15860698952360638, 0.16489993084196203, 0.17138227300090134, 0.1780557317759287, 0.18492170376756273, 0.19198124183409965, 0.19923503153052008, 0.20668336871030127, 0.2143261384624347, 0.22216279556958424, 0.23019234668403343, 0.2384133344251321, 0.2468238236048534, 0.25542138978647067, 0.26420311037505584, 0.27316555842740264, 0.2823047993531195, 0.29161639065815054, 0.30109538485710496, 0.31073633565184944, 0.32053330744128417, 0.33047988819161356, 0.34056920565836424, 0.3507939469115946, 0.3611463810749458, 0.3716183851482155, 0.38220147274283056, 0.3928868255208002, 0.4036653270912728, 0.4145275990854908, 0.42546403910145936, 0.4364648601846677, 0.44752013149125913, 0.4586198197655651, 0.46975383125518655, 0.4809120536839782, 0.4920843979063759, 0.5032608388753727, 0.5144314555708329, 0.5255864695543432, 0.5367162818409339, 0.5478115078061757, 0.5588630098786919, 0.5698619278023122, 0.5807997062881843, 0.5916681199143876, 0.6024592951682302, 0.6131657295637357, 0.6237803078031768, 0.6342963149862927, 0.644707446903514, 0.6550078174796631, 0.665191963461847, 0.6752548464693526, 0.6851918525441086, 0.6949987893575975, 0.7046718812439874, 0.7142077622397456, 0.7236034673172285, 0.7328564220038906, 0.7419644305800338, 0.7509256630466845, 0.7597386410515171, 0.7684022229550325, 0.7769155882117452, 0.7852782212322409, 0.793489894881911, 0.8015506537612563, 0.8094607974011102, 0.8172208634942283, 0.8248316112726268, 0.8322940051280245, 0.8396091985609221, 0.8467785185323772, 0.8538034502815199, 0.8606856226614001, 0.8674267940359358, 0.8740288387715875, 0.8804937343489639, 0.8868235491118681, 0.8930204306643464, 0.8990865949200771, 0.9050243158029261, 0.9108359155926702, 0.9165237559057184, 0.9220902292970979, 0.9275377514669906, 0.9328687540526489, 0.9380856779845503, 0.9431909673841224, 0.9481870639792386, 0.9530764020129076, 0.9578614036201195, 0.9625444746476176, 0.9671280008914166, 0.9716143447271401, 0.9760058421086746, 0.9803047999112023, 0.984513493595364, 0.9886341651700774, 0.9926690214323912, 0.996620232463657, 1.000489930362246, 1.004280208194003, 1.0079931191426061, 1.0116306758429827, 1.0151948498818955, 1.018687571450773, 1.0221107291367881, 1.0254661698390914, 1.0287556987979904, 1.031981079725696, 1.035144035028074, 1.038246246107604, 1.0412893537384798, 1.0442749585054818, 1.047204621298907, 1.050079863858454, 1.0529021693595524, 1.0556729830361586, 1.0583937128345626, 1.061065730093212, 1.0636903702440186, 1.066268933531012, 1.0688026857426, 1.071292858954042, 1.0737406522770772, 1.0761472326139503, 1.078513735413358, 1.0808412654261015, 1.083130897458465, 1.0853836771215608, 1.0876006215750815, 1.089782720264084, 1.091930935647599, 1.094046203918013, 1.0961294357103077, 1.0981815168003755, 1.1002033087917396, 1.1021956497901164, 1.1041593550653523, 1.1060952177003551, 1.1080040092267158, 1.1098864802467907, 1.1117433610420737, 1.1135753621677476, 1.115383175033355, 1.1171674724695724, 1.118928909281114, 1.1206681227858277, 1.1223857333400735, 1.124082344850511, 1.1257585452724383, 1.127414907094851, 1.1290519878124072, 1.1306703303845032, 1.1322704636816703, 1.133852902919526, 1.1354181500805103, 1.1369666943236576, 1.1384990123826495, 1.1400155689524065, 1.141516817064478, 1.1430031984514901, 1.144475143900916, 1.145933073598429, 1.1473773974611035, 1.1488085154607242, 1.1502268179374642, 1.1516326859041879, 1.153026491341635, 1.1544085974847371, 1.155779359100313, 1.1571391227563894, 1.1584882270833845, 1.159827003027392, 1.1611557740957945, 1.1624748565954335, 1.1637845598635577, 1.1650851864917648, 1.16637703254315, 1.1676603877628633, 1.1689355357822828, 1.1702027543169942, 1.1714623153587709, 1.1727144853617397, 1.1739595254229116, 1.1751976914572544, 1.1764292343674772, 1.1776544002086944, 1.178873430348127, 1.1800865616199991, 1.1812940264757812, 1.182496053129927, 1.1836928657012435, 1.1848846843500378, 1.1860717254111661, 1.1872542015231222, 1.188432321753284, 1.189606291719443, 1.1907763137077312, 1.1919425867870599, 1.1931053069201796, 1.194264667071464, 1.1954208573115241, 1.1965740649187477, 1.19772447447786, 1.1988722679755963, 1.2000176248935777, 1.201160722298471, 1.2023017349295184, 1.203440835283514, 1.2045781936973037, 1.205713978427883, 1.2068483557301617, 1.2079814899324637, 1.2091135435098284, 1.2102446771551756, 1.2113750498483933, 1.2125048189234082, 1.2136341401332935, 1.2147631677134667, 1.21589205444303, 1.2170209517043011, 1.2181500095405817, 1.2192793767122079, 1.2204092007509277, 1.221539628012644, 1.2226708037285625, 1.2238028720547844, 1.2249359761203757, 1.2260702580739502, 1.2272058591287964, 1.22834291960658, 1.2294815789796503, 1.2306219759119779, 1.2317642482987503, 1.2329085333046501, 1.234054967400837, 1.2352036864006573, 1.2363548254941004, 1.2375085192810227, 1.2386649018031533, 1.239824106574901, 1.240986266612979, 1.2421515144648558, 1.2433199822360532, 1.2444918016162951, 1.2456671039045253, 1.2468460200327984, 1.2480286805890557, 1.249215215838792, 1.2504057557456218, 1.25160042999075, 1.2527993679913492, 1.2540026989178537, 1.2552105517101668, 1.2564230550927884]]"
50.0,80.0,4,90,180,I0-S0,"[[0.01, 0.009218546420913139, 0.008861068736292907, 0.008775059817687893, 0.008868448505882056, 0.009085547065159297, 0.009392450602443049, 0.009768290066056269, 0.010200123276835846, 0.010679870584745647, 0.01120246623295808, 0.011764738763737377, 0.012364729404442098, 0.013001273972050914, 0.013673743727325145, 0.01438188247528079, 0.015125702275089073, 0.015905415128265064, 0.016721386998487277, 0.017574105898887304, 0.018464159010966243, 0.019392215739327368, 0.02035901477577639, 0.02136535395434897, 0.022412082110294742, 0.02350009242141145, 0.024630316875395807, 0.02580372161154994, 0.027021302952911597, 0.028284083989865316, 0.029593111607095615, 0.03094945386754127, 0.03235419768295961, 0.03380844671275679, 0.03531331944209936, 0.036869947397767645, 0.03847947346624697, 0.04014305028351673, 0.041861838670125, 0.04363700608859632, 0.04546972510313827, 0.047361171824085606, 0.04931252432162465, 0.05132496099513888, 0.05339965888605877, 0.05553779192342912, 0.05774052909256068, 0.06000903251814129, 0.06234445545407134, 0.0647479401730816, 0.06722061574990892, 0.06976359573246387, 0.07237797569603778, 0.07506483067618151, 0.07782521247645113, 0.08066014684777174, 0.08357063053672524, 0.08655762820063116, 0.08962206918786714, 0.09276484418247526, 0.09598680171272615, 0.09928874452397064, 0.10267142581680241, 0.10613554535228872, 0.10968174542680259, 0.11331060671981182, 0.11702264401884992, 0.12081830182681252, 0.12469794985769146, 0.1286618784278779, 0.1327102937512346, 0.13684331314725534, 0.14106096017279435, 0.14536315968905894, 0.149749732876809, 0.15422039221399583, 0.15877473643139348, 0.16341224546312277, 0.16813227541033454, 0.17293405353769659, 0.1778166733237093, 0.18277908958724845, 0.18782011371408805, 0.19293840900848125, 0.1981324861961585, 0.20340069910632597, 0.2087412405613994, 0.2141521385042723, 0.21963125239387707, 0.22517626990063452, 0.23078470393408684, 0.23645389003554834, 0.242180984168974, 0.24796296094341555, 0.25379661230039363, 0.25967892700025225, 0.2656109118945843, 0.2715994642901224, 0.27765485826140135, 0.2837887924030757, 0.2900131626257406, 0.2963393122150199, 0.3027775955620384, 0.3093371467372847, 0.3160257802298324, 0.3228499752179557, 0.3298149108421501, 0.3369245308056387, 0.3441816229790148, 0.3515879046817695, 0.35914410771330063, 0.36685005951671495, 0.3747047584221192, 0.3827064419645078, 0.3908526479640525, 0.3991402685035027, 0.407565597214862, 0.4161243704487617, 0.4248118029822746, 0.43362261895039317, 0.4425510786812855, 0.45159100208845926, 0.46073578923289304, 0.46997843862105443, 0.47931156375454487, 0.48872740839654455, 0.4982178609709347, 0.5077744684629345, 0.517388450145815, 0.5270507114169437, 0.5367518579880572, 0.5464822106391285, 0.556231820712268, 0.5659904864915497, 0.5757477705862198, 0.5854930184081982, 0.5952153778099016, 0.6049038199250114, 0.6145471612327257, 0.6241340868451497, 0.6336531749976965, 0.6430929227036357, 0.6524417725162103, 0.661688140325023, 0.6708204440977154, 0.6798271334633267, 0.6886967200202078, 0.6974178082390188, 0.7059791268202346, 0.7143695603558001, 0.72257818113618, 0.7305942809371205, 0.7384074026150457, 0.7460073713362038, 0.7533843252625165, 0.7605287455165957, 0.7674314852495923, 0.7740837976384493, 0.7804773626437083, 0.7866043123652533, 0.7924572548411947, 0.79802929614444, 0.8033140606422676, 0.8083057092963047, 0.812998955893586, 0.817389081113693, 0.8214719443521856, 0.8252439932364711, 0.8287022707867411, 0.8318444201914512, 0.8346686871838459, 0.837173920023044, 0.8393595671000305, 0.8412256722053475, 0.8427728675111908, 0.8440023643358151, 0.8449159417724997, 0.8455159332786808, 0.8458052113330919, 0.8457871702797857, 0.845465707487631, 0.8448452029622446, 0.8439304975542614, 0.8427268699133599, 0.8412400123415245, 0.8394760057016513, 0.8374412935388248, 0.8351426555714461, 0.8325871807079419, 0.8297822397420965, 0.8267354578762106, 0.8234546872163973, 0.8199479793784719, 0.8162235583361915, 0.812289793636156, 0.8081551740956198, 0.803828282090881, 0.7993177685349435, 0.794632328633874, 0.789780678501838, 0.7847715327052669, 0.7796135827970982, 0.774315476892624, 0.7688858003292611, 0.7633330574435943, 0.7576656544904021, 0.7518918837201181, 0.7460199086233439, 0.740057750343672, 0.7340132752532016, 0.7278941836787916, 0.7217079997612859, 0.7154620624246819, 0.7091635174275047, 0.7028193104644771, 0.6964361812829495, 0.6900206587754406, 0.6835790570070384, 0.6771174721342903, 0.6706417801705552, 0.6641576355515585, 0.6576704704540776, 0.6511854948202379, 0.6447076970398035, 0.6382418452430638, 0.6317924891574265, 0.6253639624815778, 0.6189603857320636, 0.6125856695183233, 0.6062435182035585, 0.5999374339103164, 0.5936707208312784, 0.5874464898074536, 0.5812676631377589, 0.5751369795858006, 0.5690569995515463, 0.5630301103774611, 0.5570585317605732, 0.5511443212438187, 0.5452893797618716, 0.5394954572184895, 0.533764158074194, 0.528096946924836, 0.5224951540532738, 0.516959980938012, 0.5114925057041958, 0.5060936885038432, 0.500764376813601, 0.4955053106396557, 0.49031712762068824, 0.48520036802095473, 0.4801554796066914, 0.475182822400085, 0.47028267330602147, 0.46545523060772975, 0.46070061832827147, 0.45601889045559546, 0.4514100350295838, 0.4468739780901609, 0.4424105874861235, 0.43801967654488494, 0.4337010076038048, 0.429454295404208, 0.425279210349581, 0.42117538162977547, 0.4171424002133479, 0.41317982171042794, 0.40928716910873325, 0.4054639353855444, 0.4017095859986145, 0.39802356125912564, 0.3944052785899134, 0.390854134672266, 0.3873695074846701, 0.383950758236921, 0.38059723320304034, 0.3773082654564575, 0.37408317651090794, 0.370921277870484, 0.3678218724922494, 0.3647842561647884, 0.36180771880601675, 0.3588915456835262, 0.3560350185606738, 0.35323741677156195, 0.3504980182279825, 0.3478161003613242, 0.34519094100236336, 0.34262181920177676, 0.34010801599413326, 0.3376488151080343, 0.3352435036249901, 0.3328913725895301, 0.3305917175729612, 0.3283438391931011, 0.32614704359222857, 0.3240006428754067, 0.3219039555112539, 0.3198563066971528, 0.3178570286908076, 0.3159054611099807, 0.3140009512021619, 0.3121428540858484, 0.31033053296503876, 0.3085633593184736, 0.3068407130650857, 0.30516198270705386, 0.30352656545179096, 0.3019338673141318, 0.3003833031999258, 0.29887429697218143, 0.29740628150085063, 0.2959786986972885, 0.2945909995343696, 0.2932426440531924, 0.29193310135725387, 0.2906618495949312, 0.28942837593106097, 0.28823217650836486, 0.28707275639942914, 0.28594962954990677, 0.2848623187135724, 0.2838103553798264, 0.2827932796942081, 0.2818106403724477, 0.28086199460855416, 0.2799469079774073, 0.27906495433229417, 0.2782157156978032, 0.27739878215846375, 0.2766137517434959, 0.2758602303080103, 0.2751378314109785, 0.27444617619027156, 0.27378489323504746, 0.2731536184557464, 0.272551994951939, 0.2719796728782531, 0.27143630930859103, 0.27092156809883383, 0.2704351197482144, 0.2699766412595299, 0.2695458159983506, 0.26914233355136974, 0.26876588958403075, 0.26841618569755493, 0.26809292928548517, 0.26779583338985136, 0.26752461655705495, 0.2672790026935627, 0.2670587209214908, 0.2668635054341563, 0.26669309535166347, 0.2665472345765892, 0.26642567164982484, 0.2663281596066273, 0.266254455832927, 0.2662043219219368, 0.26617752353110175, 0.26617383023942554, 0.2661930154052075, 0.26623485602421904, 0.2662991325883481, 0.2663856289447363, 0.2664941321554317, 0.26662443235757916]]","[[0.01, 0.011673645222856313, 0.01362924433757481, 0.01580189558251425, 0.01815640128854605, 0.020675376724082314, 0.02335196428689195, 0.026185453055879656, 0.029178802666231966, 0.03233718764638286, 0.03566713974356199, 0.03917604630221402, 0.04287186021964385, 0.04676293513812047, 0.05085793438061579, 0.05516578299408768, 0.05969564472780706, 0.06445691320965198, 0.06945921101028385, 0.07471239291443309, 0.08022655127510989, 0.08601202224402117, 0.09207939220887688, 0.09843950408020773, 0.1051034632489401, 0.11208264313612058, 0.11938869031042654, 0.1270335291767423, 0.13502936625151926, 0.14338869404456953, 0.15212429456627613, 0.16124924247619538, 0.1707769078849635, 0.18072095881701386, 0.19109536333724503, 0.20191439134064185, 0.2131926160000267, 0.22494491486362608, 0.23718647059097236, 0.2499327713127987, 0.263199610597996, 0.2770030870083588, 0.29135960321971976, 0.30628586468614094, 0.3217988778220685, 0.3379159476757531, 0.3546546750657736, 0.3720329531511716, 0.39006896340449454, 0.4087811709559588, 0.4281883192759713, 0.4483094241623961, 0.46916376699821694, 0.49077088724463397, 0.5131505741341505, 0.5363228575278535, 0.5603079979008844, 0.5851264754200427, 0.6107989780775647, 0.6373463888454013, 0.6647897718147779, 0.6931503572864749, 0.7224495257781365, 0.752708790916005, 0.7839497811798007, 0.8161942204710485, 0.8494639074769893, 0.8837806938043393, 0.9191664608595665, 0.955643095455076, 0.993232464123729, 1.0319563861274852, 1.0718366051496642, 1.112894759664376, 1.1551523519810813, 1.1986307159670238, 1.2433509834554064, 1.2893340493527108, 1.3366005354644264, 1.3851707530647026, 1.435064664242039, 1.4863018420600729, 1.5389014295797996, 1.5928820977971596, 1.6482620025578016, 1.705058740518985, 1.763289304236964, 1.8229700364667731, 1.884116583770068, 1.9467438495355165, 2.01086594652514, 2.0764961490689, 2.143646845038676, 2.212329487741492, 2.28255454788038, 2.354331865568267, 2.427674928257789, 2.502604167691705, 2.579145647539963, 2.6573297086421404, 2.7371899374855864, 2.818762362468088, 2.9020848144259643, 2.987196408201368, 3.074137115196462, 3.1629474055450744, 3.2536679443580248, 3.346339330486959, 3.441001869044098, 3.5376953709173184, 3.636458973990077, 3.7373309818807, 3.8403487168644594, 3.945548384306872, 4.052964946466606, 4.162632003954846, 4.274581683488578, 4.388844530865041, 4.505449408326007, 4.624423395683076, 4.745791694745804, 4.869577536739026, 4.9958020925183195, 5.124484385496826, 5.255641207285337, 5.3892870361228224, 5.525433958238343, 5.66409159233887, 5.8052670174622065, 5.94896470447082, 6.095186451491771, 6.243931323630615, 6.3951955973036965, 6.548972709544024, 6.705253212641223, 6.864024734476241, 7.025271944906681, 7.18897652854916, 7.35511716429109, 7.523669511845939, 7.694606205643628, 7.867896856321369, 8.043508060050264, 8.22140341589959, 8.401543551404165, 8.58388615646079, 8.768386025637957, 8.954995108938911, 9.143662571012454, 9.334334858758652, 9.526955777228576, 9.721466573668565, 9.917806029510865, 10.115910560064284, 10.315714321611097, 10.51714932557044, 10.72014555934417, 10.924631113419146, 11.130532314260522, 11.337773862494279, 11.546278975844281, 11.755969536259961, 11.966766240645443, 12.178588754580051, 12.391355868403558, 12.604985655027662, 12.819395628827913, 13.034502904967812, 13.25022435850902, 13.466476782668382, 13.683177045593984, 13.90024224504805, 14.117589860404484, 14.335137901392601, 14.552805053046034, 14.770510816346471, 14.988175644085526, 15.205721071504259, 15.423069841308205, 15.640146022695955, 15.856875124080819, 16.073184199227573, 16.289001946569332, 16.504258801512773, 16.71888702158286, 16.93282076430067, 17.145996157729357, 17.35835136366356, 17.569826633476207, 17.780364356673815, 17.989909102246116, 18.198407652928893, 18.40580903252911, 18.61206452648963, 18.81712769589612, 19.020954385151594, 19.223502723564224, 19.42473312111155, 19.62460825865912, 19.823093072923836, 20.02015473648216, 20.215762633130545, 20.409888328910636, 20.602505539114464, 20.7935900915857, 20.98311988663177, 21.171074853858702, 21.35743690623589, 21.542189891691923, 21.725319542535125, 21.90681342298389, 22.086660875082217, 22.26485296326538, 22.441382417829427, 22.616243577546314, 22.78943233165428, 22.960946061440318, 23.13078358161881, 23.298945081697386, 23.465432067508004, 23.63024730306841, 23.793394752926165, 23.954879525125044, 24.114707814921072, 24.272886849363676, 24.429424832845715, 24.584330893715, 24.737615032029193, 24.889288068525673, 25.039361594868257, 25.18784792522336, 25.334760049209436, 25.480111586255397, 25.62391674139591, 25.766190262524375, 25.906947399117712, 26.04620386244088, 26.183975787233432, 26.32027969487517, 26.455132458023197, 26.588551266708503, 26.72055359587609, 26.851157174349424, 26.980379955196746, 27.10824008747404, 27.2347558893172, 27.359945822353648, 27.483828467402088, 27.60642250142746, 27.727746675716954, 27.84781979524197, 27.966660699170127, 28.084288242490835, 28.200721278717598, 28.315978643630018, 28.430079140018325, 28.543041523393484, 28.65488448862603, 28.765626657477164, 28.875286566986027, 28.983882658677658, 29.091433268556624, 29.197956617852086, 29.303470804480703, 29.407993795194574, 29.51154341838222, 29.61413735749147, 29.715793145043946, 29.81652815721178, 29.916359608928076, 30.01530454950352, 30.11337985872256, 30.210602243393378, 30.30698823432688, 30.402554183720845, 30.497316262926212, 30.5912904605735, 30.684492581038107, 30.776938243224194, 30.86864287964772, 30.9596217357999, 31.049889869773367, 31.139462152133945, 31.22835326602178, 31.31657770746636, 31.404149785900586, 31.49108362485985, 31.577393162852747, 31.663092154390622, 31.74819417116389, 31.832712603353656, 31.91666066106766, 32.00005137589029, 32.082897602536825, 32.16521202060269, 32.247007136398835, 32.328295284865106, 32.40908863155369, 32.48939917467523, 32.569238747200664, 32.64861901901227, 32.72755149909764, 32.8060475377808, 32.88411832898502, 32.96177491252214, 33.039028176403605, 33.11588885916865, 33.19236755222542, 33.26847470220101, 33.34422061329676, 33.419615449645285, 33.49466923766595, 33.56939186841589, 33.643793099933625, 33.717882559572686, 33.791669746322796, 33.865164033116386, 33.93837466911827, 34.01131078199653, 34.08398138017288, 34.15639535505074, 34.22856148321955, 34.30048842863388, 34.372184744766024, 34.44365887673091, 34.51491916338217, 34.58597383937846, 34.65683103721906, 34.72749878924783, 34.79798502962506, 34.86829759626612, 34.93844423274669, 35.00843259017376, 35.07827022902201, 35.14796462093514, 35.21752315049171, 35.286953116935216, 35.35626173586805, 35.425456140909134, 35.494543385314955, 35.56353044356393, 35.63242421290379, 35.70123151486201, 35.76995909671907, 35.83861363294465, 35.90720172659647, 35.97572991068197, 36.04420464948274, 36.11263233984165, 36.18101931241287, 36.24937183287462, 36.3176961031049, 36.38599826232014, 36.45428438817692, 36.52256049783677, 36.590832548994285, 36.65910644086851, 36.727388015157835, 36.79568305695843, 36.863997295646435, 36.932336405723916, 37.00070600762891, 37.06911166850948, 37.137558902962134, 37.20605317373463, 37.274599892393375]]","[array([6.37688001e-05, 6.00799169e-05, 5.86664978e-05, 5.87303122e-05,
       5.97890098e-05, 6.15502344e-05, 6.38350469e-05, 6.65328935e-05,
       6.95750045e-05, 7.29183493e-05, 7.65359488e-05, 8.04109942e-05,
       8.45332559e-05, 8.88968698e-05, 9.34989575e-05, 9.83387515e-05,
       1.03417029e-04, 1.08735738e-04, 1.14297740e-04, 1.20106630e-04,
       1.26166604e-04, 1.32482362e-04, 1.39059031e-04, 1.45902104e-04,
       1.53017392e-04, 1.60410980e-04, 1.68089198e-04, 1.76058590e-04,
       1.84325890e-04, 1.92897998e-04, 2.01781965e-04, 2.10984976e-04,
       2.20514335e-04, 2.30377449e-04, 2.40581819e-04, 2.51135028e-04,
       2.62044728e-04, 2.73318632e-04, 2.84964501e-04, 2.96990137e-04,
       3.09403369e-04, 3.22212045e-04, 3.35424021e-04, 3.49047149e-04,
       3.63089268e-04, 3.77558188e-04, 3.92461679e-04, 4.07807463e-04,
       4.23603190e-04, 4.39856435e-04, 4.56574673e-04, 4.73765269e-04,
       4.91435461e-04, 5.09592340e-04, 5.28242832e-04, 5.47393680e-04,
       5.67051425e-04, 5.87222381e-04, 6.07912617e-04, 6.29127933e-04,
       6.50873835e-04, 6.73155512e-04, 6.95977808e-04, 7.19345200e-04,
       7.43261766e-04, 7.67731161e-04, 7.92756585e-04, 8.18340754e-04,
       8.44485871e-04, 8.71193593e-04, 8.98465003e-04, 9.26300571e-04,
       9.54700130e-04, 9.83662835e-04, 1.01318713e-03, 1.04327073e-03,
       1.07391057e-03, 1.10510276e-03, 1.13684258e-03, 1.16912445e-03,
       1.20194186e-03, 1.23528736e-03, 1.26915254e-03, 1.30352799e-03,
       1.33840325e-03, 1.37376681e-03, 1.40960609e-03, 1.44590736e-03,
       1.48265580e-03, 1.51983540e-03, 1.55742900e-03, 1.59541823e-03,
       1.63378353e-03, 1.67250412e-03, 1.71155852e-03, 1.75093709e-03,
       1.79066720e-03, 1.83080743e-03, 1.87143187e-03, 1.91261970e-03,
       1.95444871e-03, 1.99699139e-03, 2.04031279e-03, 2.08446944e-03,
       2.12950897e-03, 2.17547021e-03, 2.22238354e-03, 2.27027133e-03,
       2.31914858e-03, 2.36902338e-03, 2.41989756e-03, 2.47176717e-03,
       2.52462296e-03, 2.57845081e-03, 2.63323213e-03, 2.68894418e-03,
       2.74556037e-03, 2.80305052e-03, 2.86138108e-03, 2.92051531e-03,
       2.98041347e-03, 3.04103295e-03, 3.10232840e-03, 3.16425186e-03,
       3.22675284e-03, 3.28977843e-03, 3.35327342e-03, 3.41718035e-03,
       3.48143963e-03, 3.54598962e-03, 3.61076674e-03, 3.67570555e-03,
       3.74073887e-03, 3.80579790e-03, 3.87081231e-03, 3.93571042e-03,
       4.00041926e-03, 4.06486479e-03, 4.12897200e-03, 4.19266508e-03,
       4.25586761e-03, 4.31850270e-03, 4.38049320e-03, 4.44176186e-03,
       4.50223158e-03, 4.56182552e-03, 4.62046740e-03, 4.67808165e-03,
       4.73459362e-03, 4.78992981e-03, 4.84401809e-03, 4.89678790e-03,
       4.94817044e-03, 4.99809890e-03, 5.04650867e-03, 5.09333751e-03,
       5.13852576e-03, 5.18201652e-03, 5.22375581e-03, 5.26369275e-03,
       5.30177972e-03, 5.33797246e-03, 5.37223027e-03, 5.40451603e-03,
       5.43479640e-03, 5.46304183e-03, 5.48922668e-03, 5.51332925e-03,
       5.53533181e-03, 5.55522067e-03, 5.57298615e-03, 5.58862255e-03,
       5.60212820e-03, 5.61350536e-03, 5.62276017e-03, 5.62990261e-03,
       5.63494639e-03, 5.63790888e-03, 5.63881097e-03, 5.63767699e-03,
       5.63453454e-03, 5.62941436e-03, 5.62235020e-03, 5.61337864e-03,
       5.60253894e-03, 5.58987287e-03, 5.57542452e-03, 5.55924012e-03,
       5.54136790e-03, 5.52185786e-03, 5.50076159e-03, 5.47813214e-03,
       5.45402377e-03, 5.42849179e-03, 5.40159244e-03, 5.37338261e-03,
       5.34391977e-03, 5.31326175e-03, 5.28146661e-03, 5.24859245e-03,
       5.21469731e-03, 5.17983900e-03, 5.14407498e-03, 5.10746222e-03,
       5.07005709e-03, 5.03191527e-03, 4.99309162e-03, 4.95364010e-03,
       4.91361366e-03, 4.87306421e-03, 4.83204249e-03, 4.79059807e-03,
       4.74877921e-03, 4.70663290e-03, 4.66420476e-03, 4.62153902e-03,
       4.57867849e-03, 4.53566454e-03, 4.49253709e-03, 4.44933455e-03,
       4.40609389e-03, 4.36285059e-03, 4.31963864e-03, 4.27649055e-03,
       4.23343739e-03, 4.19050877e-03, 4.14773286e-03, 4.10513643e-03,
       4.06274487e-03, 4.02058220e-03, 3.97867109e-03, 3.93703294e-03,
       3.89568784e-03, 3.85465467e-03, 3.81395108e-03, 3.77359357e-03,
       3.73359749e-03, 3.69397710e-03, 3.65474557e-03, 3.61591510e-03,
       3.57749684e-03, 3.53950103e-03, 3.50193698e-03, 3.46481313e-03,
       3.42813707e-03, 3.39191559e-03, 3.35615472e-03, 3.32085975e-03,
       3.28603525e-03, 3.25168517e-03, 3.21781279e-03, 3.18442079e-03,
       3.15151131e-03, 3.11908591e-03, 3.08714568e-03, 3.05569120e-03,
       3.02472261e-03, 2.99423963e-03, 2.96424156e-03, 2.93472734e-03,
       2.90569555e-03, 2.87714445e-03, 2.84907199e-03, 2.82147583e-03,
       2.79435337e-03, 2.76770176e-03, 2.74151793e-03, 2.71579859e-03,
       2.69054029e-03, 2.66573936e-03, 2.64139200e-03, 2.61749425e-03,
       2.59404203e-03, 2.57103113e-03, 2.54845725e-03, 2.52631598e-03,
       2.50460284e-03, 2.48331327e-03, 2.46244264e-03, 2.44198630e-03,
       2.42193952e-03, 2.40229755e-03, 2.38305561e-03, 2.36420892e-03,
       2.34575265e-03, 2.32768200e-03, 2.30999214e-03, 2.29267827e-03,
       2.27573558e-03, 2.25915930e-03, 2.24294465e-03, 2.22708691e-03,
       2.21158134e-03, 2.19642328e-03, 2.18160809e-03, 2.16713115e-03,
       2.15298790e-03, 2.13917382e-03, 2.12568443e-03, 2.11251531e-03,
       2.09966208e-03, 2.08712041e-03, 2.07488603e-03, 2.06295473e-03,
       2.05132234e-03, 2.03998476e-03, 2.02893793e-03, 2.01817787e-03,
       2.00770065e-03, 1.99750240e-03, 1.98757931e-03, 1.97792762e-03,
       1.96854365e-03, 1.95942377e-03, 1.95056440e-03, 1.94196204e-03,
       1.93361324e-03, 1.92551461e-03, 1.91766281e-03, 1.91005459e-03,
       1.90268673e-03, 1.89555607e-03, 1.88865953e-03, 1.88199406e-03,
       1.87555669e-03, 1.86934448e-03, 1.86335458e-03, 1.85758417e-03,
       1.85203049e-03, 1.84669083e-03, 1.84156254e-03, 1.83664302e-03,
       1.83192972e-03, 1.82742013e-03, 1.82311180e-03, 1.81900234e-03,
       1.81508938e-03, 1.81137061e-03, 1.80784378e-03, 1.80450666e-03,
       1.80135709e-03, 1.79839291e-03, 1.79561206e-03, 1.79301247e-03,
       1.79059214e-03, 1.78834910e-03, 1.78628142e-03, 1.78438720e-03,
       1.78266458e-03, 1.78111175e-03, 1.77972690e-03, 1.77850829e-03,
       1.77745420e-03, 1.77656292e-03, 1.77583281e-03, 1.77526222e-03,
       1.77484956e-03, 1.77459325e-03, 1.77449174e-03, 1.77454350e-03,
       1.77474705e-03, 1.77510089e-03, 1.77560359e-03, 1.77625370e-03,
       1.77704983e-03])]","[[0, 6.376880005047202e-05, 0.00012384871691641303, 0.0001825152146708144, 0.0002412455268224413, 0.00030103453659540287, 0.0003625847710246466, 0.00042641981791749034, 0.000492952711412886, 0.0005625277158866806, 0.0006354460652104909, 0.0007119820139864059, 0.0007923930081870582, 0.0008769262640537544, 0.0009658231338517048, 0.0010593220913975813, 0.0011576608429277396, 0.0012610778722438156, 0.0013698136106960147, 0.0014841113510531373, 0.0016042179808868479, 0.0017303845845375013, 0.0018628669463142988, 0.002001925977295033, 0.002147828081523256, 0.0023008454731093283, 0.0024612564528579415, 0.0026293456510439583, 0.002805404241522278, 0.002989730131291019, 0.003182628128809884, 0.0033844100937312767, 0.0035953950701819205, 0.00381590940530538, 0.00404628685441937, 0.00428686867384089, 0.004538003702176099, 0.004800048430652193, 0.005073367062879155, 0.005358331564264999, 0.0056553217011651395, 0.0059647250697213855, 0.0062869371142362405, 0.006622361134831225, 0.0069714082840522055, 0.00733449755200842, 0.0077120557395639775, 0.008104517419039753, 0.008512324881829179, 0.00893592807228253, 0.009375784507170455, 0.009832359179998244, 0.010306124449407254, 0.010797559910868901, 0.011307152250849342, 0.011835395082599533, 0.01238278876270544, 0.012949840187517188, 0.013537062568563575, 0.014144975186050032, 0.014774103119533819, 0.015424976954870247, 0.016098132466528164, 0.016794110274382247, 0.017513455474103854, 0.018256717240291865, 0.01902444840151012, 0.019817204986429273, 0.020635545740308448, 0.02148003161109606, 0.02235122520448038, 0.0232496902072787, 0.02417599077862, 0.02513069090844979, 0.026114353742968107, 0.027127540876702015, 0.02817081161101331, 0.029244722178950328, 0.03034982493646991, 0.03148666752018196, 0.032655791971904664, 0.03385773383046297, 0.03509302119131718, 0.03636217373477087, 0.03766570172367904, 0.039004104971757374, 0.0403778717837809, 0.04178747786915586, 0.04323338523055041, 0.04471604102947745, 0.04623587643093645, 0.0477933054294377, 0.04938872365895328, 0.05102250718956042, 0.05269501131376586, 0.05440656983293543, 0.05615750691852479, 0.0579481741143268, 0.05977898153970289, 0.061650413408806864, 0.06356303311324274, 0.06551748182475502, 0.06751447321724482, 0.0695547860120541, 0.07163925545367869, 0.07376876442408101, 0.07594423463677598, 0.07816661817354081, 0.080436889508184, 0.08275603808404026, 0.08512506146173449, 0.08754495902244121, 0.09001672619330758, 0.09254134915174976, 0.09511979996110533, 0.09775303208964531, 0.10044197626684981, 0.10318753663418911, 0.10599058715178533, 0.108851968226823, 0.1117724835341434, 0.1147528970039109, 0.11779392995546571, 0.12089625836040975, 0.12406051022157912, 0.1272872630578255, 0.13057704148746527, 0.13393031490586857, 0.1373474952549713, 0.14082893488451637, 0.14437492450659006, 0.1479856912465322, 0.15166139679458268, 0.15540213566370073, 0.1592079335598703, 0.1630787458718973, 0.1670144562882281, 0.17101487554867925, 0.17507974033917836, 0.1792087123376829, 0.18340137741937493, 0.18765724502903214, 0.19197574772815734, 0.19635624092401485, 0.2007980027871806, 0.20530023436357056, 0.20986205988617535, 0.21448252729090633, 0.21916060894005765, 0.22389520255591822, 0.22868513236603627, 0.23352915046055703, 0.23842593836093043, 0.243374108798132, 0.2483722076973658, 0.253418716365035, 0.25851205387258647, 0.26365057963066746, 0.26883259614589133, 0.2740563519514033, 0.2793200447013789, 0.28462182441858497, 0.28995979688319934, 0.2953320271502271, 0.3007365431820771, 0.3061713395821809, 0.3116343814149538, 0.31712360809691786, 0.32263693734343574, 0.3281722691552449, 0.33372748982883466, 0.3393004759746754, 0.3448890985273883, 0.3504912267321364, 0.3561047320918141, 0.36172749226001705, 0.36735739486527347, 0.37299234125261244, 0.37863025012922374, 0.38426906110171877, 0.38990673809332965, 0.39554127263026834, 0.40117068698740455, 0.40679303718440046, 0.41240641582445037, 0.41800895476880573, 0.4235988276413126, 0.42917425215823674, 0.43473349227969527, 0.44027486018004464, 0.445796718035582, 0.4512974796288961, 0.45677561177014653, 0.462229635536453, 0.46765812733142775, 0.4730597197676878, 0.4784331023759311, 0.4837770221448471, 0.48909028389675974, 0.4943717505044676, 0.49962034295524405, 0.5048350402684013, 0.5100148792731952, 0.5151589542541612, 0.5202664164712236, 0.5253364735621135, 0.5303683888347684, 0.5353614804574688, 0.5403151205545, 0.545228734215115, 0.5501017984235091, 0.5549338409174269, 0.5597244389828755, 0.5644732181922579, 0.5691798510930349, 0.573844055853801, 0.5784655948744127, 0.58304427336654, 0.5875799379107302, 0.5920724749957783, 0.5965218095458925, 0.6009279034408337, 0.6052907540338912, 0.6096103926722408, 0.613886883223912, 0.6181203206152802, 0.6223108293826863, 0.6264585622414839, 0.6305636986755155, 0.6346264435497324, 0.6386470257483906, 0.642625696840991, 0.6465627297778686, 0.6504584176170948, 0.6543130722841187, 0.6581270233653548, 0.661900616936712, 0.6656342144278664, 0.669328191522892, 0.6729829370976966, 0.6765988521945456, 0.6801763490338153, 0.6837158500629762, 0.6872177870426873, 0.6906826001697668, 0.6941107372367012, 0.6975026528272675, 0.7008588075477528, 0.7041796672931896, 0.7074657025479548, 0.7107173877200262, 0.7139352005081411, 0.7171196213010583, 0.7202711326080928, 0.7233902185200594, 0.7264773641997415, 0.7295330554009839, 0.7325577780154919, 0.7355520176464154, 0.7385162592077895, 0.741450986548903, 0.7443566821026704, 0.7472338265570875, 0.75008289854886, 0.752904374378306, 0.7556987277446455, 0.7584664295008057, 0.761207947426888, 0.7639237460214601, 0.7666142863098555, 0.7692800256686849, 0.7719214176657824, 0.7745389119148334, 0.7771329539439529, 0.7797039850775038, 0.7822524423304713, 0.7847787583147277, 0.7872833611565497, 0.7897666744247708, 0.7922291170689724, 0.7946711033671449, 0.797093042882268, 0.7994953404272828, 0.80187839603795, 0.8042426049531108, 0.806588357601885, 0.8089160395973635, 0.8112260317363728, 0.8135187100049042, 0.8157944455888241, 0.8180536048894959, 0.8202965495439645, 0.8225236364493693, 0.8247352177912682, 0.8269316410755727, 0.8291132491638069, 0.8312803803114199, 0.8334333682088938, 0.8355725420254039, 0.8376982264548007, 0.8398107417636952, 0.8419104038414403, 0.8439975242518163, 0.8460724102862326, 0.8481353650182764, 0.8501866873594414, 0.8522266721158849, 0.8542556100460675, 0.856273787919139, 0.8582814885739432, 0.8602789909785215, 0.8622665702900019, 0.8642444979147682, 0.8662130415688112, 0.8681724653381678, 0.8701230297393638, 0.8720649917797773, 0.8739986050178488, 0.8759241196230685, 0.8778417824356732, 0.8797518370259948, 0.8816545237534011, 0.8835500798247797, 0.8854387393525138, 0.8873207334119071, 0.8891962900980149, 0.8910656345818446, 0.8929289891658889, 0.8947865733389608, 0.8966386038303001, 0.8984852946629243, 0.9003268572061984, 0.9021635002276037, 0.9039954299436805, 0.9058228500701313, 0.9076459618710631, 0.9094649642073569, 0.9112800535841495, 0.9130914241974155, 0.9148992679796384, 0.916703774644563, 0.9185051317310187, 0.9203035246458081, 0.9220991367056535, 0.9238921491781967, 0.9256827413220485, 0.9274710904258815, 0.9292573718465672, 0.9310417590463519, 0.9328244236290716, 0.9346055353754046, 0.9363852622771609, 0.9381637705706086, 0.9399412247688386, 0.9417177876931663, 0.9434936205035743, 0.9452688827281958, 0.9470437322918402, 0.9488183255435658, 0.9505928172832977, 0.9523673607874978, 0.954142107833887, 0.9559172087252231, 0.9576928123121392, 0.9594690660150431, 0.9612461158450846]]"
50.0,80.0,4,90,180,I1-S0,"[[0.01, 0.009218546420913139, 0.008861068736292907, 0.008775059817687893, 0.008868448505882056, 0.009085547085250598, 0.009392451668693978, 0.00976830077211299, 0.010200176641558626, 0.010680052059107005, 0.011202951496974294, 0.01176583929618632, 0.012366943878184416, 0.013005343879579571, 0.013680712060514426, 0.014393154673248972, 0.015143108977752536, 0.01593127652330901, 0.016758578732376257, 0.017626126649537055, 0.018535199903002397, 0.019487231833576358, 0.020483798892041508, 0.021526613097934, 0.022617516773672932, 0.02375847902691723, 0.0249515936156542, 0.026199077933442467, 0.027503272919405596, 0.02886664374270302, 0.03029178114249432, 0.031781403326796534, 0.03333835835010827, 0.0349656269020788, 0.036666325448986285, 0.038443709677091494, 0.040301178192537125, 0.042242276436695085, 0.04427070077895744, 0.046390302751087804, 0.04860509338852457, 0.05091924764455125, 0.053337108843096254, 0.0558631931351531, 0.0585021939224677, 0.06125898621025684, 0.06413863084832994, 0.06714637861710418, 0.07028767411164827, 0.07356815937307377, 0.07699367721232477, 0.08057027416670375, 0.0843042030243217, 0.08820192484607943, 0.09227011040878416, 0.09651564098659242, 0.10094560838115903, 0.10556731410368472, 0.11038826760451484, 0.11541618343808178, 0.1206589772428469, 0.12612476040753307, 0.13182183328641411, 0.13775867681781717, 0.14394394239139383, 0.150386439801237, 0.15709512311369428, 0.16407907427090757, 0.1713474842438713, 0.17890963154235015, 0.18677485788356274, 0.19495254081738253, 0.20345206310322092, 0.21228277863306658, 0.22145397469671552, 0.23097483038942826, 0.2408543709695155, 0.25110141798413316, 0.261724534996341, 0.2727319687657464, 0.2841315857593312, 0.2959308038988739, 0.3081365194872495, 0.32075502929832517, 0.3337919478646461, 0.34725212005405814, 0.36113952909118896, 0.3754572002525932, 0.39020710054549274, 0.40539003476942065, 0.4210055384575301, 0.4370517682994648, 0.4535253907598772, 0.47042146972501225, 0.48773335413303054, 0.5054533749357684, 0.5235809014844801, 0.542126426632792, 0.5611062485443554, 0.5805381485074417, 0.6004385348961404, 0.6208205952907186, 0.6416931378196944, 0.6630598994321045, 0.6849191669815443, 0.7072636051877543, 0.7300802196050199, 0.7533504067652911, 0.7770500605585423, 0.8011497157022944, 0.8256147172862233, 0.8504054108909153, 0.875477351411979, 0.9007815310018062, 0.9262646278511947, 0.9518692781445252, 0.9775343736314794, 1.0031953870073622, 1.0287847267866828, 1.0542321226677978, 1.0794650415788243, 1.104409133713, 1.1289887069432112, 1.1531272270831159, 1.1767478405650795, 1.1997739152593359, 1.2221295943886097, 1.2437403578200164, 1.264533584461271, 1.2844391090682685, 1.303389766499893, 1.3213219163437366, 1.3381759408892566, 1.3538967096442382, 1.368434003972846, 1.3817428959708111, 1.3937840763724383, 1.404524127087764, 1.4139357348752029, 1.4219978436410599, 1.4286957438958279, 1.4340210989603164, 1.4379719085742082, 1.440552411588074, 1.4417729303913442, 1.4416496606198932, 1.4402044104775962, 1.4374642946802394, 1.433461388575382, 1.4282323484005783, 1.4218180039115578, 1.4142629297426015, 1.4056150018585052, 1.3959249453297107, 1.3852458794209566, 1.3736328656429648, 1.3611424639918046, 1.3478323021081917, 1.3337606615460678, 1.3189860847630952, 1.3035670058513102, 1.2875614074289683, 1.2710265055281367, 1.2540184637484988, 1.2365921374160789, 1.218800847994042, 1.2006961875473958, 1.182327852668401, 1.163743506927172, 1.1449886706231014, 1.1261066363767376, 1.1071384089168457, 1.0881226672807907, 1.0690957475546239, 1.0500916442282744, 1.0311420282266435, 1.012276279694576, 0.9935215336580115, 0.9749027367505545, 0.9564427132798708, 0.9381622390076624, 0.9200801211266669, 0.9022132830348252, 0.8845768526273926, 0.8671842529497383, 0.8500472941746224, 0.8331762659860152, 0.8165800295654978, 0.8002661084857892, 0.7842407779180872, 0.7685091516550611, 0.7530752665391117, 0.7379421639657264, 0.7231119682043634, 0.7085859613444426, 0.6943646547319012, 0.6804478568127211, 0.6668347373442229, 0.6535238879731742, 0.6405133792123313, 0.6278008138743969, 0.6153833770449878, 0.6032578826945625, 0.5914208170437737, 0.5798683788078521, 0.5685965164537837, 0.5576009626096078, 0.5468772657684845, 0.5364208194315926, 0.5262268888337086, 0.516290635393764, 0.5066071390300061, 0.49717141847582863, 0.48797844972806187, 0.47902318275469463, 0.4703005565837817, 0.46180551288979127, 0.4535330081879714, 0.44547802474156034, 0.43763558028089017, 0.4300007366277163, 0.4225686073124831, 0.4153343642667534, 0.40829324366771974, 0.40144055100659615, 0.39477166544778575, 0.3882820435410348, 0.38196722234433256, 0.37582282201109796, 0.369844547891209, 0.36402819219167887, 0.35836963523925575, 0.3528648463839208, 0.3475098845791655, 0.3423008986720468, 0.33723412743332887, 0.33230589935551835, 0.3275126322442796, 0.3228508326265576, 0.318317094996743, 0.3139081009203636, 0.30962061801308177, 0.3054514988111978, 0.30139767954840735, 0.2974561788522197, 0.29362409637220926, 0.28989861135113887, 0.28627698114894756, 0.28275653972863946, 0.27933469611222805, 0.27600893281408495, 0.27277680425830075, 0.2696359351859901, 0.2665840190578505, 0.26361881645671986, 0.26073815349435686, 0.25793992022619666, 0.25522206907740114, 0.2525826132831303, 0.25001962534560057, 0.24753123551017037, 0.24511563026239594, 0.24277105084772968, 0.24049579181528852, 0.23828819958689726, 0.23614667105241124, 0.23406965219213918, 0.23205563672702373, 0.23010316479708864, 0.22821082166852705, 0.22637723646968633, 0.2246010809560967, 0.22288106830459417, 0.22121595193650237, 0.2196045243697614, 0.21804561609982348, 0.21653809450907432, 0.21508086280448752, 0.21367285898317054, 0.2123130548254223, 0.2110004549148852, 0.20973409568534526, 0.20851304449370717, 0.2073363987186496, 0.20620328488444747, 0.20511285780943284, 0.20406429977855378, 0.2030568197394815, 0.2020896525217087, 0.2011620580780772, 0.2002733207481698, 0.1994227485430009, 0.19860967245043903, 0.1978334457607982, 0.19709344341203616, 0.19638906135400241, 0.19571971593118345, 0.19508484328339876, 0.1944838987639069, 0.19391635637438845, 0.19338170821628034, 0.19287946395794356, 0.1924091503171549, 0.19197031055842237, 0.1915625040046323, 0.19118530556254537, 0.190838305261669, 0.19052110780604142, 0.1902333321384733, 0.1899746110168022, 0.18974459060172422, 0.18954293005577685, 0.18936930115305653, 0.18922338789926396, 0.18910488616167917, 0.18901350330867764, 0.18894895785840796, 0.18891097913626043, 0.1888993069407646, 0.18891369121756302, 0.18895389174111607, 0.18901967780380227, 0.18911082791208564, 0.18922712948943052, 0.18936837858565198, 0.18953437959239747, 0.18972494496446346, 0.18993989494665792, 0.19017905730592702, 0.19044226706847153, 0.19072936626158582, 0.19104020365995855, 0.1913746345361817, 0.19173252041522099, 0.192113728832607, 0.19251813309611338, 0.1929456120506945, 0.193396049846461, 0.1938693357094785, 0.1943653637151801, 0.19488403256418999, 0.19542524536036107, 0.19598890939083555, 0.1965749359079432, 0.19718323991275835, 0.19781373994014168, 0.1984663578450995, 0.19914101859029856, 0.19983765003458032, 0.2005561827223244, 0.20129654967351704, 0.20205868617438616, 0.20284252956847001, 0.20364801904799348, 0.20447509544543094, 0.20532370102514158, 0.20619377927496896, 0.20708527469770235, 0.20799813260230493, 0.20893229889481912, 0.20988771986886662, 0.21086434199566753, 0.2118621117135091, 0.21288097521660232, 0.2139208782432712, 0.21498176586342702]]","[[0.01, 0.011673645222856313, 0.01362924433757481, 0.01580189558251425, 0.01815640128854605, 0.020675376744838034, 0.023351965434272388, 0.026185464997807287, 0.029178864353386815, 0.03233740495389575, 0.03566774138771021, 0.03917745827270359, 0.04287479851976862, 0.04676851651913557, 0.05086780482025097, 0.05518226380844613, 0.059721896370903804, 0.06449711697994416, 0.06951876903675738, 0.07479814693162967, 0.08034702081633861, 0.08617766298625555, 0.09230287529363128, 0.09873601731432795, 0.10549103515989276, 0.11258249091989947, 0.1200255927681524, 0.12783622578962822, 0.13603098359402035, 0.14462720078288768, 0.1536429863343767, 0.16309725796435687, 0.1730097775167057, 0.18340118742898395, 0.19429304831311528, 0.20570787768401888, 0.21766918986242434, 0.2302015370712664, 0.24333055173802104, 0.25708299000800283, 0.2714867764658883, 0.2865710500544535, 0.3023662111706073, 0.3189039699091559, 0.3362173954142439, 0.3543409662869733, 0.37331062198520004, 0.3931638151378377, 0.4139395646810555, 0.4356785097074326, 0.458422963901316, 0.4822169704142185, 0.5071063570129768, 0.5331387913104673, 0.5603638358638463, 0.5888330028984441, 0.6185998083865113, 0.6497198251789128, 0.682250734854515, 0.7162523779163695, 0.7517868019258185, 0.7889183071253271, 0.8277134890581952, 0.8682412776483637, 0.9105729721563917, 0.9547822713784704, 1.0009452984042317, 1.049140619196349, 1.099449254200808, 1.1519546821416353, 1.2067428350982679, 1.2639020839081818, 1.323523212882534, 1.385699382769172, 1.450526080846325, 1.5181010569826177, 1.5885242444559005, 1.6618976642860708, 1.7383253118069892, 1.81791302418139, 1.9007683275520555, 1.987000262524374, 2.076719186691706, 2.1700365529479217, 2.2670646623832074, 2.367916390632115, 2.4727048866391463, 2.5815432429292424, 2.694544136620626, 2.8118194405976817, 2.933479804473826, 3.059634205220294, 3.190389467617703, 3.32584975500393, 3.4661160311444803, 3.6112863443824623, 3.7614644741592356, 3.9167666705858393, 4.077318538614852, 4.243251614491559, 4.414700498049491, 4.591800397598192, 4.7746849838501255, 4.963484477244918, 5.158323913402234, 5.359321546601886, 5.5665873626874784, 5.780221681646438, 6.000313837033362, 6.226940924857164, 6.4601666188814795, 6.700040052728641, 6.946594771897821, 7.199847760926425, 7.459798552525166, 7.726428426661859, 7.999699708300277, 8.279555172850841, 8.565917568384545, 8.858689263322107, 9.157752027657228, 9.4629669548276, 9.774174530133843, 10.091194850152311, 10.413827995924555, 10.741854560870161, 11.07503633240142, 11.413117124162179, 11.755823753716879, 12.102867158428744, 12.45394364023904, 12.80873622814165, 13.166916145387162, 13.528144366891832, 13.89207325100848, 14.258348228771188, 14.626609532978733, 14.996493949049961, 15.367636569476058, 15.739672533908804, 16.11223873745106, 16.484975490537753, 16.857528114887014, 17.229548461330097, 17.60069633685768, 17.970640829908522, 18.339061524730393, 18.705649597518995, 19.07010878894396, 19.432156249560762, 19.7915232564445, 20.147955801131133, 20.501215050584452, 20.851077684397588, 21.197336112767346, 21.53979858093469, 21.87828916675686, 22.21264767886335, 22.542729463450858, 22.868405128197477, 23.189560192033056, 23.506094669603574, 23.817922599226492, 24.124971522967975, 24.427181927198088, 24.724506651614146, 25.01691027428235, 25.30436847975005, 25.58686741674147, 25.86440305138238, 26.136980521317735, 26.404613495501597, 26.667323543861368, 26.92513952047654, 27.17809696337288, 27.42623751352183, 27.669608355155937, 27.908261679067213, 28.142254170148583, 28.371646520069444, 28.596502965645445, 28.81689085316861, 29.03288022870636, 29.244543454154755, 29.451954848640398, 29.655190354705276, 29.854327228576217, 30.04944375371376, 30.240618976751502, 30.427932464873866, 30.61146408363542, 30.791293794196267, 30.967501468933353, 31.140166724384844, 31.309368770492352, 31.47518627512177, 31.63769724286667, 31.79697890716687, 31.95310763480817, 32.10615884190564, 32.25620692051219, 32.40332517503477, 32.54758576768222, 32.689059672211116, 32.827816635277735, 32.96392514474594, 33.09745240434135, 33.228464314081734, 33.35702545595192, 33.483199084328014, 33.60704712069123, 33.72863015220496, 33.84800743376066, 33.9652368931281, 34.08037513887411, 34.193477470740504, 34.30459789219706, 34.41378912490866, 34.5211026248779, 34.62658860004445, 34.73029602914191, 34.832272681630045, 34.9325651385369, 35.03121881406034, 35.128277977792436, 35.2237857774432, 35.31778426195173, 35.41031440488417, 35.5014161280276, 35.59112832509843, 35.67948888549223, 35.76653471800979, 35.85230177450122, 35.93682507337661, 36.02013872293734, 36.10227594448806, 36.183269095193936, 36.26314969065231, 36.34194842715232, 36.41969520359931, 36.49641914308472, 36.57214861408475, 36.6469112512743, 36.72073397594487, 36.79364301601763, 36.865663925644725, 36.93682160439373, 37.007140316012105, 37.07664370676956, 37.14535482337785, 37.21329613048864, 37.28048952777104, 37.34695636657154, 37.41271746615963, 37.477793129563324, 37.54220315899937, 37.60596687090346, 37.6691031105662, 37.731630266381124, 37.79356628371127, 37.854928678381135, 37.915734549801115, 37.97600059373173, 38.03574311469502, 38.094978038040665, 38.153720921674456, 38.21198696745682, 38.26979103227906, 38.32714763882499, 38.38407098602575, 38.440574959215326, 38.49667313999443, 38.55237881581019, 38.6077049892592, 38.66266438712112, 38.71726946913013, 38.77153243649136, 38.825465240149256, 38.87907958881474, 38.932386956757945, 38.98539859137306, 39.03812552052177, 39.09057855966154, 39.14276831876504, 39.19470520903656, 39.246399449431365, 39.29786107298368, 39.34909993294894, 39.4001257087656, 39.450947911841844, 39.50157589117232, 39.55201883878984, 39.6022857950569, 39.65238565380169, 39.70232716730313, 39.75211895112938, 39.80176948883401, 39.85128713651404, 39.9006801272338, 39.9499565753185, 39.99912448052126, 40.04819173206711, 40.09716611257765, 40.146055301879535, 40.194866880700125, 40.24360833425348, 40.29228705571961, 40.34091034961999, 40.38948543509205, 40.43801944906545, 40.486519449342616, 40.53499241758608, 40.58344526221505, 40.631884821213426, 40.680317864851524, 40.72875109832362, 40.77719116430328, 40.82564464541847, 40.87411806664825, 40.92261789764286, 40.97115055496882, 41.01972240428074, 41.068339762421246, 41.11700889945058, 41.16573604060724, 41.21452736820089, 41.26338902343887, 41.31232710818743, 41.36134768666882, 41.41045678709523, 41.459660403240605, 41.50896449595127, 41.558374994596136, 41.607897798457394, 41.657538778062346, 41.707303776457174, 41.75719861042317, 41.807229071636065, 41.85740092776904, 41.90771992353983, 41.95819178170237, 42.00882220398346, 42.05961687196474, 42.110581447910235, 42.16172157553984, 42.21304288074895, 42.26455097227434, 42.3162514423066, 42.36814986704909, 42.42025180722362, 42.47256280852285, 42.52508840200946, 42.577834104462056, 42.63080541866781, 42.684007833661774, 42.73744682491276, 42.79112785445572, 42.84505637097051, 42.899237809806756, 42.95367759295494, 43.0083811289632, 43.06335381279995, 43.118601025661896, 43.17412813472735, 43.22994049285461, 43.2860434382252]]","[array([6.37688001e-05, 6.00799169e-05, 5.86664978e-05, 5.87303122e-05,
       5.97890098e-05, 6.15502365e-05, 6.38350769e-05, 6.65330776e-05,
       6.95757190e-05, 7.29204415e-05, 7.65410152e-05, 8.04217056e-05,
       8.45537142e-05, 8.89329901e-05, 9.35588669e-05, 9.84332015e-05,
       1.03559820e-04, 1.08944152e-04, 1.14592986e-04, 1.20514302e-04,
       1.26717149e-04, 1.33211565e-04, 1.40008515e-04, 1.47119849e-04,
       1.54558273e-04, 1.62337331e-04, 1.70471395e-04, 1.78975658e-04,
       1.87866139e-04, 1.97159692e-04, 2.06874012e-04, 2.17027650e-04,
       2.27640035e-04, 2.38731489e-04, 2.50323250e-04, 2.62437498e-04,
       2.75097376e-04, 2.88327021e-04, 3.02151592e-04, 3.16597294e-04,
       3.31691411e-04, 3.47462336e-04, 3.63939596e-04, 3.81153889e-04,
       3.99137106e-04, 4.17922365e-04, 4.37544036e-04, 4.58037767e-04,
       4.79440513e-04, 5.01790555e-04, 5.25127521e-04, 5.49492409e-04,
       5.74927597e-04, 6.01476857e-04, 6.29185363e-04, 6.58099691e-04,
       6.88267820e-04, 7.19739121e-04, 7.52564344e-04, 7.86795590e-04,
       8.22486287e-04, 8.59691144e-04, 8.98466105e-04, 9.38868284e-04,
       9.80955891e-04, 1.02478815e-03, 1.07042519e-03, 1.11792792e-03,
       1.16735794e-03, 1.21877731e-03, 1.27224846e-03, 1.32783394e-03,
       1.38559622e-03, 1.44559745e-03, 1.50789923e-03, 1.57256226e-03,
       1.63964605e-03, 1.70920858e-03, 1.78130594e-03, 1.85599185e-03,
       1.93331732e-03, 2.01333009e-03, 2.09607419e-03, 2.18158937e-03,
       2.26991055e-03, 2.36106719e-03, 2.45508273e-03, 2.55197385e-03,
       2.65174986e-03, 2.75441195e-03, 2.85995249e-03, 2.96835428e-03,
       3.07958983e-03, 3.19362056e-03, 3.31039721e-03, 3.42988580e-03,
       3.55212133e-03, 3.67719600e-03, 3.80522535e-03, 3.93632460e-03,
       4.07059322e-03, 4.20810503e-03, 4.34890212e-03, 4.49299139e-03,
       4.64034273e-03, 4.79088836e-03, 4.94452290e-03, 5.10110394e-03,
       5.26045280e-03, 5.42235565e-03, 5.58656468e-03, 5.75279945e-03,
       5.92074830e-03, 6.09006999e-03, 6.26039542e-03, 6.43132951e-03,
       6.60245328e-03, 6.77332612e-03, 6.94348829e-03, 7.11246352e-03,
       7.27976195e-03, 7.44488317e-03, 7.60731948e-03, 7.76655928e-03,
       7.92209066e-03, 8.07340500e-03, 8.22000074e-03, 8.36138709e-03,
       8.49708779e-03, 8.62664479e-03, 8.74962177e-03, 8.86560760e-03,
       8.97421955e-03, 9.07510623e-03, 9.16795028e-03, 9.25247075e-03,
       9.32842507e-03, 9.39561072e-03, 9.45386638e-03, 9.50307281e-03,
       9.54315320e-03, 9.57407311e-03, 9.59584009e-03, 9.60850277e-03,
       9.61214968e-03, 9.60690766e-03, 9.59293996e-03, 9.57044409e-03,
       9.53964937e-03, 9.50081432e-03, 9.45422387e-03, 9.40018642e-03,
       9.33903092e-03, 9.27110375e-03, 9.19676576e-03, 9.11638929e-03,
       9.03035517e-03, 8.93905000e-03, 8.84286342e-03, 8.74218553e-03,
       8.63740457e-03, 8.52890471e-03, 8.41706404e-03, 8.30225274e-03,
       8.18483153e-03, 8.06515021e-03, 7.94354650e-03, 7.82034501e-03,
       7.69585639e-03, 7.57037673e-03, 7.44418706e-03, 7.31755299e-03,
       7.19072458e-03, 7.06393627e-03, 6.93740691e-03, 6.81134000e-03,
       6.68592389e-03, 6.56133216e-03, 6.43772398e-03, 6.31524467e-03,
       6.19402611e-03, 6.07418737e-03, 5.95583522e-03, 5.83906478e-03,
       5.72396013e-03, 5.61059486e-03, 5.49903277e-03, 5.38932842e-03,
       5.28152776e-03, 5.17566870e-03, 5.07178171e-03, 4.96989032e-03,
       4.87001172e-03, 4.77215722e-03, 4.67633276e-03, 4.58253937e-03,
       4.49077360e-03, 4.40102797e-03, 4.31329132e-03, 4.22754919e-03,
       4.14378419e-03, 4.06197629e-03, 3.98210312e-03, 3.90414029e-03,
       3.82806161e-03, 3.75383931e-03, 3.68144433e-03, 3.61084645e-03,
       3.54201452e-03, 3.47491662e-03, 3.40952020e-03, 3.34579226e-03,
       3.28369943e-03, 3.22320812e-03, 3.16428462e-03, 3.10689520e-03,
       3.05100617e-03, 2.99658398e-03, 2.94359531e-03, 2.89200708e-03,
       2.84178654e-03, 2.79290130e-03, 2.74531938e-03, 2.69900926e-03,
       2.65393988e-03, 2.61008069e-03, 2.56740167e-03, 2.52587334e-03,
       2.48546678e-03, 2.44615366e-03, 2.40790622e-03, 2.37069728e-03,
       2.33450028e-03, 2.29928923e-03, 2.26503877e-03, 2.23172412e-03,
       2.19932111e-03, 2.16780613e-03, 2.13715621e-03, 2.10734892e-03,
       2.07836244e-03, 2.05017549e-03, 2.02276737e-03, 1.99611794e-03,
       1.97020759e-03, 1.94501724e-03, 1.92052836e-03, 1.89672291e-03,
       1.87358338e-03, 1.85109274e-03, 1.82923444e-03, 1.80799241e-03,
       1.78735106e-03, 1.76729522e-03, 1.74781019e-03, 1.72888169e-03,
       1.71049587e-03, 1.69263926e-03, 1.67529884e-03, 1.65846194e-03,
       1.64211628e-03, 1.62624996e-03, 1.61085143e-03, 1.59590950e-03,
       1.58141330e-03, 1.56735233e-03, 1.55371637e-03, 1.54049554e-03,
       1.52768027e-03, 1.51526126e-03, 1.50322951e-03, 1.49157632e-03,
       1.48029324e-03, 1.46937209e-03, 1.45880494e-03, 1.44858413e-03,
       1.43870222e-03, 1.42915201e-03, 1.41992655e-03, 1.41101908e-03,
       1.40242307e-03, 1.39413222e-03, 1.38614039e-03, 1.37844167e-03,
       1.37103032e-03, 1.36390082e-03, 1.35704779e-03, 1.35046605e-03,
       1.34415058e-03, 1.33809654e-03, 1.33229922e-03, 1.32675409e-03,
       1.32145676e-03, 1.31640301e-03, 1.31158872e-03, 1.30700995e-03,
       1.30266287e-03, 1.29854377e-03, 1.29464910e-03, 1.29097541e-03,
       1.28751937e-03, 1.28427777e-03, 1.28124751e-03, 1.27842559e-03,
       1.27580914e-03, 1.27339537e-03, 1.27118159e-03, 1.26916522e-03,
       1.26734377e-03, 1.26571482e-03, 1.26427607e-03, 1.26302529e-03,
       1.26196032e-03, 1.26107910e-03, 1.26037964e-03, 1.25986004e-03,
       1.25951844e-03, 1.25935308e-03, 1.25936225e-03, 1.25954433e-03,
       1.25989775e-03, 1.26042099e-03, 1.26111261e-03, 1.26197122e-03,
       1.26299550e-03, 1.26418415e-03, 1.26553597e-03, 1.26704977e-03,
       1.26872443e-03, 1.27055888e-03, 1.27255209e-03, 1.27470306e-03,
       1.27701086e-03, 1.27947458e-03, 1.28209335e-03, 1.28486636e-03,
       1.28779282e-03, 1.29087196e-03, 1.29410306e-03, 1.29748544e-03,
       1.30101843e-03, 1.30470140e-03, 1.30853375e-03, 1.31251490e-03,
       1.31664429e-03, 1.32092139e-03, 1.32534570e-03, 1.32991671e-03,
       1.33463396e-03, 1.33949700e-03, 1.34450538e-03, 1.34965868e-03,
       1.35495649e-03, 1.36039841e-03, 1.36598404e-03, 1.37171302e-03,
       1.37758496e-03, 1.38359950e-03, 1.38975628e-03, 1.39605494e-03,
       1.40249511e-03, 1.40907645e-03, 1.41579859e-03, 1.42266117e-03,
       1.42966384e-03])]","[[0, 6.376880005047202e-05, 0.00012384871691641303, 0.0001825152146708144, 0.0002412455268224413, 0.00030103453661266055, 0.0003625847731319066, 0.00042641985001803354, 0.0004929529275799528, 0.0005625286466178892, 0.0006354490880710623, 0.0007119901032861624, 0.0007924118088723168, 0.0008769655231053502, 0.0009658985132399097, 0.0010594573801349907, 0.001157890581640292, 0.0012614504014710423, 0.0013703945533605482, 0.0014849875397946128, 0.0016055018419048363, 0.0017322189909786795, 0.0018654305558854477, 0.0020054390705556858, 0.002152558919122592, 0.002307117192025512, 0.0024694545234415113, 0.0026399259183424867, 0.0028189015759640195, 0.0030067677153294715, 0.0032039274075813602, 0.0034108014191574112, 0.003627829069262271, 0.003855469104594938, 0.004094200593873479, 0.004344523844335774, 0.004606961342074991, 0.004882058717781072, 0.005170385739196457, 0.005472537331348443, 0.0057891346253860715, 0.006120826036620838, 0.0064682883721431435, 0.006832227968155915, 0.00721338185692925, 0.007612518963031594, 0.00803044132823039, 0.008467985364174896, 0.008926023131672914, 0.009405463645048278, 0.009907254199714053, 0.010432381720714666, 0.010981874129575454, 0.011556801726347732, 0.012158278583248364, 0.012787463945762379, 0.013445563636502653, 0.014133831456499428, 0.014853570577922082, 0.015606134921513965, 0.01639293051124601, 0.017215416797864775, 0.01807510794212418, 0.01897357404754666, 0.019912442331558384, 0.02089339822278528, 0.021918186371182792, 0.02298861155650498, 0.02410653947940096, 0.025273897418163254, 0.02649267473284949, 0.027764923197163626, 0.029092757137125027, 0.03047835335418457, 0.03192395080908079, 0.033431850041381564, 0.035004412298347685, 0.0366440583455049, 0.038353266930146734, 0.04013457286793882, 0.04199056472188897, 0.04392388204222081, 0.04593721213518071, 0.048033286328560985, 0.05021487570178085, 0.052484786248780724, 0.05484585344280411, 0.05730093617341949, 0.059852910027925574, 0.06250465989164318, 0.06525907184457916, 0.068119024335606, 0.07108737861968384, 0.0741669684488031, 0.07736058901328445, 0.08067098621939471, 0.08410087201752618, 0.08765299334942986, 0.0913301893524805, 0.09513541470088623, 0.0990717393026845, 0.10314233252746689, 0.10735043755923204, 0.11169933968344975, 0.11619233107586216, 0.12083267380296456, 0.12562356215798604, 0.13056808506184808, 0.13566918899934605, 0.14092964179623046, 0.14635199744403268, 0.15193856212565524, 0.15769136157106087, 0.16361210986817198, 0.1697021798616617, 0.1759625752861646, 0.18239390479659223, 0.18899635807385667, 0.19576968419734714, 0.20271317248452755, 0.20982563600203646, 0.2171053979510286, 0.22455028112183462, 0.2321576005991999, 0.23992415987946694, 0.24784625053534615, 0.25591965553280027, 0.2641396562686276, 0.2725010433572885, 0.2809981311522201, 0.2896247759412765, 0.2983743977090366, 0.30724000531163387, 0.3162142248635738, 0.3252893310918346, 0.3344572813714384, 0.343709752119644, 0.3530381771938233, 0.36243378791171055, 0.37188765429266873, 0.38139072710533084, 0.3909338803007128, 0.4005079534107224, 0.4101037934997929, 0.419712296271853, 0.42932444595554886, 0.43893135361695584, 0.4485242935802275, 0.4580947376719111, 0.4676343870431217, 0.47713520136449206, 0.48658942523087095, 0.49598961165521943, 0.5053286425731917, 0.5145997463206855, 0.5237965120854994, 0.5329129013705209, 0.541943256539095, 0.5508823065429816, 0.5597251699593346, 0.5684673554852402, 0.5771047600564833, 0.5856336647713859, 0.5940507288108956, 0.6023529815527795, 0.6105378130810417, 0.6186029632918171, 0.6265465097943287, 0.6343668548003715, 0.6420627111885528, 0.6496330879205456, 0.6570772749762276, 0.6643948279631322, 0.6715855525434268, 0.6786494888089512, 0.6855868957219533, 0.6923982357262695, 0.6990841596210186, 0.7056454917765725, 0.7120832157607685, 0.7183984604321505, 0.7245924865465442, 0.7306666739135467, 0.7366225091305811, 0.7424615739140433, 0.7481855340397575, 0.7537961288984472, 0.7592951616661889, 0.764684490084824, 0.7699660178430074, 0.7751416865449445, 0.7802134682508354, 0.7851833585705879, 0.7900533702904023, 0.7948255275103355, 0.799501860269867, 0.8040843996377651, 0.808575173242147, 0.8129762012164937, 0.8172894925374888, 0.8215170417308522, 0.8256608259218129, 0.8297228022074721, 0.8337049053290224, 0.8376090456225949, 0.8414371072283682, 0.8451909465384871, 0.8488723908652798, 0.852483237312217, 0.8560252518310216, 0.8595001684492853, 0.8629096886538954, 0.8662554809164896, 0.8695391803480534, 0.8727623884706346, 0.8759266730949803, 0.8790335682936958, 0.8820845744602783, 0.8850811584451003, 0.888024753760093, 0.8909167608445252, 0.8937585473848725, 0.8965514486823422, 0.8992967680621464, 0.9019957773191132, 0.9046497171946866, 0.9072597978807978, 0.9098271995464898, 0.9123530728835462, 0.9148385396677207, 0.9172846933324824, 0.9196925995524818, 0.9220632968342161, 0.9243977971116223, 0.9266970863445533, 0.9289621251183051, 0.9311938492425567, 0.933393170348261, 0.9355609764811889, 0.9376981326909761, 0.9398054816146589, 0.9418838440538099, 0.9439340195444964, 0.9459567869193889, 0.9479529048614397, 0.949923112448637, 0.951868129689418, 0.9537886580483936, 0.9556853809621018, 0.9575589643445616, 0.9594100570824557, 0.9612392915198111, 0.9630472839320919, 0.9648346349896564, 0.966601930210561, 0.9683497404027275, 0.9700786220955131, 0.9717891179607477, 0.9734817572233243, 0.9751570560614459, 0.9768155179966483, 0.978457634273733, 0.9800838842307533, 0.981694735659214, 0.9832906451546434, 0.9848720584577155, 0.9864394107860958, 0.9879931271571958, 0.9895336227020235, 0.9910613029703176, 0.9925765642271596, 0.9940797937412553, 0.9955713700650803, 0.9970516633070831, 0.9985210353961392, 0.9999798403384497, 1.0014284244670724, 1.0028671266842795, 1.0042962786969236, 1.0057162052450004, 1.007127224323589, 1.0085296473983485, 1.0099237796147487, 1.0113099200012048, 1.0126883616662885, 1.0140593919901795, 1.0154232928105222, 1.0167803406028428, 1.0181308066556853, 1.0194749572406172, 1.0208130537772504, 1.0221453529934241, 1.023472107080687, 1.0247935638452177, 1.0261099668543139, 1.027421555578581, 1.0287285655299432, 1.0300312283956006, 1.0313297721680486, 1.0326244212712752, 1.0339153966832457, 1.035202916054783, 1.0364871938249476, 1.0377684413330155, 1.0390468669271553, 1.040322676069894, 1.0415960714404657, 1.042867253034128, 1.044136418258534, 1.0454037620272372, 1.0466694768504123, 1.0479337529228647, 1.0491967782094023, 1.0504587385276403, 1.0517198176283074, 1.052980197273115, 1.054240057310256, 1.0554995757475893, 1.0567589288235706, 1.0580182910759812, 1.0592778354085113, 1.0605377331552448, 1.0617981541430948, 1.0630592667522374, 1.0643212379745863, 1.06558423347035, 1.0668484176227115, 1.0681139535906692, 1.0693810033600748, 1.0706497277929026, 1.0719202866747795, 1.073192838760813, 1.0744675418197387, 1.0757445526764196, 1.07702402725272, 1.0783061206067803, 1.079590986970713, 1.0808787797867425, 1.0821696517418065, 1.0834637548006398, 1.0847612402373548, 1.0860622586655346, 1.0873669600668543, 1.0886754938182408, 1.0899880087175862, 1.0913046530080206, 1.0926255744007591, 1.093950920096527, 1.095280836805571, 1.0966154707662668, 1.0979549677623197, 1.0992994731385728, 1.1006491318154172, 1.1020040883018127, 1.1033644867069172, 1.104730470750327, 1.106102183770928, 1.1074797687343578, 1.108863368239076, 1.1102531245210414, 1.1116491794569952, 1.1130516745663446, 1.1144607510116458, 1.115876549597681, 1.117299210769125, 1.1187288746067987]]"
50.0,80.0,4,90,180,I0-S1,"[[0.01, 0.009218546420913139, 0.008861068736292907, 0.008775059817687893, 0.008868448505882056, 0.009085556391036033, 0.009392587343527756, 0.00976892788032949, 0.010201988828543897, 0.010684102005573182, 0.011210646063099409, 0.011778910069400144, 0.012387400876735708, 0.013035417949095558, 0.013722789827126845, 0.014449708657548573, 0.01521662453812193, 0.01602417661402039, 0.016873146973546166, 0.017764428865693793, 0.01869900405700683, 0.019677926133319857, 0.02070230775587697, 0.0217733106139006, 0.02289213726443866, 0.024060024327661737, 0.02527823667919795, 0.026548062391155668, 0.027870808244647927, 0.029247795683680217, 0.03068035711217401, 0.032169832458156036, 0.0337175659451248, 0.035324903022413506, 0.036993187415326846, 0.03872375826279023, 0.040517947315769756, 0.04237707617417491, 0.04430245354360128, 0.04629537249629055, 0.04835710772321405, 0.05048891276632438, 0.0526920172218447, 0.05496762390703759, 0.05731690598426423, 0.05974100403734837, 0.062241023096331775, 0.06481802960767342, 0.06747304834782743, 0.0702070592789517, 0.07302099434626644, 0.0759157342173112, 0.07889210496405236, 0.081950874689478, 0.08509275010099095, 0.08831837303358028, 0.09162831692642014, 0.09502308325721635, 0.09850309793929958, 0.10206870768714822, 0.10572017635671899, 0.10945768126766547, 0.11328130951523702, 0.11719105428036927, 0.12118681114720378, 0.12526837443800384, 0.1294354335761649, 0.13368756948874846, 0.13802425106069272, 0.14244483165356933, 0.1469485457024574, 0.15153450540518892, 0.15620169751887927, 0.1609489802792853, 0.16577508045912617, 0.17067859058205279, 0.17565796630945216, 0.1807115240177168, 0.18583743858399, 0.19103374139870552, 0.19629831862347194, 0.20162890971299238, 0.2070231062197623, 0.21247835090023345, 0.2179919371409725, 0.22356100872306522, 0.22918255994261819, 0.23485343610468315, 0.24057033440726794, 0.2463298052312983, 0.2521282538514536, 0.2579619425817122, 0.26382699336820686, 0.2697193908406093, 0.2756349858317301, 0.28156966139851614, 0.2875209702415864, 0.293488970364633, 0.29947523398731046, 0.3054821085721025, 0.3115122738601262, 0.3175684793925165, 0.3236533917793841, 0.3297695083312384, 0.33591911048850714, 0.34210424082627233, 0.34832669376551323, 0.3545880140221835, 0.36088949921510777, 0.36723220451414956, 0.373616948099345, 0.3800443167402277, 0.3865146711281747, 0.3930281507868781, 0.39958467849838547, 0.40618396424612585, 0.41282550871128026, 0.4195086063765835, 0.4262323482993353, 0.4329956246173883, 0.4397971268507665, 0.4466353500588737, 0.45350859490986406, 0.46041496971515505, 0.467352392478531, 0.47431859300592444, 0.4813111151188295, 0.4883273190113818, 0.49536438378841813, 0.5024193102192673, 0.5094889237395844, 0.5165698777311861, 0.5236586571075429, 0.5307515822302991, 0.537844813179902, 0.5449343544010996, 0.5520160597417012, 0.5590856379005602, 0.5661386582982404, 0.5731705573812373, 0.580176645367962, 0.5871521134419379, 0.5940920413948274, 0.6009914057189887, 0.6078450881462751, 0.6146478846267488, 0.6213945147378792, 0.6280796315116736, 0.6346978316640358, 0.6412436662075089, 0.6477116514254277, 0.6540962801824289, 0.6603920335432456, 0.6665933926687835, 0.672694850955659, 0.6786909263826952, 0.6845761740253522, 0.6903451986967325, 0.6959926676716741, 0.70151332344855, 0.7069019965017482, 0.7121536179764429, 0.7172632322761855, 0.722226009493081, 0.727037257629867, 0.7316924345631024, 0.7361871596969004, 0.7405172252572225, 0.7446786071776733, 0.7486674755290157, 0.752480204446247, 0.7561133815090323, 0.7595638165335787, 0.7628285497366245, 0.7659048592351099, 0.7687902678482538, 0.7714825491721728, 0.7739797329008103, 0.7762801093707713, 0.7783822333116507, 0.7802849267875624, 0.7819872813197988, 0.7834886591848319, 0.7847886938861803, 0.7858872898029686, 0.7867846210222695, 0.7874811293665039, 0.7879775216312502, 0.7882747660527512, 0.7883740880281652, 0.7882769651151809, 0.7879851213409423, 0.7875005208533365, 0.7868253609505053, 0.7859620645269906, 0.7849132719771588, 0.7836818325984767, 0.7822707955388254, 0.7806834003333273, 0.7789230670771264, 0.7769933862812093, 0.7748981084586795, 0.7726411334889194, 0.7702264998067947, 0.7676583734634889, 0.7649410371047197, 0.7620788789109985, 0.7590763815432643, 0.7559381111356801, 0.7526687063756369, 0.7492728677090977, 0.7457553467073449, 0.7421209356289947, 0.7383744572088408, 0.7345207547026944, 0.730564682214937, 0.7265110953330003, 0.7223648420904749, 0.7181307542780205, 0.7138136391187474, 0.7094182713222634, 0.7049493855291559, 0.7004116691553093, 0.6958097556431784, 0.6911482181249269, 0.6864315635002433, 0.68166422692964, 0.6768505667421596, 0.6719948597546375, 0.6671012969980255, 0.6621739798447575, 0.6572169165297437, 0.6522340190563087, 0.6472291004772537, 0.6422058725402005, 0.6371679436854896, 0.6321188173841297, 0.6270618908026413, 0.6220004537810964, 0.6169376881102185, 0.6118766670930766, 0.6068203553766679, 0.6017716090385399, 0.5967331759135401, 0.5917076961457992, 0.586697702951141, 0.5817056235752709, 0.5767337804333057, 0.5717843924164788, 0.5668595763521707, 0.5619613486037714, 0.5570916267972807, 0.552252231661973, 0.5474448889729111, 0.5426712315835651, 0.5379328015372842, 0.5332310522468738, 0.5285673507320443, 0.5239429799050138, 0.519359140895073, 0.5148169554034348, 0.5103174680802134, 0.5058616489158838, 0.5014503956400772, 0.49708453612106224, 0.4927648307597374, 0.48849197487243534, 0.48426660105728575, 0.4800892815393271, 0.4759605304899769, 0.47188080631687523, 0.4678505139205061, 0.46387000691436875, 0.4599395898058265, 0.4560595201350916, 0.4522300105701251, 0.448451230955527, 0.4447233103137744, 0.44104633879742855, 0.4374203695911815, 0.4338454207628404, 0.43032147706256524, 0.4268484916698741, 0.4234263878881138, 0.4200550607862656, 0.4167343787881097, 0.41346418520891776, 0.41024429973997056, 0.4070745198813186, 0.403954622323309, 0.4008843642774995, 0.39786348475766536, 0.39489170581168215, 0.3919687337051347, 0.3890942600575621, 0.38626796293229815, 0.3834895078809127, 0.38075854894329375, 0.37807472960444294, 0.3754376837090794, 0.37284703633516814, 0.3703024046275015, 0.367803398592473, 0.3653496218551864, 0.36294067238004674, 0.36057614315597575, 0.35825562284738904, 0.3559786964120653, 0.3537449456870265, 0.35155394994353456, 0.34940528641229485, 0.3472985307799415, 0.34523325765785856, 0.3432090410243732, 0.34122545464133497, 0.33928207244607345, 0.3373784689197042, 0.3355142194327281, 0.33368890056884626, 0.3319020904278874, 0.33015336890872, 0.32844231797299694, 0.3267685218905533, 0.32513156746725597, 0.32353104425607504, 0.3219665447521252, 0.3204376645723981, 0.3189440026208832, 0.317485161239751, 0.3160607463472476, 0.3146703675629257, 0.3133136383208162, 0.31199017597111967, 0.3106996018709761, 0.3094415414648494, 0.3082156243550418, 0.3070214843628329, 0.3058587595807188, 0.30472709241620577, 0.30362612962759494, 0.3025555223521762, 0.3015149261272315, 0.3005040009042303, 0.2995224110565831, 0.29856982538130394, 0.29764591709491506, 0.2967503638239146, 0.29588284759011124, 0.2950430547911166, 0.2942306761762739, 0.2934454068182862, 0.2926869460807966, 0.29195499758216087, 0.2912492691556406, 0.2905694728062341, 0.28991532466435266, 0.28928654493653877, 0.2886828578534127, 0.288103991615026, 0.2875496783337905, 0.28701965397514373, 0.2865136582961015, 0.2860314347818445, 0.28557273058047455, 0.2851372964360709, 0.2847248866201706]]","[[0.01, 0.011673645222856313, 0.01362924433757481, 0.01580189558251425, 0.01815640128854605, 0.020675386533321433, 0.023352115471107236, 0.02618619323618003, 0.029181072075229592, 0.03234257636314911, 0.03567803091104864, 0.039195748666991714, 0.04290473227451772, 0.046814502519422006, 0.050935001758327166, 0.05527654139520512, 0.05984977500488858, 0.06466568618427883, 0.0697355846727063, 0.07507110693833645, 0.0806842190049834, 0.08658722022812862, 0.09279274728025408, 0.09931377792900596, 0.1061636343798286, 0.11335598606276968, 0.12090485180403522, 0.12882460135611382, 0.13712995627748809, 0.14583599016096185, 0.15495812821248967, 0.16451214618246218, 0.17451416865004205, 0.1849806666591438, 0.1959284547024428, 0.2073746870476223, 0.21933685339804074, 0.2318327738781833, 0.24488059333266876, 0.25849877492621776, 0.27270609303084087, 0.28752162538556486, 0.30296474451326877, 0.31905510837863643, 0.33581265027084123, 0.3532575678943517, 0.3714103116511778, 0.3902915720979677, 0.4099222665616025, 0.4303235248973323, 0.451516674374041, 0.4735232236719295, 0.4963648459787629, 0.5200633611718466, 0.5446407170740759, 0.5701189697737518, 0.5965202629993764, 0.623866806542335, 0.6521808537222438, 0.6814846778918027, 0.7118005479802281, 0.7431507030767762, 0.7755573260584836, 0.809042516269065, 0.8436282612589117, 0.8793364075993269, 0.9161886307875207, 0.9542064042624541, 0.9934109675553733, 1.0338232936028064, 1.0754640552538852, 1.11835359100811, 1.1625118700240837, 1.207958456444274, 1.2547124730855193, 1.302792564549768, 1.3522168598143784, 1.4030029343662247, 1.4551677719488099, 1.5087277259965597, 1.5636984808354324, 1.6200950127339055, 1.6779315508932553, 1.7372215384707985, 1.7979775937343823, 1.8602114714508557, 1.9239340246154917, 1.989155166633319, 2.055883834067027, 2.124127950069486, 2.1938943886219318, 2.2651889397014844, 2.338016275503813, 2.4123799178484506, 2.488282206895408, 2.565724441651883, 2.6447086995893208, 2.725239272384466, 2.8073221950869023, 2.8909647930887186, 2.9761753764169336, 3.062963025884705, 3.151337436873909, 3.241308799512165, 3.332887702025558, 3.4260850490060255, 3.5209119894041296, 3.617379850966143, 3.7155000790237356, 3.8152841782892204, 3.916743656778349, 4.01988997128057, 4.124734473988046, 4.231288360019594, 4.339562615658885, 4.449567967183175, 4.561314830199087, 4.674813259431568, 4.790072898934904, 4.907102932712806, 5.025912035749801, 5.146508325469175, 5.268899313644312, 5.39309185880076, 5.5190921191559195, 5.64690550615218, 5.776536638647627, 5.907989297836117, 6.041266382975785, 6.176369868011679, 6.313300759184418, 6.452059053722378, 6.592643699720017, 6.735052557309471, 6.879282361236477, 7.025328684954973, 7.173185906357412, 7.3228471752597875, 7.474304382761627, 7.627548132601796, 7.782567714630686, 7.9393510805183904, 8.097884821816667, 8.258154150489874, 8.420142882026603, 8.58383342123948, 8.749206750855455, 8.916242422993019, 9.084918553615893, 9.255211820045306, 9.42709746160449, 9.600549283459978, 9.775539663714392, 9.952039563794967, 10.130018542170854, 10.30944477142056, 10.490285058658676, 10.672504869318358, 10.856068354273045, 11.040938380267564, 11.227076563615254, 11.414443307104174, 11.602997840041766, 11.792698261353793, 11.983501585639974, 12.175363792075593, 12.368239876035561, 12.562083903305103, 12.756849066729425, 12.952487745143568, 13.14895156441323, 13.34619146040765, 13.544157743716937, 13.742800165918297, 13.94206798718889, 14.141910045057141, 14.342274824079707, 14.543110526227702, 14.744365141763376, 14.945986520387189, 15.147922442435114, 15.350120689907165, 15.552529117110325, 15.755095720702446, 15.957768708928207, 16.160496569843698, 16.363228138332776, 16.56591266172583, 16.768499863839967, 16.970940007268865, 17.173183953760386, 17.3751832225308, 17.576890046375496, 17.77825742544784, 17.979239178589864, 18.17978999211086, 18.37986546592259, 18.5794221569526, 18.778417619769783, 18.97681044436939, 19.17456029107701, 19.371627922543727, 19.567975232816828, 19.763565273482183, 19.95836227688607, 20.152331676455056, 20.345440124143206, 20.53765550504575, 20.728946949227836, 20.91928484082566, 21.10864082448538, 21.29698780921284, 21.484299969713675, 21.670552745309624, 21.855722836522247, 22.039788199419924, 22.222728037828087, 22.404522793505997, 22.585154134396117, 22.764604941054177, 22.942859291369597, 23.119902443686744, 23.29572081843793, 23.4703019783988, 23.643634607676248, 23.81570848953766, 23.986514483188984, 24.156044499607034, 24.324291476529208, 24.49124935270125, 24.656913041480745, 24.821278403890958, 24.98434222121626, 25.146102167226932, 25.30655678011733, 25.46570543423779, 25.623548311696613, 25.780086373904577, 25.93532133313046, 26.089255624132008, 26.24189237592278, 26.393235383731344, 26.543289081205312, 26.692058512908904, 26.839549307158812, 26.98576764923949, 27.130720255035353, 27.274414345113804, 27.41685761928971, 27.55805823169854, 27.698024766402273, 27.836766213549296, 27.974291946106344, 28.110611697178115, 28.245735537927345, 28.379673856105807, 28.51243733520433, 28.644036934227742, 28.774483868098645, 28.903789588691954, 29.031965766500463, 29.15902427292992, 29.284977163220727, 29.409836659991853, 29.533615137401338, 29.656325105916622, 29.777979197686822, 29.89859015250813, 30.018170804372726, 30.136734068590734, 30.25429292947418, 30.370860428571245, 30.486449653438687, 30.601073726939763, 30.714745797054725, 30.827479027190638, 30.939286586976998, 31.0501816435335, 31.16017735319616, 31.269286853687944, 31.37752325671995, 31.48489964100935, 31.591429045700174, 31.697124464173235, 31.801998838231544, 31.906065052647723, 32.00933593006008, 32.111824226204256, 32.21354262546744, 32.31450373675255, 32.414720089639864, 32.51420413083393, 32.61296822088381, 32.71102463116502, 32.808385541111825, 32.90506303568877, 33.001069103090686, 33.096415632660694, 33.19111441301605, 33.28517713037194, 33.3786153670536, 33.4714406001876, 33.563664200563274, 33.65529743165557, 33.74635144880103, 33.83683729851875, 33.92676591796864, 34.01614813453924, 34.10499466555817, 34.193316118117956, 34.28112298901073, 34.3684256647653, 34.45523442178038, 34.54155942654816, 34.62741073596233, 34.71279829770535, 34.797731950709526, 34.882221425687014, 34.96627634572394, 35.049906226934006, 35.13312047916729, 35.215928406769955, 35.29833920939101, 35.380361982832184, 35.462005719937366, 35.54327931151806, 35.62419154731172, 35.70475111696957, 35.784966611071205, 35.86484652216291, 35.94439924581707, 36.02363308171013, 36.10255623471663, 36.181176816016986, 36.25950284421687, 36.33754224647606, 36.41530285964479, 36.49279243140575, 36.57001862141996, 36.64698900247483, 36.72371106163285, 36.80019220137933, 36.87643974076796, 36.9524609165626, 37.02826288437431, 37.10385271979217, 37.17923741950707, 37.254423902427064, 37.329419010783646, 37.404229511227804, 37.478862095915034, 37.5533233835785, 37.627619920589574, 37.701758182005065, 37.77574457260037, 37.84958542788804, 37.92328701512109, 37.996855534280506, 38.07029711904653, 38.14361783775308, 38.21682369432507, 38.289920629198036, 38.3629145202198, 38.43581118353381, 38.50861637444373, 38.581335788259224]]","[array([6.37688001e-05, 6.00799169e-05, 5.86664978e-05, 5.87303122e-05,
       5.97890223e-05, 6.15505970e-05, 6.38373306e-05, 6.65407244e-05,
       6.95945743e-05, 7.29587140e-05, 7.66091883e-05, 8.05322805e-05,
       8.47208616e-05, 8.91721392e-05, 9.38862547e-05, 9.88653956e-05,
       1.04113223e-04, 1.09634497e-04, 1.15434815e-04, 1.21520438e-04,
       1.27898160e-04, 1.34575206e-04, 1.41559163e-04, 1.48857917e-04,
       1.56479601e-04, 1.64432556e-04, 1.72725295e-04, 1.81366469e-04,
       1.90364843e-04, 1.99729263e-04, 2.09468640e-04, 2.19591922e-04,
       2.30108076e-04, 2.41026069e-04, 2.52354844e-04, 2.64103306e-04,
       2.76280302e-04, 2.88894600e-04, 3.01954874e-04, 3.15469685e-04,
       3.29447463e-04, 3.43896485e-04, 3.58824862e-04, 3.74240515e-04,
       3.90151158e-04, 4.06564278e-04, 4.23487115e-04, 4.40926642e-04,
       4.58889543e-04, 4.77382192e-04, 4.96410634e-04, 5.15980560e-04,
       5.36097285e-04, 5.56765727e-04, 5.77990384e-04, 5.99775307e-04,
       6.22124083e-04, 6.45039805e-04, 6.68525050e-04, 6.92581855e-04,
       7.17211693e-04, 7.42415448e-04, 7.68193388e-04, 7.94545146e-04,
       8.21469690e-04, 8.48965300e-04, 8.77029547e-04, 9.05659265e-04,
       9.34850531e-04, 9.64598639e-04, 9.94898079e-04, 1.02574252e-03,
       1.05712477e-03, 1.08903679e-03, 1.12146965e-03, 1.15441349e-03,
       1.18785758e-03, 1.22179021e-03, 1.25619873e-03, 1.29106955e-03,
       1.32638807e-03, 1.36213874e-03, 1.39830501e-03, 1.43486933e-03,
       1.47181315e-03, 1.50911693e-03, 1.54676015e-03, 1.58472128e-03,
       1.62297780e-03, 1.66150623e-03, 1.70028214e-03, 1.73928013e-03,
       1.77847389e-03, 1.81783621e-03, 1.85733920e-03, 1.89695972e-03,
       1.93669020e-03, 1.97653660e-03, 2.01651230e-03, 2.05663423e-03,
       2.09692062e-03, 2.13738957e-03, 2.17805834e-03, 2.21894287e-03,
       2.26005758e-03, 2.30141526e-03, 2.34302705e-03, 2.38490241e-03,
       2.42704919e-03, 2.46947363e-03, 2.51218041e-03, 2.55517268e-03,
       2.59845211e-03, 2.64201891e-03, 2.68587184e-03, 2.73000827e-03,
       2.77442420e-03, 2.81911422e-03, 2.86407162e-03, 2.90928833e-03,
       2.95475497e-03, 3.00046087e-03, 3.04639404e-03, 3.09254124e-03,
       3.13888796e-03, 3.18541845e-03, 3.23211572e-03, 3.27896157e-03,
       3.32593659e-03, 3.37302020e-03, 3.42019066e-03, 3.46742511e-03,
       3.51469954e-03, 3.56198891e-03, 3.60926708e-03, 3.65650691e-03,
       3.70368028e-03, 3.75075811e-03, 3.79771041e-03, 3.84450634e-03,
       3.89111423e-03, 3.93750165e-03, 3.98363544e-03, 4.02948180e-03,
       4.07500630e-03, 4.12017401e-03, 4.16494949e-03, 4.20929690e-03,
       4.25318005e-03, 4.29656250e-03, 4.33940761e-03, 4.38167862e-03,
       4.42333873e-03, 4.46435117e-03, 4.50467932e-03, 4.54428674e-03,
       4.58313730e-03, 4.62119522e-03, 4.65842520e-03, 4.69479248e-03,
       4.73026291e-03, 4.76480308e-03, 4.79838037e-03, 4.83096302e-03,
       4.86252025e-03, 4.89302231e-03, 4.92244056e-03, 4.95074757e-03,
       4.97791714e-03, 5.00392442e-03, 5.02874595e-03, 5.05235970e-03,
       5.07474517e-03, 5.09588342e-03, 5.11575712e-03, 5.13435059e-03,
       5.15164983e-03, 5.16764257e-03, 5.18231830e-03, 5.19566827e-03,
       5.20768553e-03, 5.21836492e-03, 5.22770309e-03, 5.23569850e-03,
       5.24235142e-03, 5.24766390e-03, 5.25163977e-03, 5.25428462e-03,
       5.25560575e-03, 5.25561219e-03, 5.25431461e-03, 5.25172531e-03,
       5.24785816e-03, 5.24272856e-03, 5.23635340e-03, 5.22875099e-03,
       5.21994099e-03, 5.20994436e-03, 5.19878332e-03, 5.18648123e-03,
       5.17306258e-03, 5.15855286e-03, 5.14297855e-03, 5.12636701e-03,
       5.10874639e-03, 5.09014561e-03, 5.07059424e-03, 5.05012246e-03,
       5.02876094e-03, 5.00654084e-03, 4.98349366e-03, 4.95965121e-03,
       4.93504556e-03, 4.90970893e-03, 4.88367365e-03, 4.85697209e-03,
       4.82963660e-03, 4.80169945e-03, 4.77319277e-03, 4.74414852e-03,
       4.71459839e-03, 4.68457380e-03, 4.65410580e-03, 4.62322511e-03,
       4.59196199e-03, 4.56034624e-03, 4.52840718e-03, 4.49617361e-03,
       4.46367374e-03, 4.43093522e-03, 4.39798508e-03, 4.36484974e-03,
       4.33155492e-03, 4.29812574e-03, 4.26458657e-03, 4.23096114e-03,
       4.19727244e-03, 4.16354276e-03, 4.12979368e-03, 4.09604605e-03,
       4.06231999e-03, 4.02863490e-03, 3.99500948e-03, 3.96146166e-03,
       3.92800871e-03, 3.89466715e-03, 3.86145281e-03, 3.82838084e-03,
       3.79546567e-03, 3.76272110e-03, 3.73016023e-03, 3.69779552e-03,
       3.66563880e-03, 3.63370125e-03, 3.60199346e-03, 3.57052541e-03,
       3.53930651e-03, 3.50834558e-03, 3.47765090e-03, 3.44723022e-03,
       3.41709075e-03, 3.38723921e-03, 3.35768182e-03, 3.32842434e-03,
       3.29947205e-03, 3.27082981e-03, 3.24250204e-03, 3.21449276e-03,
       3.18680559e-03, 3.15944377e-03, 3.13241017e-03, 3.10570732e-03,
       3.07933742e-03, 3.05330233e-03, 3.02760363e-03, 3.00224258e-03,
       2.97722019e-03, 2.95253717e-03, 2.92819402e-03, 2.90419096e-03,
       2.88052800e-03, 2.85720494e-03, 2.83422136e-03, 2.81157665e-03,
       2.78927004e-03, 2.76730055e-03, 2.74566705e-03, 2.72436829e-03,
       2.70340283e-03, 2.68276912e-03, 2.66246547e-03, 2.64249010e-03,
       2.62284110e-03, 2.60351646e-03, 2.58451407e-03, 2.56583175e-03,
       2.54746723e-03, 2.52941817e-03, 2.51168216e-03, 2.49425673e-03,
       2.47713935e-03, 2.46032744e-03, 2.44381839e-03, 2.42760952e-03,
       2.41169815e-03, 2.39608155e-03, 2.38075696e-03, 2.36572160e-03,
       2.35097268e-03, 2.33650739e-03, 2.32232289e-03, 2.30841637e-03,
       2.29478497e-03, 2.28142586e-03, 2.26833621e-03, 2.25551316e-03,
       2.24295388e-03, 2.23065556e-03, 2.21861536e-03, 2.20683049e-03,
       2.19529814e-03, 2.18401555e-03, 2.17297994e-03, 2.16218858e-03,
       2.15163873e-03, 2.14132769e-03, 2.13125277e-03, 2.12141131e-03,
       2.11180067e-03, 2.10241825e-03, 2.09326143e-03, 2.08432767e-03,
       2.07561443e-03, 2.06711918e-03, 2.05883946e-03, 2.05077281e-03,
       2.04291679e-03, 2.03526902e-03, 2.02782711e-03, 2.02058874e-03,
       2.01355158e-03, 2.00671337e-03, 2.00007183e-03, 1.99362477e-03,
       1.98736997e-03, 1.98130527e-03, 1.97542855e-03, 1.96973769e-03,
       1.96423062e-03, 1.95890530e-03, 1.95375970e-03, 1.94879183e-03,
       1.94399974e-03, 1.93938148e-03, 1.93493515e-03, 1.93065888e-03,
       1.92655081e-03, 1.92260912e-03, 1.91883200e-03, 1.91521769e-03,
       1.91176443e-03, 1.90847051e-03, 1.90533422e-03, 1.90235390e-03,
       1.89952789e-03])]","[[0, 6.376880005047202e-05, 0.00012384871691641303, 0.0001825152146708144, 0.0002412455268224413, 0.0003010345491502699, 0.00036258514617089544, 0.00042642247677533853, 0.0004929632012126153, 0.0005625577755214526, 0.0006355164895571227, 0.0007121256778595212, 0.0007926579583839483, 0.000877378820008479, 0.0009665509592519562, 0.001060437213965105, 0.0011593026095264064, 0.0012634158329937256, 0.001373050329848315, 0.0014884851447439652, 0.0016100055830643267, 0.0017379037427223058, 0.0018724789486851202, 0.002014038112080659, 0.0021628960289711676, 0.002319375629483324, 0.0024838081850607086, 0.0026565334796093023, 0.002837899948904939, 0.0030282647916177047, 0.003227994054553653, 0.003437462694137821, 0.003657054615712136, 0.003887162691863124, 0.004128188760704311, 0.004380543604800833, 0.0046446469112278186, 0.0049209272130911275, 0.005209821812703052, 0.0055117766864916165, 0.005827246371626671, 0.0061566938342659866, 0.006500590319257768, 0.006859415181080489, 0.007233655695755248, 0.007623806853428658, 0.0080303711312947, 0.008453858246501147, 0.00889478488866948, 0.009353674431646246, 0.009831056624098038, 0.010327467258561512, 0.010843447818563908, 0.011379545103438145, 0.011936310830469738, 0.012514301214030429, 0.013114076521375488, 0.013736200604808275, 0.014381240409946603, 0.015049765459861156, 0.015742347314896342, 0.01645955900802885, 0.017201974455668744, 0.01797016784386223, 0.01876471298991449, 0.019586182679514882, 0.020435147979515733, 0.021312177526589753, 0.022217836792069623, 0.023152687323356808, 0.024117285962374748, 0.02511218404163431, 0.02613792655857674, 0.027195051328960745, 0.028284088120166053, 0.029405557765395197, 0.030559971259868212, 0.03174782884022098, 0.03296961904843687, 0.03422581778176243, 0.035516887330180776, 0.036843275403140585, 0.03820541414736344, 0.039603719157677006, 0.0410385884829457, 0.04251040162929325, 0.04401951856293177, 0.04556627871502949, 0.04715099999116256, 0.04877397778800485, 0.05043548402001239, 0.05213576615895509, 0.0538750462892365, 0.05565352018202182, 0.057471356391264335, 0.059328695590996516, 0.061225655307733336, 0.06316234550700862, 0.06513888210648289, 0.06715539440302896, 0.06921202863783912, 0.07130894925953733, 0.07344633883362399, 0.07562439717353053, 0.07784334003992338, 0.0801033976150585, 0.08240481287373026, 0.08474783992062228, 0.0871327423326916, 0.08955979152662519, 0.09202926516049358, 0.09454144557247637, 0.09709661825610051, 0.0996950703696809, 0.10233708927689605, 0.105022961115248, 0.10775296938929363, 0.11052739358584371, 0.11334650780871602, 0.11621057943104977, 0.11911986776361128, 0.12207462273792986, 0.12507508360349212, 0.12812147763858714, 0.13121401887473733, 0.13435290683496764, 0.13753832528646226, 0.1407704410084347, 0.14404940257629525, 0.14737533916343928, 0.1507483593622035, 0.15416855002574525, 0.1576359751327915, 0.16115067467738106, 0.16471266358588504, 0.16832193066373694, 0.17197843757443404, 0.1756821178534864, 0.17943287596008792, 0.18323058636936515, 0.1870750927081227, 0.1909662069370507, 0.1949037085823854, 0.19888734402002295, 0.20291682581507342, 0.20699183211981115, 0.21111200613292408, 0.21527695562289212, 0.21948625251823006, 0.2237394325672155, 0.22803599506958608, 0.2323754026825338, 0.2367570813031467, 0.24118042002925158, 0.2456447712003947, 0.25014945052046406, 0.2546937372632032, 0.25927687456160065, 0.2638980697818538, 0.2685564949823121, 0.2732512874574937, 0.2779815503669541, 0.28274635344845667, 0.28754473381456397, 0.2923756968314314, 0.29723821707824655, 0.3021312393854198, 0.3070536799492956, 0.31200442752082475, 0.3169823446653131, 0.3219862690900515, 0.3270150150363278, 0.33206737473203535, 0.33714211990082277, 0.3422380033234749, 0.3473537604469842, 0.3524881110365594, 0.35763976086563365, 0.36280740343876905, 0.3679897217422219, 0.37318539001681966, 0.378393075547724, 0.3836114404655974, 0.38883914355366944, 0.3940748420552012, 0.39931719347588146, 0.40456485737574754, 0.40981649714531393, 0.41507078176070716, 0.4203263875127457, 0.42558199970507055, 0.43083631431661995, 0.43608803962395243, 0.4413358977791518, 0.4465786263392956, 0.4518149797437327, 0.45704373073569154, 0.4622636717250333, 0.4674736160892588, 0.4726723994101889, 0.477858880644047, 0.4830319432229885, 0.48819049608643933, 0.49333347464091937, 0.49845984164734, 0.5035685880350739, 0.5086587336423951, 0.5137293278831816, 0.5187794503400562, 0.5238082112844163, 0.5288147521240595, 0.5337982457793637, 0.5387578969892127, 0.5436929425480725, 0.5486026514758328, 0.5534863251222076, 0.5583432972076647, 0.5631729338030007, 0.5679746332498208, 0.572747826024297, 0.5774919745466841, 0.5822065729391583, 0.5868911467346136, 0.5915452525391073, 0.5961684776506838, 0.6007604396373356, 0.6053207858768662, 0.6098491930614255, 0.6143453666694695, 0.6188090404078761, 0.6232399756269089, 0.627637960710681, 0.6320028104457132, 0.6363343653701217, 0.6406324911058997, 0.6448970776766834, 0.6491280388133115, 0.6533253112494011, 0.6574888540090744, 0.6616186476888777, 0.6657146937358366, 0.6697770137234982, 0.6738056486277084, 0.6778006581037758, 0.6817621197665719, 0.6856901284750222, 0.6895847956223399, 0.6934462484332597, 0.6972746292694347, 0.7010700949440616, 0.7048328160467144, 0.7085629762792732, 0.71226077180375, 0.7159264106027328, 0.7195601118530854, 0.7231621053134684, 0.7267326307261679, 0.7302719372336548, 0.7337802828102244, 0.7372579337090102, 0.7407051639245984, 0.7441222546714212, 0.7475094938780483, 0.7508671756974492, 0.7541956000332544, 0.7574950720819975, 0.7607659018912833, 0.7640084039337888, 0.7672228966969721, 0.770409702288332, 0.7735691460560344, 0.7767015562246951, 0.7798072635460868, 0.7828866009645183, 0.7859399032966143, 0.7889675069252087, 0.7919697495070517, 0.7949469696940193, 0.7978995068675, 0.8008277008856306, 0.8037318918430422, 0.806612419842774, 0.8094696247800082, 0.8123038461372762, 0.8151154227907869, 0.8179046928275229, 0.820671993372758, 0.8234176604276442, 0.826142028716523, 0.828845431543617, 0.8315282006587631, 0.8341906661318514, 0.83683315623564, 0.8394559973366206, 0.8420595137936174, 0.8446440278638047, 0.8472098596158384, 0.8497573268498027, 0.8522867450236783, 0.8547984271860484, 0.8572926839147643, 0.8597698232613012, 0.8622301507005403, 0.8646739690857245, 0.8671015786083374, 0.8695132767626699, 0.871909358314838, 0.8742901152760308, 0.8766558368797702, 0.8790068095629721, 0.8813433169506086, 0.8836656398437753, 0.8859740562109745, 0.8882688411824358, 0.8905502670472983, 0.8928186032534875, 0.895074116410125, 0.897317070292319, 0.8995477258481842, 0.9017663412079512, 0.9039731716950277, 0.9061684698388818, 0.9083524853896219, 0.9105254653341537, 0.9126876539137994, 0.9148392926432708, 0.916980620330891, 0.9191118730999653, 0.9212332844112062, 0.9233450850861208, 0.9254475033312762, 0.9275407647633586, 0.929625092434948, 0.9317007068609349, 0.9337678260455066, 0.9358266655096363, 0.9378774383190113, 0.9399203551123378, 0.941955624129967, 0.9439834512427848, 0.9460040399813155, 0.9480175915649889, 0.9500243049315247, 0.9520243767663894, 0.9540180015322851, 0.9560053714986295, 0.9579866767709905, 0.9599621053204397, 0.9619318430127924, 0.9638960736377016, 0.9658549789375773, 0.9678087386363033, 0.9697575304677244, 0.9717015302038804, 0.9736409116829638, 0.9755758468369782, 0.9775065057190784, 0.9794330565305731, 0.9813556656475707, 0.9832744976472534, 0.9851897153337634, 0.9871014797636857, 0.9890099502711149, 0.9909152844922935, 0.9928176383898086, 0.9947171662763382]]"
50.0,80.0,4,90,180,I1-S1,"[[0.01, 0.009218546420913139, 0.008861068736292907, 0.008775059817687893, 0.008868448505882056, 0.009085556411129132, 0.009392588410132265, 0.00976893859429872, 0.010202042262727076, 0.010684283845731689, 0.01121113272369987, 0.011780014877559985, 0.012389626497240592, 0.0130395135768522, 0.013729812088891024, 0.014461085547349452, 0.015234222025102412, 0.01605036780122135, 0.016910883858422102, 0.017817316869626662, 0.018771379564229453, 0.01977493732069945, 0.020829999013256103, 0.021938710857449813, 0.02310335243822575, 0.024326334375345572, 0.02561019725115536, 0.02695761153426641, 0.02837137830352176, 0.02985443062394356, 0.031409835458822935, 0.03304079602497237, 0.034750654514631746, 0.03654289511960602, 0.03842114730218264, 0.04038918926404919, 0.04245095156934914, 0.04461052088154722, 0.04687214377618496, 0.049240230593080775, 0.05171935929220641, 0.054314279277459666, 0.05702991515193263, 0.0598713703671109, 0.0628439307267818, 0.06595306770431966, 0.0692044415294863, 0.07260390399796084, 0.07615750095351928, 0.07987147438913672, 0.08375226410930421, 0.08780650889155264, 0.09204104708057448, 0.09646291654344921, 0.1010793539093289, 0.10589779301154965, 0.11092586244452989, 0.11617138214202884, 0.12164235887740606, 0.12734698058049054, 0.1332936093595878, 0.13949077311108815, 0.14594715559316077, 0.1526715848342102, 0.15967301974122894, 0.16696053476801584, 0.17454330249856376, 0.18243057399689686, 0.1906316567714132, 0.19915589019953542, 0.20801261825738748, 0.21721115939950678, 0.22676077343550066, 0.23667062525431387, 0.24694974525265012, 0.2576069863323771, 0.2686509773427267, 0.280090072857098, 0.29193229919158886, 0.3041852965933442, 0.3168562575517352, 0.32995186121457193, 0.34347820392530515, 0.357440725935742, 0.3718441343924192, 0.3866923227436182, 0.40198828676818177, 0.4177340374868366, 0.43393051128158144, 0.45057747761869027, 0.4676734448457124, 0.48521556461207627, 0.5031995355459143, 0.5216195069057358, 0.5404679830136044, 0.55973608361149, 0.5794170321179128, 0.599507898596578, 0.6200072402603278, 0.6409132068161442, 0.6622223086106036, 0.6839286374432494, 0.7060233935622149, 0.7284946170827857, 0.7513270538930179, 0.7745021086819677, 0.7979978536594167, 0.8217890727083382, 0.8458473284732551, 0.8701410452113216, 0.8946356038180725, 0.9192934477890756, 0.9440742003527045, 0.9689347938655793, 0.9938296129845274, 1.0187106532475136, 1.0435276966031843, 1.0682285051897475, 1.092759034325197, 1.1170636652655561, 1.1410854578401097, 1.1647664226007404, 1.1880478116409205, 1.2108704267605925, 1.2331749431866224, 1.254902246614384, 1.2759937809233994, 1.2963919035474838, 1.316040245155694, 1.3348840700321658, 1.3528706333374343, 1.3699495312968866, 1.386073040298136, 1.4011964408914337, 1.4152783227771688, 1.4282808670316962, 1.4401701020649043, 1.450916130115946, 1.460493321471374, 1.4688804740248258, 1.47606093628008, 1.482022692419227, 1.4867584086032841, 1.4902654402316924, 1.4925458004472978, 1.4936060907223359, 1.493457394886757, 1.4921151384519633, 1.4895989155308005, 1.4859322860500463, 1.481142546287814, 1.4752604760402013, 1.46832006592593, 1.460358228473269, 1.4514144967006162, 1.4415307139028488, 1.4307507182935353, 1.419120026033264, 1.4066855160027074, 1.3934951194624583, 1.3795975174875539, 1.3650418487807274, 1.3498774301626004, 1.3341534917169675, 1.3179189282423713, 1.3012220683341822, 1.284110462100594, 1.2666306882068032, 1.248828180648832, 1.2307470753858274, 1.2124300767102025, 1.1939183430108615, 1.1752513913873615, 1.1564670204028624, 1.1376012501211326, 1.1186882784571515, 1.0997604527809433, 1.0808482556487542, 1.0619803034928015, 1.04318335707861, 1.0244823425352767, 1.0059003817766645, 0.9874588311582934, 0.9691773272533742, 0.9510738386798958, 0.9331647229669163, 0.91546478751036, 0.8979873537349475, 0.8807443236478631, 0.863746248039995, 0.8470023956608899, 0.8305208227629135, 0.8143084424776472, 0.7983710935525782, 0.78271360803811, 0.7673398775734007, 0.7522529179742374, 0.7374549318768815, 0.7229473692384663, 0.7087309855370777, 0.6948058975531439, 0.6811716366482989, 0.6678271994886145, 0.6547710961861918, 0.642001395856765, 0.6295157696114259, 0.6173115310180541, 0.6053856740827699, 0.5937349088139539, 0.5823556944413396, 0.5712442703705931, 0.5603966849598854, 0.5498088222094303, 0.5394764264580052, 0.5293951251822773, 0.519560449995484, 0.5099678559418291, 0.5006127391819859, 0.4914904531634798, 0.4825963233675668, 0.4739256607216366, 0.4654737737632343, 0.4572359796386024, 0.4492076140152558, 0.44138403998458337, 0.43376065602687264, 0.42633290310751953, 0.4190962709695568, 0.41204630368403955, 0.4051786045162945, 0.39848884016258784, 0.3919727444084162, 0.3856261212563877, 0.379444847568544, 0.37342487526498935, 0.367562233117841, 0.36185302817680315, 0.35629344686008974, 0.35087975574198377, 0.34560830206601917, 0.34047551401060183, 0.33547790073184763, 0.33061205220650114, 0.32587463889600615, 0.32126241125112287, 0.3167721990749219, 0.3124009107605239, 0.3081455324185976, 0.3040031269083619, 0.29997083278466746, 0.2960458631726422, 0.29222550458037727, 0.2885071156591956, 0.2848881259201825, 0.2813660344148586, 0.27793840838714123, 0.2746028819030589, 0.27135715446406045, 0.2681989896091832, 0.2651262135108165, 0.2621367135683094, 0.25922843700322573, 0.25639938945964, 0.25364763361249293, 0.2509712877866807, 0.2483685245892402, 0.24583756955670288, 0.24337669981942983, 0.24098424278450103, 0.23865857483851424, 0.2363981200714509, 0.23420134902258719, 0.23206677744926385, 0.22999296511918196, 0.22797851462675686, 0.22602207023394175, 0.22412231673582325, 0.22227797835119387, 0.22048781763821607, 0.2187506344352159, 0.21706526482657132, 0.21543058013359853, 0.21384548593028288, 0.2123089210836515, 0.21081985681854046, 0.2093772958064716, 0.20798027127831895, 0.20662784616041704, 0.20531911223373686, 0.20405318931573405, 0.20282922446445548, 0.2016463912044752, 0.20050388877421765, 0.19940094139421655, 0.19833679755584882, 0.1973107293300784, 0.19632203169573909, 0.195370021886884, 0.1944540387587276, 0.19357344217170683, 0.19272761239318817, 0.19191594951635121, 0.19113787289578116, 0.19039282059930723, 0.18968024887562893, 0.18899963163727634, 0.18835045995845778, 0.18773224158735313, 0.18714450047241857, 0.1865867763022749, 0.18605862405875906, 0.18555961358272577, 0.18508932915219398, 0.18464736907243998, 0.18423334527764756, 0.18384688294373297, 0.18348762011197023, 0.18315520732305082, 0.1828493072612191, 0.18256959440813283, 0.18231575470610617, 0.18208748523039978, 0.18188449387023084, 0.18170649901818312, 0.18155322926770445, 0.18142442311838672, 0.18131982868873023, 0.18123920343610206, 0.18118231388360412, 0.18114893535357418, 0.18113885170744945, 0.18115185509172896, 0.18118774568977752, 0.18124633147921987, 0.18132742799468038, 0.1814308580956295, 0.18155645173910331, 0.18170404575706955, 0.18187348363821804, 0.18206461531395932, 0.18227729694842076, 0.1825113907322345, 0.18276676467991645, 0.18304329243064157, 0.18334085305222414, 0.18365933084811775, 0.18399861516725388, 0.1843586002165427, 0.18473918487586438, 0.18514027251538337, 0.18556177081502293, 0.1860035915859413, 0.18646565059385503, 0.18694786738405952, 0.18745016510800103, 0.18797247035125816, 0.18851471296279523, 0.1890768258853541, 0.18965874498685503, 0.19026040889268084, 0.1908817588187234, 0.19152273840507486, 0.1921832935502503, 0.19286337224583303, 0.19356292441143697, 0.19428190172988544]]","[[0.01, 0.011673645222856313, 0.01362924433757481, 0.01580189558251425, 0.01815640128854605, 0.020675386554079002, 0.023352116618862474, 0.02618620518672727, 0.02918113384020049, 0.0323427940920466, 0.0356786342090509, 0.03919716584095294, 0.04290768451067205, 0.0468201169231595, 0.05094494327697264, 0.05529316380605383, 0.05987629133358828, 0.06470635909805192, 0.06979593755742144, 0.07515815651395939, 0.08080673046020002, 0.08675598596352381, 0.09302089044265924, 0.09961708199992683, 0.10656090015048222, 0.11386941738912043, 0.12156047158889484, 0.1296526992530795, 0.13816556965413862, 0.14711941989694502, 0.15653549094230917, 0.16643596462310511, 0.17684400168011194, 0.1877837808387673, 0.19928053894167316, 0.211360612145032, 0.22405147818025312, 0.2373817996747247, 0.25138146851813614, 0.26608165125268324, 0.281514835456916, 0.2977148770838072, 0.3147170487037485, 0.3325580885925382, 0.35127625059291845, 0.37091135466578634, 0.3915048380337456, 0.41309980680511776, 0.4357410879508149, 0.4594752814895126, 0.4843508127182898, 0.5104179843062417, 0.5377290280474755, 0.566338156047291, 0.5963016110911998, 0.6276777159206793, 0.6605269211121901, 0.6949118512269598, 0.7308973488683665, 0.7685505162514502, 0.8079407538551662, 0.8491397956925425, 0.8922217406969855, 0.9372630796847159, 0.9843427173138684, 1.0335419884203283, 1.0849446680691697, 1.1386369746188587, 1.1947075650535597, 1.2532475217973187, 1.3143503301830688, 1.3781118457098445, 1.4446302501839157, 1.5140059958044583, 1.586341736222632, 1.6617422435754043, 1.7403143104731083, 1.8221666359035582, 1.90740969400674, 1.9961555846738228, 2.0885178649338165, 2.184611360111984, 2.2845519537775285, 2.3884563555455918, 2.496441845861688, 2.608625996976898, 2.7251263694208783, 2.846060183398447, 2.9715439646754804, 3.101693164682292, 3.236621754748517, 3.376441794593562, 3.5212629754313394, 3.67119213830737, 3.8263327685700714, 3.9867848402750665, 4.152648316406031, 4.324025797861181, 4.501020860523621, 4.683736282618975, 4.872272538547864, 5.066726491024323, 5.267190231294394, 5.473750030401318, 5.6864853744851445, 5.905468064789009, 6.130761368985062, 6.36241921505753, 6.600485422599948, 6.844992969226753, 7.0959632920346465, 7.353405625801147, 7.617316380968498, 7.887678565498772, 8.16446125545035, 8.447619119653705, 8.73709200418249, 9.032804582444, 9.334666076666581, 9.642570056352195, 9.956394318900783, 10.276000857108986, 10.601235917609344, 10.931930153558348, 11.267898874015161, 11.608942391491619, 11.95484646811423, 12.30538285973828, 12.660309956212258, 13.019373514828661, 13.382307482836984, 13.74883490375876, 14.118668901156012, 14.491513732485283, 14.867065904741173, 15.24501534277511, 15.62504660048465, 16.006840104520297, 16.39007341976212, 16.774422525585337, 17.159563091866648, 17.54517174378189, 17.930927304706977, 18.316512006951132, 18.701612660613293, 19.085921771545923, 19.46913860021882, 19.85097015418056, 20.23113210779713, 20.609349643985276, 20.985358213730564, 21.358904210266974, 21.729745555874835, 22.097652200309028, 22.462406530881896, 22.823803695179997, 23.18165183827809, 23.535772257116392, 23.88599947542076, 24.23218124316389, 24.574178465086156, 24.91186506321616, 25.24512777865469, 25.573865918114866, 25.89799105084998, 26.21742666165554, 26.532107765609478, 26.84198049012316, 27.147001629723086, 27.447138178778193, 27.74236684713872, 28.032673563368203, 28.31805296993836, 28.598507914425067, 28.874048940399398, 29.144693781357145, 29.410466860679204, 29.67139880026858, 29.92752594017197, 30.1788898711684, 30.42553698199714, 30.66751802260457, 30.90488768451608, 31.137704199186093, 31.3660289549471, 31.589926132967936, 31.809462362441632, 32.02470639505437, 32.235728798638014, 32.44260166977889, 32.64539836504392, 32.844193250390475, 33.039061468247304, 33.23007872168975, 33.41732107508112, 33.60086477051294, 33.78078605934857, 33.95716104815552, 34.13006555830168, 34.299574998487394, 34.465764249488565, 34.62870756039482, 34.788478455639755, 34.94514965213747, 35.09879298585973, 35.24947934721045, 35.397278624578774, 35.54225965547782, 35.68449018470285, 35.82403682897007, 35.960965047524695, 36.09533911823466, 36.22722211871342, 36.35667591204225, 36.48376113668862, 36.60853720024256, 36.731062276617656, 36.851393306386875, 36.96958599994614, 37.08569484322014, 37.19977310564562, 37.31187285018674, 37.42204494515578, 37.530339077629804, 37.63680376827034, 37.74148638736871, 37.84443317195394, 37.94568924381384, 38.04529862829254, 38.143304273739474, 38.239748071495825, 38.33467087631479, 38.42811252712126, 38.52011186802558, 38.610706769513996, 38.69993414974595, 38.7878299958955, 38.874429385480276, 38.95976650762755, 39.04387468423225, 39.126786390966764, 39.208533278107105, 39.28914619114398, 39.36865519115132, 39.447089574888295, 39.524477894613966, 39.60084797759685, 39.67622694530405, 39.75064123225738, 39.82411660454574, 39.89667817798538, 39.96835043592106, 40.03915724666327, 40.10912188055763, 40.178267026684274, 40.246614809186084, 40.31418680322567, 40.38100405057202, 40.44708707481855, 40.512455896235075, 40.57713004625682, 40.64112858161424, 40.704470098107926, 40.76717274403327, 40.829254233259995, 40.890731857972014, 40.95162250107323, 41.011942648265354, 41.07170839980374, 41.130935481937634, 41.18963925804123, 41.24783473944204, 41.30553659595309, 41.362759166115744, 41.419516467159596, 41.475822204686224, 41.53168978208331, 41.58713230967583, 41.64216261362075, 41.696793244551806, 41.75103648598072, 41.80490436246121, 41.858408647522, 41.91156087137505, 41.964372328405005, 42.01685408444579, 42.069016983850204, 42.12087165635827, 42.17242852376981, 42.223697806426856, 42.27468952951117, 42.325413529162155, 42.37587945842017, 42.426096793000355, 42.476074836901724, 42.52582272785627, 42.575349442622766, 42.6246638021296, 42.67377447647114, 42.72268998976181, 42.77141872485199, 42.8199689279097, 42.86834871287207, 42.91656606577023, 42.96462884893138, 43.01254480506146, 43.06032156121194, 43.10796663263414, 43.15548742652399, 43.202891245660744, 43.25018529194232, 43.29737666982039, 43.34447238963793, 43.39147937087202, 43.438404445284434, 43.48525435998265, 43.53203578039363, 43.57875529315284, 43.62541940891066, 43.67203456505849, 43.718607128376554, 43.76514339760553, 43.81164960594389, 43.858131923472875, 43.90459645951083, 43.95104926489874, 43.99749633421858, 44.04394360794598, 44.090396974538905, 44.136862272463695, 44.18334529215988, 44.22985177794508, 44.27638742986139, 44.32295790546427, 44.369568821555276, 44.416225755859635, 44.46293424864974, 44.50969980431553, 44.5565278928828, 44.60342395148015, 44.65039338575565, 44.69744157124372, 44.74457385468333, 44.79179555528788, 44.83911196596762, 44.886528354505195, 44.934049964684824, 44.98168201737568, 45.02942971156999, 45.07729822537621, 45.12529271696785, 45.17341832548812, 45.22168017191094, 45.270083359858425, 45.318632976375284, 45.36733409266029, 45.416191764755006, 45.46521103418997, 45.51439692858855, 45.56375446222847, 45.61328863656112, 45.663004440688866, 45.71290685180013, 45.763000835562515, 45.81329134647379, 45.86378332817075]]","[array([6.37688001e-05, 6.00799169e-05, 5.86664978e-05, 5.87303122e-05,
       5.97890223e-05, 6.15505991e-05, 6.38373606e-05, 6.65409087e-05,
       6.95952901e-05, 7.29608114e-05, 7.66142722e-05, 8.05430403e-05,
       8.47414372e-05, 8.92085154e-05, 9.39466772e-05, 9.89608065e-05,
       1.04257714e-04, 1.09845777e-04, 1.15734700e-04, 1.21935357e-04,
       1.28459682e-04, 1.35320592e-04, 1.42531941e-04, 1.50108482e-04,
       1.58065852e-04, 1.66420554e-04, 1.75189958e-04, 1.84392302e-04,
       1.94046699e-04, 2.04173148e-04, 2.14792548e-04, 2.25926716e-04,
       2.37598404e-04, 2.49831323e-04, 2.62650162e-04, 2.76080616e-04,
       2.90149407e-04, 3.04884310e-04, 3.20314180e-04, 3.36468974e-04,
       3.53379783e-04, 3.71078851e-04, 3.89599602e-04, 4.08976666e-04,
       4.29245899e-04, 4.50444404e-04, 4.72610553e-04, 4.95784005e-04,
       5.20005717e-04, 5.45317961e-04, 5.71764333e-04, 5.99389755e-04,
       6.28240481e-04, 6.58364096e-04, 6.89809499e-04, 7.22626903e-04,
       7.56867803e-04, 7.92584959e-04, 8.29832355e-04, 8.68665164e-04,
       9.09139691e-04, 9.51313312e-04, 9.95244409e-04, 1.04099228e-03,
       1.08861704e-03, 1.13817953e-03, 1.18974117e-03, 1.24336384e-03,
       1.29910970e-03, 1.35704105e-03, 1.41722011e-03, 1.47970884e-03,
       1.54456867e-03, 1.61186027e-03, 1.68164328e-03, 1.75397600e-03,
       1.82891506e-03, 1.90651511e-03, 1.98682840e-03, 2.06990440e-03,
       2.15578939e-03, 2.24452600e-03, 2.33615272e-03, 2.43070342e-03,
       2.52820683e-03, 2.62868593e-03, 2.73215749e-03, 2.83863136e-03,
       2.94810997e-03, 3.06058761e-03, 3.17604987e-03, 3.29447298e-03,
       3.41582316e-03, 3.54005595e-03, 3.66711613e-03, 3.79694877e-03,
       3.92952247e-03, 4.06482392e-03, 4.20284300e-03, 4.34356245e-03,
       4.48695126e-03, 4.63296063e-03, 4.78152144e-03, 4.93254305e-03,
       5.08591261e-03, 5.24149504e-03, 5.39913317e-03, 5.55864810e-03,
       5.71983974e-03, 5.88248738e-03, 6.04635038e-03, 6.21116890e-03,
       6.37666470e-03, 6.54254210e-03, 6.70848893e-03, 6.87417769e-03,
       7.03926674e-03, 7.20340169e-03, 7.36621685e-03, 7.52733688e-03,
       7.68637853e-03, 7.84295251e-03, 7.99666548e-03, 8.14712218e-03,
       8.29392764e-03, 8.43668941e-03, 8.57501997e-03, 8.70853909e-03,
       8.83687620e-03, 8.95967285e-03, 9.07658501e-03, 9.18728541e-03,
       9.29146573e-03, 9.38883871e-03, 9.47914010e-03, 9.56213046e-03,
       9.63759678e-03, 9.70535387e-03, 9.76524554e-03, 9.81714556e-03,
       9.86095833e-03, 9.89661934e-03, 9.92409534e-03, 9.94338425e-03,
       9.95451482e-03, 9.95754609e-03, 9.95256650e-03, 9.93969290e-03,
       9.91906924e-03, 9.89086518e-03, 9.85527446e-03, 9.81251314e-03,
       9.76281771e-03, 9.70644318e-03, 9.64366096e-03, 9.57475685e-03,
       9.50002886e-03, 9.41978515e-03, 9.33434193e-03, 9.24402140e-03,
       9.14914979e-03, 9.05005543e-03, 8.94706696e-03, 8.84051159e-03,
       8.73071353e-03, 8.61799247e-03, 8.50266230e-03, 8.38502980e-03,
       8.26539362e-03, 8.14404330e-03, 8.02125844e-03, 7.89730801e-03,
       7.77244975e-03, 7.64692977e-03, 7.52098215e-03, 7.39482870e-03,
       7.26867888e-03, 7.14272966e-03, 7.01716565e-03, 6.89215910e-03,
       6.76787017e-03, 6.64444708e-03, 6.52202646e-03, 6.40073362e-03,
       6.28068295e-03, 6.16197831e-03, 6.04471341e-03, 5.92897230e-03,
       5.81482979e-03, 5.70235189e-03, 5.59159632e-03, 5.48261294e-03,
       5.37544422e-03, 5.27012569e-03, 5.16668639e-03, 5.06514931e-03,
       4.96553182e-03, 4.86784605e-03, 4.77209932e-03, 4.67829452e-03,
       4.58643044e-03, 4.49650214e-03, 4.40850129e-03, 4.32241647e-03,
       4.23823344e-03, 4.15593548e-03, 4.07550358e-03, 3.99691674e-03,
       3.92015217e-03, 3.84518552e-03, 3.77199107e-03, 3.70054190e-03,
       3.63081011e-03, 3.56276691e-03, 3.49638282e-03, 3.43162780e-03,
       3.36847134e-03, 3.30688259e-03, 3.24683047e-03, 3.18828377e-03,
       3.13121121e-03, 3.07558153e-03, 3.02136359e-03, 2.96852636e-03,
       2.91703904e-03, 2.86687110e-03, 2.81799231e-03, 2.77037277e-03,
       2.72398298e-03, 2.67879382e-03, 2.63477664e-03, 2.59190322e-03,
       2.55014583e-03, 2.50947724e-03, 2.46987071e-03, 2.43130003e-03,
       2.39373950e-03, 2.35716398e-03, 2.32154884e-03, 2.28686999e-03,
       2.25310391e-03, 2.22022757e-03, 2.18821853e-03, 2.15705484e-03,
       2.12671511e-03, 2.09717848e-03, 2.06842457e-03, 2.04043357e-03,
       2.01318614e-03, 1.98666346e-03, 1.96084718e-03, 1.93571947e-03,
       1.91126295e-03, 1.88746072e-03, 1.86429633e-03, 1.84175378e-03,
       1.81981753e-03, 1.79847244e-03, 1.77770383e-03, 1.75749740e-03,
       1.73783927e-03, 1.71871595e-03, 1.70011433e-03, 1.68202169e-03,
       1.66442566e-03, 1.64731424e-03, 1.63067576e-03, 1.61449892e-03,
       1.59877273e-03, 1.58348652e-03, 1.56862993e-03, 1.55419294e-03,
       1.54016578e-03, 1.52653900e-03, 1.51330343e-03, 1.50045015e-03,
       1.48797054e-03, 1.47585622e-03, 1.46409907e-03, 1.45269120e-03,
       1.44162497e-03, 1.43089297e-03, 1.42048802e-03, 1.41040315e-03,
       1.40063161e-03, 1.39116686e-03, 1.38200254e-03, 1.37313250e-03,
       1.36455079e-03, 1.35625163e-03, 1.34822943e-03, 1.34047875e-03,
       1.33299434e-03, 1.32577111e-03, 1.31880413e-03, 1.31208863e-03,
       1.30561998e-03, 1.29939370e-03, 1.29340545e-03, 1.28765104e-03,
       1.28212639e-03, 1.27682757e-03, 1.27175078e-03, 1.26689233e-03,
       1.26224866e-03, 1.25781631e-03, 1.25359194e-03, 1.24957234e-03,
       1.24575437e-03, 1.24213503e-03, 1.23871139e-03, 1.23548063e-03,
       1.23244003e-03, 1.22958697e-03, 1.22691888e-03, 1.22443333e-03,
       1.22212794e-03, 1.22000041e-03, 1.21804855e-03, 1.21627021e-03,
       1.21466334e-03, 1.21322597e-03, 1.21195617e-03, 1.21085210e-03,
       1.20991199e-03, 1.20913412e-03, 1.20851686e-03, 1.20805860e-03,
       1.20775783e-03, 1.20761307e-03, 1.20762292e-03, 1.20778601e-03,
       1.20810103e-03, 1.20856674e-03, 1.20918193e-03, 1.20994543e-03,
       1.21085615e-03, 1.21191300e-03, 1.21311498e-03, 1.21446111e-03,
       1.21595043e-03, 1.21758206e-03, 1.21935514e-03, 1.22126883e-03,
       1.22332236e-03, 1.22551496e-03, 1.22784591e-03, 1.23031453e-03,
       1.23292016e-03, 1.23566216e-03, 1.23853994e-03, 1.24155292e-03,
       1.24470055e-03, 1.24798231e-03, 1.25139769e-03, 1.25494622e-03,
       1.25862744e-03, 1.26244092e-03, 1.26638623e-03, 1.27046297e-03,
       1.27467077e-03, 1.27900925e-03, 1.28347805e-03, 1.28807685e-03,
       1.29280531e-03])]","[[0, 6.376880005047202e-05, 0.00012384871691641303, 0.0001825152146708144, 0.0002412455268224413, 0.000301034549167529, 0.0003625851482787067, 0.00042642250889424806, 0.0004929634175967121, 0.0005625587076964911, 0.0006355195191000267, 0.0007121337912569598, 0.0007926768315177002, 0.0008774182687352545, 0.0009666267841060158, 0.0010605734612650485, 0.0011595342677528796, 0.0012637919817358588, 0.0013736377584155674, 0.0014893724582943565, 0.0016113078154797549, 0.001739767497216217, 0.0018750880890754057, 0.002017620029674727, 0.002167728512006661, 0.0023257943639941516, 0.0024922149178633625, 0.0026674048758133268, 0.0028517971779381, 0.003045843877220817, 0.0032500170255450964, 0.0034648095739774733, 0.003690736290012472, 0.003928334694004189, 0.0041781660166101435, 0.004440816178726826, 0.004716896795088414, 0.005007046202420194, 0.0053119305127779515, 0.005632244692457206, 0.005968713666615833, 0.006322093449515518, 0.006693172300047163, 0.007082771901959148, 0.007491748567951598, 0.007920994466531599, 0.008371438870240496, 0.008844049423562515, 0.009339833428501181, 0.009859839145464304, 0.010405157106726893, 0.01097692143934257, 0.011576311193945477, 0.01220455167542446, 0.012862915770957684, 0.013552725270367003, 0.01427535217318598, 0.015032219976231971, 0.01582480493483014, 0.016654637290154796, 0.01752330245443061, 0.018432442144972843, 0.0193837554572422, 0.020378999866246906, 0.021419992144743882, 0.02250860918577435, 0.023646788716119638, 0.02483652988628473, 0.026079893721614206, 0.027379003418124256, 0.028736044465602132, 0.030153264579489313, 0.031632973422036775, 0.03317754209221157, 0.03478940236285669, 0.03647104564267605, 0.03822502163975019, 0.04005393670250548, 0.041960451813380574, 0.043947280209882596, 0.04601718460732682, 0.04817297399733541, 0.050417499996161685, 0.05275365271713899, 0.05518435614205896, 0.0577125629670982, 0.060341248900070074, 0.06307340638731461, 0.06591203775049094, 0.06886014771593778, 0.07192073532215083, 0.07509678519432435, 0.07839125817884225, 0.08180708133510742, 0.085347137287181, 0.08901425341983321, 0.09281120218930182, 0.0967407246562235, 0.10080554857826737, 0.10500839157929431, 0.10935195402434443, 0.11383890528782012, 0.11847186591512156, 0.12325338735892294, 0.12818593040499032, 0.13327184301576733, 0.1385133380604064, 0.14391247122984915, 0.14947111932796608, 0.1551909590653359, 0.1610734464471838, 0.16711979683148245, 0.17333096573028042, 0.17970763043203106, 0.18625017253157986, 0.19295866146509594, 0.1998328391579041, 0.2068721059027079, 0.21407550759328275, 0.22144172444380883, 0.22896906132625125, 0.23665543985735704, 0.2444983923628162, 0.25249505783890275, 0.2606421800215205, 0.26893610765914905, 0.2773727970698918, 0.285947817043917, 0.29465635613133956, 0.3034932323323768, 0.3124529051818068, 0.3215294901938152, 0.3307167756066984, 0.34000824134010027, 0.3493970800510134, 0.35887622014917986, 0.3684383506083054, 0.3780759473871263, 0.38778130125430543, 0.3975465467937799, 0.4073636923528982, 0.4172246506847448, 0.4271212700286677, 0.43704536536933647, 0.4469887496147015, 0.4569432644369766, 0.46690081052810584, 0.47685337703191183, 0.4867930699289959, 0.4967121391671491, 0.5066030043491627, 0.5164582788110854, 0.5262707919467251, 0.536033609658072, 0.5457400528358777, 0.5553837137994068, 0.5649584706489499, 0.5744584995086531, 0.5838782846602095, 0.5932126265896478, 0.6024566479895743, 0.611605797777544, 0.6206558532075871, 0.6296029201661794, 0.6384434317560421, 0.6471741452810746, 0.6557921377534779, 0.6642948000497759, 0.6726798298460849, 0.6809452234647371, 0.6890892667643773, 0.697110525204087, 0.7050078332091171, 0.712780282961616, 0.7204272127345007, 0.7279481948805197, 0.7353430235817733, 0.742611702457658, 0.7497544321215371, 0.7567715977685662, 0.7636637568691395, 0.7704316270344912, 0.7770760741131896, 0.7835981005696814, 0.789998834188759, 0.7962795171428841, 0.8024414954527609, 0.8084862088654403, 0.8144151811685761, 0.8202300109542577, 0.8259323628411186, 0.8315239591591583, 0.837006572097914, 0.842382016315252, 0.8476521420011178, 0.8528188283880408, 0.8578839776980354, 0.8628495095137315, 0.8677173555600841, 0.8724894548818269, 0.8771677494009208, 0.881754179837573, 0.8862506819779526, 0.8906591832714628, 0.8949815997403378, 0.8992198331843912, 0.9033757686639159, 0.9074512722440283, 0.9114481889841283, 0.9153683411565915, 0.9192135266793284, 0.9229855177473978, 0.9266860596494552, 0.9303168697554357, 0.9338796366625031, 0.9373760194869376, 0.9408076472902817, 0.9441761186286989, 0.9474830012151345, 0.950729831684483, 0.9539181154525714, 0.9570493266603513, 0.9601249081952519, 0.9631462717821964, 0.9661147981372926, 0.9690318371777104, 0.9718987082817254, 0.9747167005933582, 0.9774870733664549, 0.9802110563434595, 0.9828898501645, 0.9855246268027632, 0.9881165300224645, 0.9906666758560273, 0.9931761530973772, 0.9956460238085226, 0.9980773238368496, 1.0004710633407843, 1.0028282273217033, 1.0051497761601622, 1.007436646154706, 1.0096897500616955, 1.0119099776347402, 1.0140981961624762, 1.0162552510035632, 1.0183819661178977, 1.0204791445931516, 1.022547569165856, 1.0245880027363383, 1.0266011888769113, 1.0285878523327987, 1.0305486995153428, 1.0324844189871192, 1.034395681938635, 1.0362831426563484, 1.0381474389817908, 1.0399891927616265, 1.0418090102885187, 1.043607482732711, 1.0453851865642667, 1.0471426839659355, 1.0488805232366498, 1.0505992391856698, 1.0522993535174228, 1.0539813752070992, 1.0556458008670853, 1.0572931151043257, 1.0589237908687257, 1.0605382897927078, 1.0621370625220554, 1.0637205490381767, 1.0652891789719343, 1.0668433719091908, 1.068383537688223, 1.0699100766891652, 1.0714233801156443, 1.0729238302687665, 1.0744118008136274, 1.0758876570385079, 1.0773517561069248, 1.0788044473027056, 1.08024607226825, 1.0816769652361489, 1.0830974532543223, 1.0845078564048434, 1.0859084880166057, 1.087299654871997, 1.0886816574077367, 1.0900547899100281, 1.0914193407041852, 1.092775592338876, 1.0941238217651348, 1.0954643005102846, 1.096797294846913, 1.0981230659570358, 1.0994418700915896, 1.1007539587253774, 1.102059578707603, 1.1033589724081148, 1.1046523778594834, 1.105940028895034, 1.1072221552829442, 1.108498982856527, 1.1097707336408034, 1.1110376259754744, 1.1122998746343944, 1.1135576909416491, 1.1148112828843322, 1.116060855222119, 1.1173066095937267, 1.1185487446203526, 1.1197874560061734, 1.1210229366359934, 1.1222553766701193, 1.1234849636365403, 1.1247118825204916, 1.125936315851472, 1.1271584437877868, 1.128378444198687, 1.1295964927441653, 1.1308127629524791, 1.1320274262954577, 1.1332406522616534, 1.1344526084273945, 1.1356634605257951, 1.1368733725137752, 1.1380825066371387, 1.1392910234937628, 1.1404990820949426, 1.141706839924938, 1.142914452998764, 1.1441220759182686, 1.145329861926535, 1.1465379629606502, 1.1477465297028722, 1.1489557116302334, 1.1501656570626133, 1.1513765132093101, 1.1525884262141444, 1.1538015411991214, 1.1550160023066804, 1.1562319527405573, 1.1574495348052827, 1.158668889944343, 1.1598901587770223, 1.1611134811339492, 1.1623389960913646, 1.1635668420041327, 1.164797156537509, 1.1660300766976832, 1.1672657388611116, 1.1685042788026532, 1.169745831722521, 1.1709905322720606, 1.1722385145783705, 1.1734899122677664, 1.1747448584881086, 1.1760034859299893, 1.1772659268467967, 1.178532313073656, 1.1798027760452563, 1.181077446812565, 1.1823564560584374, 1.1836399341121209, 1.1849280109626577, 1.1862208162711905]]"
50.0,80.0,4,90,270,I0-S0,"[[0.01, 0.009218546420913139, 0.008861068736292907, 0.008775059817687893, 0.008868448505882056, 0.009085547061641061, 0.009392450495918057, 0.009768289298595759, 0.010200120190793376, 0.010679861550518926, 0.011202444568352829, 0.011764693451357952, 0.01236464360439113, 0.013001123321866849, 0.013673494417941287, 0.01438148908998533, 0.015125105377492202, 0.015904538584823602, 0.01672013502100306, 0.01757235979246096, 0.018461773613078547, 0.01938901553599224, 0.02035478968103839, 0.02135985473977127, 0.022405015471495683, 0.02349111566915831, 0.024619032239254053, 0.02578967014461853, 0.027003958026752848, 0.02826284436936583, 0.029567294095676846, 0.030918285513879297, 0.032316807541178154, 0.03376385714893049, 0.03526043698085102, 0.03680755310376896, 0.038406212856542464, 0.04005742276779126, 0.04176218651733194, 0.04352150291976223, 0.04533636391166682, 0.04720775252650431, 0.049136640843459076, 0.051123987898465895, 0.05317073754728903, 0.0552778162720047, 0.057446130923531784, 0.05967656639401096, 0.06196998321387322, 0.06432721506938677, 0.06674906623734664, 0.06923630893438876, 0.07178968057918576, 0.0744098809665255, 0.07709756935299701, 0.07985336145472038, 0.08267782635826428, 0.08557148334660437, 0.0885347986426926, 0.09156818207393498, 0.09467198366161876, 0.09784649014009021, 0.10109192141126352, 0.10440842694084153, 0.1077960821034496, 0.11125488448472508, 0.11478475014926519, 0.11838550988421463, 0.12205690542916837, 0.1257985857039711, 0.12961010304691054, 0.1334909094767222, 0.13744035299274227, 0.1414576739284596, 0.14554200137461978, 0.14969234968891604, 0.1539076151101581, 0.15818657249563087, 0.1625278722011321, 0.16693003712390292, 0.17139145992932597, 0.1759104004828556, 0.18048498350914877, 0.18511319650077648, 0.18979288789920112, 0.1945217655708924, 0.1992973956015167, 0.20411720143105558, 0.20897846335248163, 0.2138783183962335, 0.2188137606221736, 0.2237816418399785, 0.22877867277799033, 0.23380142471944257, 0.23884633162366295, 0.2439100447112399, 0.24899296886669256, 0.2541009764498788, 0.2592430564635505, 0.2644294935099137, 0.26967072607707765, 0.2749766522959641, 0.2803562298855075, 0.2858172682083129, 0.2913663442105216, 0.29700879656513524, 0.302748767456184, 0.30858927163892075, 0.31453227932224925, 0.3205788041174148, 0.32672899049338167, 0.3329821973504513, 0.3393370757908973, 0.3457916401474393, 0.35234333197730616, 0.3589890771451042, 0.36572533637374, 0.37254814978951634, 0.3794531760604019, 0.38643572675001553, 0.39349079650129387, 0.40061308963513637, 0.4077970437088454, 0.4150368505325812, 0.422326475093142, 0.4296596727856661, 0.4370300053069046, 0.44443085551946476, 0.45185544155536106, 0.45929683038952385, 0.4667479510795941, 0.4742016078372478, 0.48165049306824154, 0.4890872004931113, 0.49650423843773794, 0.5038940433625667, 0.5112489936809008, 0.5185614239001637, 0.5258236391051526, 0.5330279297889147, 0.5401665870248286, 0.5472319179626391, 0.554216261621478, 0.5611120049442121, 0.567911599069751, 0.574607575773127, 0.5811925640172336, 0.5876593065550032, 0.5940006765165252, 0.6002096939121109, 0.6062795419795997, 0.6122035833022541, 0.6179753756223881, 0.6235886872754164, 0.6290375121692696, 0.6343160842350863, 0.6394188912767389, 0.6443406881490548, 0.6490765091975308, 0.6536216798958658, 0.6579718276217265, 0.6621228915157653, 0.6660711313739824, 0.669813135529017, 0.6733458276818095, 0.676666472651245, 0.6797726810157994, 0.6826624126278106, 0.6853339789877259, 0.687786044472456, 0.6900176264187553, 0.6920280940692612, 0.6938171663954212, 0.6953849088179446, 0.6967317288515869, 0.6978583707069547, 0.6987659088875621, 0.6994557408255309, 0.6999295786040723, 0.7001894398191806, 0.7002376376367849, 0.7000767701049271, 0.6997097087833352, 0.6991395867550502, 0.6983697860865187, 0.6974039248038026, 0.696245843453275, 0.6948995913153873, 0.6933694123398267, 0.6916597308696466, 0.6897751372207799, 0.6877203731817648, 0.6855003174965454, 0.6831199713909047, 0.6805844442004659, 0.6778989391553067, 0.675068739373101, 0.6720991941093751, 0.668995705309976, 0.6657637145072335, 0.6624086900975997, 0.6589361150347887, 0.655351474968663, 0.6516602468563486, 0.6478678880683283, 0.6439798260086016, 0.6400014482644288, 0.6359380932977126, 0.6317950416867423, 0.6275775079238457, 0.6232906327714687, 0.618939476176359, 0.6145290107388678, 0.6100641157319027, 0.6055495716617927, 0.6009900553612375, 0.5963901356026282, 0.5917542692183414, 0.5870867977131075, 0.5823919443522558, 0.5776738117085107, 0.5729363796490775, 0.568183503743978, 0.5634189140759919, 0.558646214432098, 0.5538688818560022, 0.5490902665411589, 0.5443135920436412, 0.539541955794277, 0.5347783298896357, 0.5300255621417117, 0.5252863773664986, 0.5205633788920707, 0.5158590502672772, 0.5111757571527045, 0.5065157493761536, 0.5018811631355219, 0.49727402333264775, 0.49269624602237516, 0.48814964096181346, 0.4836359142455, 0.47915667101291387, 0.4747134182155327, 0.47030756743136776, 0.4659404377156487, 0.46161325847705864, 0.45732717236963466, 0.45308323819114965, 0.4488824337794731, 0.44472565889907234, 0.44061373811045423, 0.43654742361596804, 0.4325273980759804, 0.4285542773900038, 0.42462861343790204, 0.4207508967768114, 0.4169215592899081, 0.41314097678361406, 0.4094094715302725, 0.40572731475373425, 0.4020947290556835, 0.39851189078089144, 0.39497893231992315, 0.3914959443481361, 0.38806297800009903, 0.3846800469788268, 0.381347129599475, 0.3780641707673634, 0.3748310838904053, 0.37164775272620626, 0.36851403316427006, 0.3654297549439001, 0.3623947233085258, 0.3594087205973055, 0.3564715077749684, 0.353582825900953, 0.3507423975389861, 0.3479499281083165, 0.3452051071778833, 0.3425076097047478, 0.33985709721816443, 0.3372532189506979, 0.334695612917824, 0.33218390694746985, 0.32971771966096175, 0.32729666140686015, 0.3249203351491593, 0.3225883373113284, 0.3203002585776644, 0.3180556846534142, 0.31585419698510975, 0.3136953734425426, 0.31157878896378255, 0.3095040161646226, 0.30747062591380764, 0.3054781878753766, 0.3035262710194195, 0.3016144441025207, 0.29974227611912985, 0.29790933672506786, 0.29611519663434516, 0.29435942799043463, 0.2926416047131097, 0.29096130282192245, 0.2893181007373657, 0.28771157956072646, 0.2861413233336069, 0.28460691927805437, 0.2831079580182102, 0.281644033784353, 0.2802147446001822, 0.2788196924541538, 0.2774584834556508, 0.27613072797674065, 0.2748360407802411, 0.2735740411347875, 0.2723443529175669, 0.2711466047053562, 0.26998042985447374, 0.2688454665702303, 0.2677413579664368, 0.26666775211550453, 0.2656243020896478, 0.26461066599367705, 0.2636265069898472, 0.26267149331520623, 0.2617452982918657, 0.2608476003305972, 0.2599780829281379, 0.2591364346585712, 0.25832234915912833, 0.2575355251107418, 0.2567756662136644, 0.25604248115845024, 0.25533568359258146, 0.2546549920830069, 0.2540001300748471, 0.25337082584650633, 0.2527668124614175, 0.2521878277166367, 0.2516336140884889, 0.2511039186754579, 0.250598493138502, 0.25011709363896517, 0.24965948077424577, 0.24922541951137456, 0.24881467911864516, 0.24842703309543082, 0.24806225910031485, 0.2477201388776528, 0.2474004581826784, 0.24710300670525792, 0.24682757799239075, 0.24657396936954823, 0.24634198186093725, 0.24613142010876832, 0.2459420922916041, 0.2457738100418581, 0.24562638836250966, 0.24549964554309592, 0.24539340307503854, 0.24530748556635776, 0.2452417206558237, 0.2451959389265908, 0.24516997381935896, 0.24516366154510058]]","[[0.01, 0.011673645222856313, 0.01362924433757481, 0.01580189558251425, 0.01815640128854605, 0.02067537672040301, 0.023351964171070053, 0.02618545218764099, 0.029178799037568544, 0.03233717661973271, 0.03566711233069882, 0.03917598693786015, 0.04287174397504675, 0.046762724313035194, 0.05085757440647884, 0.05516519757623117, 0.059694730150108045, 0.06445553172089713, 0.06945718320766435, 0.07470948903591185, 0.08022248130888962, 0.08600642475996993, 0.09207182181352966, 0.09842941739385963, 0.1050902033003836, 0.11206542206776453, 0.11936657028388051, 0.12700540136646912, 0.13499392781186545, 0.14334442293339586, 0.1520694221065442, 0.16118172353524185, 0.1706943885498309, 0.18062074144312773, 0.19097436884695523, 0.20176911864770616, 0.21301909843603314, 0.22473867348265625, 0.2369424642295297, 0.24964534328319532, 0.26286243189504266, 0.276609095911368, 0.29090094117454973, 0.3057538083553142, 0.3211837671949326, 0.3372071101352524, 0.35384034531371106, 0.3711001888998999, 0.38900355674982917, 0.40756755535379474, 0.4268094720536532, 0.44674676450538103, 0.4673970493630212, 0.4887780901605155, 0.5109077843684784, 0.5338041496037029, 0.5574853089700985, 0.5819694755108556, 0.6072749357529137, 0.6334200323262922, 0.6604231456425281, 0.6883026746183568, 0.7170770164328861, 0.7467645453088476, 0.7773835903110718, 0.8089524121581315, 0.8414891790461316, 0.8750119414869011, 0.909538606166359, 0.9450869088325923, 0.9816743862271863, 1.0193183470775942, 1.0580358421728158, 1.097843633549365, 1.1387581628194388, 1.1807955186783399, 1.2239714036335498, 1.2683011000033615, 1.3137994352386648, 1.3604807466273001, 1.4083588454463285, 1.4574469806335932, 1.507757802056027, 1.5593033234582627, 1.612094885181201, 1.6661431167462173, 1.7214578994066436, 1.7780483287739517, 1.835922677631685, 1.8950883590555545, 1.9555518899632058, 2.0173188552218964, 2.080393872446668, 2.1447805576254915, 2.210481491711224, 2.2774985583572365, 2.3458369121766096, 2.415508017950398, 2.486528412389445, 2.5589184318326224, 2.6327012448774836, 2.7079021008515047, 2.7845477346847516, 2.8626658876339253, 2.94228491559964, 3.023433464899953, 3.106140200824591, 3.190433578041506, 3.2763416445554605, 3.3638918728045146, 3.4531110128657976, 3.54402496378277, 3.636658659824382, 3.731035969110045, 3.8271796025291507, 3.9251110312817183, 4.024850411690068, 4.126416516196389, 4.229826669679632, 4.3350966904062975, 4.442240835080354, 4.551271747583081, 4.662200411098355, 4.775036103406274, 4.889786355200668, 5.006456911346441, 5.125051695042439, 5.245572774896334, 5.368020334951033, 5.492392647728375, 5.618686050376303, 5.746894924020939, 5.877011676435677, 6.009026728146092, 6.1429285020924755, 6.278703416971632, 6.416335884376449, 6.555808309846024, 6.697101097931002, 6.840192661368524, 6.985059434449028, 7.131675890643212, 7.280014564542092, 7.430046078146313, 7.581739171523012, 7.735060737829678, 7.88997586268489, 8.046447867845593, 8.204438359130053, 8.363907278504843, 8.524812960233426, 8.687112190963276, 8.850760273608234, 9.015711094862997, 9.181917196167655, 9.349329847921913, 9.517899126731557, 9.68757399545363, 9.858302385792154, 10.030031283182895, 10.202706813693958, 10.376274332658895, 10.550678514750597, 10.725863445197612, 10.90177271183977, 11.078349497717, 11.255536673884196, 11.43327689214572, 11.611512677405784, 11.790186519335304, 11.969240963062052, 12.148618698598657, 12.328262648732476, 12.508116055112222, 12.688122562278481, 12.868226299398813, 13.048371959482736, 13.228504875867594, 13.408571095782754, 13.588517450816815, 13.768291624130296, 13.947842214274436, 14.127118795495226, 14.306071974420368, 14.484653443045472, 14.662816027954248, 14.840513735725606, 15.017701794498432, 15.19433669168206, 15.370376207817246, 15.5457794466084, 15.720506861163177, 15.894520276489917, 16.067782908316953, 16.24025937831044, 16.41191572577894, 16.5827194159636, 16.752639345022338, 16.92164584182501, 17.089710666684002, 17.256807007151142, 17.42290947101737, 17.587994076655967, 17.752038240853775, 17.915020764277273, 18.076921814722255, 18.237722908296586, 18.397406888685666, 18.555957904649507, 18.713361385899027, 18.869604017497146, 19.024673712927697, 19.17855958597212, 19.331251921530242, 19.482742145517584, 19.633022793967225, 19.7820874814596, 19.929930868998742, 20.07654863144826, 20.221937424635172, 20.366094852224123, 20.50901943245917, 20.65071056486463, 20.791168496991002, 20.93039429128627, 21.068389792167608, 21.205157593362824, 21.3407010055857, 21.47502402460408, 21.60813129975447, 21.74002810295197, 21.87072029823964, 22.000214311916622, 22.12851710328015, 22.255636136012118, 22.381579350237047, 22.506355135274266, 22.62997230310364, 22.75244006256063, 22.87376799427334, 22.993966026351064, 23.113044410831144, 23.231013700888187, 23.347884728807333, 23.463668584720903, 23.578376596105826, 23.692020308037147, 23.804611464191282, 23.91616198859111, 24.0266839680835, 24.136189635538575, 24.24469135375897, 24.35220160008617, 24.45873295169024, 24.56429807152845, 24.66890969495757, 24.772580616984136, 24.87532368013645, 24.977151762941727, 25.07807776899149, 25.17811461657813, 25.277275228885323, 25.375572524714997, 25.473019409733467, 25.56962876821939, 25.665413455296267, 25.760386289632407, 25.854560046591295, 25.94794745181568, 26.040561175228753, 26.13241382543623, 26.223517944513265, 26.313886003160533, 26.40353039621417, 26.49246343849447, 26.580697360978768, 26.668244307284123, 26.755116330445997, 26.841325389979268, 26.926883349208545, 27.011801972854943, 27.096092924867033, 27.179767766483895, 27.26283795451881, 27.345314839852307, 27.4272096661238, 27.50853356861141, 27.58929757328984, 27.669512596056784, 27.749189442118368, 27.828338805524826, 27.90697126884773, 27.985097302990525, 28.062727267124462, 28.139871408742316, 28.216539863822604, 28.292742657097342, 28.368489702416674, 28.44379080320397, 28.518655652995324, 28.5930938360576, 28.6671148280795, 28.74072799693031, 28.813942603481294, 28.88676780248492, 28.959212643507314, 29.031286071909587, 29.102996929873857, 29.17435395747005, 29.245365793759692, 29.31604097793317, 29.38638795047701, 29.456415054368037, 29.52613053629134, 29.595542547879138, 29.664659146967832, 29.733488298870693, 29.802037877663683, 29.87031566748212, 29.938329363826018, 30.006086574872, 30.073594822789882, 30.140861545062062, 30.207894095803965, 30.274699747083947, 30.341285690241115, 30.407659037199583, 30.47382682177783, 30.539796000991895, 30.605573456351163, 30.67116599514564, 30.736580351723674, 30.80182318875909, 30.866901098506833, 30.931820604046255, 30.996588160511195, 31.061210156306142, 31.125692914307717, 31.190042693050835, 31.254265687898933, 31.318368032197657, 31.3823557984115, 31.446234999242854, 31.51001158873305, 31.57369146334491, 31.637280463026435, 31.70078437225523, 31.764208921063354, 31.827559786042237, 31.890842591327374, 31.95406290956254, 32.017226262843245, 32.08033812363919, 32.143403915695544, 32.206429014912814, 32.2694187502051, 32.332378404336595, 32.39531321473621, 32.45822837429009, 32.52112903211192, 32.58402029429101, 32.646907224617834, 32.70979484528714, 32.772688137578406, 32.83559204251356, 32.89851146149198]]","[array([6.37688001e-05, 6.00799169e-05, 5.86664978e-05, 5.87303122e-05,
       5.97890098e-05, 6.15502342e-05, 6.38350445e-05, 6.65328820e-05,
       6.95749668e-05, 7.29182518e-05, 7.65357331e-05, 8.04105684e-05,
       8.45324836e-05, 8.88955584e-05, 9.34968441e-05, 9.83354880e-05,
       1.03412165e-04, 1.08728703e-04, 1.14287820e-04, 1.20092947e-04,
       1.26148092e-04, 1.32457738e-04, 1.39026767e-04, 1.45860394e-04,
       1.52964119e-04, 1.60343679e-04, 1.68005018e-04, 1.75954248e-04,
       1.84197631e-04, 1.92741544e-04, 2.01592468e-04, 2.10756961e-04,
       2.20241644e-04, 2.30053184e-04, 2.40198277e-04, 2.50683637e-04,
       2.61515978e-04, 2.72702000e-04, 2.84248381e-04, 2.96161756e-04,
       3.08448712e-04, 3.21115765e-04, 3.34169354e-04, 3.47615823e-04,
       3.61461408e-04, 3.75712221e-04, 3.90374237e-04, 4.05453274e-04,
       4.20954980e-04, 4.36884819e-04, 4.53248046e-04, 4.70049694e-04,
       4.87294556e-04, 5.04987164e-04, 5.23131770e-04, 5.41732324e-04,
       5.60792456e-04, 5.80315453e-04, 6.00304237e-04, 6.20761344e-04,
       6.41688896e-04, 6.63088586e-04, 6.84961645e-04, 7.07308827e-04,
       7.30130376e-04, 7.53426006e-04, 7.77194875e-04, 8.01435562e-04,
       8.26146036e-04, 8.51323638e-04, 8.76965050e-04, 9.03066275e-04,
       9.29622609e-04, 9.56628619e-04, 9.84078118e-04, 1.01196414e-03,
       1.04027893e-03, 1.06901391e-03, 1.09815965e-03, 1.12770587e-03,
       1.15764142e-03, 1.18795424e-03, 1.21863139e-03, 1.24965897e-03,
       1.28102218e-03, 1.31270526e-03, 1.34469152e-03, 1.37696330e-03,
       1.40950198e-03, 1.44228802e-03, 1.47530088e-03, 1.50851912e-03,
       1.54192034e-03, 1.57548123e-03, 1.60917801e-03, 1.64299817e-03,
       1.67696359e-03, 1.71112505e-03, 1.74554759e-03, 1.78030079e-03,
       1.81545272e-03, 1.85106640e-03, 1.88719778e-03, 1.92389486e-03,
       1.96119732e-03, 1.99913675e-03, 2.03773696e-03, 2.07701452e-03,
       2.11697931e-03, 2.15763516e-03, 2.19898037e-03, 2.24100825e-03,
       2.28370766e-03, 2.32706342e-03, 2.37105672e-03, 2.41566549e-03,
       2.46086470e-03, 2.50662668e-03, 2.55292130e-03, 2.59971623e-03,
       2.64697713e-03, 2.69466778e-03, 2.74275027e-03, 2.79118512e-03,
       2.83993139e-03, 2.88894678e-03, 2.93818778e-03, 2.98760971e-03,
       3.03716686e-03, 3.08681252e-03, 3.13649914e-03, 3.18617837e-03,
       3.23580115e-03, 3.28531782e-03, 3.33467818e-03, 3.38383161e-03,
       3.43272715e-03, 3.48131358e-03, 3.52953955e-03, 3.57735366e-03,
       3.62470455e-03, 3.67154105e-03, 3.71781222e-03, 3.76346751e-03,
       3.80845687e-03, 3.85273082e-03, 3.89624059e-03, 3.93893822e-03,
       3.98077667e-03, 4.02170997e-03, 4.06169323e-03, 4.10068287e-03,
       4.13863661e-03, 4.17551367e-03, 4.21127480e-03, 4.24588238e-03,
       4.27930057e-03, 4.31149531e-03, 4.34243446e-03, 4.37208786e-03,
       4.40042740e-03, 4.42742707e-03, 4.45306302e-03, 4.47731362e-03,
       4.50015950e-03, 4.52158358e-03, 4.54157108e-03, 4.56010958e-03,
       4.57718900e-03, 4.59280160e-03, 4.60694202e-03, 4.61960722e-03,
       4.63079647e-03, 4.64051135e-03, 4.64875572e-03, 4.65553563e-03,
       4.66085934e-03, 4.66473720e-03, 4.66718166e-03, 4.66820716e-03,
       4.66783007e-03, 4.66606864e-03, 4.66294288e-03, 4.65847453e-03,
       4.65268691e-03, 4.64560491e-03, 4.63725483e-03, 4.62766432e-03,
       4.61686228e-03, 4.60487876e-03, 4.59174490e-03, 4.57749275e-03,
       4.56215527e-03, 4.54576616e-03, 4.52835981e-03, 4.50997117e-03,
       4.49063570e-03, 4.47038924e-03, 4.44926794e-03, 4.42730818e-03,
       4.40454647e-03, 4.38101937e-03, 4.35676344e-03, 4.33181512e-03,
       4.30621071e-03, 4.27998627e-03, 4.25317754e-03, 4.22581994e-03,
       4.19794844e-03, 4.16959758e-03, 4.14080135e-03, 4.11159321e-03,
       4.08200599e-03, 4.05207190e-03, 4.02182246e-03, 3.99128850e-03,
       3.96050010e-03, 3.92948660e-03, 3.89827653e-03, 3.86689767e-03,
       3.83537694e-03, 3.80374048e-03, 3.77201355e-03, 3.74022062e-03,
       3.70838528e-03, 3.67653030e-03, 3.64467758e-03, 3.61284819e-03,
       3.58106237e-03, 3.54933951e-03, 3.51769818e-03, 3.48615616e-03,
       3.45473039e-03, 3.42343703e-03, 3.39229148e-03, 3.36130834e-03,
       3.33050150e-03, 3.29988407e-03, 3.26946849e-03, 3.23926646e-03,
       3.20928903e-03, 3.17954657e-03, 3.15004880e-03, 3.12080482e-03,
       3.09182313e-03, 3.06311164e-03, 3.03467767e-03, 3.00652802e-03,
       2.97866894e-03, 2.95110619e-03, 2.92384501e-03, 2.89689018e-03,
       2.87024603e-03, 2.84391646e-03, 2.81790494e-03, 2.79221453e-03,
       2.76684794e-03, 2.74180748e-03, 2.71709514e-03, 2.69271255e-03,
       2.66866105e-03, 2.64494167e-03, 2.62155514e-03, 2.59850194e-03,
       2.57578229e-03, 2.55339615e-03, 2.53134327e-03, 2.50962317e-03,
       2.48823518e-03, 2.46717844e-03, 2.44645188e-03, 2.42605429e-03,
       2.40598431e-03, 2.38624039e-03, 2.36682089e-03, 2.34772402e-03,
       2.32894786e-03, 2.31049040e-03, 2.29234952e-03, 2.27452302e-03,
       2.25700858e-03, 2.23980384e-03, 2.22290634e-03, 2.20631357e-03,
       2.19002297e-03, 2.17403192e-03, 2.15833773e-03, 2.14293770e-03,
       2.12782909e-03, 2.11300912e-03, 2.09847498e-03, 2.08422386e-03,
       2.07025291e-03, 2.05655927e-03, 2.04314008e-03, 2.02999247e-03,
       2.01711356e-03, 2.00450049e-03, 1.99215037e-03, 1.98006034e-03,
       1.96822755e-03, 1.95664915e-03, 1.94532230e-03, 1.93424418e-03,
       1.92341201e-03, 1.91282298e-03, 1.90247434e-03, 1.89236335e-03,
       1.88248729e-03, 1.87284346e-03, 1.86342921e-03, 1.85424189e-03,
       1.84527889e-03, 1.83653763e-03, 1.82801555e-03, 1.81971013e-03,
       1.81161888e-03, 1.80373934e-03, 1.79606908e-03, 1.78860571e-03,
       1.78134685e-03, 1.77429019e-03, 1.76743342e-03, 1.76077429e-03,
       1.75431057e-03, 1.74804005e-03, 1.74196059e-03, 1.73607004e-03,
       1.73036633e-03, 1.72484738e-03, 1.71951119e-03, 1.71435574e-03,
       1.70937909e-03, 1.70457930e-03, 1.69995449e-03, 1.69550280e-03,
       1.69122240e-03, 1.68711148e-03, 1.68316830e-03, 1.67939111e-03,
       1.67577822e-03, 1.67232796e-03, 1.66903868e-03, 1.66590877e-03,
       1.66293665e-03, 1.66012077e-03, 1.65745961e-03, 1.65495166e-03,
       1.65259547e-03, 1.65038958e-03, 1.64833259e-03, 1.64642310e-03,
       1.64465976e-03, 1.64304121e-03, 1.64156616e-03, 1.64023330e-03,
       1.63904137e-03, 1.63798912e-03, 1.63707534e-03, 1.63629882e-03,
       1.63565839e-03, 1.63515287e-03, 1.63478114e-03, 1.63454208e-03,
       1.63443458e-03])]","[[0, 6.376880005047202e-05, 0.00012384871691641303, 0.0001825152146708144, 0.0002412455268224413, 0.0003010345365912193, 0.0003625847707831686, 0.00042641981529987604, 0.0004929526973188352, 0.0005625276641354227, 0.0006354459159050905, 0.0007119816490000566, 0.000792392217419626, 0.0008769247010693073, 0.0009658202594425334, 0.001059317103538853, 0.001157652591496515, 0.00126106475678113, 0.001369793459393799, 0.0014840812790506716, 0.001604174225865222, 0.0017303223175059136, 0.0018627800553893828, 0.0020018068221841125, 0.0021476672163347503, 0.002300631335028732, 0.0024609750141461407, 0.002628980031736378, 0.002804934280132794, 0.002989131910754026, 0.0031818734548277224, 0.0033834659226327926, 0.0035942228833416284, 0.0038144645271220045, 0.0040445177108079005, 0.004284715988154212, 0.004535399625441315, 0.004796915602983504, 0.005069617602914225, 0.0053538659834657925, 0.005650027739827943, 0.0059584764515549, 0.006279592216391964, 0.0066137615703077465, 0.006961377393445286, 0.007322838801642795, 0.007698551023121537, 0.008088925259893217, 0.00849437853340145, 0.008915333513880722, 0.009352218332891075, 0.009805466378467324, 0.010275516072307407, 0.01076281062841532, 0.011267797792609903, 0.01179092956231123, 0.012332661886021664, 0.012893454341928599, 0.013473769795070673, 0.014074074032528755, 0.014694835376127513, 0.015336524272162765, 0.015999612857704477, 0.016684574503065087, 0.017391883330068105, 0.018122013705802763, 0.01887543971160692, 0.019652634587082763, 0.020454070149017935, 0.02128021618515899, 0.0221315398228643, 0.023008504872749913, 0.023911571147534366, 0.024841193756387145, 0.025797822375190096, 0.02678190049323178, 0.027793864636971206, 0.02883414357162936, 0.029903157481494354, 0.031001317129958367, 0.032129023000441626, 0.03328666441949968, 0.03447461866355527, 0.03569325005084379, 0.03694290902031167, 0.038223931199359074, 0.03953663646247082, 0.04088132798293236, 0.0422582912799793, 0.04366779326387846, 0.045110081281585244, 0.046585382165764085, 0.04809390129009551, 0.04963582163392333, 0.051211302859417135, 0.05282048087392195, 0.054463479047010786, 0.05614044263637708, 0.05785156768638684, 0.05959711528110929, 0.061377416072737785, 0.06319286879365037, 0.06504393518959072, 0.06693113297209378, 0.06885502782828874, 0.07081622515155366, 0.07281536190567284, 0.07485309886759954, 0.07693011338268073, 0.07904709269317134, 0.08120472785382889, 0.08340370821902117, 0.0856447164684021, 0.08792842412889876, 0.09025548754680107, 0.0926265442632886, 0.09504220974847596, 0.09750307445212647, 0.10000970113296694, 0.10256262243263063, 0.10516233866439112, 0.10780931579085563, 0.11050398356855864, 0.1132467338408751, 0.11603791896383181, 0.1188778503522279, 0.12176679713598787, 0.12470498491887967, 0.12769259463365376, 0.13072976148932075, 0.13381657400770666, 0.13695307314762828, 0.14013925151603723, 0.14337505266631115, 0.14666037048453862, 0.1499950486651705, 0.1533788802778064, 0.1568116074271652, 0.16029292100846362, 0.16382246056050936, 0.1673998142188104, 0.17102451877092398, 0.17469605981611983, 0.17841387203122339, 0.1821773395442405, 0.18598579641705326, 0.18983852723812095, 0.1937347678257296, 0.1976737060419098, 0.20165448271669437, 0.2056761926819176, 0.20973788591327336, 0.21383856877885318, 0.21797720539188528, 0.22215271906489317, 0.22636399386199554, 0.2306098762455797, 0.23488917681310584, 0.23920067211934087, 0.2435431065788839, 0.24791519444343457, 0.2523156218478735, 0.2567430489188731, 0.2611961119394441, 0.26567342556254453, 0.2701735850666431, 0.27469516864593246, 0.27923673972773805, 0.2837968493095601, 0.28837403830812613, 0.29296683991281314, 0.2975737819358287, 0.30219338915161204, 0.3068241856180334, 0.3114646969721273, 0.31611345269329516, 0.3207689883271475, 0.3254298476634303, 0.330094584861784, 0.3347617665194191, 0.3394299736751561, 0.3440978037446626, 0.3487638723821271, 0.35342681526403424, 0.3580852897911416, 0.3627379767052063, 0.3673835816174631, 0.3720208364463128, 0.3766485007621359, 0.38126536303759995, 0.3858702418022758, 0.39046198670081583, 0.39503947945437323, 0.3996016347253518, 0.40414740088597323, 0.4086757606915228, 0.41318573185949325, 0.4176763675561806, 0.4221467567925981, 0.4265960247318639, 0.4310233329104814, 0.43542787937617067, 0.4398088987451246, 0.44416566218175113, 0.4484974773041282, 0.45280368801853615, 0.4570836742865493, 0.46133685182825834, 0.46556267176526644, 0.46976062020714743, 0.4739302177850823, 0.4780710191363982, 0.4821826123437207, 0.4862646183324243, 0.49031669023002045, 0.4943385126910645, 0.4983298011910901, 0.5022903012929973, 0.5062197878892247, 0.5101180644229328, 0.5139849620913145, 0.5178203390340282, 0.5216240795096273, 0.5253960930627274, 0.5291363136845239, 0.5328446989691326, 0.5365212292680951, 0.5401659068452482, 0.5437787550340208, 0.5473598173990866, 0.5509091569041626, 0.5544268550876142, 0.5579130112473911, 0.5613677416366981, 0.5647911786716732, 0.568183470152231, 0.5715447784971103, 0.5748752799940519, 0.578175164065929, 0.5814446325535464, 0.5846838990157291, 0.5878931880472269, 0.5910727346148744, 0.594222783412363, 0.5973435882339031, 0.6004354113669815, 0.6034985230043515, 0.6065332006753286, 0.6095397286964066, 0.6125183976411543, 0.6154695038293023, 0.6183933488348837, 0.6212902390132522, 0.6241604850467599, 0.627004401508846, 0.629822306446254, 0.6326145209790714, 0.6353813689182561, 0.6381231764002981, 0.6408402715386435, 0.6435329840914926, 0.6462016451455701, 0.6488465868154569, 0.651468141958061, 0.6540666439018002, 0.6566424261900639, 0.6591958223385183, 0.661727165605817, 0.6642367887772804, 0.6667250239611058, 0.6691922023966751, 0.6716386542745296, 0.6740647085675853, 0.6764706928731659, 0.6788569332654422, 0.6812237541578657, 0.6835714781751988, 0.6859004260347454, 0.6882109164364002, 0.6905032659611382, 0.6927777889775794, 0.6950347975562691, 0.6972746013913271, 0.6994975077291263, 0.7017038213036719, 0.7038938442783628, 0.7060678761938253, 0.7082262139215204, 0.7103691516228349, 0.712496980713376, 0.7146099898322009, 0.7167084648157196, 0.7187926886760198, 0.7208629415833729, 0.722919500852689, 0.7249626409336947, 0.7269926334046218, 0.7290097469691992, 0.7310142474567495, 0.7330063978252018, 0.7349864581668383, 0.7369546857165997, 0.738911334862785, 0.7408566571599843, 0.7427909013440929, 0.7447143133492626, 0.7466271363266495, 0.7485296106648266, 0.7504219740117366, 0.7523044612980613, 0.7541773047618963, 0.75604073397462, 0.7578949758678547, 0.7597402547614187, 0.7615767923921797, 0.7634048079437159, 0.7652245180767051, 0.7670361369599571, 0.7688398763020173, 0.7706359453832677, 0.7724245510884566, 0.7742058979395947, 0.7759801881291541, 0.7777476215535145, 0.7795083958466005, 0.7812627064136605, 0.783010746465136, 0.784752707050578, 0.7864887770925656, 0.7882191434205873, 0.789943990804845, 0.7916635019899468, 0.7933778577284532, 0.7950872368142442, 0.7967918161156803, 0.7984917706085248, 0.8001872734086055, 0.8018784958041877, 0.8035656072880373, 0.8052487755891511, 0.8069281667041347, 0.8086039449282093, 0.8102762728858278, 0.8119453115608858, 0.8136112203265113, 0.8152741569744176, 0.8169342777438079, 0.8185917373498167, 0.820246689011479, 0.8218992844792141, 0.8235496740618151, 0.8251980066529352, 0.8268444297570602, 0.8284890895149615, 0.8301321307286207, 0.8317736968856194, 0.8334139301829873, 0.8350529715505032, 0.836690960673444, 0.838328036014775, 0.8399643348367787, 0.8415999932221164, 0.8432351460943203, 0.8448699272377098, 0.8465044693167328, 0.8481389038947245]]"
50.0,80.0,4,90,270,I1-S0,"[[0.01, 0.009218546420913139, 0.008861068736292907, 0.008775059817687893, 0.008868448505882056, 0.009085547081737174, 0.009392451562759975, 0.009768300013704679, 0.010200173616808412, 0.010680043290219028, 0.011202930698762565, 0.011765796314400629, 0.012366863522002718, 0.013005204651802393, 0.013680484782838669, 0.014392800999735682, 0.015142579786674328, 0.015930510175552595, 0.016757499183176316, 0.017624641399305075, 0.018533197772228963, 0.01948458054611716, 0.02048034245047225, 0.021522168934029248, 0.0226118726563995, 0.023751389709616398, 0.024942777203310614, 0.026188211950097826, 0.02748999005487283, 0.028850527256774897, 0.030272359903823685, 0.031758146462560005, 0.033310669481457646, 0.034932837939242574, 0.036627689918715685, 0.038398395553961046, 0.04024826020441888, 0.042180727813540084, 0.04419938441285073, 0.046307961734408376, 0.048510340895955927, 0.05081055612366934, 0.05321279847733099, 0.05572141954209965, 0.05834093504984089, 0.06107602839126567, 0.06393155397793132, 0.0669125404105127, 0.07002419340667207, 0.07327189843836075, 0.07666122302448725, 0.08019791862059912, 0.08388792204256011, 0.08773735635617344, 0.09175253115932117, 0.09593994217747451, 0.10030627008740124, 0.10485837847758074, 0.10960331084726356, 0.11454828653932164, 0.1197006954950729, 0.1250680917121866, 0.13065818527965373, 0.13647883285671797, 0.14253802645570612, 0.1488438803819814, 0.15540461617789972, 0.16222854541182727, 0.16932405014814453, 0.17669956092991362, 0.18436353210273546, 0.19232441430651318, 0.20059062396163593, 0.20917050957779434, 0.21807231471755498, 0.22730413745330197, 0.23687388616556418, 0.24678923154347782, 0.25705755466459274, 0.26768589105183277, 0.2786808706305954, 0.2900486535391418, 0.3017948617809993, 0.31392450674946065, 0.3264419127017651, 0.3393506363144841, 0.35265338251222883, 0.36635191682917667, 0.380446974637096, 0.39493816765440537, 0.4098238882380405, 0.4251012120530416, 0.4407657998131091, 0.4568117988879661, 0.47323174567899273, 0.490017248556523, 0.5071667621058165, 0.5246895288187778, 0.5426004578892828, 0.5609159680728323, 0.5796512474062973, 0.598818487489202, 0.6184257841264885, 0.6384764893744741, 0.658968865827953, 0.679895940501385, 0.7012454885435412, 0.7230001002320531, 0.7451373010022393, 0.7676297056426615, 0.7904451956397123, 0.8135471139760887, 0.8368944751997485, 0.8604421907944034, 0.8841413111681999, 0.9079392861985164, 0.9317802464180766, 0.9556053067383021, 0.9793528941800453, 1.0029591004933456, 1.0263580598522193, 1.0494823510508184, 1.0722634228381998, 1.0946320402394034, 1.116518748945577, 1.1378543541378165, 1.1585704094582696, 1.1785997112759559, 1.1978767929296563, 1.2163384132797475, 1.2339240336759407, 1.250576277356411, 1.2662413653402045, 1.2808695230598683, 1.2944153523018616, 1.3068381634714732, 1.318102263765982, 1.3281771975103733, 1.3370379356668014, 1.3446650123523431, 1.3510446070677902, 1.3561685722305505, 1.3600344064941359, 1.3626451752026671, 1.3640093801500612, 1.3641407815707018, 1.3630581759646776, 1.3607851339423034, 1.3573497027491788, 1.3527840784976213, 1.3471242533796006, 1.340409643270486, 1.3326827011554048, 1.3239885217271357, 1.314374442325062, 1.3038896451196227, 1.292584765108275, 1.2805115080905483, 1.2677222823451084, 1.2542698472546556, 1.2402069816283074, 1.2255861739684035, 1.2104593364308973, 1.1948775437457952, 1.1788907979051464, 1.1625478189980054, 1.1458958621801152, 1.1289805604148342, 1.1118457923135823, 1.09453357414005, 1.0770839748226095, 1.0595350526427862, 1.0419228121324025, 1.0242811796155444, 1.006641995770712, 0.9890350235599391, 0.9714879698716313, 0.9540265192485624, 0.9366743781181386, 0.919453328005007, 0.9023832862828566, 0.8854823731095856, 0.8687669832849046, 0.8522518618692263, 0.8359501825049905, 0.8198736274843527, 0.8040324687086585, 0.78843564878393, 0.773090861591503, 0.758004631763113, 0.7431823925744299, 0.7286285618498406, 0.7143466155438939, 0.7003391587311212, 0.6866079937959383, 0.6731541856681302, 0.6599781239972266, 0.6470795822011469, 0.6344577733611627, 0.622111402966827, 0.6100387185414475, 0.5982375562013021, 0.5867053842205094, 0.5754393436886536, 0.5644362863602895, 0.5536928098046798, 0.5432052899708728, 0.5329699112878389, 0.522982694422124, 0.513239521816635, 0.5037361611339711, 0.4944682867263907, 0.4854314992522463, 0.4766213435557105, 0.4680333249230031, 0.45966292382426094, 0.4515056092457758, 0.4435568507126702, 0.43581212909727346, 0.42826694630357487, 0.4209168339132292, 0.413757360873724, 0.40678414030453314, 0.39999283549240755, 0.39337916514241894, 0.386938907947001, 0.38066790653103333, 0.37456207082700266, 0.36861738093045593, 0.3628298894823386, 0.3571957236213843, 0.3517110865464932, 0.3463722587259971, 0.34117559878785936, 0.3361175441221884, 0.3311946112249494, 0.32640339580943184, 0.321740572709865, 0.3172028955995578, 0.3127871965440696, 0.30849038540818413, 0.30430944913385166, 0.3002414509047794, 0.29628352921197565, 0.2924328968332863, 0.288686839738792, 0.2850427159328569, 0.2814979542426283, 0.2780500530618715, 0.2746965790581875, 0.2714351658508875, 0.268263512666093, 0.2651793829749782, 0.26218060312047803, 0.2592650609372399, 0.2564307043690963, 0.25367554008788096, 0.2509976321169914, 0.24839510046272215, 0.24586611975604147, 0.2434089179071695, 0.24102177477502468, 0.23870302085334222, 0.2364510359750289, 0.23426424803609905, 0.2321411317403404, 0.230080207365677, 0.22808003955303502, 0.22613923611836884, 0.2242564468883725, 0.22243036256028084, 0.2206597135860561, 0.21894326908115944, 0.21727983575801804, 0.21566825688422092, 0.21410741126540592, 0.21259621225273873, 0.21113360677482834, 0.2097185743938747, 0.2083501263858007, 0.2070273048440827, 0.20574918180696022, 0.20451485840767633, 0.20332346404737542, 0.20217415559026364, 0.20106611658061882, 0.19999855648122147, 0.19897070993276628, 0.19798183603380268, 0.1970312176407459, 0.19611816068749305, 0.19524199352417498, 0.19440206627457238, 0.1935977502117222, 0.1928284371512416, 0.19209353886189703, 0.1913924864929488, 0.19072473001780363, 0.1900897376935126, 0.18948699553565526, 0.18891600680815648, 0.1883762915275882, 0.18786738598151334, 0.18738884226043723, 0.1869402278029367, 0.18652112495354575, 0.18613113053298247, 0.18576985542031013, 0.185436924146633, 0.18513197449993388, 0.18485465714067, 0.18460463522774936, 0.18438158405451932, 0.18418519069440575, 0.18401515365584936, 0.183871182546193, 0.18375299774418194, 0.18366033008074614, 0.1835929205277411, 0.1835505198943314, 0.18353288853070818, 0.18353979603883877, 0.18357102098995426, 0.18362635064848676, 0.18370558070217619, 0.1838085149980718, 0.1839349652841611, 0.18408475095636492, 0.1842576988106439, 0.1844536427999672, 0.18467242379590149, 0.18491388935458297, 0.1851778934868423, 0.18546429643225656, 0.18577296443690958, 0.1861037695346464, 0.18645658933161352, 0.18683130679388196, 0.18722781003795547, 0.18764599212397104, 0.18808575085140464, 0.18854698855709973, 0.18902961191544113, 0.1895335317405021, 0.1900586627899971, 0.19060492357087766, 0.1911722361464137, 0.19176052594460777, 0.1923697215677936, 0.1929997546032766, 0.19365055943487688, 0.19432207305524252, 0.1950142348788032, 0.19572698655524143, 0.19646027178336162, 0.19721403612524366, 0.19798822682057174, 0.19878279260103449, 0.19959768350469792, 0.20043285069025718, 0.20128824625107916, 0.20216382302895253, 0.2030595344274681, 0.20397533422495726, 0.20491117638692194, 0.20586701487789594]]","[[0.01, 0.011673645222856313, 0.01362924433757481, 0.01580189558251425, 0.01815640128854605, 0.020675376741163654, 0.023351965319080233, 0.026185464139524488, 0.02917886079425041, 0.03233739423755835, 0.03566771501902985, 0.03917740180161299, 0.042874689233075025, 0.046768320717232956, 0.05086747464963799, 0.055181733615426005, 0.059721078536746915, 0.06449589719299097, 0.0695170009523149, 0.07479564616597202, 0.08034355821657861, 0.08617295711324316, 0.09229658405030214, 0.09872772864702724, 0.10548025675510161, 0.11256863881346445, 0.12000797877854016, 0.1278140436808785, 0.13600329386793522, 0.14459291399356045, 0.15360084481142183, 0.1630458158241423, 0.1729473788335094, 0.183325942430293, 0.19420280745525972, 0.20560020345598815, 0.21754132615705737, 0.23005037595405153, 0.2431525974345008, 0.2568743199212759, 0.2712429990259611, 0.28628725919125086, 0.3020369371923458, 0.31852312655756343, 0.33577822285783243, 0.35383596980330767, 0.372731506072931, 0.3925014127892774, 0.41318376153637243, 0.4348181628022509, 0.45744581471076284, 0.4811095518884244, 0.5058538942918787, 0.5317250957996879, 0.5587711923486485, 0.5870420493695315, 0.6165894082500415, 0.6474669315238042, 0.6797302464533016, 0.7134369866418424, 0.7486468312748915, 0.7854215415544006, 0.8238249938512269, 0.8639232090603857, 0.9057843776018639, 0.9494788794661886, 0.9950792986591077, 1.0426604313538534, 1.0922992870128594, 1.1440750816938727, 1.1980692227086183, 1.2543652837560908, 1.3130489696078027, 1.3742080693796657, 1.437932397385452, 1.5043137205309536, 1.5734456711770801, 1.6454236443754242, 1.7203446783625584, 1.798307317190976, 1.8794114543766522, 1.9637581564573676, 2.051449465383926, 2.1425881787100427, 2.237277606607872, 2.335621304816761, 2.4377227827348174, 2.5436851859880605, 2.653610952962083, 2.767601444957903, 2.8857565498383657, 3.00817425926523, 3.134950219890616, 3.2661772591600977, 3.40194488670813, 3.5423395916306477, 3.68745320038976, 3.837389393685041, 3.99226072555543, 4.152185351730438, 4.317284300188529, 4.4876791458346625, 4.663489989322511, 4.844833666846757, 5.031822137286195, 5.224561007621878, 5.423148168559127, 5.627672520735862, 5.8382127784756195, 6.054836343207465, 6.277598242753031, 6.506540135904121, 6.741689384247538, 6.983058195155393, 7.230642841334379, 7.484422963378378, 7.744360962440851, 8.010401490471079, 8.282471045468728, 8.560477678927343, 8.844310822080532, 9.13384123675618, 9.428921095606718, 9.729384195242563, 10.035046304379499, 10.345705647550586, 10.661143523263787, 10.981125053745567, 11.30540006163815, 11.633704067255174, 11.965759398289169, 12.30127640224556, 12.639954750391242, 12.981484820687603, 13.325549146060055, 13.671823913466053, 14.01998049858191, 14.369687020549806, 14.72060990111733, 15.072415412662655, 15.424771200021496, 15.777347761703385, 16.129819876984243, 16.481867966463756, 16.8331793749501, 17.183449566947182, 17.532383226535835, 17.879695255023513, 18.22511166135129, 18.568370341856994, 18.90922174756718, 19.24742943869835, 19.582770527463957, 19.915036011586544, 20.244031002086786, 20.56957484995067, 20.89150117715437, 21.209657818249998, 21.52390667928403, 21.83412352123821, 22.14019767545605, 22.44203169865663, 22.739540975152362, 23.032653273791055, 23.32130826694941, 23.605457018628467, 23.88506144835625, 24.1600937772024, 24.43053596176764, 24.696379121539614, 24.957622964517483, 25.21427521551097, 25.466351051024112, 25.71387254414778, 25.956868122414217, 26.195372041117086, 26.429423874175477, 26.659068024223412, 26.88435325323951, 27.10533223469591, 27.32206112790177, 27.534599174944642, 27.743008320391947, 27.94735285370363, 28.147699074124446, 28.34411497766858, 28.536669965678374, 28.725434574331317, 28.910480224382418, 29.091878990361554, 29.26970338839442, 29.44402618178008, 29.614920203435695, 29.782458194307967, 29.946712656849964, 30.107755722669197, 30.265659033467337, 30.42049363441212, 30.572329879106924, 30.721237345352016, 30.867284760923003, 31.01053993862535, 31.151069719918773, 31.288939926440946, 31.424215318795913, 31.556959562008597, 31.687235197082188, 31.81510361813002, 31.940625054587436, 32.06385855804182, 32.18486199325059, 32.30369203294715, 32.42040415606343, 32.53505264902539, 32.64769060980335, 32.758369954423756, 32.86714142567202, 32.97405460373752, 33.07915791857239, 33.18249866375431, 33.284123011661585, 33.38407602978486, 33.48240169801539, 33.579142926763815, 33.6743415757766, 33.76803847352941, 33.86027343708798, 33.951085292337424, 34.04051189449033, 34.128590148793, 34.21535603135714, 34.3008446100518, 34.385090065397065, 34.46812571140753, 34.5499840163389, 34.63069662329666, 34.710294370670425, 34.788807312361804, 34.86626473777782, 34.94269519156542, 35.01812649306598, 35.092585755471596, 35.16609940466792, 35.23869319775043, 35.31039224120362, 35.381221008734336, 35.451203358752444, 35.52036255149376, 35.58872126578134, 35.65630161542295, 35.723125165243424, 35.789212946751896, 35.85458547344461, 35.91926275574519, 35.98326431558466, 36.046609200624374, 36.109315998125524, 36.17140284846947, 36.23288745833344, 36.29378711352671, 36.35411869149256, 36.41389867348162, 36.4731431564025, 36.53186786435577, 36.59008815985736, 36.64781905475793, 36.705075220864416, 36.7618710002703, 36.81822041540124, 36.874137178782426, 36.92963470253428, 36.98472610760304, 37.03942423273265, 37.093741643184515, 37.1476906392113, 37.20128326429127, 37.25453131312933, 37.307446339430825, 37.360039663454295, 37.41232237934897, 37.46430536228296, 37.51599927536778, 37.56741457638492, 37.61856152431977, 37.66945018570851, 37.72009044080298, 37.77049198955881, 37.82066435745181, 37.87061690112734, 37.92035881388762, 37.96989913102145, 38.01924673498093, 38.0684103604095, 38.11739859902562, 38.16621990436616, 38.21488259639355, 38.263394865970625, 38.31176477920681, 38.3600002816795, 38.408109202534, 38.456099258465585, 38.503978057586956, 38.55175310318433, 38.599431797365256, 38.647021444601165, 38.69452925516761, 38.74196234848494, 38.78932775636211, 38.83663242614636, 38.88388322378105, 38.93108693677436, 38.978250277080996, 39.025379883899106, 39.07248232638482, 39.11956410628625, 39.166631660499, 39.21369136354525, 39.26074952997798, 39.307812416712366, 39.354886225285895, 39.40197710404877, 39.44909115028627, 39.49623441227449, 39.543412891270805, 39.59063254344046, 39.63789928172056, 39.68521897762266, 39.73259746297506, 39.78004053160597, 39.82755394096854, 39.87514341370873, 39.92281463917689, 39.97057327488407, 40.018424947903625, 40.06637525621915, 40.11442977001923, 40.16259403293978, 40.210873563254594, 40.25927385501462, 40.307800379136495, 40.35645858444085, 40.40525389864082, 40.454191729281106, 40.50327746462799, 40.552516474510625, 40.60191411111383, 40.651475709722696, 40.70120658941919, 40.75111205373091, 40.8011973912321, 40.851467876097196, 40.90192876860677, 40.95258531560609, 41.003442750916214, 41.054506295697685, 41.10578115876679, 41.15727253686427, 41.2089856148765, 41.26092556600899, 41.31309755191212, 41.365506722758916, 41.41815821727483, 41.471057162719276, 41.52420867481876, 41.57761785765142, 41.63128980348283]]","[array([6.37688001e-05, 6.00799169e-05, 5.86664978e-05, 5.87303122e-05,
       5.97890098e-05, 6.15502363e-05, 6.38350745e-05, 6.65330663e-05,
       6.95756823e-05, 7.29203473e-05, 7.65408095e-05, 8.04213045e-05,
       8.45529962e-05, 8.89317870e-05, 9.35569545e-05, 9.84302892e-05,
       1.03555539e-04, 1.08938045e-04, 1.14584493e-04, 1.20502745e-04,
       1.26701717e-04, 1.33191300e-04, 1.39982289e-04, 1.47086348e-04,
       1.54515974e-04, 1.62284480e-04, 1.70405978e-04, 1.78895379e-04,
       1.87768388e-04, 1.97041511e-04, 2.06732064e-04, 2.16858182e-04,
       2.27438835e-04, 2.38493845e-04, 2.50043906e-04, 2.62110599e-04,
       2.74716420e-04, 2.87884802e-04, 3.01640134e-04, 3.16007791e-04,
       3.31014154e-04, 3.46686640e-04, 3.63053722e-04, 3.80144956e-04,
       3.97991003e-04, 4.16623654e-04, 4.36075852e-04, 4.56381708e-04,
       4.77576526e-04, 4.99696814e-04, 5.22780301e-04, 5.46865948e-04,
       5.71993953e-04, 5.98205760e-04, 6.25544052e-04, 6.54052752e-04,
       6.83777010e-04, 7.14763183e-04, 7.47058818e-04, 7.80712615e-04,
       8.15774391e-04, 8.52295032e-04, 8.90326432e-04, 9.29921427e-04,
       9.71133713e-04, 1.01401775e-03, 1.05862866e-03, 1.10502210e-03,
       1.15325413e-03, 1.20338103e-03, 1.25545919e-03, 1.30954484e-03,
       1.36569387e-03, 1.42396163e-03, 1.48440261e-03, 1.54707018e-03,
       1.61201631e-03, 1.67929119e-03, 1.74894292e-03, 1.82101708e-03,
       1.89555634e-03, 1.97260002e-03, 2.05218359e-03, 2.13433823e-03,
       2.21909025e-03, 2.30646056e-03, 2.39646413e-03, 2.48910933e-03,
       2.58439738e-03, 2.68232167e-03, 2.78286716e-03, 2.88600968e-03,
       2.99171533e-03, 3.09993976e-03, 3.21062862e-03, 3.32374273e-03,
       3.43930978e-03, 3.55741306e-03, 3.67815886e-03, 3.80165374e-03,
       3.92798975e-03, 4.05723498e-03, 4.18942785e-03, 4.32457387e-03,
       4.46264404e-03, 4.60357436e-03, 4.74726599e-03, 4.89358590e-03,
       5.04236779e-03, 5.19341324e-03, 5.34649285e-03, 5.50134772e-03,
       5.65769079e-03, 5.81520846e-03, 5.97356226e-03, 6.13239062e-03,
       6.29131085e-03, 6.44992124e-03, 6.60780330e-03, 6.76452425e-03,
       6.91963957e-03, 7.07269577e-03, 7.22323330e-03, 7.37078962e-03,
       7.51490229e-03, 7.65511222e-03, 7.79096698e-03, 7.92202406e-03,
       8.04785416e-03, 8.16804443e-03, 8.28220157e-03, 8.38995481e-03,
       8.49095877e-03, 8.58489600e-03, 8.67147938e-03, 8.75045415e-03,
       8.82159969e-03, 8.88473097e-03, 8.93969961e-03, 8.98639461e-03,
       9.02474277e-03, 9.05470860e-03, 9.07629405e-03, 9.08953775e-03,
       9.09451404e-03, 9.09133156e-03, 9.08013170e-03, 9.06108669e-03,
       9.03439753e-03, 9.00029171e-03, 8.95902081e-03, 8.91085794e-03,
       8.85609516e-03, 8.79504078e-03, 8.72801676e-03, 8.65535603e-03,
       8.57739995e-03, 8.49449576e-03, 8.40699421e-03, 8.31524727e-03,
       8.21960600e-03, 8.12041855e-03, 8.01802835e-03, 7.91277244e-03,
       7.80498002e-03, 7.69497108e-03, 7.58305534e-03, 7.46953124e-03,
       7.35468514e-03, 7.23879071e-03, 7.12210839e-03, 7.00488509e-03,
       6.88735391e-03, 6.76973408e-03, 6.65223093e-03, 6.53503602e-03,
       6.41832729e-03, 6.30226935e-03, 6.18701381e-03, 6.07269961e-03,
       5.95945351e-03, 5.84739053e-03, 5.73661441e-03, 5.62721818e-03,
       5.51928464e-03, 5.41288693e-03, 5.30808905e-03, 5.20494642e-03,
       5.10350638e-03, 5.00380876e-03, 4.90588634e-03, 4.80976540e-03,
       4.71546617e-03, 4.62300331e-03, 4.53238634e-03, 4.44362006e-03,
       4.35670501e-03, 4.27163775e-03, 4.18841134e-03, 4.10701558e-03,
       4.02743740e-03, 3.94966112e-03, 3.87366875e-03, 3.79944025e-03,
       3.72695376e-03, 3.65618584e-03, 3.58711168e-03, 3.51970528e-03,
       3.45393964e-03, 3.38978691e-03, 3.32721855e-03, 3.26620547e-03,
       3.20671815e-03, 3.14872674e-03, 3.09220119e-03, 3.03711132e-03,
       2.98342692e-03, 2.93111783e-03, 2.88015397e-03, 2.83050546e-03,
       2.78214263e-03, 2.73503607e-03, 2.68915672e-03, 2.64447583e-03,
       2.60096506e-03, 2.55859649e-03, 2.51734262e-03, 2.47717642e-03,
       2.43807132e-03, 2.40000126e-03, 2.36294067e-03, 2.32686450e-03,
       2.29174821e-03, 2.25756778e-03, 2.22429974e-03, 2.19192111e-03,
       2.16040948e-03, 2.12974292e-03, 2.09990007e-03, 2.07086007e-03,
       2.04260256e-03, 2.01510773e-03, 1.98835623e-03, 1.96232924e-03,
       1.93700843e-03, 1.91237594e-03, 1.88841440e-03, 1.86510690e-03,
       1.84243698e-03, 1.82038865e-03, 1.79894636e-03, 1.77809497e-03,
       1.75781980e-03, 1.73810655e-03, 1.71894134e-03, 1.70031070e-03,
       1.68220151e-03, 1.66460108e-03, 1.64749704e-03, 1.63087740e-03,
       1.61473052e-03, 1.59904511e-03, 1.58381020e-03, 1.56901515e-03,
       1.55464964e-03, 1.54070365e-03, 1.52716746e-03, 1.51403165e-03,
       1.50128708e-03, 1.48892489e-03, 1.47693647e-03, 1.46531350e-03,
       1.45404789e-03, 1.44313182e-03, 1.43255768e-03, 1.42231813e-03,
       1.41240602e-03, 1.40281445e-03, 1.39353672e-03, 1.38456635e-03,
       1.37589704e-03, 1.36752271e-03, 1.35943746e-03, 1.35163558e-03,
       1.34411154e-03, 1.33685997e-03, 1.32987570e-03, 1.32315370e-03,
       1.31668912e-03, 1.31047725e-03, 1.30451354e-03, 1.29879358e-03,
       1.29331311e-03, 1.28806801e-03, 1.28305429e-03, 1.27826810e-03,
       1.27370571e-03, 1.26936350e-03, 1.26523800e-03, 1.26132584e-03,
       1.25762375e-03, 1.25412860e-03, 1.25083735e-03, 1.24774706e-03,
       1.24485489e-03, 1.24215812e-03, 1.23965410e-03, 1.23734029e-03,
       1.23521422e-03, 1.23327352e-03, 1.23151590e-03, 1.22993917e-03,
       1.22854119e-03, 1.22731992e-03, 1.22627338e-03, 1.22539968e-03,
       1.22469699e-03, 1.22416354e-03, 1.22379764e-03, 1.22359767e-03,
       1.22356204e-03, 1.22368927e-03, 1.22397790e-03, 1.22442655e-03,
       1.22503387e-03, 1.22579859e-03, 1.22671947e-03, 1.22779534e-03,
       1.22902507e-03, 1.23040758e-03, 1.23194182e-03, 1.23362679e-03,
       1.23546156e-03, 1.23744520e-03, 1.23957685e-03, 1.24185567e-03,
       1.24428085e-03, 1.24685165e-03, 1.24956733e-03, 1.25242718e-03,
       1.25543056e-03, 1.25857681e-03, 1.26186534e-03, 1.26529555e-03,
       1.26886690e-03, 1.27257886e-03, 1.27643091e-03, 1.28042256e-03,
       1.28455336e-03, 1.28882286e-03, 1.29323062e-03, 1.29777624e-03,
       1.30245932e-03, 1.30727947e-03, 1.31223633e-03, 1.31732954e-03,
       1.32255876e-03, 1.32792364e-03, 1.33342386e-03, 1.33905910e-03,
       1.34482903e-03, 1.35073335e-03, 1.35677175e-03, 1.36294391e-03,
       1.36924954e-03])]","[[0, 6.376880005047202e-05, 0.00012384871691641303, 0.0001825152146708144, 0.0002412455268224413, 0.00030103453660847997, 0.0003625847728914352, 0.000426419847423891, 0.0004929529136997921, 0.0005625285960347878, 0.0006354489433835659, 0.0007119897529146069, 0.0007924110574304496, 0.0008769640536475472, 0.0009658958406960863, 0.001059452795212736, 0.0011578830844174702, 0.0012614386238295684, 0.001370376669328275, 0.00148496116277057, 0.0016054639076454452, 0.0017321656251201556, 0.0018653569246709061, 0.0020053392133246232, 0.00215242556100525, 0.002306941535164884, 0.002469226014941027, 0.00263963199300729, 0.002818527371767854, 0.0030062957593970266, 0.0032033372703272243, 0.0034100693340670726, 0.0036269275156377086, 0.003854366350416894, 0.004092860195754391, 0.004342904101351353, 0.004605014700068533, 0.004879731120532765, 0.005167615922640262, 0.005469256056801755, 0.005785263847532603, 0.006116278001755364, 0.006462964641948437, 0.00682601836403802, 0.007206163319688092, 0.007604154322390702, 0.008020777976493499, 0.008456853828019865, 0.008913235535836374, 0.009390812061399745, 0.0098905088749682, 0.010413289175787672, 0.010960155123358925, 0.011532149076454922, 0.012130354836086427, 0.012755898888105383, 0.013409951640588063, 0.014093728650551264, 0.014808491833923071, 0.015555550652013531, 0.016336263267008284, 0.017152037658239333, 0.018004332690170738, 0.018894659122173196, 0.01982458054925086, 0.020795714261927473, 0.021809732012498917, 0.02286836067381887, 0.023973382775706892, 0.025126636902959992, 0.02633001793781516, 0.02758547712856048, 0.028895021964835524, 0.030260715839009675, 0.03168467747189346, 0.03316908007993904, 0.03471615026003941, 0.03632816656706357, 0.03800745775838875, 0.03975640067893882, 0.04157741775963787, 0.04347297410177213, 0.045445574119556555, 0.047497757713261896, 0.049632095945613186, 0.05185118619486435, 0.05415764675902829, 0.05655411088724375, 0.05904322021623345, 0.061627617592298664, 0.06430993926234613, 0.06709280642109582, 0.06997881610590928, 0.0729705314356398, 0.07607047119556203, 0.07928109982010716, 0.08260484255282972, 0.08604415233418868, 0.08960156539392593, 0.09327972425084692, 0.09708137799434373, 0.10100936774923279, 0.10506660273236428, 0.1092560305836957, 0.11358060445346087, 0.11804324849663621, 0.12264682285754773, 0.12739408884425485, 0.1322876747395684, 0.13733004253415082, 0.1425234557691772, 0.1478699486215074, 0.1533712963389037, 0.15902898712625954, 0.164844195588732, 0.17081775784882766, 0.1769501484681241, 0.18324145931773453, 0.18969138055295287, 0.19629918385542858, 0.20306370810982635, 0.20998334768065874, 0.21705604344853294, 0.22427927675332882, 0.23165006637490704, 0.2391649686600719, 0.2468200808780653, 0.25461104785635347, 0.26253307191450626, 0.27058092607728373, 0.2787489705094345, 0.28703117207504275, 0.29542112688444244, 0.30391208565266836, 0.3124969816560569, 0.32116846103882013, 0.32991891519002403, 0.33874051488414103, 0.34762524585585775, 0.3565649454626054, 0.3655513400767195, 0.3745760828434502, 0.3836307914413014, 0.39270708548730093, 0.40179662324155935, 0.41089113728250587, 0.4199824688460039, 0.4290626005475637, 0.43812368723641826, 0.4471580847625809, 0.4561583764724045, 0.46511739728384044, 0.4740282552287934, 0.48288435038595845, 0.491679391162642, 0.5004074079176893, 0.5090627639492491, 0.5176401639002453, 0.5261346596607509, 0.5345416538697024, 0.5428569011383826, 0.5510765071347588, 0.5591969256810767, 0.5672149540271493, 0.5751277264686817, 0.5829327064839076, 0.590627677563016, 0.5982107329035726, 0.6056802641416633, 0.6130349492831051, 0.6202737399920742, 0.6273958483861861, 0.6344007334777063, 0.6412880873904472, 0.6480578214712593, 0.6547100524040812, 0.661245088423476, 0.6676634157136319, 0.673965685068087, 0.6801526988750878, 0.6862253984836074, 0.692184851995715, 0.69803224252226, 0.7037688569307629, 0.709396075106998, 0.7149153597450438, 0.7203282466745371, 0.7256363357285026, 0.7308412821504124, 0.7359447885350235, 0.7409485972940248, 0.7458544836345509, 0.7506642490361498, 0.7553797152097873, 0.7600027185208829, 0.7645351048571697, 0.7689787249213007, 0.7733354299275569, 0.7776070676817072, 0.781795479022991, 0.785902494607312, 0.789929932011013, 0.7938795931350187, 0.7977532618896688, 0.8015527021411838, 0.8052796559013992, 0.8089358417431497, 0.8125229534244709, 0.8160426587055911, 0.8194965983435099, 0.822886385249781, 0.8262136037979403, 0.8294798092678214, 0.8326865274147953, 0.8358352541527347, 0.8389274553402452, 0.8419645666604203, 0.8449479935850595, 0.8478791114149363, 0.850759265388329, 0.8535897708506048, 0.8563719134782095, 0.8591069495509296, 0.8617961062667883, 0.8644405820943929, 0.8670415471579832, 0.8696001436508285, 0.8721174862729968, 0.8745946626898657, 0.877032734008068, 0.8794327352658627, 0.8817956759352016, 0.8841225404330137, 0.8864142886394711, 0.8886718564212124, 0.8908961561577059, 0.8930880772691159, 0.8952484867442053, 0.8973782296669669, 0.8994781297408134, 0.9015489898092924, 0.9035915923724079, 0.9056067000977428, 0.907595056325673, 0.9095573855680595, 0.9114943939998831, 0.9134067699433649, 0.9152951843441843, 0.917160291239466, 0.9190027282172658, 0.920823116867338, 0.9226220632230071, 0.9244001581940156, 0.9261579779902515, 0.9278960845362959, 0.9296150258767597, 0.9313153365724057, 0.9329975380870769, 0.9346621391654727, 0.936309636201835, 0.9379405135996199, 0.9395552441222486, 0.9411542892350425, 0.9427380994384602, 0.9443071145927595, 0.9458617642342229, 0.9474024678830837, 0.9489296353433052, 0.95044366699436, 0.95194495407517, 0.9534338789603634, 0.9549108154290121, 0.9563761289260123, 0.9578301768162721, 0.9592733086318715, 0.9607058663123595, 0.9621281844383525, 0.9635405904585969, 0.9649434049106599, 0.9663369416354065, 0.9677215079854247, 0.9690974050275531, 0.9704649277396681, 0.9718243652018799, 0.9731760007822915, 0.974520112317463, 0.9758569722877287, 0.9771868479875067, 0.9785100016907402, 0.9798266908116061, 0.9811371680606213, 0.9824416815962784, 0.9837404751723349, 0.9850337882808795, 0.9863218562912954, 0.9876049105852367, 0.9888831786877307, 0.9901568843945185, 0.9914262478957387, 0.9926914858960596, 0.9939528117313604, 0.9952104354820601, 0.9964645640831887, 0.9977154014312926, 0.9989631484882643, 1.0002080033821823, 1.0014501615052442, 1.0026898156088766, 1.0039271558960954, 1.0051623701111965, 1.0063956436268482, 1.0076271595286548, 1.008857098697261, 1.0100856398880618, 1.0113129598085806, 1.0125392331935785, 1.0137646328779488, 1.0149893298674597, 1.016213493407392, 1.0174372910491307, 1.018660888714754, 1.0198844507596727, 1.0211081400333637, 1.0223321179382412, 1.023556544486708, 1.0247815783564278, 1.0260073769438567, 1.0272340964160696, 1.028461891760917, 1.0296909168355468, 1.0309213244133195, 1.0321532662291502, 1.0333868930233039, 1.0346223545836712, 1.0358597997865508, 1.0370993766359622, 1.0383412323015098, 1.0395855131548226, 1.0408323648045874, 1.042081932130194, 1.04333435931401, 1.0445897898723029, 1.0458483666848208, 1.04711023202305, 1.0483755275771576, 1.0496443944816334, 1.050916973339642, 1.0521934042460916, 1.0534738268094301, 1.0547583801721758, 1.0560472030301888, 1.0573404336506877, 1.0586382098890192, 1.05994066920418, 1.0612479486730984, 1.0625601850036757, 1.0638775145465886, 1.0652000733058553, 1.0665279969481627, 1.0678614208109565, 1.0692004799092933, 1.0705453089414503, 1.0718960422932926, 1.0732528140413964, 1.074615757954921, 1.0759850074962312]]"
50.0,80.0,4,90,270,I0-S1,"[[0.01, 0.009218546420913139, 0.008861068736292907, 0.008775059817687893, 0.008868448505882056, 0.00908555638751777, 0.009392587236999284, 0.009768927112804462, 0.010201985741986806, 0.010684092968727498, 0.011210624388480975, 0.011778864725674767, 0.012387314992094247, 0.01303526709541674, 0.013722540071119489, 0.014449314362838948, 0.015216025900898999, 0.016023296914064608, 0.016871889522055077, 0.017762673631160936, 0.018696603950437613, 0.019674702934237186, 0.020698047660858063, 0.021767759389783096, 0.02288499498883538, 0.024050939700028966, 0.02526680088641386, 0.02653380251238717, 0.027853180181218764, 0.02922617660070481, 0.030654037379893573, 0.03213800708220927, 0.03367932547640854, 0.03527922393874134, 0.03693892196877926, 0.03865962378846997, 0.040442514999633326, 0.04228875927970697, 0.04419949509933425, 0.04617583244854839, 0.04821884956097683, 0.05032958962776895, 0.05250905749491617, 0.054758216339344426, 0.05707798432066494, 0.05946923120680724, 0.06193277497296036, 0.06446937837433978, 0.06707974549429986, 0.06976451827024134, 0.07252427300063505, 0.07535951683730778, 0.07827068426792344, 0.08125813359434911, 0.08432214341332735, 0.08746290910658712, 0.09068053934821865, 0.09397505263781453, 0.09734637386854093, 0.1007943309399492, 0.10431865142596752, 0.10791895930912498, 0.11159477179265194, 0.1153454962026694, 0.11917042699322353, 0.12306874286743341, 0.12703950402849917, 0.13108164957475646, 0.13519399505335974, 0.1393752301875224, 0.14362391679253458, 0.14793848689601088, 0.15231724107798641, 0.15675834704657363, 0.16125983846490907, 0.16581961404505324, 0.17043543692435054, 0.17510493433950758, 0.17982559761329941, 0.1845947824683602, 0.1894097096819548, 0.194267466094955, 0.1991650059874568, 0.2040991528325708, 0.20906660143889438, 0.21406392049103154, 0.21908755549626432, 0.22413383214410004, 0.22919896008392268, 0.23427903712436954, 0.2393700538563385, 0.24446789869971555, 0.24956836337200008, 0.25466714877500896, 0.2597598712937667, 0.2648422191612085, 0.26991146666447874, 0.27496724001373013, 0.2800105923970758, 0.28504331497120977, 0.2900675239875835, 0.29508541658797016, 0.3000991293541143, 0.30511065911686214, 0.310121821188038, 0.3151342298205361, 0.3201492916362375, 0.3251682064094543, 0.33019197183242327, 0.33522139025971953, 0.340257076264019, 0.3452994643422736, 0.3503488164160913, 0.35540522895124554, 0.36046863962701875, 0.3655388335461938, 0.37061544900916565, 0.37569798289199663, 0.3807857956750805, 0.38587811617052015, 0.39097404599482793, 0.3960725638305862, 0.401172529517106, 0.4062726880063657, 0.4113716732168609, 0.41646801181456916, 0.4215601269470785, 0.42664634195405843, 0.43172488407464005, 0.4367938881699059, 0.44185140047652693, 0.4468953824056052, 0.451923714398951, 0.4569341998533244, 0.46192456912157737, 0.4668924835981292, 0.47183553989477683, 0.47675127411147816, 0.4816371662054273, 0.4864906444604758, 0.4913090900577225, 0.4960898417469026, 0.5008302006170463, 0.5055274349637513, 0.5101787852493174, 0.5147814691509308, 0.5193326866910577, 0.5238296254432159, 0.5282694658053435, 0.5326493863320736, 0.536966569116361, 0.5412182052100966, 0.5454015000725814, 0.5495136790350346, 0.5535519927686648, 0.5575137227432619, 0.561396186662757, 0.5651967438637655, 0.568912800662769, 0.5725418156373088, 0.5760813048263693, 0.5795288468350069, 0.5828820878282533, 0.5861387463993734, 0.5892966182976975, 0.5923535810014786, 0.5953075981215318, 0.5981567236218153, 0.6008991058435909, 0.6035329913203609, 0.6060567283714186, 0.6084687704625616, 0.6107676793232993, 0.6129521278107297, 0.6150209025111754, 0.6169729060716233, 0.6188071592540274, 0.6205228027065841, 0.6221190984471774, 0.6235954310553088, 0.6249513085699618, 0.6261863630920016, 0.6273003510908692, 0.6282931534164846, 0.6291647750184193, 0.629915344375534, 0.6305451126403835, 0.6310544525037727, 0.6314438567858893, 0.6317139367614423, 0.6318654202271888, 0.6318991493211316, 0.6318160781035103, 0.6316172699104945, 0.631303894492195, 0.6308772249472573, 0.6303386344668729, 0.629689592901544, 0.6289316631643572, 0.6280664974848724, 0.6270958335280002, 0.6260214903924378, 0.6248453645033494, 0.6235694254140249, 0.6221957115312198, 0.6207263257787834, 0.6191634312140192, 0.6175092466109889, 0.6157660420246872, 0.6139361343496631, 0.6120218828862707, 0.6100256849272795, 0.6079499713770883, 0.6057972024152503, 0.6035698632154566, 0.6012704597305245, 0.5989015145533191, 0.5964655628628892, 0.593965148464445, 0.591402819931128, 0.5887811268548465, 0.5861026162127706, 0.5833698288553902, 0.5805852961213703, 0.5777515365837588, 0.5748710529314491, 0.5719463289891489, 0.5689798268784781, 0.5659739843222118, 0.5629312120930908, 0.5598538916080612, 0.5567443726682606, 0.5536049713445579, 0.550437968007966, 0.5472456055037896, 0.544030087467943, 0.5407935767834736, 0.5375381941749605, 0.5342660169381186, 0.5309790778016296, 0.5276793639179469, 0.5243688159795681, 0.5210493274570523, 0.5177227439548646, 0.514390862680966, 0.5110554320259284, 0.5077181512472395, 0.5043806702543717, 0.501044589490124, 0.49771145990369753, 0.49438278301094285, 0.49106001103720825, 0.48774454713823157, 0.4844377456945457, 0.4811409126749105, 0.47785530606434223, 0.4745821363523804, 0.47132256707731396, 0.46807771542218074, 0.46484865285845395, 0.46163640583343907, 0.45844195649752084, 0.4552662434675202, 0.45211016262254955, 0.44897456792888496, 0.4458602722905073, 0.44276804842210216, 0.439698629741445, 0.4366527112782383, 0.4336309505966059, 0.4306339687285896, 0.42766235111613005, 0.42471664855915237, 0.42179737816751073, 0.418905024314679, 0.416040039591206, 0.41320284575607963, 0.4103938346842699, 0.4076133693088404, 0.4048617845561363, 0.40213938827266893, 0.3994464621424285, 0.3967832625934601, 0.39415002169264113, 0.3915469480276949, 0.38897422757556854, 0.38643202455639253, 0.38392048227232367, 0.38143972393065445, 0.37898985345064773, 0.37657095625362935, 0.37418310003593797, 0.37182633552439875, 0.36950069721404544, 0.3672062040878749, 0.36494286031847073, 0.36271065595138224, 0.360509567570193, 0.35833955894325475, 0.3562005816521049, 0.35409257570162084, 0.3520154701120005, 0.34996918349268885, 0.3479536245983991, 0.3459686928674052, 0.3440142789423032, 0.3420902651734638, 0.34019652610541645, 0.3383329289464219, 0.33649933402150756, 0.3346955952092525, 0.3329215603626208, 0.3311770717141526, 0.329461966265831, 0.3277760761639504, 0.3261192290593172, 0.3244912484531197, 0.3228919540288074, 0.3213211619703206, 0.31977868526701714, 0.31826433400563775, 0.31677791564965807, 0.3153192353063683, 0.3138880959820241, 0.31248429882540807, 0.3111076433601385, 0.30975792770605964, 0.3084349487900418, 0.3071385025465182, 0.30586838410807815, 0.3046243879864322, 0.30340630824406, 0.3022139386568449, 0.30104707286799487, 0.29990550453354137, 0.29878902745970426, 0.29769743573240165, 0.29663052383917937, 0.29558808678382725, 0.2945699201939427, 0.2935758204216962, 0.2926055846380461, 0.2916590109206431, 0.29073589833566016, 0.2898360470137736, 0.2889592582205182, 0.2881053344212305, 0.2872740793407881, 0.2864652980183476, 0.2856787968572768, 0.28491438367047, 0.2841718677212308, 0.28345105975989954, 0.2827517720563966, 0.2820738184288488, 0.28141701426845744, 0.28078117656076473, 0.28016612390346685, 0.2795716765209185, 0.27899765627546835, 0.2784438866757589, 0.2779101928821212, 0.27739640170918856, 0.27690234162584976, 0.2764278427526573, 0.2759727368568027]]","[[0.01, 0.011673645222856313, 0.01362924433757481, 0.01580189558251425, 0.01815640128854605, 0.0206753865296421, 0.023352115355281533, 0.026186192367870512, 0.029181068445986898, 0.03234256533347403, 0.0356780034863242, 0.039195689264579114, 0.0429046159247051, 0.046814291435158535, 0.05093464120195735, 0.05527595476433943, 0.05984885805388969, 0.06466430029248224, 0.06973354906535743, 0.07506818976127436, 0.08068012714931762, 0.08658158779653993, 0.09278512258211287, 0.0993036088872605, 0.10615025222859492, 0.11333858721077919, 0.12088247773559702, 0.12879611643805525, 0.1370940233376824, 0.1457910437015686, 0.15490234511895662, 0.16444341378770028, 0.17443005001202433, 0.1848783629095296, 0.1958047643237282, 0.20722596193680037, 0.21915895157586146, 0.23162100870486593, 0.24462967909338035, 0.25820276865282266, 0.27235833243038876, 0.2871146627507518, 0.3024902764957127, 0.3185039015122938, 0.3351744621402821, 0.3525210638509437, 0.3705629769895333, 0.3893196196153106, 0.40881053943403844, 0.42905539481938004, 0.4500739349212256, 0.47188597886076156, 0.49451139401404987, 0.517970073388005, 0.5422819120949419, 0.567466782934319, 0.5935445110929158, 0.6205348479774533, 0.6484574441965967, 0.6773318217123623, 0.7071773451841779, 0.7380131925322165, 0.7698583247501299, 0.8027314550009376, 0.8366510170335762, 0.8716351329614673, 0.9077015804484051, 0.9448677593510955, 0.983150657871762, 1.0225668182783716, 1.0631323022541936, 1.104862655942579, 1.1477728747569933, 1.1918773680304657, 1.237189923582657, 1.2837236722867227, 1.3314910527219914, 1.3805037760021763, 1.4307727908723686, 1.4823082491713755, 1.535119471759047, 1.5892149150110466, 1.64460213798603, 1.7012877703723672, 1.7592774813233536, 1.8185759492912663, 1.8791868329716026, 1.9411127434693622, 2.0043552177992816, 2.06891469383145, 2.1347904867927427, 2.201980767432941, 2.2704825419622807, 2.340291633864448, 2.4114026676857314, 2.483809212247033, 2.557505474255249, 2.632487629127238, 2.708753385043845, 2.786301564436271, 2.8651318229862386, 2.945244454744347, 3.0266402516004884, 3.1093203973674415, 3.1932863841741588, 3.2785399434697817, 3.3650829867966174, 3.452917553267625, 3.542045761792958, 3.632469766794828, 3.7241917165874763, 3.8172137138764457, 3.911537778008877, 4.007165808721543, 4.104099551208987, 4.202340562384931, 4.30189017824503, 4.402749482263817, 4.504919274776762, 4.608400043312036, 4.713191933847319, 4.819294722975573, 4.926707790970885, 5.035430095751492, 5.145460147742321, 5.256795985643851, 5.369435153118052, 5.483374676405585, 5.598611042891467, 5.715140180638967, 5.832957438913769, 5.952057569722301, 6.072434710389656, 6.194082367203764, 6.3169934001533985, 6.4411600087881355, 6.566573719228748, 6.693225372356457, 6.821105113209205, 6.9502023816125185, 7.080505904071664, 7.212003686950687, 7.3446830109624806, 7.478530426992423, 7.613531753276135, 7.749672073949815, 7.886935738989162, 8.02530636555031, 8.164766840723365, 8.30529932570608, 8.446885261402082, 8.589505375444569, 8.733139690642995, 8.87776753484655, 9.023367552214484, 9.169917715879498, 9.31739534198647, 9.465777105084863, 9.615039054849092, 9.765156634097217, 9.916104698074259, 10.067857534962576, 10.220388887577798, 10.373671976205086, 10.527679522526782, 10.682383774588967, 10.837756532751095, 10.993769176559637, 11.150392692483651, 11.30759770244742, 11.465354493092713, 11.623633045700904, 11.782403066703141, 11.941634018704958, 12.10129515195023, 12.261355536148182, 12.421784092586211, 12.582549626450774, 12.743620859278202, 12.904966461457416, 13.066555084706811, 13.228355394448222, 13.390336102001847, 13.55246599652723, 13.714713976636956, 13.877049081611478, 14.039440522145629, 14.201857710559622, 14.364270290409975, 14.526648165438514, 14.688961527800648, 14.851180885517223, 15.013277089097645, 15.17522135728541, 15.336985301880802, 15.498540951599212, 15.659860774927369, 15.82091770194356, 15.981685145071905, 16.14213701874459, 16.302247757949974, 16.461992335648308, 16.621346279040747, 16.780285684681147, 16.938787232423856, 17.096828198204385, 17.254386465653443, 17.41144053654826, 17.567969540108376, 17.72395324114638, 17.879372047087006, 18.034207013870958, 18.18843985076247, 18.342052924082243, 18.495029259889677, 18.64735254564059, 18.799007130848526, 18.949978026779682, 19.100250905213034, 19.249812096298772, 19.39864858554933, 19.54674800999856, 19.69409865356528, 19.84068944165845, 19.986509935061587, 20.131550323134555, 20.275801416371188, 20.419254638351212, 20.561902017124986, 20.703736176069444, 20.844750324253305, 20.984938246349234, 21.124294292130216, 21.26281336558668, 21.40049091370029, 21.53732291490958, 21.673305867301686, 21.80843677656353, 21.942713143724838, 22.07613295272441, 22.208694657829774, 22.340397170939532, 22.471239848796287, 22.601222480137064, 22.7303452728068, 22.858608840859375, 22.98601419166942, 23.11256271307685, 23.238256160584996, 23.363096644631852, 23.48708661795289, 23.610228863052622, 23.732526479801, 23.85398287316953, 23.97460174112097, 24.09438706266524, 24.2133430860933, 24.33147431739955, 24.448785508902443, 24.565281648071934, 24.680967946571588, 24.795849829522123, 24.909932924992464, 25.023223053723466, 25.135726219088703, 25.24744859729602, 25.358396527832817, 25.468576504157298, 25.577995164637432, 25.68665928373862, 25.794575763460628, 25.901751625023714, 26.00819400080351, 26.11391012651361, 26.21890733363451, 26.32319304208713, 26.4267747531487, 26.529660042608572, 26.631856554161146, 26.733371993032804, 26.834214119839558, 26.93439074467179, 27.033909721402395, 27.132778942214262, 27.231006332343085, 27.32859984503116, 27.425567456687812, 27.52191716225198, 27.617656970752357, 27.712794901060427, 27.807338977831733, 27.90129722763058, 27.99467767523343, 28.087488340106173, 28.179737233050474, 28.271432353014404, 28.362581684062572, 28.453193192501, 28.543274824152007, 28.63283450177442, 28.72188012262447, 28.810419556152794, 28.898460641832997, 28.98601118711732, 29.073078965515002, 29.159671714789027, 29.24579713526701, 29.331462888262003, 29.416676594599206, 29.501445833244507, 29.585778140030964, 29.66968100647942, 29.75316187870941, 29.83622815643685, 29.918887192054793, 30.001146289793887, 30.083012704959085, 30.164493643239346, 30.245596260087105, 30.32632766016441, 30.406694896852674, 30.48670497182315, 30.566364834665244, 30.645681382569894, 30.724661460065366, 30.803311858802886, 30.881639317389517, 30.959650521265953, 31.037352102626794, 31.1147506403811, 31.191852660150964, 31.268664634306027, 31.34519298203188, 31.42144406943034, 31.49742420964978, 31.57313966304354, 31.64859663735482, 31.723801287926157, 31.798759717932025, 31.873477978632838, 31.947962069648902, 32.022217939252826, 32.096251484679016, 32.170068552448825, 32.243674938710136, 32.31707638959011, 32.390278601559835, 32.46328722180977, 32.53610784863495, 32.608746031828716, 32.68120727308409, 32.7534970264018, 32.825620698503954, 32.89758364925252, 32.969391192071726, 33.041048594373585, 33.112561077985724, 33.183933819580744, 33.255171951106476, 33.32628056021632, 33.39726469069909, 33.46812934290774, 33.538879474186274, 33.609519999294385, 33.68005579082913, 33.75049167964328]]","[array([6.37688001e-05, 6.00799169e-05, 5.86664978e-05, 5.87303122e-05,
       5.97890223e-05, 6.15505968e-05, 6.38373282e-05, 6.65407130e-05,
       6.95945366e-05, 7.29586164e-05, 7.66089725e-05, 8.05318544e-05,
       8.47200885e-05, 8.91708257e-05, 9.38841369e-05, 9.88621234e-05,
       1.04108344e-04, 1.09627433e-04, 1.15424846e-04, 1.21506677e-04,
       1.27879524e-04, 1.34550391e-04, 1.41526612e-04, 1.48815786e-04,
       1.56425721e-04, 1.64364398e-04, 1.72639924e-04, 1.81260500e-04,
       1.90234388e-04, 1.99569887e-04, 2.09275298e-04, 2.19358905e-04,
       2.29828946e-04, 2.40693594e-04, 2.51960930e-04, 2.63638920e-04,
       2.75735399e-04, 2.88258041e-04, 3.01214343e-04, 3.14611602e-04,
       3.28456890e-04, 3.42757036e-04, 3.57518602e-04, 3.72747861e-04,
       3.88450775e-04, 4.04632971e-04, 4.21299720e-04, 4.38455914e-04,
       4.56106042e-04, 4.74254165e-04, 4.92903899e-04, 5.12058382e-04,
       5.31720261e-04, 5.51891659e-04, 5.72574160e-04, 5.93768777e-04,
       6.15475938e-04, 6.37695454e-04, 6.60426505e-04, 6.83667610e-04,
       7.07416609e-04, 7.31670642e-04, 7.56426126e-04, 7.81678734e-04,
       8.07423378e-04, 8.33654190e-04, 8.60364503e-04, 8.87546832e-04,
       9.15192864e-04, 9.43293438e-04, 9.71838535e-04, 1.00081726e-03,
       1.03021785e-03, 1.06002764e-03, 1.09023307e-03, 1.12081968e-03,
       1.15177210e-03, 1.18307407e-03, 1.21470840e-03, 1.24665702e-03,
       1.27890096e-03, 1.31142034e-03, 1.34419443e-03, 1.37720162e-03,
       1.41041945e-03, 1.44382464e-03, 1.47739309e-03, 1.51109991e-03,
       1.54491945e-03, 1.57882536e-03, 1.61279054e-03, 1.64678727e-03,
       1.68078718e-03, 1.71476133e-03, 1.74868043e-03, 1.78251986e-03,
       1.81626965e-03, 1.84993256e-03, 1.88351836e-03, 1.91704025e-03,
       1.95051271e-03, 1.98395024e-03, 2.01736665e-03, 2.05077467e-03,
       2.08418573e-03, 2.11760991e-03, 2.15105589e-03, 2.18453099e-03,
       2.21804121e-03, 2.25159127e-03, 2.28518465e-03, 2.31882369e-03,
       2.35250956e-03, 2.38624238e-03, 2.42002123e-03, 2.45384417e-03,
       2.48770832e-03, 2.52160986e-03, 2.55554410e-03, 2.58950547e-03,
       2.62348757e-03, 2.65748318e-03, 2.69148432e-03, 2.72548225e-03,
       2.75946751e-03, 2.79342993e-03, 2.82735866e-03, 2.86124219e-03,
       2.89506841e-03, 2.92882457e-03, 2.96249737e-03, 2.99607295e-03,
       3.02953692e-03, 3.06287438e-03, 3.09606998e-03, 3.12910790e-03,
       3.16197192e-03, 3.19464542e-03, 3.22711143e-03, 3.25935265e-03,
       3.29135146e-03, 3.32309000e-03, 3.35455017e-03, 3.38571366e-03,
       3.41656199e-03, 3.44707656e-03, 3.47723864e-03, 3.50702948e-03,
       3.53643025e-03, 3.56542215e-03, 3.59398644e-03, 3.62210442e-03,
       3.64975754e-03, 3.67692737e-03, 3.70359568e-03, 3.72974447e-03,
       3.75535600e-03, 3.78041280e-03, 3.80489777e-03, 3.82879415e-03,
       3.85208558e-03, 3.87475615e-03, 3.89679039e-03, 3.91817336e-03,
       3.93889063e-03, 3.95892834e-03, 3.97827320e-03, 3.99691256e-03,
       4.01483440e-03, 4.03202737e-03, 4.04848079e-03, 4.06418473e-03,
       4.07912996e-03, 4.09330801e-03, 4.10671119e-03, 4.11933255e-03,
       4.13116598e-03, 4.14220616e-03, 4.15244856e-03, 4.16188950e-03,
       4.17052611e-03, 4.17835635e-03, 4.18537902e-03, 4.19159373e-03,
       4.19700093e-03, 4.20160188e-03, 4.20539866e-03, 4.20839417e-03,
       4.21059208e-03, 4.21199685e-03, 4.21261373e-03, 4.21244870e-03,
       4.21150848e-03, 4.20980052e-03, 4.20733297e-03, 4.20411464e-03,
       4.20015503e-03, 4.19546423e-03, 4.19005297e-03, 4.18393255e-03,
       4.17711483e-03, 4.16961219e-03, 4.16143753e-03, 4.15260420e-03,
       4.14312601e-03, 4.13301720e-03, 4.12229235e-03, 4.11096645e-03,
       4.09905477e-03, 4.08657292e-03, 4.07353675e-03, 4.05996235e-03,
       4.04586603e-03, 4.03126429e-03, 4.01617375e-03, 4.00061118e-03,
       3.98459344e-03, 3.96813748e-03, 3.95126025e-03, 3.93397876e-03,
       3.91631000e-03, 3.89827093e-03, 3.87987846e-03, 3.86114943e-03,
       3.84210056e-03, 3.82274850e-03, 3.80310972e-03, 3.78320055e-03,
       3.76303717e-03, 3.74263555e-03, 3.72201146e-03, 3.70118044e-03,
       3.68015784e-03, 3.65895872e-03, 3.63759790e-03, 3.61608995e-03,
       3.59444914e-03, 3.57268946e-03, 3.55082463e-03, 3.52886803e-03,
       3.50683275e-03, 3.48473159e-03, 3.46257701e-03, 3.44038114e-03,
       3.41815581e-03, 3.39591251e-03, 3.37366240e-03, 3.35141632e-03,
       3.32918477e-03, 3.30697793e-03, 3.28480564e-03, 3.26267742e-03,
       3.24060246e-03, 3.21858964e-03, 3.19664748e-03, 3.17478424e-03,
       3.15300781e-03, 3.13132580e-03, 3.10974550e-03, 3.08827391e-03,
       3.06691772e-03, 3.04568334e-03, 3.02457687e-03, 3.00360416e-03,
       2.98277075e-03, 2.96208193e-03, 2.94154273e-03, 2.92115789e-03,
       2.90093194e-03, 2.88086913e-03, 2.86097349e-03, 2.84124879e-03,
       2.82169860e-03, 2.80232626e-03, 2.78313489e-03, 2.76412740e-03,
       2.74530651e-03, 2.72667473e-03, 2.70823438e-03, 2.68998761e-03,
       2.67193639e-03, 2.65408250e-03, 2.63642758e-03, 2.61897309e-03,
       2.60172034e-03, 2.58467051e-03, 2.56782462e-03, 2.55118355e-03,
       2.53474807e-03, 2.51851880e-03, 2.50249626e-03, 2.48668083e-03,
       2.47107281e-03, 2.45567237e-03, 2.44047958e-03, 2.42549443e-03,
       2.41071680e-03, 2.39614650e-03, 2.38178324e-03, 2.36762667e-03,
       2.35367634e-03, 2.33993175e-03, 2.32639232e-03, 2.31305741e-03,
       2.29992632e-03, 2.28699829e-03, 2.27427252e-03, 2.26174814e-03,
       2.24942425e-03, 2.23729989e-03, 2.22537406e-03, 2.21364574e-03,
       2.20211385e-03, 2.19077729e-03, 2.17963493e-03, 2.16868560e-03,
       2.15792812e-03, 2.14736127e-03, 2.13698381e-03, 2.12679449e-03,
       2.11679203e-03, 2.10697515e-03, 2.09734253e-03, 2.08789285e-03,
       2.07862478e-03, 2.06953699e-03, 2.06062812e-03, 2.05189682e-03,
       2.04334172e-03, 2.03496145e-03, 2.02675465e-03, 2.01871993e-03,
       2.01085593e-03, 2.00316126e-03, 1.99563456e-03, 1.98827444e-03,
       1.98107954e-03, 1.97404850e-03, 1.96717993e-03, 1.96047249e-03,
       1.95392482e-03, 1.94753556e-03, 1.94130339e-03, 1.93522695e-03,
       1.92930493e-03, 1.92353599e-03, 1.91791884e-03, 1.91245216e-03,
       1.90713466e-03, 1.90196505e-03, 1.89694206e-03, 1.89206442e-03,
       1.88733087e-03, 1.88274017e-03, 1.87829108e-03, 1.87398237e-03,
       1.86981284e-03, 1.86578127e-03, 1.86188648e-03, 1.85812727e-03,
       1.85450249e-03, 1.85101097e-03, 1.84765156e-03, 1.84442313e-03,
       1.84132454e-03])]","[[0, 6.376880005047202e-05, 0.00012384871691641303, 0.0001825152146708144, 0.0002412455268224413, 0.0003010345491460863, 0.0003625851459294089, 0.0004264224741575596, 0.0004929631871168854, 0.0005625577237596501, 0.0006355163402037202, 0.0007121253126988142, 0.0007926571670808012, 0.000877377255577709, 0.0009665480813204638, 0.0010604322182207915, 0.0011592943416361217, 0.0012634026851537044, 0.001373030118007853, 0.0014884549644185302, 0.0016099616415293507, 0.0017378411652546172, 0.0018723915563962294, 0.0020139181687656477, 0.0021627339542794693, 0.0023191596756039026, 0.002483524074004758, 0.0026561639980693013, 0.0028374244975704847, 0.003027658885736722, 0.0032272287724431957, 0.003436504070272494, 0.0036558629749510593, 0.003885691921319176, 0.004126385515712959, 0.004378346445411178, 0.004641985365616314, 0.004917720764289842, 0.005205978805040158, 0.005507193148162968, 0.005821804749854857, 0.006150261639557997, 0.0064930186753453635, 0.006850537277219463, 0.0072232851381718735, 0.007611735912834711, 0.008016368883547348, 0.00843766860366158, 0.008876124517915288, 0.009332230559717889, 0.009806484725210144, 0.010299388623985812, 0.010811447006392895, 0.011343167267367687, 0.01189505892679518, 0.012467633086434591, 0.013061401863498627, 0.013676877801029578, 0.014314573255274172, 0.014974999760322414, 0.015658667370343122, 0.016366083979820558, 0.017097754622272154, 0.017854180748006966, 0.018635859481567606, 0.0194432828595853, 0.02027693704986769, 0.021137301552632187, 0.02202484838489357, 0.022940041249112968, 0.02388333468731582, 0.02485517322198878, 0.025855990485169008, 0.02688620833724395, 0.027946235977084358, 0.029036469045238166, 0.030157288722016645, 0.031309060822406976, 0.03249213488984595, 0.033706843290987415, 0.03495350031369071, 0.036232401270547845, 0.037543821610352565, 0.03888801603999472, 0.04026521765933661, 0.041675637111694426, 0.043119461752606204, 0.044596854839617214, 0.04610795474585349, 0.047652874200183916, 0.04923169955678973, 0.050844490096966906, 0.05249127736598132, 0.054172064547777635, 0.05588682588031077, 0.05763550631391752, 0.05941802617118885, 0.061234295821130075, 0.06308422838043556, 0.06496774673935224, 0.06688478698697804, 0.06883529969237343, 0.07081924992847725, 0.07283661657793712, 0.07488739124639274, 0.07697157697790247, 0.07908918688728257, 0.08124024277553689, 0.0834247737652087, 0.08564281497493788, 0.08789440624216772, 0.09017959089699149, 0.0924984145868256, 0.09485092414987784, 0.09723716653459656, 0.09965718776204512, 0.10211103192820427, 0.10459874024342394, 0.10712035010653723, 0.10967589421146799, 0.11226539968448032, 0.11488888725051918, 0.11754637042737093, 0.12023785474662671, 0.12296333700066137, 0.12572280451504636, 0.12851623444599938, 0.13134359310263713, 0.13420483529394364, 0.13709990370049513, 0.14002872827109725, 0.14299122564458958, 0.14598729859716122, 0.14901683551559589, 0.15207970989693045, 0.15517577987506515, 0.1583048877749084, 0.16146685969467484, 0.16466150511698133, 0.1678886165494038, 0.17114796919516742, 0.17443932065464385, 0.17776241065832307, 0.18111696083191364, 0.18450267449420316, 0.18791923648828282, 0.19136631304670412, 0.19484355169109346, 0.1983505811667019, 0.20188701141231194, 0.20545243356586299, 0.20904642000609028, 0.21266852443040044, 0.21631828196913033, 0.2199952093362551, 0.22369880501652561, 0.22742854948892763, 0.23118390548626225, 0.2349643182905538, 0.23876921606389367, 0.24259801021423086, 0.24645009579552118, 0.25032485194154647, 0.2542216423326158, 0.2581398156942618, 0.2620787063269476, 0.26603763466570274, 0.27001590786851465, 0.27401282043220915, 0.27802765483446884, 0.2820596822005529, 0.28610816299320346, 0.2901723477241515, 0.29425147768556414, 0.2983447856997155, 0.3024514968851052, 0.3065708294371994, 0.31070199542192684, 0.3148442015800264, 0.3189966501403143, 0.323158539639918, 0.32732906574951204, 0.3315074221015836, 0.3356928011197594, 0.33988439484723454, 0.344081395772362, 0.3482829976494867, 0.3524883963131388, 0.3566967904837423, 0.3609073825630406, 0.3651193794174922, 0.3693319931479501, 0.3735444418440032, 0.3777559503214261, 0.38196575084126216, 0.38617308380914134, 0.390377198453519, 0.39457735348161044, 0.398772817711884, 0.4029628706820703, 0.40714680323173935, 0.41132391805859375, 0.4154935302477243, 0.4196549677731717, 0.423807571971237, 0.4279506979850802, 0.4320837151802444, 0.4362060075308378, 0.44031697397619934, 0.4444160287479663, 0.4485026016675513, 0.4525761384141212, 0.45663610076325634, 0.4606819667965449, 0.46471323108244694, 0.4687294048288326, 0.47273001600766745, 0.476714609452384, 0.4806827469285346, 0.48463400717838007, 0.4885679859401162, 0.4924842959424877, 0.49638256687558124, 0.5002624453386252, 0.5041235947656575, 0.5079656953299504, 0.5117884438281045, 0.515591553544746, 0.5193747540987731, 0.5231377912721129, 0.5268804268219541, 0.5306024382774276, 0.5343036187217052, 0.5379837765604859, 0.5416427352778309, 0.545280333180302, 0.5488964231303429, 0.5524908722698326, 0.5560635617347197, 0.5596143863616303, 0.5631432543873198, 0.5666500871418169, 0.5701348187360837, 0.5735973957449919, 0.5770377768863849, 0.5804559326969723, 0.5838518452057705, 0.5872255076057783, 0.5905769239245419, 0.5939061086942375, 0.5972130866218686, 0.6004978922601405, 0.6037605696795523, 0.6070011721422073, 0.6102197617778196, 0.6134164092623609, 0.6165911934997641, 0.6197442013070711, 0.6228755271033835, 0.6259852726029477, 0.6290735465126793, 0.6321404642344054, 0.6351861475720767, 0.6382107244441799, 0.6412143286015539, 0.6441970993507928, 0.6471591812833954, 0.6501007240108017, 0.6530218819054339, 0.6559228138478448, 0.6588036829800532, 0.6616646564651323, 0.6645059052531005, 0.6673276038531457, 0.6701299301122038, 0.6729130649998946, 0.6756771923998087, 0.6784224989071251, 0.6811491736325278, 0.6838574080123814, 0.6865473956251144, 0.6892193320137501, 0.6918734145145181, 0.6945098420914709, 0.6971288151770233, 0.6997305355183272, 0.7023152060293877, 0.7048830306488224, 0.7074342142031613, 0.7099689622755789, 0.712487481079951, 0.7149899773401208, 0.7174766581742608, 0.7199477309842114, 0.7224034033496782, 0.7248438829271674, 0.7272693773535377, 0.7296800941540472, 0.7320762406547731, 0.7344580238992812, 0.736825650569425, 0.7391793269101509, 0.7415192586581902, 0.7438456509745179, 0.7461587083804575, 0.748458634697318, 0.7507456329894432, 0.7530199055105612, 0.7552816536533196, 0.7575310779018966, 0.7597683777875774, 0.76199375184719, 0.7642073975842929, 0.7664095114330141, 0.768600288724438, 0.7707799236554439, 0.7729486092598957, 0.7751065373820925, 0.7772538986523847, 0.779390882464868, 0.7815176769570665, 0.78363446899152, 0.7857414441391922, 0.7878387866646206, 0.7899266795127269, 0.7920053042972149, 0.7940748412904802, 0.7961354694149595, 0.7981873662358521, 0.8002307079551442, 0.8022656694068716, 0.8042924240535583, 0.8063111439837678, 0.808321999910711, 0.8103251611718509, 0.8123207957294509, 0.8143090701720114, 0.8162901497165453, 0.818264198211642, 0.8202313781412706, 0.8221918506292786, 0.8241457754445404, 0.8260933110067116, 0.8280346143925502, 0.8299698413427633, 0.8318991462693408, 0.8338226822633409, 0.835740601103091, 0.8376530532627695, 0.8395601879213366, 0.8414621529717828, 0.8433590950306648, 0.8452511594478982, 0.847138490316783, 0.8490212304842312, 0.8508995215611729, 0.8527735039331166, 0.8546433167708393, 0.8565090980411841, 0.8583709845179449, 0.8602291117928146, 0.8620836142863805, 0.863934625259146, 0.8657822768225601, 0.867626699950039, 0.8694680244879613]]"
50.0,80.0,4,90,270,I1-S1,"[[0.01, 0.009218546420913139, 0.008861068736292907, 0.008775059817687893, 0.008868448505882056, 0.00908555640761568, 0.009392588304194996, 0.009768937835833137, 0.010202039237548548, 0.01068427507480263, 0.011211111918165734, 0.01177997187418834, 0.012389546085975343, 0.01303937422324288, 0.013729584547907625, 0.01446073136075587, 0.015233691891572494, 0.016049599806323162, 0.01690980155015856, 0.017815827164178195, 0.018769370465736696, 0.019772275438240255, 0.02082652685753733, 0.021934243899103076, 0.02309767590893815, 0.024319199792355452, 0.025601318644891444, 0.026946661358104106, 0.028357983003775247, 0.029838165847310152, 0.03139022087355356, 0.03301728973106584, 0.03472264701734877, 0.036509702839581035, 0.03838200559438687, 0.04034324491683817, 0.042397254753823596, 0.04454801652048113, 0.04679966230084283, 0.049156478055373744, 0.05162290679884172, 0.05420355171203866, 0.05690317915037235, 0.05972672151132589, 0.06267927992129353, 0.06576612670039045, 0.06899270756153446, 0.0723646434974414, 0.07588773230618664, 0.07956794970268781, 0.0834114499598772, 0.08742456601947933, 0.09161380900820795, 0.09598586709087174, 0.10054760358735129, 0.10530605427570987, 0.1102684237988575, 0.11544208108723779, 0.12083455370499142, 0.1264535210220172, 0.1323068061093558, 0.13840236625042837, 0.14474828195594378, 0.15135274436582774, 0.15822404091742243, 0.16537053915555694, 0.17280066855702458, 0.18052290023964773, 0.1885457244246195, 0.19687762552033938, 0.20552705469668847, 0.2145023998208088, 0.22381195262916515, 0.23346387301619945, 0.24346615032746616, 0.2538265615550059, 0.2645526263451283, 0.2756515587439835, 0.2871302156245713, 0.29899504176041747, 0.3112520115362877, 0.3239065673152425, 0.33696355451426996, 0.350427153477847, 0.3643008082802082, 0.37858715263293363, 0.39328793312471916, 0.4084039300748188, 0.4239348763404952, 0.43987937448164294, 0.456234812752193, 0.47299728045747125, 0.4901614832887356, 0.5077206593198622, 0.5256664964256379, 0.5439893931741331, 0.562681830356954, 0.5817400619971392, 0.6011618536653535, 0.6209446684864112, 0.6410844919843162, 0.6615750933938956, 0.6824075822924281, 0.7035701624253186, 0.7250480152122492, 0.7468232671328305, 0.768875010516742, 0.7911793580083109, 0.813709518439078, 0.8364358869601968, 0.8593261457334571, 0.8823453737398922, 0.905456165685944, 0.9286187608177429, 0.9517911828714667, 0.9749293925179506, 0.9979874535918962, 1.0209177141932348, 1.0436710034550665, 1.0661968444209027, 1.088443683086661, 1.1103591332570055, 1.1318902364543006, 1.152983735712202, 1.1735863616937205, 1.1936451292034325, 1.2131076418226552, 1.2319224020916892, 1.2500391244009064, 1.267409047538328, 1.2839852436804522, 1.2997229205096734, 1.3145797130989474, 1.3285159622244245, 1.3414949758503822, 1.3534832706772568, 1.3644507908507992, 1.3743711011947701, 1.3832215526460865, 1.3909834179336216, 1.397641995942371, 1.4031866836349292, 1.4076110148529082, 1.4109126657823152, 1.413093427329074, 1.4141591451039495, 1.4141196281506825, 1.4129885279583287, 1.410783189670699, 1.4075244777356148, 1.4032365785188283, 1.397946782637753, 1.391685249945837, 1.384484760218208, 1.3763804526532324, 1.367409557314345, 1.357611121594568, 1.3470257346963206, 1.335695252986052, 1.3236625289122534, 1.3109711459723652, 1.2976651619851505, 1.283788862676528, 1.2693865273248364, 1.2545022079420525, 1.2391795231962155, 1.2234614680124003, 1.207390239529625, 1.1910070798430767, 1.1743521357283264, 1.1574643353294496, 1.1403812815981997, 1.123139162097972, 1.105772674635033, 1.0883149680506399, 1.0707975974009931, 1.0532504926667987, 1.0357019400695988, 1.0181785750266472, 1.0007053857484958, 0.983305726471961, 0.9660013393240257, 0.948812383827703, 0.9317574730871822, 0.914853715724919, 0.898116762686085, 0.8815608580743305, 0.8651988932357226, 0.8490424633636159, 0.8331019259549268, 0.8173864605067289, 0.8019041289003545, 0.7866619359774838, 0.7716658898683704, 0.7569210616858544, 0.7424316442497341, 0.7282010095540826, 0.7142317647349791, 0.7005258063377424, 0.6870843727210263, 0.6739080944700538, 0.6609970427228785, 0.6483507753419422, 0.6359683808884736, 0.6238485203795815, 0.6119894668274088, 0.6003891425766047, 0.5890451544708264, 0.5779548268912004, 0.5671152327198293, 0.5565232222897315, 0.5461754503892188, 0.5360684013938308, 0.5261984126027232, 0.5165616958590076, 0.5071543575351106, 0.49797241696489525, 0.4890118234041973, 0.48026847160068675, 0.47173821605267086, 0.463416884034714, 0.45530028746583245, 0.44738423369361763, 0.4396645352650046, 0.4321370187515987, 0.4247975326945519, 0.4176419547309831, 0.4106661979609039, 0.40386621661057437, 0.39723801104519796, 0.39077763218089623, 0.3844811853429972, 0.37834483361484295, 0.3723648007185857, 0.3665373734668008, 0.36085890382121344, 0.3553258105924103, 0.3499345808120983, 0.34468177080727397, 0.33956400700358486, 0.33457798648319326, 0.32972047732059406, 0.3249883187180872, 0.3203784209609586, 0.3158877652108813, 0.3115134031546013, 0.3072524565236205, 0.3031021164993263, 0.29905964301684096, 0.2951223639797661, 0.29128767439697884, 0.28755303545168814, 0.2839159735120816, 0.2803740790920765, 0.2769250057699359, 0.2735664690718113, 0.27029624532662877, 0.2671121704981391, 0.26401213899940323, 0.26099410249447746, 0.25805606869159653, 0.255196100131723, 0.25241231297593675, 0.2497028757947762, 0.2470660083623099, 0.24449998045741178, 0.2420031106744343, 0.23957376524521795, 0.23721035687414083, 0.2349113435876993, 0.23267522759991505, 0.23050055419468646, 0.2283859106260396, 0.22632992503708807, 0.2243312653983755, 0.22238863846615473, 0.22050078876104656, 0.21866649756742207, 0.2168845819537624, 0.215153893814169, 0.2134733189311244, 0.21184177605953822, 0.21025821603205458, 0.20872162088554438, 0.20723100300865965, 0.20578540431028558, 0.2043838954086895, 0.20302557484113307, 0.20170956829368653, 0.2004350278509587, 0.19920113126543512, 0.19800708124609828, 0.19685210476598858, 0.19573545238835113, 0.19465639761100267, 0.1936142362285443, 0.19260828571203806, 0.19163788460576076, 0.19070239194064376, 0.18980118666400542, 0.18893366708518142, 0.18809925033665761, 0.187297371850311, 0.18652748484836604, 0.18578905984867528, 0.18508158418393683, 0.1844045615344643, 0.18375751147412903, 0.1831399690290991, 0.18255148424900397, 0.18199162179015949, 0.18145996051049276, 0.18095609307581295, 0.18047962557707892, 0.18003017715832187, 0.1796073796548862, 0.17921087724165916, 0.17884032609096503, 0.17849539403980738, 0.17817576026614768, 0.17788111497391676, 0.17761115908646047, 0.17736560394812792, 0.17714417103371724, 0.17694659166549942, 0.17677260673754744, 0.1766219664471038, 0.17649443003272547, 0.1763897655189518, 0.1763077494672457, 0.1762481667329652, 0.17621081022812757, 0.17619548068973365, 0.1762019864534256, 0.1762301432322569, 0.17627977390035776, 0.17635070828128524, 0.1764427829408513, 0.1765558409842279, 0.1766897318571322, 0.17684431115089974, 0.1770194404112587, 0.17721498695062157, 0.1774308236637163, 0.17766682884638188, 0.17792288601735878, 0.1781988837429076, 0.1784947154640944, 0.17881027932658397, 0.17914547801278707, 0.17950021857621123, 0.1798744122778679, 0.18026797442459322, 0.18068082420914258, 0.1811128845519234, 0.18156408194423324, 0.18203434629287468, 0.18252361076602122, 0.18303181164021226, 0.18355888814835844, 0.18410478232864189, 0.18466943887419995, 0.1852528049834831, 0.1858548302111825, 0.18647546631962503, 0.18711466713053754]]","[[0.01, 0.011673645222856313, 0.01362924433757481, 0.01580189558251425, 0.01815640128854605, 0.020675386550404597, 0.023352116503666743, 0.026186204328381448, 0.029181130280580378, 0.03234278337334013, 0.035678607831639016, 0.039197109343434976, 0.04290757515478156, 0.046819920959152994, 0.05094461275868241, 0.05529263291897223, 0.05987547219394541, 0.06470513697573366, 0.06979416547063795, 0.07515564913871811, 0.08080325729278104, 0.08675126366923419, 0.09301457431910362, 0.0996087564778329, 0.10655006824972969, 0.11385548904201467, 0.12154275073688221, 0.1296303696170042, 0.13813767907178046, 0.14708486311494462, 0.15649299074267578, 0.1663840511573124, 0.17678098987631663, 0.1877077457399403, 0.19918928882441755, 0.21125165926058936, 0.22392200695068337, 0.23722863216850107, 0.2512010270204539, 0.2658699177366639, 0.28126730775263525, 0.2974265215327245, 0.3143822490767215, 0.33217059104021907, 0.3508291043880223, 0.3703968484875696, 0.3909144315361199, 0.41242405720125525, 0.43496957133898445, 0.45859650863735146, 0.4833521390159009, 0.5092855135925766, 0.5364475100095862, 0.5648908768884155, 0.5946702771614857, 0.6258423300039025, 0.6584656510633342, 0.6926008906592681, 0.7283107695947828, 0.7656601121945281, 0.8047158761519324, 0.8455471787367955, 0.8882253188815229, 0.9328237946304148, 0.9794183154018496, 1.02808680847808, 1.0789094191019557, 1.1319685035245022, 1.1873486143122591, 1.2451364771890194, 1.3054209586535868, 1.368293023583885, 1.4338456820088161, 1.5021739242033245, 1.573374643239906, 1.6475465441121133, 1.724790038533311, 1.8052071245079808, 1.8889012497742654, 1.9759771582262604, 2.066540718443914, 2.1606987334885037, 2.2585587311636695, 2.3602287339971855, 2.465817008268235, 2.5754317914901366, 2.6891809978604133, 2.807171901309862, 2.929510795920841, 3.0563026336431607, 3.187650639414336, 3.3236559039899207, 3.464416955009295, 3.610029307062323, 3.7605849917821694, 3.916172428164603, 4.076879818403793, 4.242797727594743, 4.414017511852082, 4.590629643554667, 4.77272229653777, 4.9603801257269176, 5.153683192896532, 5.352706002862005, 5.557516623992445, 5.768175874262127, 5.98473655971088, 6.207242756568029, 6.435729131710872, 6.670220298797535, 6.910730209498576, 7.157261580873194, 7.409805361184353, 7.668340237389676, 7.932832188231298, 8.20323408731504, 8.47948536084478, 8.761511704782675, 9.04922486615577, 9.342522493037606, 9.641288057410668, 9.945390854672016, 10.254686082990428, 10.569015005069241, 10.888205194126435, 11.212070865084799, 11.540413291084302, 11.87302130450119, 12.20967188070018, 12.55013080177502, 12.894153396566447, 13.241485352303924, 13.591863592316805, 13.945017213419545, 14.300668475811548, 14.65853383766053, 15.0183250259728, 15.379750134906192, 15.7425147423604, 16.10632303549169, 16.470878935747315, 16.835887214099927, 17.201054587380966, 17.56609078695856, 17.930709591471647, 18.29462981590676, 18.6575762499741, 19.01928053949077, 19.379482005294975, 19.737928395079006, 20.094376564424024, 20.44859308422858, 20.80035477262938, 21.149449150401523, 21.495674819681735, 21.838841766669706, 22.178771589718263, 22.51529765491397, 22.84826518186849, 23.17753126298288, 23.502964819908495, 23.824446501308465, 24.141868526322522, 24.455134478358143, 24.76415905397499, 25.068867771702674, 25.36919664563866, 25.665091828620238, 25.956509229658252, 26.24341411016751, 26.525780663336562, 26.80359158075468, 27.076837610163167, 27.345517107927698, 27.609635589544723, 27.86920528120298, 28.124244675126217, 28.374778091129645, 28.620835246534135, 28.862450836302187, 29.099664124990767, 29.332518551860517, 29.561061350240326, 29.78534318202175, 30.00541778795048, 30.221341654192077, 30.433173695476846, 30.64097495497376, 30.844808320905294, 31.04473825979356, 31.24083056612216, 31.433152128107093, 31.621770709192884, 31.806754744825717, 31.988173154002936, 32.16609516505656, 32.34059015509667, 32.51172750251746, 32.67957645195344, 32.844205991065124, 33.005684738531116, 33.16408084262652, 33.31946188977503, 33.47189482247327, 33.62144586600026, 33.76818046334172, 33.91216321777811, 34.053457842605475, 34.19212711748028, 34.32823285090158, 34.461835848367144, 34.592995885763365, 34.72177168757182, 34.84822090949881, 34.97240012515655, 35.09436481644703, 35.21416936732114, 35.33186706060647, 35.44751007761756, 35.5611495002813, 35.67283531552911, 35.78261642172472, 35.89054063691341, 35.99665470869434, 36.101004325532436, 36.20363412934071, 36.30458772917692, 36.40390771591122, 36.50163567773287, 36.597812216375424, 36.692476963949495, 36.785668600282314, 36.877424870671774, 36.96778260397107, 37.05677773092766, 37.14444530270746, 37.23081950954164, 37.315933699439526, 37.39982039691678, 37.482511321693174, 37.56403740731904, 37.644428819693836, 37.723714975444466, 37.80192456013447, 37.87908554627885, 37.95522521114217, 38.03037015430064, 38.10454631495137, 38.17777898895438, 38.25009284559514, 38.32151194405739, 38.392059749597756, 38.46175914941532, 38.53063246821083, 38.59870148343139, 38.66598744019794, 38.732511065913684, 38.79829258455273, 38.86335173062904, 38.92770776284654, 38.99137947743198, 39.05438522115276, 39.1167429040224, 39.178470011697, 39.239583617566105, 39.30010039454225, 39.36003662655333, 39.4194082197425, 39.478230713380356, 39.536519290494525, 39.59428878822177, 39.65155370788803, 39.70832822482171, 39.76462619790589, 39.82046117887478, 39.875846421360336, 39.93079488969437, 39.985319267471915, 40.03943196588148, 40.09314513180763, 40.14647065571168, 40.19942017929565, 40.2520051029553, 40.30423659302732, 40.356125588836136, 40.407682809545484, 40.45891876081993, 40.50984374130133, 40.560467848905304, 40.61080098694239, 40.660852870068844, 40.71063303007168, 40.76015082149244, 40.80941542709421, 40.85843586317634, 40.90722098474094, 40.955779490515425, 41.00411992783512, 41.05225069738986, 41.100180057838415, 41.14791613029456, 41.19546690268828, 41.24284023400574, 41.29004385841146, 41.33708538925602, 41.38397232297244, 41.43071204286456, 41.47731182279032, 41.5237788307429, 41.570120132332725, 41.616342694172964, 41.66245338717126, 41.708458989730325, 41.75436619085987, 41.80018159320235, 41.84591171597485, 41.8915629978294, 41.93714179963391, 41.98265440717584, 42.02810703379072, 42.07350582291733, 42.1188568505817, 42.164166127811505, 42.20943960298278, 42.25468316410066, 42.29990264101564, 42.34510380757712, 42.390292383725594, 42.43547403752505, 42.48065438713684, 42.525839002736525, 42.57103340837482, 42.61624308378392, 42.66147346613046, 42.70672995171607, 42.752017897626736, 42.79734262333187, 42.842709412234164, 42.888123513171074, 42.93359014186884, 42.97911448234988, 43.0247016882943, 43.07035688435635, 43.1160851674364, 43.16189160790925, 43.20778125080923, 43.25375911697283, 43.2998302041393, 43.34599948800971, 43.39227192326507, 43.43865244454376, 43.48514596737886, 43.531757389095574, 43.578491589669206, 43.625353432543946, 43.67234776541271, 43.71947942095832, 43.7667532175562, 43.81417395993882, 43.86174643982196, 43.909475436493025, 43.95736571736144, 44.005422038471224, 44.0536491449758, 44.10205177157509, 44.15063464291486]]","[array([6.37688001e-05, 6.00799169e-05, 5.86664978e-05, 5.87303122e-05,
       5.97890223e-05, 6.15505989e-05, 6.38373583e-05, 6.65408974e-05,
       6.95952534e-05, 7.29607173e-05, 7.66140664e-05, 8.05426389e-05,
       8.47407186e-05, 8.92073110e-05, 9.39447623e-05, 9.89578895e-05,
       1.04253425e-04, 1.09839656e-04, 1.15726183e-04, 1.21923762e-04,
       1.28444192e-04, 1.35300240e-04, 1.42505587e-04, 1.50074799e-04,
       1.58023296e-04, 1.66367347e-04, 1.75124056e-04, 1.84311372e-04,
       1.93948083e-04, 2.04053834e-04, 2.14649131e-04, 2.25755362e-04,
       2.37394806e-04, 2.49590658e-04, 2.62367042e-04, 2.75749035e-04,
       2.89762687e-04, 3.04435041e-04, 3.19794155e-04, 3.35869124e-04,
       3.52690100e-04, 3.70288314e-04, 3.88696094e-04, 4.07946882e-04,
       4.28075255e-04, 4.49116940e-04, 4.71108824e-04, 4.94088970e-04,
       5.18096621e-04, 5.43172211e-04, 5.69357364e-04, 5.96694894e-04,
       6.25228800e-04, 6.55004254e-04, 6.86067588e-04, 7.18466274e-04,
       7.52248891e-04, 7.87465099e-04, 8.24165592e-04, 8.62402049e-04,
       9.02227076e-04, 9.43694141e-04, 9.86857489e-04, 1.03177206e-03,
       1.07849337e-03, 1.12707743e-03, 1.17758059e-03, 1.23005939e-03,
       1.28457044e-03, 1.34117019e-03, 1.39991480e-03, 1.46085989e-03,
       1.52406031e-03, 1.58956991e-03, 1.65744129e-03, 1.72772544e-03,
       1.80047152e-03, 1.87572645e-03, 1.95353461e-03, 2.03393741e-03,
       2.11697297e-03, 2.20267560e-03, 2.29107543e-03, 2.38219791e-03,
       2.47606335e-03, 2.57268639e-03, 2.67207549e-03, 2.77423242e-03,
       2.87915168e-03, 2.98681994e-03, 3.09721550e-03, 3.21030775e-03,
       3.32605652e-03, 3.44441163e-03, 3.56531272e-03, 3.68870008e-03,
       3.81453708e-03, 3.94280500e-03, 4.07348875e-03, 4.20656700e-03,
       4.34200592e-03, 4.47975528e-03, 4.61974623e-03, 4.76189009e-03,
       4.90607788e-03, 5.05218031e-03, 5.20004804e-03, 5.34951207e-03,
       5.50038438e-03, 5.65245849e-03, 5.80551022e-03, 5.95929840e-03,
       6.11356574e-03, 6.26803971e-03, 6.42243349e-03, 6.57644708e-03,
       6.72976840e-03, 6.88207460e-03, 7.03303340e-03, 7.18230456e-03,
       7.32954148e-03, 7.47439286e-03, 7.61650449e-03, 7.75552112e-03,
       7.89108840e-03, 8.02285489e-03, 8.15047411e-03, 8.27360659e-03,
       8.39192202e-03, 8.50510126e-03, 8.61283841e-03, 8.71484279e-03,
       8.81084083e-03, 8.90057789e-03, 8.98381992e-03, 9.06035502e-03,
       9.12999477e-03, 9.19257548e-03, 9.24795916e-03, 9.29603434e-03,
       9.33671664e-03, 9.36994914e-03, 9.39570256e-03, 9.41397514e-03,
       9.42479238e-03, 9.42820652e-03, 9.42429584e-03, 9.41316374e-03,
       9.39493771e-03, 9.36976801e-03, 9.33782638e-03, 9.29930444e-03,
       9.25441214e-03, 9.20337602e-03, 9.14643746e-03, 9.08385088e-03,
       9.01588187e-03, 8.94280542e-03, 8.86490403e-03, 8.78246597e-03,
       8.69578352e-03, 8.60515128e-03, 8.51086461e-03, 8.41321805e-03,
       8.31250396e-03, 8.20901115e-03, 8.10302367e-03, 7.99481976e-03,
       7.88467077e-03, 7.77284035e-03, 7.65958367e-03, 7.54514672e-03,
       7.42976585e-03, 7.31366723e-03, 7.19706655e-03, 7.08016880e-03,
       6.96316802e-03, 6.84624728e-03, 6.72957868e-03, 6.61332332e-03,
       6.49763153e-03, 6.38264296e-03, 6.26848682e-03, 6.15528216e-03,
       6.04313816e-03, 5.93215444e-03, 5.82242141e-03, 5.71402067e-03,
       5.60702536e-03, 5.50150057e-03, 5.39750373e-03, 5.29508504e-03,
       5.19428784e-03, 5.09514902e-03, 4.99769944e-03, 4.90196428e-03,
       4.80796343e-03, 4.71571189e-03, 4.62522007e-03, 4.53649417e-03,
       4.44953652e-03, 4.36434583e-03, 4.28091759e-03, 4.19924426e-03,
       4.11931561e-03, 4.04111893e-03, 3.96463930e-03, 3.88985980e-03,
       3.81676176e-03, 3.74532488e-03, 3.67552751e-03, 3.60734677e-03,
       3.54075872e-03, 3.47573850e-03, 3.41226051e-03, 3.35029848e-03,
       3.28982563e-03, 3.23081477e-03, 3.17323840e-03, 3.11706876e-03,
       3.06227799e-03, 3.00883815e-03, 2.95672130e-03, 2.90589957e-03,
       2.85634519e-03, 2.80803059e-03, 2.76092840e-03, 2.71501151e-03,
       2.67025310e-03, 2.62662666e-03, 2.58410606e-03, 2.54266551e-03,
       2.50227964e-03, 2.46292349e-03, 2.42457250e-03, 2.38720260e-03,
       2.35079012e-03, 2.31531188e-03, 2.28074516e-03, 2.24706769e-03,
       2.21425770e-03, 2.18229388e-03, 2.15115539e-03, 2.12082187e-03,
       2.09127343e-03, 2.06249064e-03, 2.03445456e-03, 2.00714669e-03,
       1.98054898e-03, 1.95464385e-03, 1.92941414e-03, 1.90484316e-03,
       1.88091463e-03, 1.85761269e-03, 1.83492191e-03, 1.81282726e-03,
       1.79131412e-03, 1.77036825e-03, 1.74997581e-03, 1.73012333e-03,
       1.71079772e-03, 1.69198623e-03, 1.67367649e-03, 1.65585645e-03,
       1.63851441e-03, 1.62163901e-03, 1.60521918e-03, 1.58924421e-03,
       1.57370365e-03, 1.55858737e-03, 1.54388553e-03, 1.52958858e-03,
       1.51568724e-03, 1.50217248e-03, 1.48903557e-03, 1.47626800e-03,
       1.46386153e-03, 1.45180816e-03, 1.44010011e-03, 1.42872984e-03,
       1.41769004e-03, 1.40697360e-03, 1.39657364e-03, 1.38648347e-03,
       1.37669661e-03, 1.36720676e-03, 1.35800782e-03, 1.34909387e-03,
       1.34045918e-03, 1.33209817e-03, 1.32400546e-03, 1.31617579e-03,
       1.30860410e-03, 1.30128548e-03, 1.29421514e-03, 1.28738848e-03,
       1.28080100e-03, 1.27444837e-03, 1.26832638e-03, 1.26243096e-03,
       1.25675816e-03, 1.25130415e-03, 1.24606523e-03, 1.24103781e-03,
       1.23621843e-03, 1.23160370e-03, 1.22719039e-03, 1.22297534e-03,
       1.21895549e-03, 1.21512790e-03, 1.21148972e-03, 1.20803818e-03,
       1.20477061e-03, 1.20168444e-03, 1.19877715e-03, 1.19604634e-03,
       1.19348969e-03, 1.19110492e-03, 1.18888988e-03, 1.18684245e-03,
       1.18496061e-03, 1.18324240e-03, 1.18168592e-03, 1.18028936e-03,
       1.17905096e-03, 1.17796901e-03, 1.17704188e-03, 1.17626801e-03,
       1.17564586e-03, 1.17517398e-03, 1.17485096e-03, 1.17467545e-03,
       1.17464615e-03, 1.17476179e-03, 1.17502118e-03, 1.17542315e-03,
       1.17596660e-03, 1.17665046e-03, 1.17747371e-03, 1.17843536e-03,
       1.17953446e-03, 1.18077012e-03, 1.18214146e-03, 1.18364767e-03,
       1.18528794e-03, 1.18706152e-03, 1.18896767e-03, 1.19100571e-03,
       1.19317498e-03, 1.19547482e-03, 1.19790465e-03, 1.20046388e-03,
       1.20315197e-03, 1.20596838e-03, 1.20891261e-03, 1.21198419e-03,
       1.21518265e-03, 1.21850757e-03, 1.22195853e-03, 1.22553513e-03,
       1.22923700e-03, 1.23306377e-03, 1.23701510e-03, 1.24109066e-03,
       1.24529014e-03])]","[[0, 6.376880005047202e-05, 0.00012384871691641303, 0.0001825152146708144, 0.0002412455268224413, 0.0003010345491633483, 0.0003625851480382269, 0.0004264225062999559, 0.0004929634037151122, 0.0005625586571048699, 0.0006355193743759292, 0.0007121334407596525, 0.0007926760797092522, 0.0008774167983353274, 0.0009666241093707733, 0.0010605688716419832, 0.001159526761100595, 0.001263780186218454, 0.0013736198420903733, 0.0014893460253127247, 0.0016112697877154367, 0.0017397139800258159, 0.0018750142197809419, 0.002017519807239735, 0.002167594606254325, 0.0023256179025885506, 0.0024919852491426166, 0.002667109305425975, 0.0028514206770910433, 0.0030453687601982972, 0.0032494225940031735, 0.0034640717253570518, 0.0036898270872459168, 0.0039272218935158245, 0.004176812551429368, 0.004439179593344186, 0.004714928628489863, 0.005004691315532985, 0.0053091263563535334, 0.005628920511202342, 0.005964789635163468, 0.0063174797356022275, 0.006687768050035042, 0.007076464143607614, 0.007484411025109836, 0.00791248628018647, 0.0083616032201191, 0.008832712044254905, 0.009326801013838903, 0.009844897634666588, 0.010388069845611005, 0.010957427209690835, 0.011554122103931901, 0.012179350903832306, 0.012834355157769721, 0.013520422746186821, 0.014238889019856534, 0.014991137910961825, 0.01577860301012445, 0.0166027686018834, 0.017465170650456534, 0.01836739772691863, 0.019311091868196864, 0.020297949357521744, 0.02132972141517993, 0.022408214787598003, 0.023535292221946263, 0.024712872812593625, 0.02594293220487376, 0.027227502640744937, 0.028568672830049307, 0.02996858763020977, 0.03142944751635457, 0.032953507823042204, 0.03454307773798545, 0.036200519027457335, 0.03792824447242033, 0.03972871599387006, 0.04160444244544661, 0.04355797705106086, 0.04559191446513316, 0.04770888743307173, 0.04991156302985454, 0.05220263845504777, 0.054584836363325395, 0.05706089971057672, 0.059633586097031045, 0.06230566159052063, 0.06507989401507394, 0.06795904569250696, 0.07094586562758812, 0.07404308113071296, 0.07725338887585868, 0.08057944539590807, 0.08402385702224757, 0.08758916974001221, 0.09127786981939842, 0.09509240689863907, 0.099035211900954, 0.10310870065112356, 0.1073152676507391, 0.1116572735670915, 0.11613702884685986, 0.1207567750762776, 0.125518665163122, 0.13042474304231938, 0.1354769233556919, 0.1406769713911615, 0.14602648346160502, 0.15152686783993083, 0.1571793263315615, 0.1629848365489169, 0.1689441349480106, 0.17505770069018006, 0.18132574039895666, 0.18774817389083348, 0.19432462096760736, 0.20105438936595954, 0.2079364639662521, 0.21496949736666768, 0.22215180193049372, 0.22948134341337692, 0.23695573627366567, 0.24457224076252054, 0.2523277618813693, 0.260218850282633, 0.2682417051756273, 0.27639217928336374, 0.28466578587790337, 0.2930577079022519, 0.3015628091658701, 0.3101756475790715, 0.3188904903692951, 0.32770133119987344, 0.33660190908990056, 0.3455857290125527, 0.35464608402914305, 0.36377607879769946, 0.37296865427829407, 0.38221661344306695, 0.39151264778714157, 0.40084936442766245, 0.4102193135721575, 0.419615016134448, 0.42902899127643057, 0.43845378365721593, 0.4478819901772316, 0.45730628601382967, 0.4667194497564747, 0.4761143874634647, 0.48548415547805707, 0.494821981859502, 0.5041212863034685, 0.5133756984463198, 0.5225790744682728, 0.531725511931308, 0.5408093628084075, 0.5498252446809777, 0.5587680501008424, 0.5676329541317043, 0.5764154201022369, 0.5851112036187871, 0.5937163548998957, 0.6022272195073584, 0.6106404375592969, 0.6189529415196481, 0.6271619526656169, 0.6352649763400157, 0.6432597960990951, 0.6511444668685499, 0.6589173072209636, 0.6665768908871811, 0.6741220376120828, 0.6815518034621469, 0.6888654706881578, 0.6960625372416098, 0.7031427060379067, 0.7101058740535074, 0.7169521213378566, 0.7236817000143815, 0.7302950233381507, 0.7367926548710776, 0.7431752978288992, 0.7494437846476512, 0.7555990668110536, 0.7616422049741817, 0.7675743594130524, 0.7733967808243646, 0.779110801494589, 0.7847178268529515, 0.7902193274185827, 0.795616831148227, 0.800911916187413, 0.8061062040248662, 0.811201353047197, 0.816199052488489, 0.82110101676734, 0.8259089802021424, 0.8306246920939143, 0.835249912164782, 0.8397864063392486, 0.8442359428546401, 0.8486002886865737, 0.8528812062749298, 0.857080450535602, 0.8611997661432289, 0.8652408850701689, 0.8692055243671337, 0.8730953841711447, 0.8769121459267984, 0.8806574708072055, 0.8843329983214063, 0.8879403450955319, 0.8914811038154824, 0.8949568423194163, 0.8983691028288808, 0.9017194013079541, 0.9050092269403186, 0.9082400417147237, 0.9114132801098345, 0.9145303488699843, 0.917592626863867, 0.9206014650186958, 0.9235581863228398, 0.9264640858904114, 0.9293204310817184, 0.9321284616739204, 0.9348893900766313, 0.937604401587592, 0.940274654683902, 0.9429012813446391, 0.9454853874010215, 0.9480280529105698, 0.9505303325520125, 0.9529932560379442, 0.9554178285424998, 0.9578050311415385, 0.9601558212630501, 0.9624711331457014, 0.9647518783036257, 0.9669989459957362, 0.9692132036980062, 0.9713954975773084, 0.9735466529655457, 0.9756674748329341, 0.9777587482594172, 0.9798212389032991, 0.9818556934662868, 0.9838628401542217, 0.9858433891328667, 0.9877980329781924, 0.9897274471206768, 0.9916322902832009, 0.9935132049121753, 0.9953708176015962, 0.9972057395097694, 0.9990185667684948, 1.0008098808845347, 1.0025802491332372, 1.0043302249442092, 1.0060603482789707, 1.007771146000546, 1.009463132234973, 1.011136808724733, 1.0127926651741244, 1.014431179586619, 1.016052818594257, 1.01765803777915, 1.0192472819871743, 1.0208209856339434, 1.0223795730031648, 1.023923458537489, 1.0254530471219652, 1.026968734360228, 1.0284709068435425, 1.0299599424128354, 1.0314362104138521, 1.032900071945571, 1.0343518801020182, 1.0357919802076223, 1.037220710046248, 1.0386384000840547, 1.0400453736863178, 1.0414419473283576, 1.0428284308007134, 1.044205127408706, 1.0455723341665253, 1.0469303419859788, 1.0482794358600416, 1.0496198950413353, 1.0509519932156726, 1.0522759986707941, 1.053592174460427, 1.0549007785637883, 1.056202064040658, 1.05749627918214, 1.0587836676572309, 1.060064468655308, 1.061338917024655, 1.0626072434071276, 1.063869674369075, 1.0651264325286138, 1.0663777366793619, 1.0676238019107298, 1.068864839724866, 1.0701010581503507, 1.07133266185273, 1.072559852241979, 1.0737828275769818, 1.0750017830671097, 1.076216910970982, 1.0774284006924877, 1.0786364388741434, 1.0798412094878649, 1.0810428939232217, 1.082241671073246, 1.0834377174178635, 1.0846312071050117, 1.0858223120295076, 1.0870112019097293, 1.0881980443621668, 1.0893830049739026, 1.0905662473730748, 1.0917479332973785, 1.0929282226606536, 1.094107273617613, 1.0952852426267536, 1.096462284511503, 1.0976385525196388, 1.0988141983810282, 1.0999893723637286, 1.101164223328485, 1.1023388987816667, 1.1035135449266757, 1.104688306713865, 1.1058633278889967, 1.1070387510402748, 1.1082147176439818, 1.1093913681087488, 1.1105688418184856, 1.1117472771739991, 1.1129268116333255, 1.114107581750798, 1.1152897232148749, 1.1164733708847494, 1.1176586588257624, 1.118845720343634, 1.1200346880175374, 1.1212256937320288, 1.122418868707851, 1.1236143435316241, 1.124812248184441, 1.1260127120693757, 1.1272158640379235, 1.128421832415377, 1.129630745025155, 1.130842729212089, 1.1320579118646796, 1.1332764194363272, 1.134498377965548, 1.1357239130951786, 1.1369531500905776, 1.1381862138568244, 1.139423228954925, 1.1406643196170247, 1.1419096097606314]]"
50.0,80.0,4,90,360,I0-S0,"[[0.01, 0.009218546420913139, 0.008861068736292907, 0.008775059817687893, 0.008868448505882056, 0.009085547059881066, 0.009392450442604653, 0.009768288914309134, 0.010200118644752733, 0.010679857022230328, 0.011202433703551822, 0.011764670715095593, 0.012364600529531925, 0.013001047648574264, 0.013673369118134568, 0.014381291269829387, 0.015124805050477466, 0.015904097307749394, 0.01671950438509944, 0.017571479761909925, 0.0184605707032892, 0.019387400824125028, 0.02035265664144864, 0.021357076897246537, 0.02240144386539255, 0.02348657612180195, 0.024613322422249444, 0.02578255643703714, 0.026995172159505105, 0.02825207985044982, 0.02955420241141004, 0.030902472101674777, 0.032297827529922524, 0.03374121086355973, 0.03523356520830569, 0.0367758321181435, 0.03836894920192827, 0.04001384779805121, 0.04171145069283878, 0.04346266986198639, 0.045268404217413634, 0.04712953734457871, 0.04904693521757961, 0.05102144388136165, 0.05305388709209446, 0.05514506390832013, 0.05729574622684294, 0.059506676258560036, 0.061778563940547225, 0.0641120842817369, 0.06650787464047371, 0.06896653193312473, 0.07148860977376692, 0.07407461554578812, 0.07672500740702673, 0.07944019123084932, 0.0822205174863295, 0.085066278061452, 0.08797770303402694, 0.09095495739576297, 0.09399813773571855, 0.09710726889012698, 0.1002823005663754, 0.1035231039497099, 0.10682946830203682, 0.11020109756299284, 0.11363760696426203, 0.11713851966892178, 0.12070326344839986, 0.12433116741041599, 0.1280214587920585, 0.13177325983290616, 0.13558558474383745, 0.1394573367878721, 0.1433873054900518, 0.1473741639939838, 0.15141646658323188, 0.15551264638623935, 0.15966101328389465, 0.16385975203919761, 0.1681069206687412, 0.17240044907588134, 0.176738137965518, 0.1811176580603425, 0.18553654963821387, 0.18999222240999797, 0.19448195575673363, 0.19900289934436877, 0.20355207413353285, 0.20812637380087207, 0.21272256658736693, 0.21733729758777492, 0.22196709149389005, 0.22660835580268832, 0.2312573844986311, 0.2359106998634399, 0.2405684447718731, 0.24523601639205272, 0.24992179769412387, 0.25463540264902584, 0.25938657755152245, 0.2641845346681665, 0.26903757015234064, 0.27395286757173964, 0.2789364210811206, 0.2839930340590094, 0.2891263636446783, 0.29433899147658293, 0.29963250762103294, 0.3050075992265297, 0.310464138532651, 0.3160012669630399, 0.32161747345093245, 0.3273106660945386, 0.3330782368638409, 0.3389171194804658, 0.34482384083803685, 0.3507945664705782, 0.356825140645222, 0.36291112167656486, 0.36904781305023676, 0.3752302909142224, 0.38145342845625335, 0.38771191763967394, 0.39400028872225956, 0.40031292793495676, 0.4066440936519348, 0.4129879313405892, 0.41933848754068065, 0.4256897230858066, 0.4320355257478698, 0.43836972245599676, 0.444686091215259, 0.45097837282732434, 0.4572402824945541, 0.46346552137081604, 0.4696477881061596, 0.4757807904182773, 0.4818582567111504, 0.48787394775027076, 0.4938216683941823, 0.4996952793736576, 0.505488709102499, 0.5111959654976247, 0.5168111477806816, 0.522328458228847, 0.5277422138386664, 0.5330468578636872, 0.5382369711842231, 0.5433072834657888, 0.5482526840615525, 0.5530682326135046, 0.5577491693069391, 0.5622909247332315, 0.5666891293167586, 0.5709396222631161, 0.5750384599875098, 0.5789819239843074, 0.5827665281011999, 0.5863890251842165, 0.5898464130629137, 0.5931359398484061, 0.5962551085204685, 0.5992016807836936, 0.6019736801765959, 0.6045693944215721, 0.6069873770077288, 0.6092264480027272, 0.6112856940939385, 0.6131644678633169, 0.614862386304443, 0.6163793285941382, 0.617715433134863, 0.6188710938877696, 0.6198469560197423, 0.6206439108910103, 0.621263090412937, 0.6217058608083452, 0.6219738158092323, 0.6220687693289302, 0.6219927476476755, 0.6217479811521621, 0.6213368956709503, 0.6207621034486012, 0.6200263938020935, 0.6191327235034718, 0.6180842069327729, 0.616884106045088, 0.6155358201951712, 0.6140428758622837, 0.6124089163170211, 0.6106376912706897, 0.6087330465464206, 0.6066989138096499, 0.6045393003938603, 0.6022582792556095, 0.5998599790908774, 0.5973485746426626, 0.5947282772275834, 0.5920033255069986, 0.5891779765258791, 0.5862564970403592, 0.5832431551525862, 0.5801422122691895, 0.5769579153974185, 0.5736944897907722, 0.570356131953769, 0.5669470030133985, 0.5634712224627683, 0.5599328622805155, 0.5563359414277049, 0.5526844207221868, 0.5489821980887468, 0.5452331041818463, 0.5414408983763342, 0.5376092651202045, 0.5337418106422824, 0.5298420600066515, 0.5259134545046628, 0.5219593493745259, 0.5179830118377339, 0.5139876194409375, 0.5099762586913541, 0.5059519239733536, 0.5019175167335229, 0.49787584492125103, 0.49382962267170527, 0.48978147021796964, 0.48573391401909227, 0.4816893870908292, 0.47765022952597397, 0.4736186891913187, 0.4695969225884998, 0.46558699586623153, 0.46159088597172315, 0.45761048192939907, 0.4536475862353983, 0.4497039163567087, 0.4457811063241952, 0.4418807084091984, 0.4380041948738128, 0.43415295978539825, 0.4303283208863238, 0.4265315215103986, 0.4227637325378976, 0.41902605438154117, 0.4153195189962369, 0.411645091905836, 0.40800367424058914, 0.40439610477941684, 0.4008231619915212, 0.3972855660722743, 0.3937839809687086, 0.39031901639031286, 0.38689122980120333, 0.3835011283900895, 0.3801491710147886, 0.37683577011836505, 0.37356129361427304, 0.37032606673817453, 0.3671303738643754, 0.36397446028508407, 0.3608585339509415, 0.35778276717149976, 0.3547472982745444, 0.3517522332233537, 0.34879764719118017, 0.3458835860924101, 0.34301006807002254, 0.34017708493911564, 0.3373846035864092, 0.334632567325757, 0.3319208972098187, 0.32924949329814795, 0.32661823588204775, 0.32402698666663254, 0.3214755899106127, 0.3189638735243883, 0.3164916501271008, 0.3140587180633446, 0.3116648623802917, 0.3093098557660191, 0.3069934594498698, 0.30471542406570357, 0.3024754904789215, 0.3002733905781669, 0.2981088480326214, 0.29598157901582717, 0.2938912928969723, 0.2918376929005833, 0.28982047673556843, 0.28783933719455373, 0.285893962724452, 0.2839840379691948, 0.2821092442855532, 0.28026926023295884, 0.27846376203822826, 0.2766924240360766, 0.27495491908629516, 0.27325091896844916, 0.2715800947549357, 0.26994211716322514, 0.26833665688808855, 0.26676338491459767, 0.26522197281266147, 0.2637120930138456, 0.26223341907119996, 0.26078562590279886, 0.25936839001967976, 0.25798138973884294, 0.2566243053819572, 0.25529681946039395, 0.25399861684719366, 0.2527293849365465, 0.25148881379135163, 0.2502765962793978, 0.24909242819869007, 0.24793600839242808, 0.24680703885412256, 0.24570522482331875, 0.24463027487237737, 0.2435819009847467, 0.2425598186251417, 0.24156374680203022, 0.24059340812280944, 0.2396485288420406, 0.23872883890309435, 0.2378340719735441, 0.23696396547463094, 0.23611826060510913, 0.23529670235976757, 0.23449903954291026, 0.23372502477706514, 0.23297441450717932, 0.23224696900054606, 0.2315424523426982, 0.23086063242949123, 0.23020128095558837, 0.2295641733995509, 0.22894908900572558, 0.2283558107631128, 0.2277841253813891, 0.22723382326424985, 0.22670469848022842, 0.22619654873114087, 0.22570917531829718, 0.22524238310661274, 0.22479598048674618, 0.22436977933538363, 0.2239635949737823, 0.2235772461246803, 0.22321055486767347, 0.22286334659315457, 0.2225354499549046, 0.2222266968214203, 0.22193692222605788, 0.22166596431606747, 0.22141366430058879, 0.2211798663976735, 0.22096441778039666, 0.22076716852211498, 0.22058797154092605, 0.2204266825433796, 0.22028315996748785, 0.22015726492507934, 0.2200488611435376]]","[[0.01, 0.011673645222856313, 0.01362924433757481, 0.01580189558251425, 0.01815640128854605, 0.02067537671856245, 0.02335196411310441, 0.026185451752903124, 0.029178797219766725, 0.032337171093143664, 0.03566709858447076, 0.03917595715461552, 0.04287168562550491, 0.04676261843486203, 0.05085739353262092, 0.05516490327539615, 0.0596942701396957, 0.06445483651049616, 0.06945616222916563, 0.07470802621432318, 0.08022043002605563, 0.08600360216159567, 0.09206800240817742, 0.09842432589093707, 0.10508350663257235, 0.11205672054185954, 0.11935538780262814, 0.12699117466271678, 0.13497599463517662, 0.14332200912825188, 0.15204162752036082, 0.16114750669368436, 0.17065255003633112, 0.18056990591910144, 0.19091296564900417, 0.20169536089807885, 0.21293096060282946, 0.2246338673267075, 0.23681841307558554, 0.2494991545540183, 0.2626908678482696, 0.27640854252056063, 0.29066737509774754, 0.3054827619366351, 0.32087029144736606, 0.3368457356557698, 0.35342504108520467, 0.37062431893826925, 0.3884598345587853, 0.40694799615466587, 0.4261053427626699, 0.4459485314366107, 0.46649432364133064, 0.4877595708356789, 0.5097611992288322, 0.5325161936955931, 0.5560415808377736, 0.5803544111804471, 0.6054717404937137, 0.6314106102326895, 0.6581880270906989, 0.685820941663119, 0.7143262262220086, 0.7437206516045421, 0.7740208632213718, 0.8052433561943472, 0.8374044496365486, 0.8705202600913073, 0.9046066741508191, 0.9396793202790753, 0.9757535398681505, 1.0128443575613693, 1.0509664508815333, 1.0901341192071952, 1.1303612521449113, 1.171661297350464, 1.2140472278572068, 1.2575315089749113, 1.302126064827783, 1.347842244605602, 1.3946907886072344, 1.4426817941610057, 1.4918246815115774, 1.542128159768017, 1.593600193012627, 1.64624796667478, 1.700077854278444, 1.7550953846762198, 1.8113052098865319, 1.86871107365403, 1.9273157808562633, 1.9871211678822032, 2.0481280741101924, 2.110336314614325, 2.17374465422908, 2.2383511380836363, 2.304156903380706, 2.371169088509778, 2.4393996324638727, 2.5088640442968404, 2.579580468129663, 2.6515689578172803, 2.724850903891701, 2.7994485735779984, 2.8753847365260876, 2.9526823567382015, 3.031364336449131, 3.111453301341372, 3.192971419022315, 3.2759402445185906, 3.360380587885976, 3.44631240004241, 3.5337546737051935, 3.622725356917187, 3.7132412771251944, 3.8053180741576496, 3.898970140759954, 3.9942105696001087, 4.091051105866286, 4.189502104750528, 4.289572493255548, 4.3912697358799715, 4.494599803835532, 4.599567147531014, 4.7061746721249245, 4.8144237160042245, 4.924314032091664, 5.035843771921083, 5.149009472449485, 5.263806045597988, 5.380226770531702, 5.4982632887019, 5.617905601683245, 5.739142071844699, 5.861959425895697, 5.98634276134939, 6.112275555942844, 6.239739680050016, 6.3687154121176714, 6.499181457147166, 6.6311149682365125, 6.764491571187557, 6.899285392172584, 7.0354690884433655, 7.173013882053837, 7.311889596555263, 7.452064696610117, 7.593506330458159, 7.736180375155328, 7.880051484493374, 8.025083139495619, 8.171237701372036, 8.318476466805084, 8.466759725426517, 8.616046819334766, 8.76629620449267, 8.917465513836238, 9.06951162191694, 9.222390710892817, 9.376058337677426, 9.530469502050444, 9.685578715529692, 9.841340070801278, 9.997707311502747, 10.154633902153337, 10.312073098025905, 10.469978014756546, 10.628301697490574, 10.78699718936725, 10.946017599150304, 11.105316167817028, 11.264846333925357, 11.424561797585799, 11.584416582873418, 11.74436509852404, 11.904362196768545, 12.064363230169342, 12.224324106333793, 12.384201340390575, 12.543952105126271, 12.703534278691283, 12.862906489795895, 13.022028160329242, 13.180859545345795, 13.339361770375795, 13.497496866027634, 13.655227799861658, 13.812518505525894, 13.969333909155003, 14.125639953044072, 14.281403616618777, 14.436592934732824, 14.591177013332429, 14.745126042535919, 14.898411307184222, 15.051005194925146, 15.202881201900796, 15.354013936113374, 15.50437911854979, 15.653953582150155, 15.802715268709164, 15.950643223802757, 16.097717589835224, 16.24391959730407, 16.389231554381617, 16.533636834913388, 16.67711986493394, 16.819666107800817, 16.961262048047075, 17.10189517405192, 17.24155395962791, 17.380227844621622, 17.517907214622802, 17.65458337987488, 17.790248553477284, 17.92489582896738, 18.058519157366895, 18.19111332377476, 18.322673923585036, 18.453197338405264, 18.582680711747294, 18.711121924558988, 18.83851957066182, 18.964872932155753, 19.09018195484926, 19.214447223768747, 19.3376699387982, 19.459851890496296, 19.580995436134874, 19.70110347599927, 19.820179429987704, 19.938227214543844, 20.0552512199534, 20.171256288032776, 20.286247690234802, 20.40023110619392, 20.51321260273044, 20.625198613331012, 20.736195918120043, 20.84621162433452, 20.95525314731247, 21.063328192003375, 21.170444735006782, 21.27661100714368, 21.381835476563495, 21.486126832387946, 21.589493968891578, 21.691945970217503, 21.793492095625528, 21.89414176526877, 21.993904546493855, 22.09279014065874, 22.190808370461465, 22.287969167772296, 22.384282561961022, 22.479758668710588, 22.574407679307726, 22.668239850400695, 22.761265494213923, 22.853494969208946, 22.944938671180765, 23.035607024778503, 23.125510475439075, 23.214659481722432, 23.30306450803684, 23.390736017742604, 23.477684466622645, 23.563920296708318, 23.649453930448914, 23.734295765213393, 23.81845616811294, 23.9019454711331, 23.984773966564322, 24.06695190272004, 24.148489479931378, 24.229396846807994, 24.30968409675456, 24.389361264732766, 24.46843832425883, 24.546925184626772, 24.624831688347992, 24.702167608797826, 24.77894264806008, 24.85516643496079, 24.930848523282624, 25.005998390151706, 25.080625434588775, 25.154738976216954, 25.228348254118554, 25.301462425833634, 25.374090566493294, 25.446241668080873, 25.517924638814506, 25.589148302644684, 25.659921398860742, 25.73025258180039, 25.800150420656607, 25.869623399376497, 25.938679916646866, 26.00732828596146, 26.07557673576511, 26.143433409670102, 26.210906366740364, 26.278003581839208, 26.344732946036565, 26.41110226707181, 26.477119269868453, 26.542791597097104, 26.608126809783368, 26.673132387957338, 26.737815731341644, 26.80218416007504, 26.866244915468737, 26.930005160792778, 26.993471982089876, 27.056652389014275, 27.119553315693313, 27.18218162160946, 27.24454409250072, 27.306647441277438, 27.368498308953523, 27.430103265590393, 27.491468811251824, 27.552601376968152, 27.613507325708238, 27.674192953357757, 27.73466448970245, 27.794928099414967, 27.85498988304413, 27.914855878005373, 27.974532059571334, 28.03402434186149, 28.093338578829837, 28.152480565249743, 28.21145603769504, 28.270270675516542, 28.328930101813206, 28.38743988439719, 28.445805536752143, 28.504032518984022, 28.56212623876387, 28.62009205226194, 28.67793526507265, 28.735661133129856, 28.79327486361191, 28.85078161583614, 28.908186502142275, 28.965494588764408, 29.02271089669117, 29.079840402513746, 29.136888039261382, 29.19385869722412, 29.250757224762435, 29.307588429103568, 29.364357077124218, 29.42106789611943, 29.47772557455741, 29.534334762820126, 29.59090007392942, 29.64742608425851, 29.703917334228706, 29.760378328991163, 29.816813539093513, 29.873227401131306, 29.92962431838405, 29.98600866143575]]","[array([6.37688001e-05, 6.00799169e-05, 5.86664978e-05, 5.87303122e-05,
       5.97890098e-05, 6.15502341e-05, 6.38350433e-05, 6.65328763e-05,
       6.95749479e-05, 7.29182029e-05, 7.65356249e-05, 8.04103547e-05,
       8.45320959e-05, 8.88948994e-05, 9.34957816e-05, 9.83338463e-05,
       1.03409717e-04, 1.08725160e-04, 1.14282821e-04, 1.20086049e-04,
       1.26138754e-04, 1.32445310e-04, 1.39010473e-04, 1.45839319e-04,
       1.52937186e-04, 1.60309635e-04, 1.67962412e-04, 1.75901409e-04,
       1.84132644e-04, 1.92662229e-04, 2.01496350e-04, 2.10641245e-04,
       2.20103183e-04, 2.29888452e-04, 2.40003333e-04, 2.50454094e-04,
       2.61246964e-04, 2.72388126e-04, 2.83883696e-04, 2.95739713e-04,
       3.07962118e-04, 3.20556746e-04, 3.33529303e-04, 3.46885358e-04,
       3.60630322e-04, 3.74769431e-04, 3.89307736e-04, 4.04250076e-04,
       4.19601072e-04, 4.35365097e-04, 4.51546270e-04, 4.68148425e-04,
       4.85175102e-04, 5.02629520e-04, 5.20514562e-04, 5.38832750e-04,
       5.57586228e-04, 5.76776736e-04, 5.96405594e-04, 6.16473676e-04,
       6.36981387e-04, 6.57928646e-04, 6.79314857e-04, 7.01138890e-04,
       7.23399057e-04, 7.46093092e-04, 7.69218123e-04, 7.92770657e-04,
       8.16746550e-04, 8.41140992e-04, 8.65948484e-04, 8.91162816e-04,
       9.16777046e-04, 9.42783487e-04, 9.69173681e-04, 9.95938387e-04,
       1.02306757e-03, 1.05055036e-03, 1.07837509e-03, 1.10652923e-03,
       1.13499941e-03, 1.16377139e-03, 1.19283008e-03, 1.22215952e-03,
       1.25174288e-03, 1.28156245e-03, 1.31159966e-03, 1.34183508e-03,
       1.37224842e-03, 1.40281856e-03, 1.43352353e-03, 1.46434058e-03,
       1.49524613e-03, 1.52621587e-03, 1.55722516e-03, 1.58826027e-03,
       1.61934061e-03, 1.65051332e-03, 1.68183914e-03, 1.71338309e-03,
       1.74520864e-03, 1.77737430e-03, 1.80993175e-03, 1.84292492e-03,
       1.87638980e-03, 1.91035455e-03, 1.94483992e-03, 1.97985978e-03,
       2.01542166e-03, 2.05152738e-03, 2.08817360e-03, 2.12535239e-03,
       2.16305170e-03, 2.20125583e-03, 2.23994583e-03, 2.27909988e-03,
       2.31869359e-03, 2.35870031e-03, 2.39909137e-03, 2.43983629e-03,
       2.48090298e-03, 2.52225793e-03, 2.56386635e-03, 2.60569230e-03,
       2.64769882e-03, 2.68984806e-03, 2.73210135e-03, 2.77441933e-03,
       2.81676202e-03, 2.85908889e-03, 2.90135900e-03, 2.94353102e-03,
       2.98556334e-03, 3.02741414e-03, 3.06904147e-03, 3.11040332e-03,
       3.15145771e-03, 3.19216275e-03, 3.23247673e-03, 3.27235819e-03,
       3.31176603e-03, 3.35065951e-03, 3.38899844e-03, 3.42674315e-03,
       3.46385465e-03, 3.50029466e-03, 3.53602571e-03, 3.57101120e-03,
       3.60521551e-03, 3.63860401e-03, 3.67114320e-03, 3.70280075e-03,
       3.73354554e-03, 3.76334777e-03, 3.79217902e-03, 3.82001225e-03,
       3.84682192e-03, 3.87258402e-03, 3.89727610e-03, 3.92087731e-03,
       3.94336849e-03, 3.96473212e-03, 3.98495243e-03, 4.00401536e-03,
       4.02190861e-03, 4.03862167e-03, 4.05414576e-03, 4.06847392e-03,
       4.08160094e-03, 4.09352338e-03, 4.10423958e-03, 4.11374959e-03,
       4.12205518e-03, 4.12915983e-03, 4.13506866e-03, 4.13978841e-03,
       4.14332742e-03, 4.14569556e-03, 4.14690419e-03, 4.14696611e-03,
       4.14589552e-03, 4.14370795e-03, 4.14042019e-03, 4.13605025e-03,
       4.13061730e-03, 4.12414157e-03, 4.11664433e-03, 4.10814778e-03,
       4.09867502e-03, 4.08824995e-03, 4.07689722e-03, 4.06464216e-03,
       4.05151070e-03, 4.03752930e-03, 4.02272491e-03, 4.00712486e-03,
       3.99075685e-03, 3.97364883e-03, 3.95582897e-03, 3.93732560e-03,
       3.91816713e-03, 3.89838202e-03, 3.87799871e-03, 3.85704556e-03,
       3.83555081e-03, 3.81354254e-03, 3.79104862e-03, 3.76809664e-03,
       3.74471393e-03, 3.72092744e-03, 3.69676378e-03, 3.67224916e-03,
       3.64740933e-03, 3.62226960e-03, 3.59685477e-03, 3.57118917e-03,
       3.54529655e-03, 3.51920014e-03, 3.49292260e-03, 3.46648600e-03,
       3.43991182e-03, 3.41322096e-03, 3.38643367e-03, 3.35956961e-03,
       3.33264781e-03, 3.30568668e-03, 3.27870400e-03, 3.25171693e-03,
       3.22474199e-03, 3.19779511e-03, 3.17089156e-03, 3.14404603e-03,
       3.11727259e-03, 3.09058473e-03, 3.06399532e-03, 3.03751668e-03,
       3.01116053e-03, 2.98493805e-03, 2.95885985e-03, 2.93293601e-03,
       2.90717610e-03, 2.88158914e-03, 2.85618368e-03, 2.83096775e-03,
       2.80594893e-03, 2.78113433e-03, 2.75653061e-03, 2.73214398e-03,
       2.70798024e-03, 2.68404478e-03, 2.66034260e-03, 2.63687831e-03,
       2.61365615e-03, 2.59068002e-03, 2.56795346e-03, 2.54547969e-03,
       2.52326161e-03, 2.50130183e-03, 2.47960265e-03, 2.45816610e-03,
       2.43699395e-03, 2.41608771e-03, 2.39544865e-03, 2.37507780e-03,
       2.35497597e-03, 2.33514376e-03, 2.31558159e-03, 2.29628966e-03,
       2.27726800e-03, 2.25851647e-03, 2.24003479e-03, 2.22182248e-03,
       2.20387896e-03, 2.18620350e-03, 2.16879522e-03, 2.15165316e-03,
       2.13477622e-03, 2.11816319e-03, 2.10181279e-03, 2.08572362e-03,
       2.06989421e-03, 2.05432300e-03, 2.03900837e-03, 2.02394862e-03,
       2.00914199e-03, 1.99458667e-03, 1.98028080e-03, 1.96622244e-03,
       1.95240965e-03, 1.93884044e-03, 1.92551276e-03, 1.91242455e-03,
       1.89957373e-03, 1.88695818e-03, 1.87457577e-03, 1.86242434e-03,
       1.85050173e-03, 1.83880577e-03, 1.82733427e-03, 1.81608504e-03,
       1.80505588e-03, 1.79424461e-03, 1.78364901e-03, 1.77326692e-03,
       1.76309613e-03, 1.75313446e-03, 1.74337975e-03, 1.73382983e-03,
       1.72448256e-03, 1.71533579e-03, 1.70638739e-03, 1.69763527e-03,
       1.68907733e-03, 1.68071149e-03, 1.67253570e-03, 1.66454792e-03,
       1.65674612e-03, 1.64912832e-03, 1.64169254e-03, 1.63443682e-03,
       1.62735923e-03, 1.62045787e-03, 1.61373085e-03, 1.60717630e-03,
       1.60079239e-03, 1.59457731e-03, 1.58852926e-03, 1.58264650e-03,
       1.57692727e-03, 1.57136987e-03, 1.56597260e-03, 1.56073381e-03,
       1.55565186e-03, 1.55072514e-03, 1.54595206e-03, 1.54133107e-03,
       1.53686062e-03, 1.53253922e-03, 1.52836537e-03, 1.52433761e-03,
       1.52045452e-03, 1.51671467e-03, 1.51311670e-03, 1.50965923e-03,
       1.50634093e-03, 1.50316048e-03, 1.50011660e-03, 1.49720803e-03,
       1.49443351e-03, 1.49179183e-03, 1.48928180e-03, 1.48690223e-03,
       1.48465197e-03, 1.48252990e-03, 1.48053490e-03, 1.47866588e-03,
       1.47692177e-03, 1.47530153e-03, 1.47380413e-03, 1.47242855e-03,
       1.47117381e-03, 1.47003894e-03, 1.46902298e-03, 1.46812499e-03,
       1.46734407e-03])]","[[0, 6.376880005047202e-05, 0.00012384871691641303, 0.0001825152146708144, 0.0002412455268224413, 0.00030103453658912686, 0.00036258477066233126, 0.0004264198139894542, 0.0004929526902601037, 0.0005625276382055413, 0.0006354458410628295, 0.0007119814659615565, 0.0007923918206746229, 0.0008769239165269551, 0.0009658188159606845, 0.0010593145975471886, 0.0011576484438757982, 0.0012610581611103059, 0.001369783320625096, 0.0014840661416211237, 0.0016041521902017256, 0.0017302909438304068, 0.0018627362536812677, 0.0020017467271088458, 0.002147586045900775, 0.002300523231689808, 0.002460832867022824, 0.002628795278589082, 0.00280469668767978, 0.002988829331890963, 0.0031814915612714497, 0.003382987911480769, 0.003593629156010613, 0.0038137323391049796, 0.004043620790667494, 0.004283624124154166, 0.004534078218205226, 0.004795325182562501, 0.0050677133086427725, 0.005351597004987842, 0.005647336717684571, 0.00595529883573979, 0.006275855581303062, 0.006609384884552557, 0.006956270242994068, 0.007316900564868823, 0.007691669996321085, 0.0080809777319405, 0.008485227808265923, 0.008904828879816336, 0.009340193977199901, 0.009791740246843789, 0.010259888671884768, 0.010745063773763391, 0.011247693294072866, 0.011768207856227108, 0.012307040606531011, 0.012864626834259608, 0.013441403570381469, 0.01403780916459549, 0.014654282840389096, 0.015291264227869918, 0.015949192874172284, 0.01662850773129434, 0.01732964662128142, 0.018053045678736467, 0.018799138770708733, 0.019568356894087927, 0.020361127550712173, 0.02117787410048464, 0.02201901509288549, 0.022884963577362662, 0.023776126393186887, 0.024692903439462923, 0.025635686926100233, 0.026604860606661812, 0.0276007989941292, 0.028623866560744702, 0.02967441692321786, 0.030752792014711778, 0.03185932124515564, 0.032994320651561646, 0.034158092040157365, 0.035350922122277244, 0.036573081646088634, 0.037824824526357964, 0.03910638697458987, 0.04041798663199611, 0.04175982170787008, 0.04313207012605602, 0.04453488868230897, 0.045968412215439666, 0.04743275279522861, 0.04892799893017235, 0.05045421479819345, 0.052011439953771325, 0.05359970022360604, 0.055219040834226615, 0.05686955414986359, 0.058551393289553604, 0.06026477637865299, 0.06200998501686009, 0.06378735931790545, 0.06559729106509762, 0.06744021598558356, 0.06931660578387512, 0.07122696033258319, 0.07317180025622828, 0.07515166003639694, 0.07716708169589767, 0.07921860907411234, 0.08130678267738624, 0.08343213507153924, 0.08559518677461424, 0.08779644260419099, 0.09003638843317359, 0.09231548830966019, 0.09463418189946832, 0.0969928822135341, 0.09939197358633668, 0.1018318098754626, 0.10431271285625318, 0.10683497078907214, 0.10939883714003475, 0.11200452943903019, 0.11465222826153935, 0.11734207632310979, 0.12007417767741538, 0.12284859701061825, 0.1256653590262904, 0.12852444791646314, 0.13142580691547798, 0.13436933793423336, 0.13735490127317854, 0.14038231541301666, 0.14345135688256033, 0.14656176020355022, 0.14971321791251269, 0.15290538065990963, 0.15613785738693237, 0.15941021558032029, 0.16272198160555587, 0.16607264111870357, 0.16946163955703228, 0.17288838270839368, 0.17635223735912772, 0.17985253202003773, 0.1833885577297266, 0.18695956893431448, 0.190564784442275, 0.19420338845283297, 0.1978745316560658, 0.20157733240254927, 0.2053108779400854, 0.2090742257147535, 0.21286640473323526, 0.2166864169830839, 0.22053323890734117, 0.2244058229296525, 0.22830309902579776, 0.23222397633733857, 0.23616734482289062, 0.24013207694235877, 0.2441170293693261, 0.24812104472666865, 0.2521429533403724, 0.2561815750064629, 0.26023572076591817, 0.2643041946824238, 0.2683857956178439, 0.272479319000327, 0.2765835585800318, 0.28069730816755695, 0.28481936335027674, 0.28894852318193, 0.2930835918409751, 0.29722338025341327, 0.30136670767598583, 0.3055124032358792, 0.3096593074233077, 0.31380627353360036, 0.3179521690556815, 0.32209587700411163, 0.3262362971921351, 0.330372347443473, 0.3345029647408876, 0.33862710630984144, 0.3427437506358654, 0.3468518984145414, 0.3509505734332935, 0.3550388233844615, 0.35911572060940644, 0.36318036277366295, 0.36723187347340996, 0.371269402773776, 0.3752921276797286, 0.3792992525405178, 0.3832900093888501, 0.3872636582161617, 0.391219487185537, 0.3951568127839819, 0.3990749799159069, 0.40297336193980926, 0.4068513606502571, 0.4107084062073822, 0.41454395701617225, 0.4183574995579269, 0.422148548176297, 0.425916644820372, 0.4296613587473096, 0.4333822861870187, 0.43707904997141434, 0.44075129913075517, 0.44439870845955975, 0.4480209780545706, 0.4516178328271998, 0.4551890219928475, 0.45873431853943186, 0.46225351867741266, 0.46574644127352605, 0.4692129272703785, 0.47265283909397565, 0.4760660600511813, 0.4794524937190238, 0.48281206332768195, 0.4861447111388965, 0.48945039782146793, 0.49272910182541163, 0.4959808187562547, 0.49920556075086914, 0.5024033558561494, 0.5055742474117545, 0.50871829343805, 0.5118355660303004, 0.5149261507600805, 0.5179901460847933, 0.5210276627661056, 0.5240388232980344, 0.5270237613453473, 0.529982621192866, 0.5329155572061994, 0.5358227333043637, 0.5387043224446879, 0.5415605061203457, 0.5443914738707956, 0.5471974228053619, 0.5499785571401394, 0.5527350877483558, 0.5554672317242849, 0.5581752119607634, 0.5608592567403212, 0.563519599339909, 0.5661564776491633, 0.5687701338021304, 0.571360813822334, 0.573928767281053, 0.5764742469686489, 0.578997508578763, 0.5814988104051869, 0.5839784130511901, 0.5864365791510763, 0.5888735731037263, 0.5912896608178748, 0.5936851094688567, 0.5960601872665544, 0.5984151632342675, 0.6007503069982211, 0.6030658885874274, 0.6053621782436087, 0.6076394462408915, 0.6098979627149761, 0.6121379975014907, 0.6143598199832352, 0.6165636989460245, 0.6187499024428411, 0.6209186976660107, 0.6230703508271168, 0.6252051270443747, 0.627323290237189, 0.6294251030276228, 0.631510826648513, 0.6335807208579703, 0.6356350438600068, 0.6376740522310426, 0.6396980008520456, 0.6417071428460673, 0.6437017295209404, 0.6456820103169137, 0.6476482327590035, 0.6496006424138469, 0.6515394828508514, 0.6534649956074382, 0.6553774201581846, 0.6572769938876765, 0.6591639520668895, 0.6610385278329217, 0.6629009521719074, 0.6647514539049475, 0.6665902596768994, 0.6684175939478719, 0.6702336789872788, 0.6720387348703101, 0.6738329794766841, 0.6756166284915499, 0.6773898954084147, 0.6791529915339748, 0.6809061259947354, 0.6826495057453081, 0.6843833355782791, 0.6861078181355468, 0.6878231539210322, 0.6895295413146675, 0.6912271765875739, 0.6929162539183451, 0.6945969654103528, 0.6962695011099983, 0.6979340490258358, 0.6995907951484956, 0.7012399234713415, 0.7028816160117964, 0.7045160528332777, 0.7061434120676803, 0.7077638699383566, 0.7093776007835368, 0.7109847770801422, 0.7125855694679419, 0.7141801467740105, 0.7157686760374409, 0.7173513225342739, 0.7189282498026054, 0.720499619667834, 0.7220655922680163, 0.723626326079294, 0.7251819779413666, 0.7267327030829752, 0.7282786551473739, 0.7298199862177601, 0.7313568468426404, 0.7328893860611075, 0.7344177514280089, 0.7359420890389818, 0.73746254355534, 0.7389792582287907, 0.7404923749259654, 0.7420020341527482, 0.7435083750783865, 0.7450115355593688, 0.746511652163057, 0.7480088601910604, 0.7495032937023378, 0.7509950855360193, 0.7524843673339348, 0.7539712695628396, 0.7554559215363301, 0.7569384514364375, 0.7584189863348938, 0.7598976522140619, 0.7613745739875215, 0.7628498755203061, 0.7643236796487832, 0.7657961082001723, 0.7672672820116955, 0.7687373209493552, 0.770206343926334, 0.7716744689210133, 0.773141812994604]]"
50.0,80.0,4,90,360,I1-S0,"[[0.01, 0.009218546420913139, 0.008861068736292907, 0.008775059817687893, 0.008868448505882056, 0.009085547079979587, 0.00939245150974228, 0.009768299633949106, 0.01020017210145918, 0.010680038894847982, 0.011202920268142463, 0.011765774746558039, 0.012366823177499571, 0.01300513470977517, 0.013680370542236708, 0.014392623122053139, 0.015142313474985368, 0.015930124283630262, 0.016756955247749342, 0.017623892587972284, 0.018532187739128465, 0.019483242187082406, 0.020478596549062342, 0.021519922689472757, 0.022609018084124504, 0.023747801904646326, 0.024938312456381007, 0.02618270570589222, 0.02748325470128664, 0.02884234973359626, 0.030262499118672116, 0.03174633050135026, 0.033296592600061146, 0.034916157322405855, 0.03660802219166923, 0.03837531303151716, 0.040221286861719316, 0.042149334961979666, 0.0441629860640778, 0.04626590963469528, 0.048461919212650924, 0.05075497576489478, 0.053149191025592665, 0.05564883078203045, 0.05825831806993262, 0.06098223623916072, 0.06382533184866837, 0.06679251734706669, 0.06988887349221941, 0.07311965145995929, 0.0764902745883135, 0.08000633969956004, 0.08367361793802507, 0.08749805505678795, 0.09148577108140399, 0.09564305927340369, 0.0999763843107067, 0.10449237959622507, 0.10919784359986051, 0.11409973513286296, 0.1192051674471647, 0.12452140104589378, 0.13005583508487262, 0.1358159972386056, 0.1418095318981495, 0.14804418656245363, 0.15452779627938204, 0.16126826598783284, 0.16827355060831786, 0.17555163272624338, 0.18311049771014942, 0.19095810610655262, 0.19910236315404645, 0.20755108526222504, 0.2163119633061056, 0.225392522594357, 0.23480007938013378, 0.2445416937970268, 0.2546241191199393, 0.26505374727196424, 0.2758365505239462, 0.28697801936373996, 0.2984830965475745, 0.3103561073867287, 0.3226006863692076, 0.33521970026850306, 0.3482151679499876, 0.36158817715008196, 0.37533879857401087, 0.3894659977345205, 0.4039675450360382, 0.41883992469587167, 0.4340782431854476, 0.4496761379693103, 0.46562568741643895, 0.48191808612424375, 0.49855127031194346, 0.5155337832007175, 0.5328797565939557, 0.5506048399203033, 0.5687235203533505, 0.587247399916453, 0.6061841269959948, 0.6255367711509553, 0.6453034946617989, 0.6654774199050228, 0.686046623911423, 0.7069942142388802, 0.7282984562918169, 0.7499329333823903, 0.7718667285292942, 0.7940646222120827, 0.8164873037463655, 0.8390915961229768, 0.861830695424661, 0.8846544265571802, 0.9075095171952541, 0.9303398916824979, 0.9530869862367067, 0.9756900862696299, 0.998086685987831, 1.0202128697399229, 1.042003713848434, 1.063393706939051, 1.0843171860792635, 1.104708785382879, 1.124503893144657, 1.1436391130565293, 1.1620527246376848, 1.1796851376970936, 1.196479335448306, 1.2123813008192388, 1.2273404205477783, 1.2413098618276923, 1.2542469165654715, 1.2661133087207452, 1.2768754607210202, 1.2865047155527023, 1.2949775118191107, 1.302275509804626, 1.3083856673728365, 1.3133002653351726, 1.317016882734428, 1.3195383232745512, 1.3208724948750976, 1.3210322450183587, 1.3200351551743554, 1.3179032981211236, 1.3146629624155526, 1.3103443486071353, 1.3049812420201632, 1.2986106670591187, 1.2912725280201038, 1.2830092413235799, 1.2738653639281814, 1.2638872224514723, 1.2531225472221637, 1.2416201151313664, 1.229429404750238, 1.216600266750274, 1.2031826122125215, 1.1892261209545394, 1.1747799715494116, 1.1598925942688396, 1.1446114477603022, 1.1289828198730831, 1.1130516526848935, 1.0968613914536824, 1.0804538569305986, 1.0638691402212503, 1.0471455191736683, 1.0303193951019565, 1.013425248523041, 0.9964956124879754, 0.9795610620263088, 0.9626502181889874, 0.9457897651688981, 0.9290044789950864, 0.9123172663334834, 0.8957492119803386, 0.8793196337012912, 0.8630461431461308, 0.8469447116540465, 0.8310297398540444, 0.8153141300580263, 0.7998093605378125, 0.784525560870527, 0.7694715876278581, 0.7546550997726146, 0.740082633209866, 0.7257596740190649, 0.7116907299674614, 0.6978793999734924, 0.684328441251518, 0.6710398339262342, 0.6580148429563883, 0.6452540772532096, 0.6327575459194549, 0.6205247115704373, 0.6085545407291463, 0.5968455513139203, 0.5853958572594374, 0.5742032103303923, 0.5632650392024775, 0.5525784858975273, 0.5421404396692296, 0.5319475684429822, 0.5219963479185592, 0.5122830884475298, 0.5028039597990804, 0.4935550139282803, 0.4845322058600899, 0.4757314128007418, 0.46714845158568863, 0.4587790945702622, 0.4506190840656609, 0.4426641454189779, 0.43490999883182463, 0.42735237000775594, 0.4199869997142538, 0.41280965234053274, 0.4058161235279428, 0.39900224694531167, 0.3923639002772191, 0.38589701048896063, 0.3795975584278602, 0.3734615828166463, 0.3674851836908218, 0.3616645253283511, 0.3559958387165571, 0.35047542359786654, 0.34509965013297206, 0.3398649602170837, 0.3347678684822206, 0.3298049630159442, 0.3249729058245427, 0.32026843306644925, 0.3156883550795941, 0.311229556224454, 0.30688899456276475, 0.30266370139018806, 0.2985507806396765, 0.29454740817084635, 0.29065083095933875, 0.28685836619892485, 0.28316740032797866, 0.27957538799089626, 0.2760798509440789, 0.2726783769152111, 0.2693686184237505, 0.2661482915697967, 0.2630151747978181, 0.2599671076410848, 0.25700198945207514, 0.2541177781235926, 0.25131248880484464, 0.24858419261628661, 0.24593101536662987, 0.24335113627503782, 0.2408427867011954, 0.23840424888562575, 0.23603385470234498, 0.23372998442568743, 0.2314910655128993, 0.2293155714038835, 0.2272020203392853, 0.22514897419793098, 0.2231550373544715, 0.22121885555793852, 0.2193391148317882, 0.2175145403958899, 0.2157438956108096, 0.21402598094464076, 0.21235963296255, 0.21074372333912497, 0.20917715789354377, 0.20765887564752186, 0.20618784790593703, 0.20476307735998356, 0.20338359721266275, 0.20204847032637882, 0.2007567883923746, 0.19950767112171214, 0.19830026545747753, 0.19713374480786683, 0.19600730829979096, 0.1949201800526216, 0.19387160847168597, 0.19286086556110787, 0.1918872462555831, 0.19095006777067022, 0.19004866897117273, 0.1891824097571846, 0.18835067046736914, 0.18755285129904017, 0.18678837174461393, 0.1860566700440024, 0.18535720265251976, 0.18468944372387702, 0.1840528846078429, 0.1834470333621538, 0.18287141427825976, 0.18232556742049877, 0.181809048178297, 0.18132142683099847, 0.18086228812493438, 0.18043123086234736, 0.1800278675017939, 0.17965182376965394, 0.17930273828238424, 0.17898026217915788, 0.17868405876454085, 0.17841380316086228, 0.17816918196994264, 0.177949892943851, 0.17775564466436983, 0.1775861562308519, 0.17744115695616194, 0.1773203860704018, 0.17722359243212407, 0.17715053424674765, 0.1771009787918932, 0.17707470214936424, 0.17707148894350572, 0.177091132085678, 0.17713343252459035, 0.1771981990022443, 0.17728524781524316, 0.1773944025812295, 0.17752549401021825, 0.17767835968059917, 0.17785284381958685, 0.17804879708790297, 0.17826607636847977, 0.17850454455897985, 0.17876407036793138, 0.1790445281142839, 0.17934579753019378, 0.17966776356685404, 0.18001031620318694, 0.18037335025722365, 0.1807567651999986, 0.18116046497179147, 0.18158435780055382, 0.1820283560223616, 0.18249237590373957, 0.1829763374657074, 0.18348016430940176, 0.18400378344313267, 0.184547125110737, 0.18511012262109544, 0.185692712178684, 0.18629483271503505, 0.18691642572098668, 0.18755743507960396, 0.1882178068996591, 0.18889748934956233, 0.18959643249163866, 0.19031458811665108, 0.19105190957847365, 0.19180835162882331, 0.19258387025196302, 0.1933784224992935, 0.1941919663237548, 0.19502446041396462, 0.19587586402802318]]","[[0.01, 0.011673645222856313, 0.01362924433757481, 0.01580189558251425, 0.01815640128854605, 0.020675376739325558, 0.02335196526142968, 0.026185463709769936, 0.029178859011262735, 0.03233738886641081, 0.03566770179605433, 0.039177373468782604, 0.04287463437295281, 0.04676822237623238, 0.050867308734225854, 0.055181467043059096, 0.05972066712069548, 0.06449528323770065, 0.06951611053353804, 0.07479438606750999, 0.08034181249307859, 0.08617058324605154, 0.09229340866086565, 0.09872354272972982, 0.10547481038871183, 0.11256163530753158, 0.11999906820810373, 0.12780281575973737, 0.13598927010744974, 0.14457553909052878, 0.15357947720497286, 0.1630197173578207, 0.17291570345478927, 0.18328772385564446, 0.1941569457246086, 0.20554545029595375, 0.21747626906773293, 0.2299734209293087, 0.2430619502208672, 0.25676796571535865, 0.27111868050518767, 0.28614245276738753, 0.30186882737185317, 0.31832857828738764, 0.3355537517297345, 0.3535777099843434, 0.37243517582424746, 0.3921622774300394, 0.41279659370442845, 0.43437719985815776, 0.45694471312708, 0.4805413384618498, 0.5052109140119162, 0.5309989562042157, 0.5579527041941156, 0.5861211634416713, 0.615555148140102, 0.6463073221955073, 0.6784322384272328, 0.7119863756269237, 0.7470281730812104, 0.7836180621281731, 0.8218184942813048, 0.8616939654167302, 0.9033110354800673, 0.9467383431287295, 0.9920466146838577, 1.0393086667237434, 1.0885994016078797, 1.1399957951780464, 1.1935768758406053, 1.2494236941929586, 1.3076192823175892, 1.3682486018299531, 1.431398479732574, 1.497157531097913, 1.5656160675779978, 1.6368659907205145, 1.711000669060351, 1.788114797953766, 1.8683042411309077, 1.9516658529628261, 2.0382972804730577, 2.128296744172959, 2.2217627968659426, 2.318794059650352, 2.4194889344555732, 2.5239452925727894, 2.6322601387919984, 2.7445292509319503, 2.860846794750593, 2.981304914451295, 3.1059932992550117, 3.234998726790677, 3.368404584364954, 3.506291172147823, 3.6487439079841333, 3.7958597252427064, 3.947744160823479, 4.104508161355941, 4.266265424430023, 4.433130139472741, 4.605215030175112, 4.782629626598026, 4.965478714218489, 5.153860921399716, 5.3478674175199075, 5.54758070224198, 5.753073472809918, 5.964407561273742, 6.181632937495508, 6.404786776901137, 6.633892594380545, 6.868959447619404, 7.109981214555307, 7.35693595065193, 7.609785332323265, 7.868474193151636, 8.132930159555956, 8.403063392304462, 8.678766439750461, 8.959914207921944, 9.246364051638635, 9.537955989687209, 9.83451304578402, 10.13584171562386, 10.441732558785372, 10.751960912673091, 11.066287724059203, 11.384460492182367, 11.706214315804303, 12.031273035154214, 12.359350458342053, 12.690151660626537, 13.023374343911629, 13.358710243039937, 13.695846564871886, 14.034467445798342, 14.374255413237835, 14.714892836817542, 15.056063355323232, 15.397453266114695, 15.738752864521711, 16.07965772173831, 16.419869890893068, 16.75909903226045, 17.09706344996118, 17.433491033945096, 17.76812010252611, 18.100700142213476, 18.430992443027606, 18.758770628875382, 19.083821083865246, 19.405943276647143, 19.72494998595027, 20.040667431450867, 20.352935314925272, 20.661606777326035, 20.966548277960776, 21.267639402357556, 21.56477260567235, 21.857852898641926, 22.146797483118835, 22.431535344155535, 22.71200680544419, 22.98816305468008, 23.259965645112537, 23.527385979190797, 23.79040477981483, 24.049011554274962, 24.303204055518993, 24.552987744931336, 24.7983752603538, 25.03938589262914, 25.276045073512677, 25.50838387737923, 25.73643853875611, 25.96024998734116, 26.179863401820043, 26.395327783480234, 26.606695550331338, 26.814022152182446, 27.017365706896786, 27.216786657841066, 27.412347452370383, 27.604112241038205, 27.792146597092707, 27.97651725571429, 28.15729187236246, 28.334538799531543, 28.508326881162187, 28.678725263917666, 28.845803224508547, 29.009630012235206, 29.170274705913087, 29.327806084349206, 29.482292509549126, 29.633801821849964, 29.782401246196034, 29.928157308798724, 30.071135763449874, 30.21140152678802, 30.349018621848327, 30.484050129259543, 30.616558145484433, 30.74660374753308, 30.87424696361155, 30.99954674920062, 31.12256096809091, 31.243346377931584, 31.361958619879235, 31.478452211962143, 31.592880545802295, 31.70529588636345, 31.81574937441813, 31.92429103144968, 32.030969766727594, 32.135833386314694, 32.23892860378444, 32.340301052444524, 32.439995298879985, 32.538054857644795, 32.63452220694562, 32.729438805175135, 32.82284510816484, 32.914780587039175, 33.00528374656353, 33.09439214388879, 33.18214240760434, 33.26857025701984, 33.35371052160419, 33.43759716051708, 33.52026328217519, 33.60174116380139, 33.68206227091057, 33.76125727669104, 33.839356081245015, 33.91638783065605, 33.99238093585506, 34.06736309126024, 34.14136129316935, 34.214401857885825, 34.286510439562775, 34.35771204775154, 34.42803106464338, 34.49749126199516, 34.56611581773157, 34.63392733221802, 34.70094784419983, 34.767198846404725, 34.8327013008068, 34.89747565355104, 34.96154184953878, 35.024919346674814, 35.087627129778156, 35.149683724158784, 35.21110720886334, 35.271915229593354, 35.33212501129999, 35.391753370459604, 35.4508167270349, 35.50933111612665, 35.567312199321194, 35.624775275739196, 35.68173529279125, 35.73820685664613, 35.79420424241741, 35.84974140407459, 35.90483198408451, 35.95948932278919, 36.01372646752612, 36.06755618149697, 36.12099095239082, 36.17404300076778, 36.22672428820904, 36.279046525239146, 36.331021179026315, 36.38265948086662, 36.43397243345754, 36.48497081796658, 36.53566520090038, 36.58606594077968, 36.636183194625396, 36.68602692426105, 36.73560690243654, 36.784932718778215, 36.83401378557017, 36.882859343371344, 36.93147846647318, 36.979880068202284, 37.02807290607243, 37.076065586790264, 37.12386657111884, 37.171484178603, 37.21892659216059, 37.26620186254327, 37.31331791267073, 37.36028254184185, 37.40710342982628, 37.45378814083994, 37.50034412740762, 37.546778734116, 37.59309920126001, 37.63931266838566, 37.685426177732225, 37.731446677576514, 37.777381025481986, 37.823235991455306, 37.86901826101288, 37.91473443815984, 37.96039104828374, 38.00599454096536, 38.05155129270868, 38.097067609592244, 38.142549729843886, 38.188003826340754, 38.233436009036566, 38.27885232731788, 38.32425877229108, 38.36966127900183, 38.415065728588466, 38.460477950371, 38.505903723877076, 38.55134878080636, 38.5968188069347, 38.64231944395926, 38.68785629128599, 38.73343490776042, 38.779060813343065, 38.82473949073039, 38.87047638692229, 38.91627691473721, 38.962146454275604, 39.00809035433272, 39.054113933761464, 39.100222482786016, 39.14642126426712, 39.19271551491946, 39.239110446481924, 39.2856112468412, 39.33222308110938, 39.378951092655946, 39.425800404094645, 39.47277611822568, 39.51988331893359, 39.567127072041124, 39.61451242611953, 39.662044413255394, 39.70972804977436, 39.757568336921956, 39.80557026150165, 39.853738796470346, 39.90207890149137, 39.95059552344516, 39.99929359689758, 40.04817804452605, 40.09725377750341, 40.146525695839586, 40.19599868868093, 40.24567763456736, 40.29556740164704, 40.345672847848675, 40.39599882101123, 40.44655015897097, 40.497331689605716, 40.54834823083616]]","[array([6.37688001e-05, 6.00799169e-05, 5.86664978e-05, 5.87303122e-05,
       5.97890098e-05, 6.15502362e-05, 6.38350734e-05, 6.65330606e-05,
       6.95756639e-05, 7.29203002e-05, 7.65407063e-05, 8.04211032e-05,
       8.45526356e-05, 8.89311825e-05, 9.35559930e-05, 9.84288240e-05,
       1.03553385e-04, 1.08934970e-04, 1.14580213e-04, 1.20496916e-04,
       1.26693930e-04, 1.33181066e-04, 1.39969037e-04, 1.47069409e-04,
       1.54494574e-04, 1.62257723e-04, 1.70372839e-04, 1.78854684e-04,
       1.87718804e-04, 1.96981525e-04, 2.06659968e-04, 2.16772052e-04,
       2.27336511e-04, 2.38372909e-04, 2.49901655e-04, 2.61944024e-04,
       2.74522176e-04, 2.87659174e-04, 3.01379011e-04, 3.15706629e-04,
       3.30667941e-04, 3.46289853e-04, 3.62600290e-04, 3.79628212e-04,
       3.97403639e-04, 4.15957668e-04, 4.35322496e-04, 4.55531432e-04,
       4.76618914e-04, 4.98620523e-04, 5.21572993e-04, 5.45514216e-04,
       5.70483249e-04, 5.96520311e-04, 6.23666781e-04, 6.51965186e-04,
       6.81459189e-04, 7.12193564e-04, 7.44214173e-04, 7.77567926e-04,
       8.12302739e-04, 8.48467483e-04, 8.86111922e-04, 9.25286634e-04,
       9.66042935e-04, 1.00843278e-03, 1.05250863e-03, 1.09832338e-03,
       1.14593017e-03, 1.19538223e-03, 1.24673273e-03, 1.30003457e-03,
       1.35534019e-03, 1.41270130e-03, 1.47216863e-03, 1.53379168e-03,
       1.59761841e-03, 1.66369488e-03, 1.73206495e-03, 1.80276987e-03,
       1.87584787e-03, 1.95133377e-03, 2.02925852e-03, 2.10964867e-03,
       2.19252595e-03, 2.27790668e-03, 2.36580127e-03, 2.45621363e-03,
       2.54914060e-03, 2.64457134e-03, 2.74248675e-03, 2.84285887e-03,
       2.94565020e-03, 3.05081320e-03, 3.15829063e-03, 3.26804030e-03,
       3.38008583e-03, 3.49450551e-03, 3.61140045e-03, 3.73087228e-03,
       3.85300871e-03, 3.97787438e-03, 4.10550525e-03, 4.23590556e-03,
       4.36904628e-03, 4.50486473e-03, 4.64326479e-03, 4.78411762e-03,
       4.92726263e-03, 5.07250860e-03, 5.21963495e-03, 5.36839314e-03,
       5.51850807e-03, 5.66967968e-03, 5.82158454e-03, 5.97387769e-03,
       6.12619445e-03, 6.27815252e-03, 6.42935410e-03, 6.57938825e-03,
       6.72783336e-03, 6.87425973e-03, 7.01823234e-03, 7.15931369e-03,
       7.29706677e-03, 7.43105806e-03, 7.56086062e-03, 7.68605714e-03,
       7.80624299e-03, 7.92102924e-03, 8.03004556e-03, 8.13294295e-03,
       8.22939639e-03, 8.31910723e-03, 8.40180538e-03, 8.47725116e-03,
       8.54523704e-03, 8.60558886e-03, 8.65816690e-03, 8.70286652e-03,
       8.73961852e-03, 8.76838912e-03, 8.78917965e-03, 8.80202591e-03,
       8.80699717e-03, 8.80419500e-03, 8.79375172e-03, 8.77582868e-03,
       8.75061438e-03, 8.71832227e-03, 8.67918859e-03, 8.63346997e-03,
       8.58144103e-03, 8.52339186e-03, 8.45962564e-03, 8.39045607e-03,
       8.31620505e-03, 8.23720029e-03, 8.15377305e-03, 8.06625605e-03,
       7.97498141e-03, 7.88027880e-03, 7.78247372e-03, 7.68188592e-03,
       7.57882798e-03, 7.47360409e-03, 7.36650897e-03, 7.25782689e-03,
       7.14783094e-03, 7.03678240e-03, 6.92493022e-03, 6.81251070e-03,
       6.69974723e-03, 6.58685016e-03, 6.47401682e-03, 6.36143154e-03,
       6.24926584e-03, 6.13767863e-03, 6.02681652e-03, 5.91681416e-03,
       5.80779461e-03, 5.69986977e-03, 5.59314085e-03, 5.48769881e-03,
       5.38362489e-03, 5.28099106e-03, 5.17986057e-03, 5.08028843e-03,
       4.98232192e-03, 4.88600106e-03, 4.79135914e-03, 4.69842313e-03,
       4.60721419e-03, 4.51774808e-03, 4.43003557e-03, 4.34408288e-03,
       4.25989204e-03, 4.17746126e-03, 4.09678528e-03, 4.01785569e-03,
       3.94066123e-03, 3.86518810e-03, 3.79142022e-03, 3.71933947e-03,
       3.64892593e-03, 3.58015811e-03, 3.51301315e-03, 3.44746697e-03,
       3.38349451e-03, 3.32106981e-03, 3.26016624e-03, 3.20075654e-03,
       3.14281303e-03, 3.08630766e-03, 3.03121214e-03, 2.97749802e-03,
       2.92513678e-03, 2.87409990e-03, 2.82435893e-03, 2.77588555e-03,
       2.72865163e-03, 2.68262924e-03, 2.63779078e-03, 2.59410890e-03,
       2.55155665e-03, 2.51010741e-03, 2.46973497e-03, 2.43041356e-03,
       2.39211782e-03, 2.35482285e-03, 2.31850422e-03, 2.28313796e-03,
       2.24870061e-03, 2.21516916e-03, 2.18252112e-03, 2.15073448e-03,
       2.11978772e-03, 2.08965985e-03, 2.06033031e-03, 2.03177909e-03,
       2.00398664e-03, 1.97693387e-03, 1.95060222e-03, 1.92497355e-03,
       1.90003021e-03, 1.87575501e-03, 1.85213121e-03, 1.82914249e-03,
       1.80677301e-03, 1.78500731e-03, 1.76383038e-03, 1.74322761e-03,
       1.72318481e-03, 1.70368817e-03, 1.68472425e-03, 1.66628002e-03,
       1.64834280e-03, 1.63090028e-03, 1.61394049e-03, 1.59745180e-03,
       1.58142294e-03, 1.56584295e-03, 1.55070118e-03, 1.53598730e-03,
       1.52169130e-03, 1.50780343e-03, 1.49431425e-03, 1.48121459e-03,
       1.46849557e-03, 1.45614855e-03, 1.44416516e-03, 1.43253729e-03,
       1.42125705e-03, 1.41031681e-03, 1.39970916e-03, 1.38942691e-03,
       1.37946311e-03, 1.36981099e-03, 1.36046402e-03, 1.35141584e-03,
       1.34266031e-03, 1.33419146e-03, 1.32600351e-03, 1.31809088e-03,
       1.31044813e-03, 1.30307000e-03, 1.29595141e-03, 1.28908743e-03,
       1.28247327e-03, 1.27610432e-03, 1.26997609e-03, 1.26408425e-03,
       1.25842459e-03, 1.25299306e-03, 1.24778571e-03, 1.24279875e-03,
       1.23802848e-03, 1.23347135e-03, 1.22912390e-03, 1.22498280e-03,
       1.22104483e-03, 1.21730686e-03, 1.21376588e-03, 1.21041898e-03,
       1.20726334e-03, 1.20429624e-03, 1.20151505e-03, 1.19891723e-03,
       1.19650033e-03, 1.19426198e-03, 1.19219990e-03, 1.19031188e-03,
       1.18859579e-03, 1.18704959e-03, 1.18567129e-03, 1.18445899e-03,
       1.18341085e-03, 1.18252509e-03, 1.18180001e-03, 1.18123397e-03,
       1.18082538e-03, 1.18057273e-03, 1.18047455e-03, 1.18052943e-03,
       1.18073602e-03, 1.18109301e-03, 1.18159916e-03, 1.18225327e-03,
       1.18305418e-03, 1.18400079e-03, 1.18509204e-03, 1.18632692e-03,
       1.18770444e-03, 1.18922367e-03, 1.19088372e-03, 1.19268373e-03,
       1.19462289e-03, 1.19670040e-03, 1.19891553e-03, 1.20126754e-03,
       1.20375576e-03, 1.20637952e-03, 1.20913822e-03, 1.21203123e-03,
       1.21505801e-03, 1.21821799e-03, 1.22151066e-03, 1.22493552e-03,
       1.22849209e-03, 1.23217992e-03, 1.23599858e-03, 1.23994765e-03,
       1.24402673e-03, 1.24823543e-03, 1.25257340e-03, 1.25704027e-03,
       1.26163572e-03, 1.26635941e-03, 1.27121102e-03, 1.27619026e-03,
       1.28129682e-03, 1.28653041e-03, 1.29189076e-03, 1.29737757e-03,
       1.30299059e-03])]","[[0, 6.376880005047202e-05, 0.00012384871691641303, 0.0001825152146708144, 0.0002412455268224413, 0.0003010345366063888, 0.0003625847727711012, 0.0004264198461252162, 0.0004929529067481442, 0.0005625285706899435, 0.0006354488708548537, 0.000711989577200638, 0.0007924106804013827, 0.0008769633160118754, 0.0009658944984932243, 0.0010594504914546998, 0.0011578793154729896, 0.001261432700105724, 0.0013703676697607455, 0.0014849478825853953, 0.0016054447988039, 0.0017321387288043934, 0.0018653197951117746, 0.0020052888322144697, 0.002152358241677594, 0.002306852815659358, 0.0024691105390057862, 0.002639483378021953, 0.0028183380624977445, 0.0030060568664138335, 0.003203038391851969, 0.0034096983599083237, 0.0036264704118111214, 0.0038538069229412638, 0.0040921798320244, 0.004342081487387965, 0.0046040255118445115, 0.004878547687463094, 0.005166206861215311, 0.0054675858722250245, 0.005783292501104853, 0.006113960441623189, 0.006460250294708067, 0.006822850584554734, 0.007202478796358492, 0.007599882434939812, 0.008015840103261796, 0.008451162599557733, 0.00890669403148595, 0.009383312945407755, 0.009881933468539392, 0.010403506461358179, 0.010949020677243928, 0.011519503925907218, 0.01211602423669381, 0.012739691017357604, 0.013391656203360922, 0.014073115392189157, 0.014785308956555132, 0.01552952312971587, 0.016307091055429764, 0.017119393794344923, 0.017967861277829414, 0.018853973199431807, 0.019779259833296568, 0.02074530276795522, 0.02175373554297339, 0.022806244174958714, 0.02390456755843017, 0.02505049772602085, 0.026245879951440405, 0.02749261267756898, 0.028792647251001103, 0.030147987443317606, 0.03156068873834982, 0.03303285736372872, 0.03456664904410036, 0.03616426745255812, 0.037827962336114594, 0.03956002729043642, 0.04136279715862239, 0.043238645028547705, 0.04518997880325931, 0.04721923731912287, 0.049328885986928195, 0.05152141193199609, 0.053799318610534705, 0.056165119881109296, 0.05862133351215553, 0.06117047410902416, 0.06381504544713129, 0.06655753220143956, 0.06940039106674192, 0.07234604126808745, 0.0753968544661952, 0.07855514509152155, 0.08182318539408286, 0.08520327122186987, 0.0886977767332344, 0.09230917718014646, 0.09604004945653699, 0.09989305817029323, 0.10387093255010699, 0.10797643780382007, 0.11221234336510888, 0.11658138964921289, 0.12108625437944123, 0.12572951916891176, 0.13051363679267802, 0.1354408994257495, 0.1405134080250966, 0.1457330429789366, 0.15110143612036844, 0.15661994419471253, 0.16228962387352341, 0.16811120841804558, 0.1740850861072212, 0.18021128055764007, 0.18648943307322735, 0.192918787169736, 0.19949817542240605, 0.2062260087839487, 0.2131002685140313, 0.2201185008506016, 0.22727781453778598, 0.23457488130496065, 0.24200593936729142, 0.24956679999004067, 0.25725285712783175, 0.2650591001165007, 0.27298012935989613, 0.2810101749177917, 0.2891431178647864, 0.2973725142545155, 0.3056916214895106, 0.3140934268654336, 0.32257067802989264, 0.3311159150713154, 0.33972150393295397, 0.34837967083150445, 0.3570825373493611, 0.36582215586440336, 0.374590544981488, 0.38337972463542247, 0.39218175054592136, 0.4009887477205739, 0.4097929427217358, 0.4185866944369863, 0.42736252311975476, 0.43611313749626857, 0.444831459766427, 0.4535106483588639, 0.46214411833363994, 0.47072555935905347, 0.4792489512213528, 0.487708576857127, 0.4960990329273533, 0.504415237979082, 0.5126524382652085, 0.5208062113144746, 0.5288724673625927, 0.5368474487711008, 0.5447277275732316, 0.5525102012957581, 0.5601920872125683, 0.5677709151897918, 0.5752445192838346, 0.5826110282529117, 0.5898688551398497, 0.5970166860793167, 0.6040534684765014, 0.6109783986968664, 0.6177909093982009, 0.6244906566270426, 0.631077506791853, 0.6375515236153304, 0.6439129551581089, 0.6501622209960013, 0.6562998996230268, 0.6623267161428537, 0.6682435303020783, 0.6740513249100333, 0.6797511946816287, 0.6853443355321295, 0.6908320343457746, 0.6962156592337756, 0.7014966502914843, 0.706676510859387, 0.7117567992880471, 0.7167391212031596, 0.7216251222634569, 0.7264164814013031, 0.7311149045333771, 0.7357221187268482, 0.7402398668048525, 0.7446699023738387, 0.7490139852544386, 0.7532738772968957, 0.7574513385617031, 0.7615481238459624, 0.765565979535998, 0.7695066407669754, 0.7733718288705949, 0.7771632490923905, 0.780882588560698, 0.7845315144899693, 0.7881116726017801, 0.7916246857475849, 0.7950721527180088, 0.7984556472242198, 0.801776717037686, 0.8050368832753769, 0.808237639818221, 0.8113804528513693, 0.8144667605155278, 0.817497972659324, 0.8204754706833395, 0.8234006074670863, 0.8262747073708218, 0.8290990663046811, 0.8318749518581663, 0.8346036034835532, 0.8372862327272794, 0.8399240235038407, 0.8425181324071644, 0.845069689054838, 0.8475797964609566, 0.8500495314337122, 0.8524799449941802, 0.854872062813071, 0.8572268856625009, 0.8595453898801056, 0.8618285278430666, 0.8640772284498475, 0.8662923976076515, 0.8684749187238039, 0.870625653199442, 0.8727454409240624, 0.8748351007696247, 0.8768954310830499, 0.8789272101760808, 0.8809311968115868, 0.8829081306855033, 0.8848587329036923, 0.8867837064531013, 0.8886837366666787, 0.8905594916815747, 0.8924116228902309, 0.8942407653840145, 0.8960475383891147, 0.8978325456944658, 0.8995963760715106, 0.9013396036856527, 0.90306278849929, 0.9047664766663503, 0.9064512009182821, 0.9081174809414799, 0.9097658237461468, 0.9113967240266202, 0.9130106645132035, 0.9146081163155636, 0.9161895392577722, 0.9177553822050761, 0.9193060833824992, 0.9208420706853842, 0.9223637619819939, 0.9238715654082962, 0.925365879655066, 0.9268470942474414, 0.9283155898170734, 0.9297717383670169, 0.9312159035295086, 0.9326484408167818, 0.9340696978650689, 0.935480014671944, 0.9368797238271566, 0.9382691507371096, 0.9396486138431326, 0.9410184248337006, 0.9423788888507488, 0.9437303046902317, 0.9450729649970707, 0.946407156454639, 0.9477331599689218, 0.9490512508474956, 0.9503616989734632, 0.9516647689744794, 0.9529607203870017, 0.9542498078158959, 0.9555322810895226, 0.9568083854104332, 0.9580783615017926, 0.9593424457496516, 0.9606008703411835, 0.9618538633989995, 0.9631016491116515, 0.9643444478604328, 0.9655824763425783, 0.9668159476909698, 0.9680450715904423, 0.9692700543907897, 0.9704910992165632, 0.9717084060737519, 0.9729221719534362, 0.9741325909324976, 0.9753398542714679, 0.9765441505095992, 0.9777456655572321, 0.9789445827855364, 0.9801410831136982, 0.9813353450936235, 0.982527544992227, 0.9837178568713697, 0.9849064526655121, 0.9860935022571415, 0.9872791735500337, 0.9884636325404058, 0.9896470433860162, 0.990829568473262, 0.9920113684823275, 0.9931926024504317, 0.994373427833221, 0.9955540005643536, 0.9967344751133185, 0.9979150045415306, 0.9990957405567423, 1.0002768335658092, 1.0014584327258464, 1.0026406859938117, 1.0038237401745476, 1.0050077409673144, 1.0061928330108452, 1.007379159926951, 1.0085668643627055, 1.009756088031231, 1.0109469717511168, 1.012139655484487, 1.0133342783737451, 1.0145309787770127, 1.0157298943022839, 1.0169311618403136, 1.0181349175962564, 1.0193412971200722, 1.0205504353357155, 1.0217624665691207, 1.022977524574995, 1.024195742562435, 1.0254172532193744, 1.026642188735874, 1.0278706808262636, 1.0291028607501427, 1.0303388593322493, 1.031578806981202, 1.03282283370712, 1.0340710691381279, 1.0353236425357488, 1.0365806828091892, 1.0378423185285164, 1.039108677936733, 1.0403798889607485, 1.0416560792212506, 1.0429373760414713, 1.0442239064548537, 1.0455157972116143, 1.0468131747841996, 1.0481161653716382]]"
50.0,80.0,4,90,360,I0-S1,"[[0.01, 0.009218546420913139, 0.008861068736292907, 0.008775059817687893, 0.008868448505882056, 0.009085556385757762, 0.00939258718368414, 0.009768926728485545, 0.010201984195688466, 0.010684088439126906, 0.01121061351866166, 0.01177884197369598, 0.012387271874803941, 0.013035191320004675, 0.013722414547083863, 0.014449116085902006, 0.01521572469970627, 0.016022854050087052, 0.01687125613288871, 0.01776178900732635, 0.018695393635786744, 0.019673076640156956, 0.02069589698460919, 0.02176495532752288, 0.022881385234144097, 0.024046345719091474, 0.025261014761402554, 0.026526583545051975, 0.02784425124921642, 0.02921522025979579, 0.03064069170580269, 0.032121861246687325, 0.033659915052849126, 0.03525602593360058, 0.03691134957601833, 0.03862702086529168, 0.040404150262915564, 0.0422438202237482, 0.04414708163681925, 0.04611495027801617, 0.048148403265526496, 0.05024837551127222, 0.052415756163615414, 0.05465138503840149, 0.05695604903698499, 0.05933047855129116, 0.06177534385723465, 0.06429125149897065, 0.06687874066751229, 0.06953827957822932, 0.07227026185265902, 0.07507500291092188, 0.07795273638185056, 0.08090361053871606, 0.08392768476917668, 0.08702492608878382, 0.09019520570805775, 0.0934382956637972, 0.09675386552590615, 0.10014147919161236, 0.10360059177950993, 0.10713054663638172, 0.1107305724702431, 0.11439978062349336, 0.11813716250045964, 0.12194158716396802, 0.12581179911587115, 0.1297464162766967, 0.13374392817975225, 0.13780269439512202, 0.1419209431990166, 0.14609677050388134, 0.1503281390645275, 0.1546128779753181, 0.15894868247311253, 0.1633331140602448, 0.16776360096127865, 0.17223743892664103, 0.17675179239548444, 0.18130369602926344, 0.1858900566265307, 0.19050765542836198, 0.1951531508226092, 0.19982308145385327, 0.2045138697444913, 0.2092218258308442, 0.21394315191651816, 0.21867394704350043, 0.22341021227962524, 0.22814785631911372, 0.23288270149088638, 0.23761049016727298, 0.2423268915636186, 0.2470275089171158, 0.2517078870309962, 0.2563636635924043, 0.26099202101400343, 0.26559241689191926, 0.27016569226963527, 0.2747134076766745, 0.27923744525703903, 0.2837397735800688, 0.2882223116503476, 0.2926868530811187, 0.29713502646744067, 0.30156827728475144, 0.30598786236058517, 0.3103948514880177, 0.31479013291202557, 0.319174420744797, 0.3235482631745246, 0.3279120508228347, 0.3322660249013257, 0.33661028499334533, 0.3409447963897729, 0.34526939696591585, 0.34958380361832647, 0.3538876182962012, 0.3581803336686423, 0.3624613384704276, 0.3667299225674497, 0.3709852817800772, 0.37522652249917593, 0.37945266612587975, 0.3836626533626685, 0.38785534838000923, 0.3920295428798088, 0.3961839600742057, 0.40031725859578915, 0.4044280363531511, 0.4085148343437192, 0.41257614043406104, 0.41661039311626585, 0.4206159852475749, 0.42459126777912615, 0.42853455347848585, 0.43244412064954135, 0.43631821685232003, 0.4401550626243604, 0.4439528552043916, 0.44770977225826797, 0.45142397560634834, 0.4550936149508064, 0.45871683160070015, 0.4622917621920166, 0.465816542399341, 0.46928931063527235, 0.4727082117332245, 0.4760714006088095, 0.47937704589459834, 0.482623333542697, 0.485808470389255, 0.4889306876747521, 0.49198824451367196, 0.4949794313069838, 0.497902573090705, 0.5007560328137125, 0.5035382145379105, 0.506247566553843, 0.5088825844048668, 0.5114418138130631, 0.5139238535001797, 0.5163273578970428, 0.5186510397350678, 0.5208936725137281, 0.5230540928381061, 0.5251312026209535, 0.5271239711440219, 0.5290314369737954, 0.5308527097271526, 0.532586971682909, 0.5342334792356448, 0.5357915641886895, 0.5372606348836299, 0.5386401771642145, 0.5399297551730476, 0.5411290119799967, 0.5422376700417795, 0.5432555314927338, 0.5441824782673217, 0.5450184720554565, 0.5457635540922814, 0.5464178447845519, 0.5469815431762944, 0.547454926256913, 0.5478383481154037, 0.5481322389448009, 0.5483371039014283, 0.5484535218239425, 0.548482143817559, 0.5484236917092131, 0.5482789563797499, 0.5480487959795434, 0.5477341340342234, 0.5473359574474308, 0.5468553144077323, 0.5462933122070049, 0.5456511149777415, 0.5449299413568359, 0.5441310620834869, 0.5432557975388965, 0.5423055152354511, 0.5412816272630503, 0.5401855877001945, 0.5390188899973604, 0.5377830643400807, 0.5364796749990085, 0.5351103176740774, 0.5336766168396876, 0.5321802230976344, 0.5306228105442635, 0.5290060741580961, 0.5273317272138914, 0.5256014987288461, 0.5238171309463269, 0.5219803768622389, 0.5200929977988121, 0.5181567610302764, 0.5161734374645659, 0.5141447993848702, 0.5120726182545179, 0.5099586625883498, 0.5078046958934127, 0.5056124746814779, 0.5033837465555686, 0.5011202483723696, 0.4988237044820784, 0.4964958250469648, 0.4941383044396085, 0.4917528197215088, 0.48934102920248745, 0.4869045710810476, 0.48444506216560596, 0.48196409667627876, 0.4794632451266831, 0.476944053285004, 0.47440804121338476, 0.4718567023845137, 0.46929150287411475, 0.4667138806278919, 0.4641252448013376, 0.4615269751706865, 0.4589204216131792, 0.4563069036546995, 0.4536877100827578, 0.4510640986227142, 0.44843729567506874, 0.44580849611159107, 0.44317886312801547, 0.44054952815099435, 0.437921590796977, 0.4352961188806659, 0.4326741484706951, 0.43005668399017677, 0.4274446983597713, 0.424839133180951, 0.42224089895715283, 0.41965087535053996, 0.41706991147213124, 0.4144988262030923, 0.411938408545029, 0.4093894179971704, 0.40685258495838, 0.4043286111519894, 0.40181817007150544, 0.39932190744530094, 0.3968404417184637, 0.3943743645500377, 0.3919242413239589, 0.38949061167205085, 0.3870739900075136, 0.384674866067404, 0.3822937054626741, 0.37993095023439855, 0.3775870194148904, 0.375262309592468, 0.37295719547870204, 0.3706720304770346, 0.3684071472517248, 0.36616285829613765, 0.36393945649945203, 0.36173721571092304, 0.35955639130089045, 0.3573972207177806, 0.3552599240404032, 0.35314470452489616, 0.3510517491457218, 0.3489812291301658, 0.3469333004858388, 0.34490810452072196, 0.3429057683553438, 0.3409264054267152, 0.3389701159836883, 0.33703698757344375, 0.33512709551884456, 0.3332405033864305, 0.3313772634448577, 0.329537417113618, 0.3277209954019038, 0.3259280193375072, 0.3241585003856718, 0.3224124408578358, 0.3206898343102307, 0.31899066593231673, 0.317314912925061, 0.3156625448690767, 0.3140335240826635, 0.31242780596980124, 0.3108453393581664, 0.3092860668272506, 0.3077499250266773, 0.30623684498481796, 0.30474675240782517, 0.30327956796920474, 0.3018352075900591, 0.3004135827101419, 0.29901460054986906, 0.29763816436343854, 0.2962841736832152, 0.2949525245555423, 0.2936431097681444, 0.29235581906929026, 0.29109053937888546, 0.28984715499166813, 0.2886255477726827, 0.28742559734520534, 0.2862471812712992, 0.2850901752251739, 0.2839544531595267, 0.28283988746504135, 0.2817463491232179, 0.28067370785270973, 0.2796218322493387, 0.2785905899199604, 0.2775798476103487, 0.2765894713272669, 0.2756193264548907, 0.27466927786574563, 0.27373919002632047, 0.27282892709751283, 0.2719383530300635, 0.2710673316551314, 0.27021572677015904, 0.2693834022201737, 0.2685702219746703, 0.267776050200214, 0.26700075132890183, 0.26624419012281636, 0.26550623173460336, 0.2647867417643013, 0.2640855863125471, 0.2634026320302808, 0.2627377461650666, 0.26209079660414664, 0.26146165191433907, 0.26085018137889077, 0.26025625503138977, 0.25967974368684127, 0.2591205189700075, 0.2585784533411084, 0.2580534201189781, 0.2575452935017679, 0.2570539485852861, 0.2565792613790588, 0.25612110882019706, 0.25567936878514963]]","[[0.01, 0.011673645222856313, 0.01362924433757481, 0.01580189558251425, 0.01815640128854605, 0.02067538652780153, 0.023352115297313986, 0.026186191933097184, 0.029181066627895023, 0.03234255980536968, 0.0356779897341519, 0.039195659462253486, 0.0429045575223904, 0.04681418542693417, 0.05093446003581955, 0.05527565985431334, 0.05984839685105541, 0.06466360286889211, 0.06973252416210621, 0.07506672024936067, 0.08067806484939848, 0.08657874760123219, 0.09278127582214421, 0.09929847588052863, 0.10614349394907216, 0.11332979601221686, 0.1208711670631564, 0.1287817094593394, 0.13707584042318394, 0.1457682886833027, 0.15487409025503682, 0.16440858335985717, 0.1743874024825848, 0.18482647156418897, 0.19574199632657924, 0.2071504557245547, 0.21906859251902966, 0.23151340296487607, 0.24450212560622936, 0.25805222917189363, 0.27218139956354775, 0.2869075259297812, 0.30224868581956327, 0.3182231294095599, 0.3348492628007429, 0.35214563038098323, 0.37013089625176504, 0.38882382471880195, 0.40824325984816795, 0.42840810409157143, 0.4493372959865937, 0.4710497869400814, 0.4935645171054179, 0.5169003903671003, 0.5410762484489093, 0.5661108441649703, 0.5920228138361734, 0.6188306488977174, 0.6465526667269842, 0.6752069807245118, 0.7048114696845147, 0.7353837464951776, 0.7669411262128287, 0.7995005935580474, 0.8330787698857769, 0.8676918796855766, 0.9033557166722357, 0.9400856095310715, 0.9778963873863188, 1.016802345065071, 1.056817208233222, 1.09795409848377, 1.1402254984616373, 1.1836432171128177, 1.2282183551491561, 1.2739612708233552, 1.3208815461118715, 1.368987953406165, 1.4182884228152914, 1.4687900101850144, 1.5204988659404661, 1.5734202048608419, 1.627558276895671, 1.6829163391328106, 1.7394966290284593, 1.7973003390091293, 1.8563275925546603, 1.9165774218699474, 1.9780477472511055, 2.040735358249259, 2.104635896732042, 2.1697438419391957, 2.2360524976243528, 2.3035539813702237, 2.372239216158914, 2.4420980750647896, 2.5131210113356532, 2.585300336273557, 2.6586298008729967, 2.733104194665656, 2.8087190770676513, 2.8854705918741317, 2.9633553343688854, 3.0423702520598463, 3.122512567193629, 3.203779713628941, 3.286169283397871, 3.3696789799954523, 3.454306576506512, 3.540049877348567, 3.6269066828313763, 3.7148747560011808, 3.8039517914085796, 3.8941353855494714, 3.985423008800849, 4.077811978721532, 4.171299434620793, 4.265882313320814, 4.361557326055425, 4.458320936459778, 4.556169339614954, 4.65509844211876, 4.755103843159883, 4.856180816577316, 4.958324293891002, 5.061528848292966, 5.165788679591017, 5.271097600099532, 5.37744902147374, 5.484835942485697, 5.5932509377414, 5.702686147339633, 5.813133267473921, 5.924583541979591, 6.037027754828273, 6.150456223572345, 6.264858793741788, 6.380224834195688, 6.496543233430208, 6.61380239684432, 6.731990244963831, 6.851094212623386, 6.971101249105128, 7.091997819231557, 7.213769905408897, 7.336403010615883, 7.459882162331487, 7.584191917393508, 7.70931636777835, 7.83523914729064, 7.961943439149567, 8.089411984457067, 8.217627091531124, 8.346570646085658, 8.476224122236554, 8.606568594311602, 8.737584749440208, 8.86925290089695, 9.001553002171256, 9.134464661733725, 9.267967158467922, 9.402039457734874, 9.53666022803588, 9.671807858237853, 9.807460475323994, 9.943595962631287, 10.080191978535229, 10.217225975541059, 10.354675219739885, 10.492516810587276, 10.63072770096122, 10.76928471745584, 10.908164580866817, 11.047343926824295, 11.186799326528865, 11.326507307546304, 11.466444374616957, 11.606587030435904, 11.746911796360612, 11.887395233003344, 12.028013960666339, 12.168744679578703, 12.309564189894918, 12.450449411416047, 12.591377402995949, 12.732325381596176, 12.87327074095471, 13.014191069835247, 13.15506416982536, 13.295868072653665, 13.43658105699784, 13.577181664757248, 13.717648716765822, 13.857961327922816, 13.998098921721022, 14.13804124415407, 14.277768376986451, 14.417260750371941, 14.556499154808161, 14.695464752416997, 14.834139087542653, 14.972504096661048, 15.110542117596273, 15.24823589804166, 15.38556860338495, 15.5225238238388, 15.659085580879625, 15.795238332999508, 15.93096698077743, 16.066256871277705, 16.201093801784904, 16.335464022886004, 16.469354240911713, 16.602751619750215, 16.73564378204769, 16.86801880981098, 16.999865244428776, 17.13117208612851, 17.26192879288699, 17.39212527881345, 17.521751912024314, 17.650799512029526, 17.77925934665065, 17.907123128491467, 18.03438301098185, 18.161031584016147, 18.28706186920726, 18.412467314777693, 18.53724179010898, 18.66137957997062, 18.784875378449712, 18.90772428260214, 19.029921785846085, 19.15146377111819, 19.272346503812503, 19.39256662452184, 19.512121141600925, 19.631007423570065, 19.749223191377794, 19.866766510540273, 19.98363578317478, 20.0998297399441, 20.21534743192793, 20.330188222437, 20.444351778784792, 20.557838064031397, 20.670647328713176, 20.78278010257145, 20.894237186292724, 21.00501964327239, 21.115128791413177, 21.224566194969032, 21.333333656444516, 21.441433208559168, 21.54886710628568, 21.655637818970245, 21.761748022542687, 21.86720059182362, 21.971998592935197, 22.076145275821514, 22.17964406688428, 22.282498561738763, 22.3847125180946, 22.48628984876559, 22.587234614812136, 22.68755101881951, 22.78724339831481, 22.886316219325014, 22.984774070078096, 23.082621654848985, 23.179863787951568, 23.276505387877858, 23.372551471584927, 23.468007148930013, 23.56287761725397, 23.657168156112867, 23.750884122157352, 23.8440309441592, 23.9366141181842, 24.02863920291033, 24.120111815090045, 24.211037625155264, 24.301422352963552, 24.391271763683772, 24.480591663819403, 24.5693878973676, 24.65766634211194, 24.745432906046677, 24.832693523930335, 24.919454153966267, 25.005720774607834, 25.091499381485743, 25.176795984455058, 25.261616604759354, 25.345967272309426, 25.429854023073993, 25.51328289657969, 25.596259933517814, 25.678791173455096, 25.760882652645883, 25.842540401943054, 25.92377044480506, 26.004578795396416, 26.084971456779027, 26.16495441919176, 26.244533658415662, 26.323715134222287, 26.402504788902547, 26.480908545873664, 26.558932308361676, 26.636581958157127, 26.71386335444148, 26.790782332681946, 26.867344703592394, 26.943556252158032, 27.019422736721662, 27.094949888129293, 27.17014340893297, 27.245008972648723, 27.319552223067525, 27.393778773617342, 27.467694206774198, 27.541304073520397, 27.61461389284804, 27.687629151305934, 27.760355302588174, 27.832797767162653, 27.904961931937756, 27.976853149965663, 28.0484767401806, 28.119837987170513, 28.19094214098062, 28.261794416947406, 28.332399995561595, 28.402764022358756, 28.472891607836132, 28.542787827394452, 28.61245772130343, 28.681906294689696, 28.75113851754606, 28.820159324760844, 28.888973616166236, 28.957586256604603, 29.026002076011647, 29.094225869515473, 29.162262397550542, 29.23011638598559, 29.297792526264583, 29.365295475559858, 29.43262985693656, 29.49980025952759, 29.56681123871823, 29.633667316339757, 29.700372980871197, 29.766932687648605, 29.833350859081133, 29.899631884873234, 29.96578012225239, 30.031799896201694, 30.09769549969674, 30.16347119394626, 30.229131208635895, 30.294679742174626, 30.360120961943355, 30.425459004545115, 30.490697976056452]]","[array([6.37688001e-05, 6.00799169e-05, 5.86664978e-05, 5.87303122e-05,
       5.97890223e-05, 6.15505967e-05, 6.38373270e-05, 6.65407072e-05,
       6.95945178e-05, 7.29585675e-05, 7.66088642e-05, 8.05316405e-05,
       8.47197002e-05, 8.91701658e-05, 9.38830722e-05, 9.88604775e-05,
       1.04105887e-04, 1.09623876e-04, 1.15419824e-04, 1.21499740e-04,
       1.27870123e-04, 1.34537867e-04, 1.41510174e-04, 1.48794498e-04,
       1.56398483e-04, 1.64329922e-04, 1.72596717e-04, 1.81206838e-04,
       1.90168292e-04, 1.99489094e-04, 2.09177235e-04, 2.19240658e-04,
       2.29687226e-04, 2.40524704e-04, 2.51760730e-04, 2.63402790e-04,
       2.75458194e-04, 2.87934058e-04, 3.00837271e-04, 3.14174478e-04,
       3.27952055e-04, 3.42176084e-04, 3.56852330e-04, 3.71986218e-04,
       3.87582807e-04, 4.03646768e-04, 4.20182359e-04, 4.37193402e-04,
       4.54683255e-04, 4.72654795e-04, 4.91110387e-04, 5.10051862e-04,
       5.29480496e-04, 5.49396983e-04, 5.69801413e-04, 5.90693248e-04,
       6.12071301e-04, 6.33933713e-04, 6.56277931e-04, 6.79100685e-04,
       7.02397973e-04, 7.26165036e-04, 7.50396343e-04, 7.75085570e-04,
       8.00225588e-04, 8.25808442e-04, 8.51825343e-04, 8.78266648e-04,
       9.05121856e-04, 9.32379594e-04, 9.60027609e-04, 9.88052764e-04,
       1.01644103e-03, 1.04517749e-03, 1.07424634e-03, 1.10363087e-03,
       1.13331349e-03, 1.16327574e-03, 1.19349828e-03, 1.22396091e-03,
       1.25464260e-03, 1.28552147e-03, 1.31657485e-03, 1.34777926e-03,
       1.37911049e-03, 1.41054357e-03, 1.44205284e-03, 1.47361195e-03,
       1.50519395e-03, 1.53677125e-03, 1.56831575e-03, 1.59979881e-03,
       1.63119133e-03, 1.66246381e-03, 1.69358655e-03, 1.72453452e-03,
       1.75529686e-03, 1.78587504e-03, 1.81627736e-03, 1.84651545e-03,
       1.87660225e-03, 1.90655076e-03, 1.93637341e-03, 1.96608160e-03,
       1.99568560e-03, 2.02519441e-03, 2.05461578e-03, 2.08395624e-03,
       2.11322112e-03, 2.14241462e-03, 2.17153988e-03, 2.20059900e-03,
       2.22959309e-03, 2.25852239e-03, 2.28738622e-03, 2.31618310e-03,
       2.34491075e-03, 2.37356617e-03, 2.40214560e-03, 2.43064465e-03,
       2.45905827e-03, 2.48738079e-03, 2.51560597e-03, 2.54372701e-03,
       2.57173661e-03, 2.59962693e-03, 2.62738970e-03, 2.65501618e-03,
       2.68249723e-03, 2.70982331e-03, 2.73698451e-03, 2.76397058e-03,
       2.79077097e-03, 2.81737481e-03, 2.84377099e-03, 2.86994813e-03,
       2.89589466e-03, 2.92159879e-03, 2.94704859e-03, 2.97223198e-03,
       2.99713674e-03, 3.02175057e-03, 3.04606113e-03, 3.07005599e-03,
       3.09372273e-03, 3.11704892e-03, 3.14002218e-03, 3.16263017e-03,
       3.18486063e-03, 3.20670141e-03, 3.22814048e-03, 3.24916597e-03,
       3.26976617e-03, 3.28992959e-03, 3.30964494e-03, 3.32890118e-03,
       3.34768753e-03, 3.36599349e-03, 3.38380888e-03, 3.40112383e-03,
       3.41792882e-03, 3.43421470e-03, 3.44997268e-03, 3.46519440e-03,
       3.47987187e-03, 3.49399756e-03, 3.50756438e-03, 3.52056567e-03,
       3.53299528e-03, 3.54484749e-03, 3.55611712e-03, 3.56679944e-03,
       3.57689027e-03, 3.58638591e-03, 3.59528320e-03, 3.60357949e-03,
       3.61127267e-03, 3.61836116e-03, 3.62484389e-03, 3.63072036e-03,
       3.63599057e-03, 3.64065506e-03, 3.64471489e-03, 3.64817165e-03,
       3.65102745e-03, 3.65328490e-03, 3.65494711e-03, 3.65601772e-03,
       3.65650080e-03, 3.65640095e-03, 3.65572320e-03, 3.65447305e-03,
       3.65265644e-03, 3.65027975e-03, 3.64734975e-03, 3.64387364e-03,
       3.63985898e-03, 3.63531372e-03, 3.63024615e-03, 3.62466493e-03,
       3.61857900e-03, 3.61199763e-03, 3.60493039e-03, 3.59738709e-03,
       3.58937782e-03, 3.58091289e-03, 3.57200284e-03, 3.56265841e-03,
       3.55289050e-03, 3.54271021e-03, 3.53212877e-03, 3.52115753e-03,
       3.50980798e-03, 3.49809169e-03, 3.48602031e-03, 3.47360555e-03,
       3.46085918e-03, 3.44779300e-03, 3.43441881e-03, 3.42074842e-03,
       3.40679365e-03, 3.39256627e-03, 3.37807800e-03, 3.36334054e-03,
       3.34836549e-03, 3.33316439e-03, 3.31774870e-03, 3.30212976e-03,
       3.28631882e-03, 3.27032699e-03, 3.25416525e-03, 3.23784447e-03,
       3.22137534e-03, 3.20476842e-03, 3.18803409e-03, 3.17118258e-03,
       3.15422392e-03, 3.13716798e-03, 3.12002445e-03, 3.10280282e-03,
       3.08551237e-03, 3.06816222e-03, 3.05076126e-03, 3.03331818e-03,
       3.01584147e-03, 2.99833942e-03, 2.98082009e-03, 2.96329134e-03,
       2.94576083e-03, 2.92823599e-03, 2.91072404e-03, 2.89323200e-03,
       2.87576666e-03, 2.85833463e-03, 2.84094228e-03, 2.82359579e-03,
       2.80630111e-03, 2.78906403e-03, 2.77189008e-03, 2.75478464e-03,
       2.73775287e-03, 2.72079972e-03, 2.70392999e-03, 2.68714824e-03,
       2.67045887e-03, 2.65386611e-03, 2.63737398e-03, 2.62098634e-03,
       2.60470687e-03, 2.58853908e-03, 2.57248633e-03, 2.55655180e-03,
       2.54073851e-03, 2.52504933e-03, 2.50948698e-03, 2.49405403e-03,
       2.47875291e-03, 2.46358590e-03, 2.44855516e-03, 2.43366270e-03,
       2.41891041e-03, 2.40430006e-03, 2.38983328e-03, 2.37551161e-03,
       2.36133644e-03, 2.34730909e-03, 2.33343075e-03, 2.31970251e-03,
       2.30612535e-03, 2.29270018e-03, 2.27942779e-03, 2.26630889e-03,
       2.25334412e-03, 2.24053402e-03, 2.22787904e-03, 2.21537957e-03,
       2.20303593e-03, 2.19084835e-03, 2.17881702e-03, 2.16694203e-03,
       2.15522344e-03, 2.14366122e-03, 2.13225532e-03, 2.12100560e-03,
       2.10991188e-03, 2.09897394e-03, 2.08819150e-03, 2.07756425e-03,
       2.06709182e-03, 2.05677381e-03, 2.04660977e-03, 2.03659924e-03,
       2.02674170e-03, 2.01703660e-03, 2.00748336e-03, 1.99808139e-03,
       1.98883005e-03, 1.97972869e-03, 1.97077661e-03, 1.96197313e-03,
       1.95331750e-03, 1.94480900e-03, 1.93644685e-03, 1.92823028e-03,
       1.92015849e-03, 1.91223067e-03, 1.90444600e-03, 1.89680364e-03,
       1.88930275e-03, 1.88194248e-03, 1.87472195e-03, 1.86764030e-03,
       1.86069665e-03, 1.85389011e-03, 1.84721979e-03, 1.84068479e-03,
       1.83428422e-03, 1.82801717e-03, 1.82188275e-03, 1.81588003e-03,
       1.81000812e-03, 1.80426611e-03, 1.79865309e-03, 1.79316815e-03,
       1.78781038e-03, 1.78257889e-03, 1.77747277e-03, 1.77249111e-03,
       1.76763302e-03, 1.76289761e-03, 1.75828399e-03, 1.75379126e-03,
       1.74941855e-03, 1.74516497e-03, 1.74102966e-03, 1.73701174e-03,
       1.73311036e-03, 1.72932464e-03, 1.72565374e-03, 1.72209682e-03,
       1.71865302e-03, 1.71532152e-03, 1.71210148e-03, 1.70899208e-03,
       1.70599251e-03])]","[[0, 6.376880005047202e-05, 0.00012384871691641303, 0.0001825152146708144, 0.0002412455268224413, 0.0003010345491439938, 0.00036258514580856727, 0.00042642247284705543, 0.0004929631800573129, 0.0005625576978244873, 0.0006355162653374084, 0.0007121251295729217, 0.0007926567700671803, 0.0008773764703098566, 0.0009665466360710564, 0.0010604297082704242, 0.0011592901857493283, 0.0012633960732157156, 0.0013730199488108438, 0.0014884397725203717, 0.0016099395120418626, 0.0017378096353526029, 0.0018723475022736364, 0.0020138576767014475, 0.0021626521744137154, 0.002319050656964295, 0.002483380579266333, 0.0026559772964749977, 0.002837184134388766, 0.0030273524265845946, 0.0032268415207593274, 0.003436018756186229, 0.003655259413759367, 0.0038849466397555413, 0.004125471344170412, 0.004377232074266572, 0.004640634863795172, 0.004916093058211114, 0.0052040271160885745, 0.005504864386853959, 0.005819038864883668, 0.006146990919961269, 0.00648916700405059, 0.006846019334315798, 0.007218005552305395, 0.007605588359212776, 0.008009235127130653, 0.008429417486229378, 0.008866610887809231, 0.009321294143203686, 0.009793948938543753, 0.01028505932543271, 0.01079511118762512, 0.011324591683854133, 0.011873988667006037, 0.012443790079900943, 0.013034483328003003, 0.013646554629452474, 0.014280488342885145, 0.014936766273581805, 0.015615866958571553, 0.016318264931397295, 0.01704442996733989, 0.017794826309988417, 0.01856991188013811, 0.019370137468093726, 0.020195945910554923, 0.021047771253360385, 0.021926037901469263, 0.02283115975766101, 0.023763539351537796, 0.024723566960516585, 0.025711619724600256, 0.026728060756818172, 0.027773238251325806, 0.028847484591249622, 0.029951115458456953, 0.0310844289475201, 0.032247704686228756, 0.03344120296508445, 0.03466516387828405, 0.03591980647876573, 0.03720532794994967, 0.03852190279685605, 0.03986968205932386, 0.041248792550085345, 0.042659336120471236, 0.0441013889565311, 0.04557500090835015, 0.04708019485532846, 0.0486169661101599, 0.050185281864205795, 0.051785080676902205, 0.05341627201176905, 0.05507873582150437, 0.05677232237590612, 0.05849685689147143, 0.06025215375017242, 0.062038028794892515, 0.06385430615555797, 0.06570082160547046, 0.06757742385179384, 0.06948397461606591, 0.07142034802542149, 0.07338642962925164, 0.07538211522971922, 0.0774073096373321, 0.07946192541577751, 0.08154588165180483, 0.08365910276892907, 0.08580151739368444, 0.08797305727735961, 0.09017365627291568, 0.09240324936509417, 0.09466177175093703, 0.09694915796767832, 0.0992653410649991, 0.10161025181882108, 0.10398381798407222, 0.1063859635841389, 0.10881660823500003, 0.11127566650230337, 0.11376304728988842, 0.1162786532584788, 0.11882238027346316, 0.12139411688085594, 0.12399374381068068, 0.12662113350715126, 0.1292761496851415, 0.1319586469125336, 0.13466847021812153, 0.13740545472482002, 0.140169425307991, 0.14296019627875364, 0.1457775710921856, 0.14862134208035993, 0.1514912902101882, 0.15438718486606146, 0.15730878365729467, 0.16025583225038767, 0.16322806422611844, 0.16622520096148138, 0.16924695153647573, 0.1722930126657364, 0.17536306865498377, 0.1784567913822477, 0.18157384030379767, 0.18471386248468255, 0.18787649265375417, 0.19106135328301393, 0.1942680546910874, 0.1974961951705924, 0.20074536113912644, 0.204015127313558, 0.2073050569072615, 0.2106147018498934, 0.21394360302925963, 0.21729129055478028, 0.22065728404201077, 0.22404109291763272, 0.2274422167442821, 0.23086014556453754, 0.23429436026334638, 0.23774433294812425, 0.24120952734572113, 0.24468939921540722, 0.24818339677699408, 0.2516909611531697, 0.2552115268250931, 0.25874452210026283, 0.26228936959164434, 0.2658454867070179, 0.2694122861474837, 0.2729891764140431, 0.2765755623211595, 0.28017084551618826, 0.2837744250035572, 0.2873856976725745, 0.291004058827737, 0.29462890272041603, 0.298259623080802, 0.3018956136489978, 0.30553626870416517, 0.3091809835906427, 0.31282915523997473, 0.31648018268781203, 0.32013346758467276, 0.3237884146995795, 0.327444432415621, 0.33110093321652195, 0.3347573341633407, 0.33841305736045424, 0.34206753041003296, 0.34572018685424893, 0.34937046660450866, 0.35301781635704754, 0.3566616899942711, 0.3603015489712777, 0.36393686268704717, 0.3675671088398312, 0.37119177376633106, 0.3748103527643009, 0.3784223503982652, 0.3820272807880897, 0.3856246678801968, 0.389214045701265, 0.3927949585943013, 0.39636696143702377, 0.3999296198425384, 0.40348251034233906, 0.40702522055170454, 0.41055734931760757, 0.41407850684929354, 0.4175883148317233, 0.42108640652211277, 0.4245724268298369, 0.4280460323799986, 0.43150689156099264, 0.4349546845564262, 0.43838910336178094, 0.4418098517862282, 0.44521664544003026, 0.44860921170797996, 0.4519872897093501, 0.4553506302448382, 0.45869899573100703, 0.4620321601227318, 0.4653499088241746, 0.4686520385888147, 0.4719383574090678, 0.47520868439603176, 0.4784628496498985, 0.4817006941215709, 0.4849220694660238, 0.4881268378879435, 0.49131487198017765, 0.4944860545555205, 0.497640278472352, 0.5007774464546411, 0.5038974709068151, 0.5070002737239856, 0.5100857860980108, 0.5131539483198638, 0.5162047095787612, 0.5192380277584945, 0.5222538692313945, 0.5252522086503406, 0.5282330287392172, 0.5311963200822003, 0.5341420809122441, 0.5370703168991222, 0.5399810409373603, 0.5428742729343852, 0.5457500395991948, 0.548608374231842, 0.551449316514008, 0.5542729123009233, 0.5570792134148856, 0.5598682774405995, 0.5626401675225569, 0.5653949521646563, 0.5681327050322496, 0.5708535047567853, 0.5735574347432109, 0.5762445829802766, 0.578915041853876, 0.581568907963542, 0.5842062819422077, 0.5868272682793289, 0.5894319751474534, 0.5920205142323137, 0.594593000566506, 0.5971495523668123, 0.5996902908752113, 0.602215340203613, 0.6047248271823485, 0.607218881212433, 0.6096976341216152, 0.6121612200242207, 0.6146097751847848, 0.6170434378854703, 0.619462348297256, 0.6218666483548748, 0.6242564816354808, 0.6266319932410135, 0.6289933296842266, 0.6313406387783438, 0.6336740695302994, 0.6359937720375197, 0.6382998973881964, 0.6405925975650002, 0.642872025352183, 0.6451383342460101, 0.6473916783684657, 0.6496322123841716, 0.6518600914204568, 0.6540754709905157, 0.6562785069195901, 0.6584693552741095, 0.6606481722937246, 0.6628151143261664, 0.6649703377648636, 0.6671139989892522, 0.6692462543077072, 0.6713672599030316, 0.6734771717804312, 0.6755761457179127, 0.6776643372190327, 0.6797419014679354, 0.681808993286609, 0.683865767094298, 0.6859123768690049, 0.6879489761110169, 0.6899757178083954, 0.6919927544043638, 0.6940002377665339, 0.6959983191579079, 0.697987149209599, 0.6999668778952087, 0.7019376545068056, 0.7038996276324476, 0.7058529451351933, 0.7077977541335466, 0.7097342009832832, 0.7116624312606047, 0.7135825897465714, 0.7154948204127631, 0.7173992664081197, 0.7192960700469133, 0.7211853727978075, 0.7230673152739564, 0.7249420372241022, 0.7268096775246257, 0.7286703741725106, 0.73052426427918, 0.732371484065166, 0.7342121688555737, 0.7360464530763041, 0.7378744702509975, 0.7396963529986643, 0.741512233031969, 0.7433222411561332, 0.7451265072684278, 0.7469251603582208, 0.7487183285075539, 0.750506138892217, 0.7522887177832912, 0.7540661905491375, 0.7558386816577994, 0.7576063146797996, 0.7593692122913003, 0.7611274962776097, 0.7628812875370056, 0.7646307060848591, 0.7663758710580334, 0.7681169007195392, 0.769853912463425, 0.7715870228198849, 0.7733163474605637, 0.7750420012040428, 0.7767640980214883, 0.7784827510424452, 0.7801980725607625, 0.7819101740406315, 0.7836191661227255, 0.7853251586304238]]"
50.0,80.0,4,90,360,I1-S1,"[[0.01, 0.009218546420913139, 0.008861068736292907, 0.008775059817687893, 0.008868448505882056, 0.009085556405858081, 0.009392588251175667, 0.009768937456048902, 0.01020203772198485, 0.010684270678409113, 0.011211101483875966, 0.011779950295523242, 0.012389505713843205, 0.013039304218073016, 0.013729470175120174, 0.014460553225384608, 0.015233425106340915, 0.016049213086419403, 0.01690925622720789, 0.017815076111360892, 0.018768356925563976, 0.01977093174412685, 0.020824773039959214, 0.02193198616677911, 0.023094804995110456, 0.024315589155857402, 0.02559682251527984, 0.026941112613693176, 0.02835119087094487, 0.029829913408971866, 0.03138026237414824, 0.033005347664940315, 0.034708408986819324, 0.036492818168444255, 0.038362081682088, 0.04031984331795947, 0.042369886967016664, 0.04451613947044409, 0.04676267349644399, 0.04911371040655546, 0.05157362307451118, 0.05414693862077718, 0.05683834102548164, 0.05965267358149253, 0.06259494114800472, 0.0656703121631907, 0.06888412037229172, 0.07224186622500965, 0.07574921789323238, 0.07941201185701058, 0.08323625300332524, 0.08722811417856578, 0.09139393513179984, 0.09574022078188338, 0.10027363873725853, 0.10500101599294685, 0.10992933472479935, 0.1150657270965509, 0.1204174689906872, 0.12599197256961786, 0.13179677756921598, 0.13783954122249747, 0.14412802670714583, 0.1506700900068243, 0.15747366507284968, 0.16454674716993756, 0.1718973742874816, 0.17953360649633224, 0.18746350313043117, 0.19569509767309629, 0.2042363702294013, 0.21309521746914034, 0.2222794199294999, 0.23179660657298704, 0.2416542165045934, 0.2518594577628385, 0.2624192631124546, 0.2733402427822855, 0.2846286341106986, 0.2962902480826797, 0.3083304127680022, 0.32075391369863726, 0.33356493125605713, 0.34676697517543154, 0.3603628163140034, 0.37435441587521223, 0.38874285232837386, 0.40352824631584283, 0.41870968389537777, 0.43428513852463413, 0.45025139225691807, 0.46660395668203997, 0.48333699421265863, 0.5004432403841111, 0.5179139279034494, 0.5357390476128688, 0.5539106582652137, 0.5724245494590045, 0.591278030672874, 0.6104681591645551, 0.6299905942454768, 0.6498388795935091, 0.6700040152366953, 0.6904742229769408, 0.711234839006936, 0.7322682887407618, 0.7535541138895729, 0.775069032336999, 0.7967870186776955, 0.8186793982940681, 0.8407149512211806, 0.8628600242633153, 0.8850786512185501, 0.9073326818840182, 0.9295819209282331, 0.9517842778516246, 0.9738959291998095, 0.9958714940080187, 1.0176642231832518, 1.039226203204247, 1.0605085741605667, 1.0814617617774622, 1.1020357226951418, 1.1221802018995766, 1.1418450008452552, 1.1609802544755778, 1.1795367150403042, 1.1974660403376154, 1.214721083776339, 1.2312561834666043, 1.247027447408949, 1.2619930317661228, 1.27611340917117, 1.289351624051348, 1.301673532030438, 1.3130480206112307, 1.3234472085332625, 1.332846621444868, 1.3412253418186613, 1.3485661313698674, 1.3548555246007166, 1.3600838924837593, 1.3642454757041809, 1.3673383872973535, 1.3693645849341374, 1.370329813514127, 1.3702435191177673, 1.3691187357342622, 1.3669719465164827, 1.3638229216106028, 1.359694534862077, 1.354612561907085, 1.3486054623172827, 1.3417041485744465, 1.3339417447104558, 1.3253533374582955, 1.3159757227237, 1.3058471501079767, 1.2950070680945371, 1.2834958723593872, 1.2713546594844864, 1.2586249881478784, 1.2453486496414101, 1.2315674493311932, 1.2173230004330668, 1.202656531230229, 1.1876087066175602, 1.1722194646211146, 1.1565278683154345, 1.140571973348799, 1.1243887110897117, 1.1080137872287708, 1.0914815955098374, 1.0748251461239713, 1.0580760081791913, 1.0412642655586741, 1.02441848539898, 1.0075656983575019, 0.9907313897934703, 0.973939500958238, 0.9572124392767758, 0.9405710968018127, 0.9240348759332616, 0.9076217215169015, 0.8913481584661812, 0.8752293340879406, 0.8592790643354035, 0.8435098832586346, 0.8279330949725414, 0.812558827514349, 0.7973960880152755, 0.7824528186640383, 0.7677359529920813, 0.7532514720614035, 0.7390044601850744, 0.7249991598575377, 0.7112390256163066, 0.6977267765984123, 0.6844644475938355, 0.6714534384340268, 0.6586945615864918, 0.6461880878562835, 0.6339337901221866, 0.6219309850594635, 0.6101785728224127, 0.5986750746787715, 0.5874186686043563, 0.5764072228604271, 0.565638327588256, 0.5551093244654502, 0.544817334476891, 0.534759283859869, 0.5249319282882907, 0.5153318753648362, 0.505955605492837, 0.4967994912015239, 0.4878598149993133, 0.4791327858300722, 0.470614554206922, 0.4623012260972297, 0.4541888756310578, 0.44627355670360247, 0.43855131354009735, 0.43101819028937666, 0.42367023970982076, 0.4165035310088054, 0.4095141568940863, 0.4026982398928048, 0.39605193799103566, 0.38957144964404067, 0.38325301820465857, 0.37709293581458103, 0.37108754680064315, 0.3652332506157105, 0.35952650436128425, 0.3539638249265765, 0.34854179077653374, 0.34325704341911567, 0.3381062885800647, 0.3330862971114358, 0.3281939056582914, 0.3234260171062031, 0.3187796008305407, 0.31425169276696036, 0.3098393953210365, 0.3055398771335979, 0.301350372717039, 0.2972681819766663, 0.29329066963001316, 0.28941526453600214, 0.28563945894485504, 0.2819608076787384, 0.27837692725228486, 0.2748854949413463, 0.2714842478076028, 0.26817098168597997, 0.26494355014119947, 0.261799863399212, 0.2587378872587283, 0.25575564198757156, 0.25285120120812105, 0.25002269077569894, 0.24726828765336822, 0.2445862187862549, 0.24197475997818435, 0.23943223477312203, 0.2369570133436361, 0.23454751138834887, 0.23220218904011378, 0.22991954978644613, 0.22769813940354255, 0.2255365449050499, 0.22343339350658506, 0.22138735160686054, 0.21939712378613985, 0.21746145182262508, 0.2155791137272715, 0.21374892279742375, 0.2119697266895795, 0.21024040651150594, 0.20855987593386052, 0.20692708032140333, 0.20534099588382784, 0.20380062884618588, 0.2023050146388337, 0.20085321710678572, 0.19944432773832363, 0.19807746491267691, 0.1967517731665608, 0.1954664224793325, 0.19422060757650422, 0.19301354725133277, 0.19184448370418739, 0.19071268189938556, 0.1896174289391727, 0.18855803345451283, 0.18753382501234908, 0.18654415353898604, 0.18558838875924202, 0.18466591965101456, 0.18377615391490124, 0.18291851745851595, 0.18209245389514075, 0.1812974240563539, 0.18053290551827617, 0.17979839214107954, 0.1790933936214049, 0.17841743505733867, 0.1777700565256021, 0.1771508126706104, 0.17655927230506438, 0.17599501802174075, 0.17545764581615306, 0.17494676471976003, 0.17446199644340393, 0.17400297503066592, 0.17356934652083256, 0.1731607686211721, 0.17277691038822537, 0.17241745191782193, 0.1720820840435381, 0.17177050804331898, 0.17148243535399216, 0.1712175872934077, 0.17097569478994326, 0.17075649811912008, 0.17055974664708026, 0.17038519858068218, 0.17023262072397563, 0.170101788240824, 0.16999248442344625, 0.1699045004666564, 0.16983763524758297, 0.16979169511065736, 0.1697664936576627, 0.1697618515426419, 0.16977759627146674, 0.169813562005875, 0.16986958937178734, 0.1699455252717196, 0.17004122270111094, 0.1701565405683921, 0.17029134351862252, 0.17044550176052853, 0.17061889089677967, 0.17081139175734283, 0.17102289023575898, 0.17125327712818966, 0.17150244797508507, 0.1717703029053284, 0.17205674648271466, 0.17236168755462597, 0.17268503910276828, 0.1730267180958374, 0.17338664534398632, 0.17376474535496808, 0.17416094619183195, 0.1745751793320537, 0.17500737952798354, 0.17545748466849875, 0.1759254356417502, 0.17641117619889565, 0.17691465281871516, 0.17743581457300697, 0.17797461299266504, 0.17853100193434218]]","[[0.01, 0.011673645222856313, 0.01362924433757481, 0.01580189558251425, 0.01815640128854605, 0.02067538654856649, 0.023352116446014398, 0.026186203898595353, 0.029181128497350498, 0.03234277800100583, 0.03567859460428782, 0.03919708099735553, 0.04290752025995401, 0.04681982253681641, 0.05094444666874997, 0.05529236599806917, 0.059875060122047824, 0.06470452184672548, 0.06979327303952168, 0.07515438571566466, 0.0808015062516447, 0.08674888153555738, 0.0930113863999661, 0.0996045519931419, 0.10654459492168263, 0.11384844709648406, 0.12153378626736112, 0.12961906725850342, 0.13812355392867937, 0.14706735188326198, 0.1564714419635424, 0.16635771453459283, 0.17674900458734297, 0.18766912766418897, 0.19914291661068478, 0.21119625914880655, 0.22385613625996872, 0.23715066135837934, 0.25110912022740184, 0.2657620116832741, 0.2811410889217505, 0.29727940149390286, 0.3142113378473757, 0.3319726683587585, 0.35060058877135525, 0.37013376394042646, 0.390612371774892, 0.41207814725045466, 0.43457442635407634, 0.4581461898036635, 0.4828401063696431, 0.5087045756067957, 0.5357897697852231, 0.5641476747886311, 0.5938321297261884, 0.6248988649810631, 0.6574055383943509, 0.6914117692574969, 0.7269791697595143, 0.764171373507369, 0.8030540607088945, 0.8436949795776192, 0.8861639634880599, 0.9305329433784952, 0.9768759548661751, 1.0252691395075688, 1.0757907396038529, 1.12852108591971, 1.1835425776519934, 1.2409396539543183, 1.3007987562946164, 1.3632082808956736, 1.428258520484209, 1.4960415945528063, 1.5666513673216649, 1.6401833525744822, 1.7167346045356067, 1.79640359395485, 1.8792900685729228, 1.9654948971553896, 2.0551198963073642, 2.1482676393159608, 2.2450412463138965, 2.345544155116687, 2.4498798721587316, 2.5581517030412484, 2.6704624623085524, 2.786914162189431, 2.9076076801781916, 3.0326424054859205, 3.1621158645670895, 3.2961233261199983, 3.434757386171637, 3.578107534087916, 3.7262597005980784, 3.879296140876385, 4.03729877438924, 4.200351726547554, 4.368539802919086, 4.541946864198721, 4.720654457715671, 4.904740641354717, 5.094278952569749, 5.2893374875022845, 5.489978064569298, 5.696255454034831, 5.908216660585035, 6.125900250188881, 6.349335715840276, 6.57854287935827, 6.813531328430715, 7.0542998896424844, 7.300836139421316, 7.553115955728707, 7.811103113969933, 8.074748931033037, 8.343991961619524, 8.618757751120675, 8.898958649239205, 9.184493688369894, 9.47524853044603, 9.771095485541446, 10.071893605000643, 10.377488851262388, 10.687714345856207, 11.002390696298328, 11.321326401806832, 11.644318336909146, 11.971152311143271, 12.301603702173486, 12.635438158767506, 12.97241236923223, 13.312274890095278, 13.654767029065738, 13.99962377562475, 14.346574771998455, 14.695345316764655, 15.04565739295018, 15.397230712196329, 15.749783766410129, 16.10303487828222, 16.45670324213804, 16.810509946794788, 17.164178972417215, 17.517438153793133, 17.870020102974564, 18.22166308484126, 18.572111839826576, 18.921118348787367, 19.268442535784445, 19.613852905353134, 19.957127111669415, 20.298052457841255, 20.636426324363285, 20.97205652655308, 21.304761601527634, 21.634371025969333, 21.960725366563427, 22.283676365557525, 22.603086964393082, 22.918831268786143, 23.230794458988804, 23.538872649243636, 23.842972700652783, 24.143011991823908, 24.43891815173096, 24.730628759243018, 25.018091013735113, 25.301261381106205, 25.580105219397907, 25.854596388039024, 26.124716844541823, 26.390456232252276, 26.65181146251378, 26.908786294347898, 27.161390914491303, 27.40964152035973, 27.65355990824186, 27.893173068761715, 28.128512791390886, 28.35961527954384, 28.586520777553208, 28.809273210598505, 29.027919838452775, 29.24251092371772, 29.45309941503982, 29.659740645637402, 29.862492047322238, 30.06141288006803, 30.256563977062182, 30.448007505075584, 30.635806739897177, 30.820025856505023, 31.000729733582418, 31.17798377193567, 31.351853726328294, 31.522405550213715, 31.689705252824364, 31.853818768058176, 32.01481183459335, 32.17274988665776, 32.32769795488009, 32.47972057665474, 32.628881715461404, 32.77524468859172, 32.91887210275018, 33.05982579701263, 33.19816679264396, 33.333955249295876, 33.4672504271259, 33.59811065439961, 33.72659330015936, 33.85275475156378, 33.97665039552398, 34.0983346042829, 34.217860724605046, 34.335281070264, 34.45064691753429, 34.56400850341328, 34.675415026316756, 34.78491464900935, 34.89255450354725, 34.9983806980268, 35.102438324947364, 35.20477147101113, 35.305423228195835, 35.404435705949275, 35.50185004436608, 35.59770642821863, 35.69204410172439, 35.78490138394161, 35.87631568469476, 35.966323520939284, 36.05496053348343, 36.14226150399217, 36.22826037220511, 36.312990253306694, 36.39648345539272, 36.47877149698293, 36.559885124534105, 36.63985432991301, 36.71870836779262, 36.79647577293921, 36.87318437736117, 36.94886132729416, 37.02353309999983, 37.09722552035846, 37.1699637772382, 37.24177243962615, 37.31267547250834, 37.38269625248791, 37.45185758313246, 37.52018171004298, 37.58769033563858, 37.654404633652085, 37.72034526333336, 37.78553238335759, 37.84998566543744, 37.91372430763827, 37.97676704739684, 38.039132174244315, 38.100837542235126, 38.16190058208391, 38.22233831301297, 38.2821673543134, 38.34140393662327, 38.40006391292657, 38.45816276927693, 38.515715635250494, 38.572737294132295, 38.62924219284087, 38.685244451595885, 38.74075787333372, 38.79579595287594, 38.850371885855886, 38.90449857740834, 38.958188650627555, 39.01145445479878, 39.06430807340846, 39.11676133193826, 39.16882580544808, 39.2205128259532, 39.27183348960049, 39.32279866364883, 39.37341899325866, 39.42370490809544, 39.473666628751964, 39.5233141729942, 39.57265736183529, 39.621705825442355, 39.67046900888048, 39.718956177698416, 39.76717642336013, 39.81513866852657, 39.862851672191724, 39.91032403467689, 39.95756420248726, 40.004580473034515, 40.05138099922923, 40.09797379394676, 40.14436673437007, 40.19056756621308, 40.23658390782782, 40.28242325419861, 40.32809298082665, 40.37360034750789, 40.41895250200729, 40.46415648363245, 40.50921922670926, 40.554147563962545, 40.59894822980413, 40.643627863531165, 40.68819301243698, 40.73265013483705, 40.77700560301235, 40.82126570607238, 40.8654366527401, 40.909524574060825, 40.953535526037236, 40.997475492192386, 41.0413503860627, 41.08516605362284, 41.12892827564407, 41.172642769988066, 41.21631519383768, 41.25995114586629, 41.303556168347335, 41.347135749205435, 41.39069532401062, 41.43424027791697, 41.47777594754699, 41.521307622823045, 41.564840548747064, 41.60837992712957, 41.65193091826931, 41.695498642584454, 41.73908818219644, 41.78270458246738, 41.826352853492054, 41.87003797154527, 41.91376488048558, 41.957538493115976, 42.001363692502515, 42.04524533325149, 42.089188242745884, 42.13319722234167, 42.17727704852472, 42.2214324740288, 42.26566822891518, 42.30998902161444, 42.354399539930895, 42.39890445201008, 42.44350840726977, 42.48821603729483, 42.5330319566963, 42.57796076393499, 42.623007042109975, 42.66817535971212, 42.71347027134296, 42.758896318399124, 42.80445802972249, 42.85015992221624, 42.896006501426896, 42.94200226209253, 42.988151688657176, 43.03445925575154]]","[array([6.37688001e-05, 6.00799169e-05, 5.86664978e-05, 5.87303122e-05,
       5.97890223e-05, 6.15505988e-05, 6.38373571e-05, 6.65408918e-05,
       6.95952350e-05, 7.29606701e-05, 7.66139632e-05, 8.05424375e-05,
       8.47403577e-05, 8.92067058e-05, 9.39437995e-05, 9.89564219e-05,
       1.04251266e-04, 1.09836573e-04, 1.15721891e-04, 1.21917915e-04,
       1.28436376e-04, 1.35289963e-04, 1.42492272e-04, 1.50057769e-04,
       1.58001767e-04, 1.66340411e-04, 1.75090673e-04, 1.84270348e-04,
       1.93898063e-04, 2.03993276e-04, 2.14576293e-04, 2.25668279e-04,
       2.37291270e-04, 2.49468193e-04, 2.62222881e-04, 2.75580090e-04,
       2.89565522e-04, 3.04205840e-04, 3.19528690e-04, 3.35562716e-04,
       3.52337585e-04, 3.69883999e-04, 3.88233713e-04, 4.07419554e-04,
       4.27475433e-04, 4.48436354e-04, 4.70338432e-04, 4.93218894e-04,
       5.17116091e-04, 5.42069491e-04, 5.68119690e-04, 5.95308395e-04,
       6.23678425e-04, 6.53273688e-04, 6.84139169e-04, 7.16320901e-04,
       7.49865935e-04, 7.84822302e-04, 8.21238965e-04, 8.59165771e-04,
       8.98653382e-04, 9.39753206e-04, 9.82517314e-04, 1.02699835e-03,
       1.07324942e-03, 1.12132397e-03, 1.17127569e-03, 1.22315831e-03,
       1.27702550e-03, 1.33293064e-03, 1.39092668e-03, 1.45106590e-03,
       1.51339967e-03, 1.57797826e-03, 1.64485049e-03, 1.71406355e-03,
       1.78566259e-03, 1.85969048e-03, 1.93618739e-03, 2.01519051e-03,
       2.09673356e-03, 2.18084648e-03, 2.26755493e-03, 2.35687989e-03,
       2.44883718e-03, 2.54343696e-03, 2.64068327e-03, 2.74057352e-03,
       2.84309794e-03, 2.94823910e-03, 3.05597135e-03, 3.16626033e-03,
       3.27906238e-03, 3.39432413e-03, 3.51198235e-03, 3.63197462e-03,
       3.75426132e-03, 3.87882065e-03, 4.00563462e-03, 4.13467944e-03,
       4.26591944e-03, 4.39930326e-03, 4.53476175e-03, 4.67220678e-03,
       4.81153090e-03, 4.95260731e-03, 5.09529016e-03, 5.23941505e-03,
       5.38479958e-03, 5.53124406e-03, 5.67853216e-03, 5.82643176e-03,
       5.97469573e-03, 6.12306284e-03, 6.27125870e-03, 6.41899686e-03,
       6.56597986e-03, 6.71190049e-03, 6.85644309e-03, 6.99928496e-03,
       7.14009786e-03, 7.27854957e-03, 7.41430564e-03, 7.54703106e-03,
       7.67639212e-03, 7.80205831e-03, 7.92370415e-03, 8.04101119e-03,
       8.15366990e-03, 8.26138163e-03, 8.36386042e-03, 8.46083490e-03,
       8.55204998e-03, 8.63726853e-03, 8.71627293e-03, 8.78886641e-03,
       8.85487437e-03, 8.91414543e-03, 8.96655233e-03, 9.01199269e-03,
       9.05038951e-03, 9.08169147e-03, 9.10587309e-03, 9.12293464e-03,
       9.13290183e-03, 9.13582536e-03, 9.13178022e-03, 9.12086489e-03,
       9.10320031e-03, 9.07892874e-03, 9.04821245e-03, 9.01123236e-03,
       8.96818650e-03, 8.91928847e-03, 8.86476577e-03, 8.80485816e-03,
       8.73981593e-03, 8.66989821e-03, 8.59537129e-03, 8.51650694e-03,
       8.43358082e-03, 8.34687088e-03, 8.25665589e-03, 8.16321403e-03,
       8.06682154e-03, 7.96775148e-03, 7.86627264e-03, 7.76264841e-03,
       7.65713593e-03, 7.54998522e-03, 7.44143845e-03, 7.33172934e-03,
       7.22108259e-03, 7.10971350e-03, 6.99782760e-03, 6.88562042e-03,
       6.77327727e-03, 6.66097322e-03, 6.54887303e-03, 6.43713116e-03,
       6.32589196e-03, 6.21528971e-03, 6.10544889e-03, 5.99648437e-03,
       5.88850171e-03, 5.78159741e-03, 5.67585929e-03, 5.57136678e-03,
       5.46819128e-03, 5.36639656e-03, 5.26603907e-03, 5.16716837e-03,
       5.06982748e-03, 4.97405325e-03, 4.87987675e-03, 4.78732359e-03,
       4.69641433e-03, 4.60716479e-03, 4.51958638e-03, 4.43368647e-03,
       4.34946862e-03, 4.26693297e-03, 4.18607646e-03, 4.10689313e-03,
       4.02937435e-03, 3.95350910e-03, 3.87928419e-03, 3.80668447e-03,
       3.73569301e-03, 3.66629136e-03, 3.59845965e-03, 3.53217680e-03,
       3.46742070e-03, 3.40416828e-03, 3.34239570e-03, 3.28207849e-03,
       3.22319160e-03, 3.16570955e-03, 3.10960652e-03, 3.05485645e-03,
       3.00143308e-03, 2.94931007e-03, 2.89846104e-03, 2.84885965e-03,
       2.80047963e-03, 2.75329485e-03, 2.70727936e-03, 2.66240742e-03,
       2.61865355e-03, 2.57599256e-03, 2.53439956e-03, 2.49385001e-03,
       2.45431971e-03, 2.41578485e-03, 2.37822202e-03, 2.34160819e-03,
       2.30592076e-03, 2.27113757e-03, 2.23723686e-03, 2.20419732e-03,
       2.17199809e-03, 2.14061874e-03, 2.11003929e-03, 2.08024019e-03,
       2.05120236e-03, 2.02290714e-03, 1.99533630e-03, 1.96847207e-03,
       1.94229709e-03, 1.91679443e-03, 1.89194758e-03, 1.86774045e-03,
       1.84415735e-03, 1.82118299e-03, 1.79880249e-03, 1.77700134e-03,
       1.75576542e-03, 1.73508100e-03, 1.71493468e-03, 1.69531344e-03,
       1.67620463e-03, 1.65759592e-03, 1.63947532e-03, 1.62183117e-03,
       1.60465214e-03, 1.58792721e-03, 1.57164567e-03, 1.55579710e-03,
       1.54037138e-03, 1.52535868e-03, 1.51074944e-03, 1.49653437e-03,
       1.48270445e-03, 1.46925093e-03, 1.45616529e-03, 1.44343925e-03,
       1.43106481e-03, 1.41903415e-03, 1.40733971e-03, 1.39597413e-03,
       1.38493029e-03, 1.37420125e-03, 1.36378029e-03, 1.35366088e-03,
       1.34383668e-03, 1.33430156e-03, 1.32504953e-03, 1.31607482e-03,
       1.30737180e-03, 1.29893502e-03, 1.29075920e-03, 1.28283920e-03,
       1.27517005e-03, 1.26774693e-03, 1.26056514e-03, 1.25362016e-03,
       1.24690758e-03, 1.24042314e-03, 1.23416270e-03, 1.22812224e-03,
       1.22229788e-03, 1.21668585e-03, 1.21128250e-03, 1.20608429e-03,
       1.20108779e-03, 1.19628969e-03, 1.19168676e-03, 1.18727589e-03,
       1.18305405e-03, 1.17901834e-03, 1.17516592e-03, 1.17149405e-03,
       1.16800009e-03, 1.16468147e-03, 1.16153570e-03, 1.15856039e-03,
       1.15575323e-03, 1.15311195e-03, 1.15063441e-03, 1.14831849e-03,
       1.14616217e-03, 1.14416350e-03, 1.14232058e-03, 1.14063159e-03,
       1.13909477e-03, 1.13770841e-03, 1.13647088e-03, 1.13538059e-03,
       1.13443601e-03, 1.13363567e-03, 1.13297816e-03, 1.13246211e-03,
       1.13208620e-03, 1.13184916e-03, 1.13174978e-03, 1.13178688e-03,
       1.13195934e-03, 1.13226607e-03, 1.13270603e-03, 1.13327822e-03,
       1.13398168e-03, 1.13481549e-03, 1.13577877e-03, 1.13687066e-03,
       1.13809036e-03, 1.13943708e-03, 1.14091009e-03, 1.14250868e-03,
       1.14423215e-03, 1.14607986e-03, 1.14805119e-03, 1.15014555e-03,
       1.15236236e-03, 1.15470109e-03, 1.15716123e-03, 1.15974227e-03,
       1.16244375e-03, 1.16526523e-03, 1.16820628e-03, 1.17126650e-03,
       1.17444550e-03, 1.17774292e-03, 1.18115841e-03, 1.18469164e-03,
       1.18834229e-03])]","[[0, 6.376880005047202e-05, 0.00012384871691641303, 0.0001825152146708144, 0.0002412455268224413, 0.00030103454916125715, 0.00036258514791788894, 0.0004264225050012064, 0.0004929633967627441, 0.0005625586317557589, 0.0006355193018288795, 0.0007121332649826568, 0.0007926757024963846, 0.0008774160602271013, 0.0009666227660683065, 0.0010605665655242743, 0.0011595229874209587, 0.0012637742535144434, 0.0013736108262938646, 0.001489332716994903, 0.0016112506318462527, 0.0017396870075696246, 0.00187497697038979, 0.00201746924224319, 0.002167527011079797, 0.002325528777678615, 0.002491869188365748, 0.002666959860904162, 0.0028512302092918054, 0.003045128272059484, 0.0032491215477764724, 0.0034636978407701965, 0.003689366119494122, 0.003926657389499865, 0.004176125582560957, 0.0044383484631388866, 0.004713928553063691, 0.005003494075011306, 0.005307699915089815, 0.005627228604590096, 0.0059627913207075155, 0.006315128905795472, 0.006685012904464781, 0.007073246617591324, 0.007480666172035078, 0.007908141604603526, 0.008356577958509099, 0.008826916390271299, 0.009320135284697243, 0.009837251375237737, 0.010379320866657606, 0.010947440556577398, 0.011542748952036962, 0.012166427376798636, 0.012819701064647521, 0.013503840233457555, 0.014220161134274057, 0.014970027069115474, 0.015754849370618877, 0.01657608833604548, 0.017435254107524112, 0.018333907489743412, 0.019273660695608152, 0.020256178009653784, 0.021283176358268183, 0.022356425775003397, 0.023477749748477158, 0.024649025439568227, 0.02587218375380679, 0.027149209254057696, 0.028482139897797774, 0.02987306658250733, 0.03132413248194047, 0.03283753215531995, 0.034415510410832996, 0.03606036090419851, 0.03777442445254937, 0.039560087043443194, 0.04141977751849929, 0.04335596491097944, 0.045371155416606766, 0.047467888977073304, 0.04964873545604774, 0.05191629038808453, 0.05427317028168122, 0.056722007458858054, 0.05926544441506954, 0.061906127685028234, 0.06464670120215096, 0.06748979914185155, 0.07043803824182258, 0.07349400959579107, 0.07666026992101238, 0.07993933230399487, 0.08333365643362667, 0.08684563878606529, 0.09047761340581878, 0.09423187472957263, 0.09811069538301839, 0.10211633000088731, 0.10625100944078417, 0.11051692887691439, 0.11491623213852077, 0.11945099388377504, 0.12412320066395735, 0.1289347315660796, 0.13388733887520668, 0.1389826290351137, 0.14422204408214478, 0.14960684366400512, 0.155138087719728, 0.16081661987997828, 0.16664305164163012, 0.17261774737258917, 0.1787408102088752, 0.18501206891380276, 0.19143106577713528, 0.1979970456392896, 0.2047089461313233, 0.21156538922508158, 0.2185646741892327, 0.22570477204581768, 0.2329833216183246, 0.2403976272561768, 0.2479446583119727, 0.2556210504369545, 0.2634231087471825, 0.27134681289796175, 0.2793878240874527, 0.28754149399238643, 0.2958028756197027, 0.30416673603808064, 0.3126275709330936, 0.32117962090946456, 0.329816889444008, 0.338533162373694, 0.34732202878523083, 0.356176903155982, 0.36509104858123803, 0.37405760091013657, 0.3830695936021168, 0.39211998310790325, 0.40120167457378186, 0.4103075476654508, 0.4194304823080257, 0.42856338414182943, 0.43769920949931135, 0.4468309897166832, 0.45595185460443827, 0.465055054913606, 0.4741339836491181, 0.4831821960977226, 0.49219342845516795, 0.5011616149555541, 0.5100809034244835, 0.518945669196606, 0.5277505273570293, 0.536490343284557, 0.5451602414925452, 0.553755612780096, 0.562272119722121, 0.5707057005413227, 0.5790525714182396, 0.5873092273070543, 0.595472441334827, 0.6035392628701488, 0.6115070143539079, 0.6193732869899738, 0.6271359353971627, 0.6347930713259509, 0.6423430565441378, 0.6497844949951439, 0.6571162243309722, 0.6643373069192156, 0.6714470204199662, 0.6784448480242239, 0.6853304684405387, 0.6921037457112817, 0.6987647189342399, 0.7053135919592893, 0.7117507231238196, 0.7180766150844515, 0.7242919047964996, 0.7303973536866457, 0.7363938380584812, 0.7422823397649836, 0.748063937176675, 0.7537397964691842, 0.7593111632492332, 0.7647793545337097, 0.7701457510924752, 0.7754117901618994, 0.7805789585328035, 0.7856487860135325, 0.7906228392662489, 0.7955027160122271, 0.8002900395999324, 0.8049864539279464, 0.8095936187133591, 0.8141132050950469, 0.8185468915602923, 0.822896360182436, 0.8271632931566892, 0.8313493696208292, 0.8354562627472543, 0.8394856370927634, 0.8434391461924222, 0.8473184303839874, 0.851125114849548, 0.8548608078613097, 0.8585270992187714, 0.8621255588649211, 0.8656577356694926, 0.8691251563677693, 0.8725293246438969, 0.8758717203481426, 0.8791537988380432, 0.8823769904338752, 0.8855426999793852, 0.8886523064992078, 0.8917071629448902, 0.8947085960219123, 0.8976579060905631, 0.9005563671339731, 0.9034052267870463, 0.9062057064204416, 0.90895900127416, 0.9116662806356687, 0.9143286880578588, 0.9169473416124757, 0.9195233341749849, 0.9220577337371466, 0.9245515837438599, 0.9270059034511089, 0.9294216883021003, 0.9317999103189224, 0.9341415185072761, 0.9364474392720409, 0.9387185768416322, 0.9409558136992896, 0.9431600110196027, 0.9453320091087379, 0.9474726278469782, 0.949582667132317, 0.9516629073239771, 0.953714109684837, 0.9557370168218547, 0.957732353123676, 0.9597008251947048, 0.9616431222849956, 0.9635599167154039, 0.965451864297499, 0.9673196047478101, 0.9691637620960316, 0.9709849450868694, 0.9727837475752563, 0.9745607489147112, 0.976316514338655, 0.9780515953345332, 0.9797665300106301, 0.9814618434554853, 0.983138048089855, 0.9847956440111827, 0.9864351193305638, 0.9880569505022133, 0.9896616026454585, 0.9912495298592972, 0.9928211755295737, 0.9943769726288413, 0.9959173440089832, 0.9974427026866839, 0.99895345212184, 1.0004499864890164, 1.001932690942054, 1.0034019418719415, 1.0048581071580707, 1.0063015464129945, 1.0077326112208147, 1.009151645369322, 1.01055898507602, 1.011954959208162, 1.01333988949693, 1.0147140907458874, 1.0160778710338352, 1.0174315319122036, 1.0187753685971084, 1.020109670156199, 1.0214347196904296, 1.0227507945108767, 1.0240581663107284, 1.0253571013325715, 1.0266478605310936, 1.0279306997313236, 1.0292058697825248, 1.030473616707859, 1.0317341818499324, 1.0329878020123358, 1.0342347095972868, 1.0354751327394804, 1.0367092954362533, 1.0379374176741605, 1.039159715552067, 1.0403764014008492, 1.0415876838997993, 1.0427937681898283, 1.043994855983554, 1.045191145672361, 1.0463828324305227, 1.047570108316459, 1.0487531623712194, 1.0499321807142619, 1.0511073466366088, 1.0522788406914503, 1.0534468407822675, 1.0546115222485442, 1.0557730579491353, 1.0569316183433575, 1.0580873715698609, 1.0592404835233507, 1.0603911179292091, 1.0615394364160822, 1.062685598586481, 1.0638297620854562, 1.0649720826673934, 1.0661127142609799, 1.0672518090323937, 1.0683895174467595, 1.0695259883279153, 1.0706613689165358, 1.0717958049266527, 1.072929440600611, 1.074062418762503, 1.075194880870116, 1.0763269670654259, 1.0774588162236787, 1.0785905660010857, 1.0797223528811677, 1.080854312219779, 1.0819865782888376, 1.0831192843187931, 1.0842525625398558, 1.0853865442220145, 1.0865213597138668, 1.0876571384802842, 1.0887940091389372, 1.0899320994956962, 1.0910715365789336, 1.0922124466727428, 1.093354955349093, 1.0944991874989378, 1.09564526736229, 1.0967933185572842, 1.0979434641082335, 1.0990958264727007, 1.100250527567592, 1.1014076887942859, 1.1025674310628086, 1.1037298748150666, 1.104895140047142, 1.1060633463306653, 1.1072346128332657, 1.1084090583381125, 1.1095868012625498, 1.1107679596758315, 1.111952651315961, 1.1131409936056413]]"
50.0,80.0,4,120,90,I0-S0,"[[0.01, 0.009218546420913139, 0.008861068736292907, 0.008775059817687893, 0.008868448506442047, 0.009085551563804134, 0.009392519269179044, 0.009768612642690395, 0.010201073994896443, 0.010682046503030547, 0.011206716387516216, 0.011772188139683167, 0.012376800244284804, 0.013019706036451658, 0.01370061456202454, 0.014419628375506187, 0.015177140400328124, 0.01597376706178257, 0.016810303940353166, 0.017687695611292634, 0.018607014588801266, 0.019569446249648608, 0.02057627779159523, 0.021628889997467975, 0.02272875101215984, 0.02387741160837611, 0.0250765015841854, 0.026327727041224998, 0.027632868360671973, 0.02899377873920863, 0.03041238317786257, 0.031890677838052134, 0.03343072969463357, 0.03503467642721091, 0.03670472649967394, 0.03844315938466479, 0.040252325894952895, 0.042134648587866516, 0.04409262221222404, 0.04612881416979926, 0.04824586496536733, 0.050446488620907254, 0.05273347303065733, 0.0551096802344918, 0.057578046587559745, 0.060141582804341315, 0.0628033738552668, 0.06556657869384051, 0.06843442979183989, 0.0714102324596431, 0.0744973639280971, 0.07769927216758982, 0.08101947441915461, 0.08446155541152553, 0.08802916523709867, 0.09172601685874937, 0.09555588321842738, 0.09952259391741594, 0.10363003143711517, 0.10788212686821311, 0.11228285511515751, 0.11683622954196157, 0.12154629602458625, 0.1264171263744678, 0.13145281109722654, 0.13665745145022862, 0.1420351507625102, 0.14759000498064057, 0.15332609240443734, 0.159247462577085, 0.1653581242951896, 0.17166203270566774, 0.17816307545815924, 0.18486505788391489, 0.19177168717489124, 0.19888655554012594, 0.20621312232042294, 0.21375469504698838, 0.22151440943497608, 0.22949520830896852, 0.2376998194642786, 0.2461307324756478, 0.2547901744734713, 0.2636800849171291, 0.2728020894053635, 0.28215747257493073, 0.2917471501509658, 0.30157164022562666, 0.3116310338555979, 0.3219249650838942, 0.33245258050704657, 0.343212508525107, 0.35420282842885414, 0.36542103949601473, 0.37686403028606436, 0.3885280483410747, 0.4004086705179181, 0.4125007741946975, 0.42479850961127824, 0.4372952736199745, 0.44998368513747133, 0.46285556260261135, 0.47590190375638475, 0.4891128680699627, 0.5024777621535168, 0.5159850284824897, 0.5296222377785234, 0.5433760853790423, 0.5572323919221553, 0.5711761086617514, 0.5851913277111174, 0.5992612974918566, 0.6133684436381275, 0.6274943955741478, 0.6416200189454676, 0.6557254540417581, 0.6697901603009396, 0.6837929669316497, 0.697712129633681, 0.7115253933346167, 0.7252100607960376, 0.7387430668751176, 0.752101058157986, 0.7652604776108596, 0.7781976538246715, 0.7908897440538853, 0.8033232945568706, 0.8154981063702571, 0.8274212408113485, 0.8391024694246365, 0.8505514843522177, 0.8617762653641183, 0.8727822045152234, 0.8835717229416415, 0.8941442026055189, 0.9044961145638227, 0.9146212646852934, 0.9245111042212835, 0.9341550705265954, 0.9435409353392357, 0.9526551462298829, 0.9614831523715908, 0.9700097095001389, 0.978219161408136, 0.9860956969335561, 0.9936235824359798, 1.0007873703884616, 1.0075720850795507, 1.0139633866089308, 1.0199477144341573, 1.0255124117284717, 1.0306458317704035, 1.0353374275249345, 1.0395778255066863, 1.043358884946352, 1.0466737432175126, 1.049516848424755, 1.0518839800067443, 1.0537722581696107, 1.055180142935975, 1.056107423572063, 1.0565551991382889, 1.0565258508960038, 1.0560230072934091, 1.0550515022455793, 1.0536173274159797, 1.0517275791987155, 1.049390401091191, 1.0466149221351881, 1.0434111920900824, 1.0397901139846624, 1.0357633746736157, 1.031343374001128, 1.0265431531473046, 1.0213763227034176, 1.0158569909895905, 1.0099996930937847, 1.0038193210742241, 0.9973310557291277, 0.9905503002982445, 0.9834926164206599, 0.976173662633108, 0.9686091356530255, 0.9608147146512128, 0.9528060086806154, 0.9445985073907367, 0.936207535121849, 0.9276482084397292, 0.918935397140332, 0.9100836887247842, 0.9011073563184656, 0.8920203299838197, 0.8828361713549403, 0.8735680515029275, 0.864228731924461, 0.85483054853194, 0.8453853985118099, 0.8359047299082346, 0.8263995337819364, 0.8168803387887104, 0.807357208018639, 0.7978397379352723, 0.7883370592538053, 0.7788578395984441, 0.7694102877815322, 0.7600021595504579, 0.7506407646527374, 0.7413329750748134, 0.7320852343159, 0.7229035675645045, 0.7137935926519587, 0.7047605316642774, 0.6958092231008369, 0.6869441344756477, 0.6781693752642917, 0.6694887101068491, 0.6609055721842874, 0.6524230766927674, 0.6440440343471153, 0.6357709648512457, 0.6276061102796149, 0.6195514483197628, 0.6116087053317, 0.6037793691852561, 0.5960647018415602, 0.5884657516495366, 0.5809833653326979, 0.5736181996455871, 0.5663707326829781, 0.5592412748283939, 0.5522299793316571, 0.5453368525080515, 0.5385617635542782, 0.5319044539787188, 0.5253645466456216, 0.518941554434683, 0.5126348885191488, 0.5064438662670069, 0.5003677187711008, 0.4944055980150837, 0.4885565836830589, 0.4828196896215324, 0.47719386996295515, 0.4716780249206527, 0.46627100626535894, 0.46097162249388407, 0.455778643700672, 0.4506908061631478, 0.44570681665182915, 0.4408253564761857, 0.4360450852771838, 0.43136464457736046, 0.4267826610991335, 0.42229774986187996, 0.41790851706811244, 0.41361356278885103, 0.4094114834580365, 0.4053008741855608, 0.40128033089820564, 0.397348452317486, 0.39350384178309183, 0.3897451089303129, 0.3860708712295195, 0.3824797553954605, 0.37897039867382654, 0.375541450012217, 0.3721915711223432, 0.36891943743999756, 0.3657237389890229, 0.36260318115522594, 0.3595564853758961, 0.3565823897503147, 0.3536796495763743, 0.3508470378181664, 0.3480833455091474, 0.34538738209525, 0.34275797572207517, 0.34019397347007463, 0.33769424154142075, 0.3352576654020527, 0.3328831498821914, 0.33056961923842665, 0.3283160171802988, 0.32612130686412605, 0.3239844708566639, 0.3219045110710264, 0.3198804486771515, 0.31791132398894945, 0.31599619633014153, 0.31413414388066646, 0.31232426350541315, 0.31056567056692225, 0.3088574987235931, 0.30719889971482733, 0.3055890431344466, 0.30402711619362816, 0.30251232347451684, 0.30104388667559123, 0.2996210443497838, 0.2982430516362835, 0.29690917998688093, 0.2956187168876532, 0.29437096557672354, 0.29316524475877737, 0.2920008883169596, 0.29087724502273243, 0.28979367824422314, 0.28874956565354926, 0.2877442989335675, 0.28677728348445414, 0.28584793813048953, 0.2849556948273855, 0.28409999837046335, 0.28328030610396177, 0.28249608763172585, 0.28174682452950434, 0.2810320100590581, 0.2803511488842612, 0.27970375678935655, 0.279089360399508, 0.2785074969037745, 0.2779577137806165, 0.27743956852602764, 0.27695262838437434, 0.276496470082011, 0.2760706795637277, 0.2756748517320778, 0.27530859018962134, 0.2749715069841131, 0.27466322235665525, 0.2743833644928277, 0.27413156927680227, 0.27390748004844195, 0.27371074736338, 0.27354102875606984, 0.27339798850579267, 0.2732812974056055, 0.2731906325342099, 0.2731256770307181, 0.27308611987229264, 0.2730716556546314, 0.27308198437527104, 0.2731168112196788, 0.27317584635010234, 0.27325880469714786, 0.27336540575405477, 0.2734953733736365, 0.27364843556785706, 0.27382432431001336, 0.27402277533949426, 0.27424352796908813, 0.27448632489481184, 0.2747509120082359, 0.27503703821128145, 0.27534445523346585, 0.2756729174515784, 0.2760221817117649, 0.2763920071540061, 0.27678215503897513, 0.27719238857726175, 0.27762247276095325, 0.2780721741975659, 0.27854126094632026, 0.2790295023567601, 0.2795366689097143, 0.2800625320606054]]","[[0.01, 0.011673645222856313, 0.01362924433757481, 0.01580189558251425, 0.018156401288824855, 0.020675381551723382, 0.023352040259775567, 0.026185827290029363, 0.02917995818814221, 0.032339954256507264, 0.03567278424573092, 0.03918636430547624, 0.04288927104508302, 0.04679058098522555, 0.050899784682808744, 0.05522674475122775, 0.05978167950981298, 0.06457516146140045, 0.06961812424341883, 0.07492187434057607, 0.08049810541334305, 0.0863589140208451, 0.09251681605931786, 0.0989847635530682, 0.10577616161638381, 0.11290488550713015, 0.12038529774859544, 0.1282322653249077, 0.13646117696852972, 0.14508796056268827, 0.1541291006810614, 0.16360165628391288, 0.17352327858542838, 0.18391222910199415, 0.19478739788595453, 0.20616832194417667, 0.2180752038356213, 0.23052893043708458, 0.24355109186132132, 0.2571640005068541, 0.27139071021387773, 0.28625503549574055, 0.30178157081048984, 0.3179957098318621, 0.33492366467385853, 0.35259248501762835, 0.3710300770837704, 0.3902652223873285, 0.41032759620667836, 0.4312477856911659, 0.4530573075257468, 0.4757886250639798, 0.4994751648335396, 0.5241513323109293, 0.549852526854291, 0.5766151556751407, 0.6044766467214914, 0.6334754603361987, 0.6636510995454745, 0.6950441188233966, 0.727696131168921, 0.761649813322416, 0.7969489089391242, 0.8336382295272762, 0.8717636529488794, 0.9113721192715609, 0.9525116237503307, 0.9952312067088369, 1.039580940080708, 1.0856119103630302, 1.133376197726007, 1.1829268510155349, 1.234317858378943, 1.2876041132386542, 1.3428413753341863, 1.400086226549939, 1.4593960212447674, 1.5208288307996705, 1.5844433821022157, 1.6502989896908353, 1.718455481289085, 1.7889731164696143, 1.8619124982001978, 1.9373344770399974, 2.015300047773471, 2.095870238292325, 2.179105990562816, 2.2650680335467626, 2.353816747980099, 2.4454120229527896, 2.539913104278614, 2.637378434692859, 2.7378654859703344, 2.8414305831154127, 2.948128720839919, 3.058013372613542, 3.1711362926448414, 3.287547311228556, 3.4072941239764702, 3.530422075534078, 3.6569739384730964, 3.786989688139952, 3.9205062743317654, 4.05755739076336, 4.198173243380282, 4.342380318662714, 4.490201153152287, 4.641654105516772, 4.796753132545206, 4.955507570536634, 5.11792192360791, 5.283995660498343, 5.453723021489965, 5.62709283709027, 5.804088360138099, 5.984687112991509, 6.168860751437908, 6.356574946930242, 6.5477892886979046, 6.742457207206595, 6.940525920347265, 7.141936403620475, 7.346623385449181, 7.554515368600802, 7.765534678529219, 7.979598432592074, 8.196628227965698, 8.416557262327233, 8.639326995338422, 8.86488383272841, 9.093176644072843, 9.32415488004157, 9.557767132263471, 9.793960028410872, 10.03267738736453, 10.27385958065564, 10.517443060718506, 10.76336002629379, 11.011538202158633, 11.261900715220428, 11.514366052535612, 11.768848089418821, 12.025256177765657, 12.283495286207664, 12.543466184876326, 12.80506566846151, 13.068186811971072, 13.332719254177842, 13.598549504211611, 13.865561267143038, 14.133635784733059, 14.402652187801177, 14.672487856910788, 14.94301878828935, 15.214119962102776, 15.485665710393192, 15.757530082171176, 16.029587203331335, 16.30171162923581, 16.573778687985445, 16.845664812574046, 17.11724786029747, 17.388407417966178, 17.65902509164693, 17.92898477983592, 18.198172929140323, 18.466478771717995, 18.73379454389342, 19.000015685532176, 19.265041019914026, 19.52877291399567, 19.791117419097287, 20.05198439218096, 20.311287598013706, 20.568944792622123, 20.824877788549248, 21.07901250251699, 21.33127898617892, 21.581611440718586, 21.829948216107717, 22.076231795887153, 22.320408768371173, 22.5624297852037, 22.802249508213116, 23.039826545521738, 23.27512337786692, 23.50810627608407, 23.73874521068828, 23.96701375447148, 24.192888979006767, 24.416351345921534, 24.63738459376709, 24.85597562127506, 25.072114367750817, 25.285793691312232, 25.497009245638274, 25.705759355847686, 25.91204489408285, 26.11586915532905, 26.317237733954762, 26.51615840141466, 26.712640985514263, 26.906697251593567, 27.09834078594703, 27.287586881758777, 27.47445242779556, 27.65895580006521, 27.841116756615875, 28.0209563356206, 28.19849675686354, 28.373761326717453, 28.546774346677854, 28.717561025496906, 28.886147394939528, 29.05256022916588, 29.216826967727574, 29.37897564215004, 29.539034806060187, 29.69703346880681, 29.85300103251082, 30.00696723247364, 30.158962080864463, 30.309015813600617, 30.457158840330116, 30.603421697421084, 30.747835003859443, 30.890429419953744, 31.03123560874425, 31.170284200012375, 31.30760575678607, 31.443230744236992, 31.577189500865703, 31.709512211872397, 31.84022888461185, 31.96936932603321, 32.096963122007075, 32.22303961844472, 32.34762790411662, 32.4707567950801, 32.59245482062867, 32.712750210678436, 32.83167088450977, 32.949244440785534, 33.065498148770004, 33.18045894067567, 33.294153405068116, 33.406607781262004, 33.51784795464428, 33.627899452863474, 33.73678744282689, 33.84453672845014, 33.95117174910632, 34.056716578724604, 34.16119492549071, 34.26463013210409, 34.3670451765491, 34.46846267333979, 34.56890487520004, 34.668393675142944, 34.7669506089156, 34.86459685777705, 34.96135325157936, 35.05724027212339, 35.15227805676266, 35.246486402230325, 35.339884768665705, 35.43249228381859, 35.52432774741063, 35.615409635634684, 35.70575610577418, 35.795385000925776, 35.88431385480974, 35.972559896653536, 36.06014005613515, 36.14707096837364, 36.23336897895536, 36.319050148985, 36.40413026015161, 36.488624819800386, 36.57254906600179, 36.655917972610176, 36.73874625430481, 36.82104837160668, 36.902838535865136, 36.98413071420885, 37.064938634456084, 37.14527578997975, 37.225155444523146, 37.30459063696263, 37.38359418601388, 37.462178694878816, 37.54035655583033, 37.618139954732676, 37.69554087549521, 37.772571104457775, 37.849242234706054, 37.92556567031553, 38.00155263052289, 38.07721415382388, 38.15256110199681, 38.22760416405098, 38.30235386009968, 38.37682054515725, 38.451014412860076, 38.52494549911127, 38.59862368564918, 38.67205870353964, 38.745260136592236, 38.818237424700804, 38.89099986710842, 38.963556625597334, 39.03591672760427, 39.10808906926147, 39.18008241836423, 39.25190541726529, 39.32356658569683, 39.395074323520575, 39.46643691340691, 39.53766252344341, 39.60875920967373, 39.67973491856748, 39.750597489421864, 39.82135465669577, 39.892014052277204, 39.96258320768475, 40.03306955620382, 40.10348043495854, 40.173823086920024, 40.24410466285178, 40.314332223193105, 40.38451273988113, 40.45465309811245, 40.524760098044915, 40.5948404564405, 40.664900808249946, 40.73494770813988, 40.80498763196322, 40.87502697817361, 40.9450720691845, 41.0151291526737, 41.08520440283408, 41.15530392157109, 41.225433739647784, 41.295599817778125, 41.36580804766912, 41.436064253012496, 41.50637419042661, 41.57674355034922, 41.647177957881716, 41.717682973585525, 41.78826409423127, 41.858926753501315, 41.92967632264629, 42.00051811109627, 42.0714573670272, 42.14249927788309, 42.2136489708547, 42.28491151331522, 42.35629191321367, 42.427795119426385, 42.49942602206748, 42.571189452758624, 42.643090184858906, 42.71513293365529, 42.7873223565143, 42.85966305299552]]","[array([6.37688001e-05, 6.00799169e-05, 5.86664978e-05, 5.87303121e-05,
       5.97890183e-05, 6.15504157e-05, 6.38361989e-05, 6.65368713e-05,
       6.95850275e-05, 7.29392235e-05, 7.65742418e-05, 8.04751853e-05,
       8.46338740e-05, 8.90466278e-05, 9.37128897e-05, 9.86343567e-05,
       1.03814423e-04, 1.09257816e-04, 1.14970349e-04, 1.20958756e-04,
       1.27230570e-04, 1.33794039e-04, 1.40658059e-04, 1.47832131e-04,
       1.55326319e-04, 1.63151228e-04, 1.71317977e-04, 1.79838190e-04,
       1.88723980e-04, 1.97987940e-04, 2.07643141e-04, 2.17703128e-04,
       2.28181916e-04, 2.39093993e-04, 2.50454316e-04, 2.62278322e-04,
       2.74581920e-04, 2.87381501e-04, 3.00693940e-04, 3.14536595e-04,
       3.28927315e-04, 3.43884439e-04, 3.59426800e-04, 3.75573727e-04,
       3.92345042e-04, 4.09761065e-04, 4.27842609e-04, 4.46610980e-04,
       4.66087969e-04, 4.86295854e-04, 5.07257384e-04, 5.28995780e-04,
       5.51534714e-04, 5.74898304e-04, 5.99111096e-04, 6.24198044e-04,
       6.50184491e-04, 6.77096148e-04, 7.04959061e-04, 7.33799587e-04,
       7.63644357e-04, 7.94520237e-04, 8.26454292e-04, 8.59473732e-04,
       8.93605869e-04, 9.28878056e-04, 9.65317630e-04, 1.00295184e-03,
       1.04180780e-03, 1.08191235e-03, 1.12329207e-03, 1.16597311e-03,
       1.20998110e-03, 1.25534111e-03, 1.30207748e-03, 1.35021371e-03,
       1.39977239e-03, 1.45077498e-03, 1.50324178e-03, 1.55719170e-03,
       1.61264213e-03, 1.66960882e-03, 1.72810567e-03, 1.78814458e-03,
       1.84973526e-03, 1.91288506e-03, 1.97759878e-03, 2.04387846e-03,
       2.11172321e-03, 2.18112898e-03, 2.25208837e-03, 2.32459043e-03,
       2.39862042e-03, 2.47415966e-03, 2.55118529e-03, 2.62967007e-03,
       2.70958221e-03, 2.79088513e-03, 2.87353734e-03, 2.95749224e-03,
       3.04269798e-03, 3.12909727e-03, 3.21662733e-03, 3.30521970e-03,
       3.39480023e-03, 3.48528897e-03, 3.57660012e-03, 3.66864209e-03,
       3.76131744e-03, 3.85452296e-03, 3.94814980e-03, 4.04208350e-03,
       4.13620425e-03, 4.23038700e-03, 4.32450176e-03, 4.41841382e-03,
       4.51198413e-03, 4.60506959e-03, 4.69752350e-03, 4.78919599e-03,
       4.87993447e-03, 4.96958417e-03, 5.05798867e-03, 5.14499049e-03,
       5.23043283e-03, 5.31418818e-03, 5.39621357e-03, 5.47653503e-03,
       5.55521062e-03, 5.63230640e-03, 5.70788195e-03, 5.78198216e-03,
       5.85463319e-03, 5.92584102e-03, 5.99559172e-03, 6.06385273e-03,
       6.13057470e-03, 6.19569375e-03, 6.25913372e-03, 6.32080848e-03,
       6.38062418e-03, 6.43848133e-03, 6.49427679e-03, 6.54790554e-03,
       6.59926229e-03, 6.64824300e-03, 6.69474617e-03, 6.73867399e-03,
       6.77993338e-03, 6.81843689e-03, 6.85410346e-03, 6.88685905e-03,
       6.91663723e-03, 6.94337959e-03, 6.96703610e-03, 6.98756537e-03,
       7.00493479e-03, 7.01912072e-03, 7.03010842e-03, 7.03789205e-03,
       7.04247460e-03, 7.04386769e-03, 7.04209136e-03, 7.03717385e-03,
       7.02915128e-03, 7.01806729e-03, 7.00397273e-03, 6.98692521e-03,
       6.96698869e-03, 6.94423304e-03, 6.91873362e-03, 6.89057075e-03,
       6.85982926e-03, 6.82659805e-03, 6.79096955e-03, 6.75303927e-03,
       6.71290534e-03, 6.67066805e-03, 6.62642937e-03, 6.58029256e-03,
       6.53236172e-03, 6.48274140e-03, 6.43153621e-03, 6.37885047e-03,
       6.32478789e-03, 6.26945118e-03, 6.21294185e-03, 6.15535987e-03,
       6.09680345e-03, 6.03736881e-03, 5.97714998e-03, 5.91623860e-03,
       5.85472380e-03, 5.79269203e-03, 5.73022695e-03, 5.66740936e-03,
       5.60431706e-03, 5.54102487e-03, 5.47760451e-03, 5.41412463e-03,
       5.35065076e-03, 5.28724532e-03, 5.22396764e-03, 5.16087396e-03,
       5.09801751e-03, 5.03544850e-03, 4.97321419e-03, 4.91135895e-03,
       4.84992436e-03, 4.78894921e-03, 4.72846964e-03, 4.66851915e-03,
       4.60912878e-03, 4.55032710e-03, 4.49214036e-03, 4.43459253e-03,
       4.37770544e-03, 4.32149883e-03, 4.26599047e-03, 4.21119622e-03,
       4.15713014e-03, 4.10380456e-03, 4.05123020e-03, 3.99941622e-03,
       3.94837030e-03, 3.89809876e-03, 3.84860661e-03, 3.79989762e-03,
       3.75197441e-03, 3.70483852e-03, 3.65849048e-03, 3.61292987e-03,
       3.56815538e-03, 3.52416490e-03, 3.48095554e-03, 3.43852370e-03,
       3.39686514e-03, 3.35597502e-03, 3.31584796e-03, 3.27647804e-03,
       3.23785891e-03, 3.19998379e-03, 3.16284553e-03, 3.12643664e-03,
       3.09074930e-03, 3.05577545e-03, 3.02150678e-03, 2.98793475e-03,
       2.95505065e-03, 2.92284563e-03, 2.89131068e-03, 2.86043670e-03,
       2.83021449e-03, 2.80063479e-03, 2.77168828e-03, 2.74336561e-03,
       2.71565743e-03, 2.68855437e-03, 2.66204707e-03, 2.63612622e-03,
       2.61078251e-03, 2.58600671e-03, 2.56178962e-03, 2.53812213e-03,
       2.51499520e-03, 2.49239985e-03, 2.47032720e-03, 2.44876849e-03,
       2.42771501e-03, 2.40715821e-03, 2.38708960e-03, 2.36750083e-03,
       2.34838367e-03, 2.32972999e-03, 2.31153179e-03, 2.29378121e-03,
       2.27647048e-03, 2.25959199e-03, 2.24313824e-03, 2.22710187e-03,
       2.21147565e-03, 2.19625245e-03, 2.18142531e-03, 2.16698739e-03,
       2.15293195e-03, 2.13925241e-03, 2.12594232e-03, 2.11299533e-03,
       2.10040523e-03, 2.08816595e-03, 2.07627153e-03, 2.06471612e-03,
       2.05349402e-03, 2.04259962e-03, 2.03202746e-03, 2.02177216e-03,
       2.01182849e-03, 2.00219131e-03, 1.99285561e-03, 1.98381646e-03,
       1.97506907e-03, 1.96660874e-03, 1.95843087e-03, 1.95053098e-03,
       1.94290467e-03, 1.93554765e-03, 1.92845573e-03, 1.92162480e-03,
       1.91505085e-03, 1.90872997e-03, 1.90265832e-03, 1.89683216e-03,
       1.89124783e-03, 1.88590175e-03, 1.88079043e-03, 1.87591045e-03,
       1.87125847e-03, 1.86683122e-03, 1.86262552e-03, 1.85863824e-03,
       1.85486634e-03, 1.85130682e-03, 1.84795677e-03, 1.84481334e-03,
       1.84187374e-03, 1.83913524e-03, 1.83659516e-03, 1.83425089e-03,
       1.83209987e-03, 1.83013960e-03, 1.82836762e-03, 1.82678154e-03,
       1.82537899e-03, 1.82415767e-03, 1.82311533e-03, 1.82224974e-03,
       1.82155873e-03, 1.82104017e-03, 1.82069196e-03, 1.82051206e-03,
       1.82049844e-03, 1.82064912e-03, 1.82096216e-03, 1.82143562e-03,
       1.82206764e-03, 1.82285636e-03, 1.82379994e-03, 1.82489659e-03,
       1.82614454e-03, 1.82754203e-03, 1.82908733e-03, 1.83077875e-03,
       1.83261460e-03, 1.83459322e-03, 1.83671295e-03, 1.83897217e-03,
       1.84136927e-03, 1.84390265e-03, 1.84657072e-03, 1.84937191e-03,
       1.85230466e-03, 1.85536741e-03, 1.85855863e-03, 1.86187679e-03,
       1.86532035e-03])]","[[0, 6.376880005047202e-05, 0.00012384871691641303, 0.0001825152146708144, 0.00024124552681513788, 0.0003010345451407597, 0.0003625849607947149, 0.00042642115967114194, 0.0004929580309933965, 0.0005625430585318627, 0.0006354822820315507, 0.000712056523786833, 0.0007925317091116419, 0.000877165583085036, 0.0009662122109294596, 0.0010599251006680923, 0.0011585594573892168, 0.0012623738805095553, 0.001371631696183524, 0.0014866020449164526, 0.0016075608006374485, 0.001734791370680428, 0.0018685854095512372, 0.002009243468976629, 0.0021570756001097133, 0.002312401919448157, 0.002475553147127533, 0.0026468711242514983, 0.002826709314489811, 0.0030154332941163533, 0.0032134212338493185, 0.0034210643752171604, 0.003638767503657006, 0.0038669494201242376, 0.0041060434126306625, 0.004356497728818488, 0.004618776050406969, 0.004893357970109558, 0.005180739471405123, 0.005481433411352073, 0.005795970006454815, 0.006124897321424241, 0.00646878176051513, 0.006828208560970656, 0.007203782287955812, 0.007596127330215247, 0.008005888395545547, 0.008433731005025662, 0.008880341984801, 0.009346429954065528, 0.00983272580773116, 0.010339983192114025, 0.010868978971802208, 0.011420513685698797, 0.01199541199005694, 0.01259452308614003, 0.013218721129949712, 0.013868905621267084, 0.014546001769048293, 0.015250960830004762, 0.015984760416980867, 0.016748404773518293, 0.017542925010767214, 0.018369379302670345, 0.019228853035107865, 0.020122458904450188, 0.02105133696072261, 0.02201665459034276, 0.02301960643314989, 0.024061414228206377, 0.02514332658261865, 0.026266618657399158, 0.027432591764176215, 0.02864257286635688, 0.029897913978163528, 0.03119999145480036, 0.03255020516686612, 0.03394997755201775, 0.03540075253681145, 0.03690399432160696, 0.03846118602142358, 0.04007382815568747, 0.041743436979915005, 0.04347154265254207, 0.04525968723034048, 0.047109422486166126, 0.049022307543164986, 0.05099990632002955, 0.053043784782454625, 0.055155507996594744, 0.057336636981079735, 0.05958872535500661, 0.06191331578029825, 0.06431193619790651, 0.06678609585854174, 0.06933728114993427, 0.07196695122407598, 0.07467653342945091, 0.07746741855494009, 0.08034095589387284, 0.0832984481385877, 0.08634114611785303, 0.08947024339156835, 0.09268687071930905, 0.09599209042147443, 0.09938689065403182, 0.10287217962009779, 0.10644877974383715, 0.11011742183436495, 0.11387873926947747, 0.11773326223108553, 0.12168141202614251, 0.12572349552861917, 0.1298596997796396, 0.13409008678422424, 0.1384145885441494, 0.142833002367194, 0.14734498649346997, 0.15195005607959028, 0.15664757958109038, 0.1614367755727592, 0.166316710045334, 0.17128629421535574, 0.17634428288285567, 0.18148927336894932, 0.18671970619579717, 0.19203389437425536, 0.19743010794693455, 0.2029066429747293, 0.20846185359230593, 0.21409415999274362, 0.2198020419396742, 0.22558402409735723, 0.2314386572849152, 0.2373644983054289, 0.24336009002835896, 0.24942394275410945, 0.2555545174564288, 0.26175021121122183, 0.2680093449319791, 0.2743301534105385, 0.28071077758564245, 0.2871492589159876, 0.29364353570907875, 0.30019144124526687, 0.30679070353313076, 0.31343894653461335, 0.3201336927038518, 0.32687236669097874, 0.3336523000703605, 0.34047073696115815, 0.34732484041638373, 0.3542116994645676, 0.3611283366956536, 0.36807171628977725, 0.3750387523941735, 0.3820263177596473, 0.3890312525538855, 0.39605037327444675, 0.40308048168959665, 0.41011837374031124, 0.41716084834179695, 0.4242047160277967, 0.4312468073858058, 0.43828398123611273, 0.4453131325123207, 0.4523311998056957, 0.4593351725403178, 0.4663220977505713, 0.47328908643698564, 0.4802333194808055, 0.4871520531019137, 0.49404262384882697, 0.5009024531134133, 0.5077290511667198, 0.5145200207158355, 0.5212730599850186, 0.5279859653273951, 0.5346566333763498, 0.5412830627482982, 0.5478633553108182, 0.5543957170321577, 0.5608784584298879, 0.5673099946379717, 0.5736888451127566, 0.5800136329993816, 0.5862830841808371, 0.5924960260324301, 0.5986513859047055, 0.6047481893579738, 0.6107855581715085, 0.616762708150215, 0.6226789467511721, 0.6285336705518935, 0.6343263625815008, 0.6400565895352298, 0.6457239988918414, 0.6513283159525879, 0.656869340819406, 0.6623469453289889, 0.6677610699583387, 0.6731117207163378, 0.6783989660347994, 0.6836229336713923, 0.688783807635773, 0.6938818251492237, 0.6989172736470775, 0.7038904878322356, 0.7088018467871353, 0.7136517711506246, 0.7184407203653377, 0.7231691900003527, 0.7278377091531448, 0.7324468379341269, 0.7369971650364051, 0.7414893053927464, 0.7459238979211885, 0.7503016033601929, 0.7546231021937585, 0.7588890926664826, 0.7631002888881567, 0.7672574190271352, 0.7713612235914005, 0.7754124537959703, 0.7794118700150525, 0.7833602403171404, 0.7872583390810661, 0.7911069456908745, 0.7949068433072571, 0.7986588177131865, 0.8023636562313075, 0.8060221467105885, 0.8096350765796915, 0.813203231964497, 0.8167273968672101, 0.8202083524044779, 0.8236468761019632, 0.8270437412428474, 0.8303997162677664, 0.8337155642237297, 0.8369920422596203, 0.8402299011659284, 0.8434298849564308, 0.8465927304895936, 0.8497191671275407, 0.8528099164304999, 0.8558656918847103, 0.8588871986618479, 0.861875133408095, 0.8648301840610575, 0.8677530296928042, 0.8706443403773757, 0.8735047770811811, 0.8763349915747749, 0.8791356263645707, 0.8819073146431231, 0.8846506802566688, 0.8873663376886876, 0.8900548920583047, 0.8927169391324183, 0.8953530653504922, 0.8979638478610139, 0.9005498545686715, 0.9031116441913556, 0.9056497663261425, 0.9081647615234669, 0.9106571613687334, 0.9131274885706656, 0.9155762570557312, 0.9180039720680244, 0.9204111302740225, 0.9227982198716732, 0.9251657207033027, 0.9275141043718694, 0.9298438343601166, 0.9321553661522107, 0.9344491473574787, 0.9367256178358842, 0.9389852098249082, 0.9412283480675255, 0.9434554499409865, 0.9456669255861396, 0.9478631780370486, 0.9500446033506753, 0.9522115907364201, 0.9543645226853258, 0.9565037750987683, 0.9586297174164721, 0.9607427127437003, 0.9628431179774855, 0.964931283931776, 0.9670075554613865, 0.9690722715846508, 0.9711257656046847, 0.9731683652291768, 0.9752003926886339, 0.9772221648530127, 0.9792339933466825, 0.9812361846616644, 0.9832290402691041, 0.985212856728937, 0.9871879257977143, 0.9891545345345585, 0.9911129654052279, 0.9930634963842672, 0.9950064010552317, 0.9969419487089711, 0.9988704044399651, 1.0007920292407066, 1.0027070800941282, 1.0046158100640732, 1.0065184683838142, 1.0084153005426226, 1.0103065483703957, 1.0121924501203516, 1.0140732405497999, 1.0159491509989997, 1.01782040946812, 1.0196872406923123, 1.021549866214914, 1.0234085044587968, 1.0252633707958758, 1.027114677614798, 1.0289626343868263, 1.0308074477299407, 1.0326493214711707, 1.0344884567071804, 1.036325051863127, 1.0381593027498095, 1.0399914026191284, 1.041821542217878, 1.043649909839887, 1.0454766913765319, 1.0473020703656395, 1.0491262280388018, 1.0509493433671189, 1.0527715931053923, 1.0545931518347893, 1.056414192003994, 1.0582348839688676, 1.060055396030635, 1.0618758944726183, 1.063696543595535, 1.0655175057513773, 1.0673389413758956, 1.0691610090197, 1.0709838653779995, 1.0728076653189966, 1.0746325619109536, 1.0764587064479492, 1.0782862484743427, 1.0801153358079614, 1.0819461145620275, 1.083778729165844, 1.085613322384253, 1.0874500353358836, 1.0892890075102062, 1.0911303767834084, 1.0929742794331092, 1.0948208501519257, 1.0966702220599103, 1.0985225267158722, 1.1003778941276003, 1.1022364527610014, 1.1040983295481714, 1.1059636498944139]]"
50.0,80.0,4,120,90,I1-S0,"[[0.01, 0.009218546420913139, 0.008861068736292907, 0.008775059817687893, 0.008868448506442047, 0.009085551578417853, 0.00939252006808521, 0.009768620663118871, 0.01020111396247498, 0.01068218239077195, 0.011207079700949958, 0.01177301203432266, 0.012378458044924788, 0.013022752999976848, 0.013705832046167035, 0.014428069873134495, 0.015190179145226242, 0.015993145102463302, 0.01683818271825499, 0.017726708177468888, 0.018660319658232782, 0.019640784333031014, 0.02067002966788871, 0.021750137802173122, 0.022883342220359464, 0.024072026191077567, 0.025318722613516587, 0.026626115015983335, 0.027997039519480547, 0.029434487624597747, 0.030941609711199955, 0.03252171916243567, 0.03417829704055524, 0.03591499725383442, 0.03773565216272204, 0.03964427857993095, 0.041645084124058644, 0.04374247388978684, 0.04594105739999323, 0.04824565580637068, 0.05066130930550253, 0.05319328473686891, 0.05584708332801498, 0.05862844855014006, 0.06154337404469256, 0.06459811157819663, 0.06779917897849927, 0.07115336800091175, 0.07466775206732111, 0.07834969381525524, 0.08220685238708618, 0.0862471903820336, 0.09047898038536813, 0.09491081098019467, 0.0995515921374055, 0.10441055986881669, 0.1094972800171362, 0.11482165104425197, 0.12039390566638482, 0.12622461117093953, 0.13232466823544076, 0.1387053080538045, 0.14537808755943749, 0.1523548825183638, 0.1596478782488655, 0.16726955770713503, 0.1752326866613511, 0.1835502956596243, 0.1922356584806725, 0.20130226674019155, 0.21076380031104366, 0.22063409320201602, 0.23092709452849045, 0.2416568241994616, 0.252837322939567, 0.2644825962628479, 0.2766065520176089, 0.2892229311298405, 0.30234523118712514, 0.3159866225267523, 0.3301598565219684, 0.34487716579997674, 0.3601501561756055, 0.37598969014661787, 0.3924057618715675, 0.4094073636399733, 0.4270023439483923, 0.4451972574155471, 0.4639972069056847, 0.4834056783822124, 0.5034243691834751, 0.524053010599008, 0.5452891858269677, 0.5671281446104054, 0.5895626160796688, 0.6125826215678875, 0.636175289412802, 0.660324674006934, 0.6850115816041862, 0.7102134056284498, 0.7359039744518866, 0.7620534148096202, 0.7886280341853038, 0.8155902256295325, 0.8428983985510765, 0.8705069390400435, 0.8983662032331241, 0.9264225471053514, 0.9546183958625937, 0.9828923558078959, 1.0111793711582675, 1.0394109277942862, 1.0675153053334092, 1.0954178782326927, 1.123041465854696, 1.150306730582297, 1.1771326221582927, 1.2034368654720213, 1.2291364880391706, 1.2541483824468773, 1.2783898980908859, 1.301779455643287, 1.3242371768871544, 1.3456855218667467, 1.3660499247557316, 1.3852608749298725, 1.4032688816663734, 1.4200507963746343, 1.4355989995376368, 1.4499132357655808, 1.4629957117647325, 1.4748483962508245, 1.4854717799802852, 1.4948645771960283, 1.5030240075597334, 1.5099464093518222, 1.5156280138232907, 1.520065766541325, 1.523258121071031, 1.5252057581257246, 1.5259122027767869, 1.5253843258490454, 1.5236327249553048, 1.52067198696597, 1.5165208379349406, 1.5112021892265228, 1.5047430902449621, 1.497174599065113, 1.4885315826159469, 1.4788524580307392, 1.4681788864574103, 1.4565554300977186, 1.4440291825721656, 1.4306493819318162, 1.416467014792465, 1.4015344191778325, 1.3859048927492994, 1.3696323121891478, 1.352770768608752, 1.3353742229865995, 1.3174961848152316, 1.2991894163608804, 1.280505664222406, 1.261495419222829, 1.242207705081083, 1.2226898957956256, 1.2029875612256102, 1.1831443399783519, 1.1632018384014744, 1.143199554230974, 1.123174823258237, 1.1031627872449066, 1.0831963812291114, 1.0633063383243657, 1.0435212101078257, 1.023867400721974, 1.004369212867815, 0.985048903943271, 0.9659267506728897, 0.9470211206799645, 0.9283485495658192, 0.9099238221799453, 0.8917600568859406, 0.8738687917493013, 0.8562600716919697, 0.8389425357734854, 0.8219235038682989, 0.8052090621123059, 0.7888041465882554, 0.772712624808928, 0.756937374638646, 0.7414803603677229, 0.7263427057209845, 0.7115247636407144, 0.6970261827366169, 0.6828459703410128, 0.6689825521469346, 0.6554338284405119, 0.6421972269675138, 0.6292697524976169, 0.6166480331693708, 0.6043283637143817, 0.5923067456713754, 0.5805789247099381, 0.5691404251902531, 0.5579865820894059, 0.5471125704271455, 0.5365134323246644, 0.5261841018292555, 0.5161194276358542, 0.5063141938337091, 0.496763138802904, 0.4874609723813594, 0.47840239141841434, 0.46958209382623606, 0.4609947912352466, 0.45263522035457193, 0.44449815313328356, 0.4365784058129818, 0.428870846957106, 0.42137040453729974, 0.4140720721522332, 0.40697091444951816, 0.4000620718167621, 0.39334076440341015, 0.38680229553082346, 0.38044205454404934, 0.37425551915494887, 0.3682382573227668, 0.3623859287148484, 0.3566942857870275, 0.3511591745202244, 0.3457765348469903, 0.34054240079911696, 0.3354529004049792, 0.33050425536299644, 0.3256927805154687, 0.3210148831450632, 0.31646706211438524, 0.3120459068673581, 0.3077480963095501, 0.303570397583117, 0.299509664750667, 0.29556283740109607, 0.2917269391892772, 0.28799907632041183, 0.2843764359888593, 0.2808562847803451, 0.2774359670456039, 0.274112903252738, 0.27088458832485496, 0.26774858996889267, 0.2647025470009339, 0.2617441676727587, 0.25887122800387413, 0.25608157012279237, 0.2533731006209035, 0.2507437889218952, 0.24819166566931533, 0.2457148211345468, 0.24331140364716403, 0.24097961804937057, 0.2387177241759679, 0.23652403536108155, 0.23439691697266485, 0.23233478497561638, 0.23033610452417747, 0.22839938858412542, 0.22652319658514014, 0.22470613310359824, 0.22294684657593766, 0.22124402804263615, 0.2195964099227573, 0.21800276481893868, 0.2164619043526254, 0.21497267802928982, 0.2135339721333224, 0.21214470865223084, 0.21080384422974072, 0.209510369147355, 0.20826330633389753, 0.20706171040253804, 0.2059046667147736, 0.2047912904708219, 0.2037207258258661, 0.2026921450315781, 0.2017047476023373, 0.20075775950555497, 0.19985043237550834, 0.19898204275008688, 0.19815189132985045, 0.19735930225880108, 0.19660362242627077, 0.1958842207893318, 0.19520048771513954, 0.19455183434262402, 0.19393769196295194, 0.19335751141818808, 0.192810762517593, 0.19229693347100124, 0.19181553033873422, 0.1913660764975096, 0.19094811212181942, 0.1905611936802585, 0.19020489344629457, 0.18987879902298133, 0.1895825128811262, 0.18931565191043478, 0.18907784698316352, 0.18886874252982325, 0.18868799612648607, 0.1885352780932579, 0.18841027110349004, 0.18831266980331168, 0.1882421804410769, 0.18819852050632788, 0.18818141837788654, 0.18819061298069653, 0.1882258534510459, 0.1882868988098109, 0.18837351764336982, 0.18848548779184515, 0.18862259604434015, 0.18878463784084565, 0.18897141698050027, 0.189182745335896, 0.18941844257312868, 0.1896783358773016, 0.189962259683197, 0.19027005541083902, 0.1906015712056784, 0.19095666168313621, 0.19133518767725258, 0.1917370159931912, 0.19216201916335932, 0.19261007520690868, 0.19308106739238992, 0.1935748840033393, 0.19409141810658356, 0.194630567323055, 0.19519223360091514, 0.19577632299079187, 0.19638274542294112, 0.19701141448615048, 0.19766224720820846, 0.19833516383776892, 0.19903008762744692, 0.1997469446179882, 0.20048566342336036, 0.20124617501662076, 0.20202841251642184, 0.2028323109740209, 0.20365780716066811, 0.20450483935525243, 0.20537334713209188, 0.20626327114876103, 0.20717455293385523, 0.20810713467459788, 0.20906095900420366, 0.21003596878891756, 0.2110321069146572, 0.21204931607319208, 0.21308753854780138, 0.21414671599835944, 0.21522678924580518, 0.21632769805595967]]","[[0.01, 0.011673645222856313, 0.01362924433757481, 0.01580189558251425, 0.018156401288824855, 0.020675381566862105, 0.023352041119442928, 0.026185836236366094, 0.02918000438961764, 0.03234011697971476, 0.03567323470282015, 0.03918742137478096, 0.042891470743379935, 0.04679475950771399, 0.05090717489148773, 0.05523908611356525, 0.0598013416300845, 0.06460528148781089, 0.06966275856631352, 0.07498616511748007, 0.08058846256496124, 0.08648321343964971, 0.09268461486066207, 0.09920753327971735, 0.10606754038265559, 0.11328095013995752, 0.12086485705098807, 0.12883717565345093, 0.13721668138145207, 0.1460230528591732, 0.1552769157162202, 0.1649998880073679, 0.1752146273148371, 0.18594487960602313, 0.1972155299140238, 0.20905265490248875, 0.22148357737021346, 0.2345369227444644, 0.24824267760513716, 0.2626322502743963, 0.27773853349828964, 0.2935959692378279, 0.3102406155770288, 0.32771021574429177, 0.3460442692310339, 0.36528410497762953, 0.38547295658117386, 0.4066560394622706, 0.4288806299087441, 0.4521961458927055, 0.47665422953357234, 0.5023088310532492, 0.5292162940405212, 0.5574354418095793, 0.5870276646022813, 0.6180570073450374, 0.6505902576288884, 0.6846970335352119, 0.7204498708793503, 0.7579243093901297, 0.7971989772845565, 0.8383556736338171, 0.8814794478489483, 0.9266586755421463, 0.9739851299426183, 1.0235540479642116, 1.0754641899359185, 1.1298178919159567, 1.186721109415797, 1.2462834512626997, 1.3086182022286048, 1.3738423329503544, 1.4420764955621173, 1.5134450033566733, 1.5880757926892322, 1.666100365237297, 1.747653708634597, 1.8328741934084172, 1.9219034440702099, 2.014886182141896, 2.11197003884784, 2.2133053351684895, 2.3190448269398223, 2.429343412697032, 2.5443578020056137, 2.6642461421026766, 2.789167600790609, 2.919281903688964, 3.054748824163377, 3.1957276245172364, 3.342376447357033, 3.49485165642998, 3.653307126685914, 3.8178934838374023, 3.988757294283877, 4.166040206927875, 4.349878049142786, 4.540399879948922, 4.73772700431306, 4.941971953398616, 5.1532374365492535, 5.37161527177568, 5.597185302518153, 5.830014309457911, 6.070154927128501, 6.317644576009489, 6.572504421644885, 6.834738373089407, 7.104332133619086, 7.381252317119672, 7.665445643858417, 7.956838229424912, 8.255334980470112, 8.560819110458537, 8.873151787960518, 9.192171929038928, 9.517696144024775, 9.849518847432499, 10.18741253795172, 10.531128253389392, 10.88039620315518, 11.234926578423039, 11.594410537510505, 11.958521361348609, 12.326915771229153, 12.699236928891322, 13.07513231219184, 13.45426659934244, 13.836316266499482, 14.220964278157158, 14.607896389194387, 14.996798692079501, 15.387356131731265, 15.779251773545589, 16.17216665615076, 16.565780094683856, 16.959770326252684, 17.353815409138207, 17.74759430285628, 18.140788068601832, 18.533081139674337, 18.92416261982641, 19.31372757451641, 19.70147828608864, 20.087125449171136, 20.470389287226286, 20.851000575322825, 21.2287015578929, 21.60324675354641, 21.974403641969584, 22.341953230559355, 22.705690500755342, 23.065424736039713, 23.420979735293454, 23.772193916636805, 24.118920318054922, 24.46102650203134, 24.798394372098304, 25.13091990968212, 25.458512839893647, 25.7810962350091, 26.098606064326408, 26.410990698888725, 26.718210379261155, 27.02023665414951, 27.31705179718121, 27.60864820864618, 27.89502780843683, 28.17620142584585, 28.452188191291963, 28.72301493445839, 28.988715592756137, 29.249330633472347, 29.50490649243894, 29.755495031563495, 30.001153017106063, 30.241941620164592, 30.47792594044884, 30.709174554078494, 30.935759085834825, 31.157753806025944, 31.375235251891233, 31.588281873269654, 31.7969737020865, 32.00139204507167, 32.201619199007226, 32.39773818771032, 32.58983251988686, 32.777985966939724, 32.96228235977987, 33.142805403667936, 33.31963851010528, 33.49286464479546, 33.66256619070783, 33.82882482529316, 33.99172141092525, 34.15133589767112, 34.30774723752495, 34.4610333092762, 34.61127085321902, 34.75853541494881, 34.902901297530505, 35.04444152136209, 35.18322779109587, 35.31933046901805, 35.45281855432441, 35.5837596677661, 35.71222004117443, 35.838264511407125, 35.961956518290414, 36.083358106161995, 36.202529928648744, 36.31953125634052, 36.43441998704728, 36.547252658350985, 36.658084462186686, 36.76696926120859, 36.873959606716824, 36.979106757939505, 37.08246070248187, 37.18407017777068, 37.28398269333703, 37.38224455379465, 37.47890088238384, 37.573995644963055, 37.667571674341325, 37.75967069485484, 37.85033334710059, 37.939599212748476, 38.02750683936158, 38.114093765161286, 38.19939654368116, 38.283450768259264, 38.36629109632461, 38.44795127343854, 38.5284641570566, 38.60786173998081, 38.68617517347644, 38.76343479003061, 38.8396701257338, 38.914909942268125, 38.98918224848899, 39.06251432158921, 39.1349327278371, 39.206463342881754, 39.2771313716209, 39.3469613676282, 39.4159772521383, 39.48420233258941, 39.55165932072428, 39.61837035025155, 39.68435699407034, 39.749640281061865, 39.814240712452495, 39.878178277753406, 39.94147247028246, 40.0041423022745, 40.06620631958665, 40.12768261600544, 40.188588847163146, 40.24894224407069, 40.30875962627478, 40.368057414647176, 40.42685164381396, 40.48515797423285, 40.542991703926624, 40.60036777988085, 40.65730080911382, 40.71380506942701, 40.76989451984386, 40.82558281074505, 40.88088329370804, 40.93580903105874, 40.99037280514298, 41.04458712732543, 41.09846424672334, 41.15201615868258, 41.20525461300306, 41.258191121920675, 41.310836967852644, 41.363203210913056, 41.41530069620521, 41.46714006089721, 41.51873174108715, 41.57008597846401, 41.621212826770204, 41.672122158071765, 41.72282366884164, 41.773326885861756, 41.82364117194918, 41.87377573151151, 41.923739615936675, 41.97354172882192, 42.0231908310468, 42.07269554569474, 42.122064362827686, 42.171305644118064, 42.22042762734229, 42.269438430739875, 42.31834605724196, 42.36715839857312, 42.41588323922996, 42.46452826034024, 42.5131010434056, 42.56160907393145, 42.61005974494696, 42.65846036041827, 42.7068181385578, 42.75514021503254, 42.803433646073834, 42.85170541149151, 42.89996241759454, 42.9482115000209, 42.99645942647872, 43.044712899400956, 43.09297855851574, 43.14126298333435, 43.18957269555875, 43.23791416141053, 43.286293793882926, 43.33471795491771, 43.38319295750835, 43.4317250677312, 43.48032050670585, 43.528985452486246, 43.57772604188369, 43.62654837222308, 43.67545850303333, 43.72446245767334, 43.77356622489418, 43.8227757603388, 43.872096987979816, 43.921535801496496, 43.97109806559152, 44.0207896172483, 44.070616266929555, 44.120583799717714, 44.170697976397676, 44.22096453448254, 44.27138918918263, 44.32197763431838, 44.37273554317731, 44.42366856931554, 44.474782347304014, 44.52608249341986, 44.57757460628284, 44.6292642674373, 44.68115704187966, 44.733258478531475, 44.78557411065832, 44.83810945623434, 44.89087001825267, 44.94386128498151, 44.99708873016602, 45.05055781317582, 45.10427397909808, 45.158242658776096, 45.2124692687932, 45.2669592114019, 45.321717874398026, 45.376750630939874, 45.43206283931196, 45.48765984263336, 45.543546968510405, 45.59972952863346, 45.65621281831772]]","[array([6.37688001e-05, 6.00799169e-05, 5.86664978e-05, 5.87303121e-05,
       5.97890183e-05, 6.15504172e-05, 6.38362213e-05, 6.65370092e-05,
       6.95855626e-05, 7.29407899e-05, 7.65780348e-05, 8.04832041e-05,
       8.46491899e-05, 8.90736711e-05, 9.37577505e-05, 9.87050973e-05,
       1.03921400e-04, 1.09414012e-04, 1.15191717e-04, 1.21264571e-04,
       1.27643797e-04, 1.34341717e-04, 1.41371696e-04, 1.48748122e-04,
       1.56486384e-04, 1.64602870e-04, 1.73114966e-04, 1.82041071e-04,
       1.91400607e-04, 2.01214046e-04, 2.11502931e-04, 2.22289907e-04,
       2.33598755e-04, 2.45454426e-04, 2.57883080e-04, 2.70912128e-04,
       2.84570276e-04, 2.98887568e-04, 3.13895435e-04, 3.29626746e-04,
       3.46115852e-04, 3.63398643e-04, 3.81512596e-04, 4.00496831e-04,
       4.20392161e-04, 4.41241148e-04, 4.63088152e-04, 4.85979386e-04,
       5.09962967e-04, 5.35088963e-04, 5.61409442e-04, 5.88978519e-04,
       6.17852394e-04, 6.48089393e-04, 6.79750000e-04, 7.12896887e-04,
       7.47594932e-04, 7.83911240e-04, 8.21915143e-04, 8.61678203e-04,
       9.03274196e-04, 9.46779083e-04, 9.92270980e-04, 1.03983010e-03,
       1.08953866e-03, 1.14148086e-03, 1.19574267e-03, 1.25241181e-03,
       1.31157750e-03, 1.37333032e-03, 1.43776202e-03, 1.50496523e-03,
       1.57503320e-03, 1.64805950e-03, 1.72413764e-03, 1.80336072e-03,
       1.88582093e-03, 1.97160911e-03, 2.06081420e-03, 2.15352267e-03,
       2.24981785e-03, 2.34977926e-03, 2.45348186e-03, 2.56099526e-03,
       2.67238281e-03, 2.78770074e-03, 2.90699713e-03, 3.03031093e-03,
       3.15767088e-03, 3.28909434e-03, 3.42458617e-03, 3.56413753e-03,
       3.70772463e-03, 3.85530751e-03, 4.00682876e-03, 4.16221232e-03,
       4.32136224e-03, 4.48416147e-03, 4.65047078e-03, 4.82012764e-03,
       4.99294532e-03, 5.16871198e-03, 5.34719001e-03, 5.52811545e-03,
       5.71119762e-03, 5.89611900e-03, 6.08253526e-03, 6.27007563e-03,
       6.45834347e-03, 6.64691718e-03, 6.83535140e-03, 7.02317853e-03,
       7.20991057e-03, 7.39504130e-03, 7.57804874e-03, 7.75839801e-03,
       7.93554442e-03, 8.10893683e-03, 8.27802133e-03, 8.44224504e-03,
       8.60106020e-03, 8.75392826e-03, 8.90032413e-03, 9.03974044e-03,
       9.17169370e-03, 9.29577601e-03, 9.41174993e-03, 9.51951855e-03,
       9.61905910e-03, 9.71038013e-03, 9.79349658e-03, 9.86841704e-03,
       9.93513882e-03, 9.99364811e-03, 1.00439230e-02, 1.00859384e-02,
       1.01196709e-02, 1.01451049e-02, 1.01622371e-02, 1.01710812e-02,
       1.01716716e-02, 1.01640664e-02, 1.01483493e-02, 1.01246315e-02,
       1.00930516e-02, 1.00537763e-02, 1.00069993e-02, 9.95294057e-03,
       9.89184449e-03, 9.82397819e-03, 9.74962926e-03, 9.66910345e-03,
       9.58272208e-03, 9.49081944e-03, 9.39374018e-03, 9.29183663e-03,
       9.18546625e-03, 9.07498912e-03, 8.96076561e-03, 8.84315411e-03,
       8.72250903e-03, 8.59917888e-03, 8.47350456e-03, 8.34581790e-03,
       8.21644032e-03, 8.08568172e-03, 7.95383951e-03, 7.82119790e-03,
       7.68802726e-03, 7.55458374e-03, 7.42110894e-03, 7.28782979e-03,
       7.15495849e-03, 7.02269266e-03, 6.89121545e-03, 6.76069587e-03,
       6.63128907e-03, 6.50313680e-03, 6.37636784e-03, 6.25109848e-03,
       6.12743307e-03, 6.00546459e-03, 5.88527517e-03, 5.76693670e-03,
       5.65051142e-03, 5.53605248e-03, 5.42360452e-03, 5.31320422e-03,
       5.20488090e-03, 5.09865699e-03, 4.99454859e-03, 4.89256596e-03,
       4.79271397e-03, 4.69499261e-03, 4.59939735e-03, 4.50591961e-03,
       4.41454711e-03, 4.32526424e-03, 4.23805243e-03, 4.15289042e-03,
       4.06975460e-03, 3.98861927e-03, 3.90945690e-03, 3.83223838e-03,
       3.75693321e-03, 3.68350974e-03, 3.61193536e-03, 3.54217664e-03,
       3.47419951e-03, 3.40796939e-03, 3.34345136e-03, 3.28061024e-03,
       3.21941069e-03, 3.15981737e-03, 3.10179497e-03, 3.04530831e-03,
       2.99032241e-03, 2.93680256e-03, 2.88471437e-03, 2.83402384e-03,
       2.78469735e-03, 2.73670177e-03, 2.69000445e-03, 2.64457325e-03,
       2.60037658e-03, 2.55738342e-03, 2.51556332e-03, 2.47488643e-03,
       2.43532351e-03, 2.39684594e-03, 2.35942571e-03, 2.32303544e-03,
       2.28764837e-03, 2.25323838e-03, 2.21977997e-03, 2.18724825e-03,
       2.15561898e-03, 2.12486851e-03, 2.09497379e-03, 2.06591239e-03,
       2.03766247e-03, 2.01020275e-03, 1.98351256e-03, 1.95757177e-03,
       1.93236082e-03, 1.90786068e-03, 1.88405288e-03, 1.86091943e-03,
       1.83844291e-03, 1.81660635e-03, 1.79539330e-03, 1.77478779e-03,
       1.75477430e-03, 1.73533779e-03, 1.71646365e-03, 1.69813770e-03,
       1.68034621e-03, 1.66307584e-03, 1.64631365e-03, 1.63004713e-03,
       1.61426410e-03, 1.59895279e-03, 1.58410177e-03, 1.56969997e-03,
       1.55573667e-03, 1.54220147e-03, 1.52908429e-03, 1.51637538e-03,
       1.50406530e-03, 1.49214487e-03, 1.48060523e-03, 1.46943780e-03,
       1.45863426e-03, 1.44818656e-03, 1.43808690e-03, 1.42832774e-03,
       1.41890176e-03, 1.40980190e-03, 1.40102133e-03, 1.39255340e-03,
       1.38439172e-03, 1.37653009e-03, 1.36896250e-03, 1.36168317e-03,
       1.35468647e-03, 1.34796698e-03, 1.34151945e-03, 1.33533881e-03,
       1.32942015e-03, 1.32375873e-03, 1.31834996e-03, 1.31318942e-03,
       1.30827283e-03, 1.30359604e-03, 1.29915508e-03, 1.29494607e-03,
       1.29096529e-03, 1.28720915e-03, 1.28367417e-03, 1.28035700e-03,
       1.27725440e-03, 1.27436326e-03, 1.27168056e-03, 1.26920340e-03,
       1.26692897e-03, 1.26485459e-03, 1.26297764e-03, 1.26129562e-03,
       1.25980612e-03, 1.25850680e-03, 1.25739543e-03, 1.25646985e-03,
       1.25572799e-03, 1.25516785e-03, 1.25478751e-03, 1.25458512e-03,
       1.25455890e-03, 1.25470715e-03, 1.25502824e-03, 1.25552058e-03,
       1.25618266e-03, 1.25701304e-03, 1.25801032e-03, 1.25917316e-03,
       1.26050029e-03, 1.26199047e-03, 1.26364253e-03, 1.26545535e-03,
       1.26742783e-03, 1.26955895e-03, 1.27184772e-03, 1.27429318e-03,
       1.27689444e-03, 1.27965061e-03, 1.28256087e-03, 1.28562443e-03,
       1.28884052e-03, 1.29220842e-03, 1.29572742e-03, 1.29939685e-03,
       1.30321609e-03, 1.30718451e-03, 1.31130153e-03, 1.31556658e-03,
       1.31997912e-03, 1.32453863e-03, 1.32924461e-03, 1.33409657e-03,
       1.33909404e-03, 1.34423657e-03, 1.34952373e-03, 1.35495508e-03,
       1.36053021e-03, 1.36624871e-03, 1.37211018e-03, 1.37811423e-03,
       1.38426047e-03, 1.39054853e-03, 1.39697801e-03, 1.40354853e-03,
       1.41025972e-03, 1.41711119e-03, 1.42410256e-03, 1.43123343e-03,
       1.43850340e-03])]","[[0, 6.376880005047202e-05, 0.00012384871691641303, 0.0001825152146708144, 0.00024124552681513788, 0.00030103454515439617, 0.00036258496237292776, 0.00042642118372070707, 0.0004929581929127964, 0.0005625437555569562, 0.0006354845455031218, 0.0007120625802716443, 0.0007925457843754583, 0.0008771949742269388, 0.0009662686453330051, 0.0010600263958553443, 0.0011587314931132016, 0.0012626528931259115, 0.0013720669051443773, 0.0014872586218184726, 0.0016085231923825573, 0.0017361669897823036, 0.0018705087063058015, 0.002011880402014136, 0.0021606285236960036, 0.0023171149077631163, 0.0024817177775966624, 0.0026548327438303274, 0.002836873814596663, 0.003028274421677284, 0.0032294884676628633, 0.003440991398569668, 0.003663281305825503, 0.0038968800610958104, 0.004142334487046799, 0.004400217566819683, 0.00467112969470532, 0.004955699970251365, 0.0052545875377959465, 0.005568482973195472, 0.005898109719293174, 0.006244225571453482, 0.006607624214260102, 0.0069891368102377085, 0.007389633641203671, 0.007810025802582674, 0.008251266950718822, 0.00871435510289244, 0.009200334489387611, 0.009710297456557151, 0.01024538641938925, 0.010806795861590014, 0.011395774380653326, 0.012013626774789211, 0.012661716167918854, 0.013341466168213526, 0.01405436305485071, 0.014801957986778181, 0.01558586922631079, 0.01640778436932961, 0.017269462572704303, 0.018172736768312013, 0.0191195158516756, 0.020111786831786556, 0.02115161692711046, 0.022241155591092892, 0.023382636448690052, 0.02457837912354109, 0.025830790933379845, 0.02714236842915604, 0.028515698751105472, 0.029953460772684105, 0.03145842600087342, 0.03303345919888861, 0.034681518694796486, 0.03640565633699867, 0.038209017054986694, 0.04009483798126172, 0.04206644708787232, 0.04412726128870502, 0.046280783956516136, 0.048530601801779545, 0.05088038105881081, 0.053333862923387355, 0.05589485818529987, 0.05856724099903122, 0.061354941736161454, 0.06426193886424457, 0.06729224979890108, 0.07044992067883177, 0.07373901501749498, 0.07716360119041484, 0.08072773872360897, 0.08443546335654536, 0.08829077086244697, 0.09229759961973993, 0.09645981194103856, 0.10078117418031139, 0.10526533565477598, 0.10991580643558876, 0.11473593408045113, 0.11972887940171588, 0.12489759138526883, 0.13024478139813972, 0.1357728968461669, 0.14148409446673887, 0.14738021346524058, 0.1534627487268586, 0.1597328243573115, 0.1661911678262799, 0.17283808500519873, 0.17967343640599032, 0.18669661493861567, 0.19390652551235965, 0.2013015668079435, 0.2088796155443281, 0.2166380135549736, 0.22457355797299947, 0.23268249480292344, 0.24096051612837707, 0.24940276117050122, 0.2580038213709027, 0.2667577496265806, 0.27565807375277573, 0.28469781419411494, 0.2938695078951027, 0.3031652839097525, 0.31257703384331975, 0.3220965523886195, 0.33171561149069045, 0.3414259916215496, 0.35121948820334237, 0.3610879052402853, 0.37102304406102765, 0.3810166921711957, 0.3910606152034296, 0.4011465535695947, 0.41126622448303607, 0.4214113293970196, 0.43157356650587303, 0.4417446477116248, 0.45191631932408755, 0.462080385702886, 0.4722287350421475, 0.4823533665256156, 0.49244641812986417, 0.502500194417607, 0.5125071937357868, 0.5224601343098823, 0.5323519788036064, 0.5421759569896609, 0.5519255862508474, 0.5615946897004559, 0.5711774117756272, 0.5806682312167365, 0.5900619713994053, 0.5993538080333001, 0.608539274283355, 0.6176142634045033, 0.6265750290105729, 0.635418183121919, 0.6441406921549491, 0.6527398710302943, 0.6612133755854114, 0.6695591934822972, 0.6777756338022234, 0.6858613155174178, 0.693815155024896, 0.7016363529206335, 0.7093243801834027, 0.7168789639272771, 0.7243000728704221, 0.731587902655669, 0.7387428611458337, 0.7457655538040439, 0.7526567692567301, 0.7594174651245922, 0.7660487541949506, 0.7725518909975487, 0.7789282588351918, 0.7851793573106531, 0.7913067903821118, 0.797312254971006, 0.8031975301386289, 0.8089644668410314, 0.8146149782658116, 0.8201510307491436, 0.8255746352668719, 0.830887839489649, 0.8360927203888561, 0.8411913773773845, 0.8461859259672097, 0.8510784919240129, 0.8558712058978477, 0.8605661985079629, 0.8651655958593317, 0.8696715154681615, 0.8740860625736228, 0.8784113268132137, 0.8826493792395179, 0.8868022696566099, 0.8908720242549654, 0.8948606435244351, 0.8987701004256095, 0.9026023388007228, 0.9063592720061049, 0.9100427817490645, 0.9136547171129815, 0.9171968937552698, 0.9206710932637553, 0.9240790626578781, 0.9274225140219704, 0.9307031242586801, 0.9339225349513997, 0.9370823523253187, 0.9401841472974406, 0.9432294556065984, 0.9462197780151576, 0.9491565805747155, 0.9520412949486957, 0.9548753187852832, 0.9576600161346707, 0.9603967179050691, 0.9630867223523925, 0.9657312955989528, 0.9683316721768971, 0.9708890555924891, 0.9734046189076798, 0.9758795053357336, 0.9783148288479678, 0.9807116747889426, 0.9830711004976875, 0.9853941359327872, 0.9876817842993644, 0.9899350226761974, 0.9921548026413932, 0.9943420508952048, 0.9964976698787382, 0.9986225383874354, 1.00071751217835, 1.0027834245703535, 1.0048210870365168, 1.006831289788015, 1.008814802348988, 1.0107723741218833, 1.0127047349428706, 1.0146125956269967, 1.0164966485028049, 1.0183575679362036, 1.0201960108434176, 1.022012617192902, 1.0238080104961422, 1.0255827982872976, 1.027337572591682, 1.0290729103831053, 1.0307893740301217, 1.0324875117312629, 1.0341678579393447, 1.0358309337749645, 1.0374772474293146, 1.0391072945564555, 1.0407215586552059, 1.0423205114408112, 1.043904613206569, 1.0454743131755897, 1.0470300498428837, 1.0485722513079658, 1.0501013355981743, 1.051617710982906, 1.053121776278968, 1.0546139211472496, 1.0560945263809194, 1.05756396418535, 1.059022598449975, 1.0604707850122805, 1.0619088719141312, 1.0633371996506302, 1.0647561014117102, 1.0661659033166482, 1.0675669246416963, 1.0689594780410177, 1.0703438697611087, 1.0717203998488947, 1.0730893623536713, 1.0744510455230691, 1.0758057319932117, 1.0771536989732327, 1.0784952184243146, 1.0798305572334097, 1.0811599773817953, 1.0824837361086153, 1.083802086069556, 1.0851152754907973, 1.0864235483183768, 1.0877271443631078, 1.0890262994411717, 1.0903212455105233, 1.0916122108032245, 1.0928994199538267, 1.0941830941239223, 1.0954634511229722, 1.0967407055255192, 1.0980150687848949, 1.0992867493435161, 1.100555952739875, 1.101822881712312, 1.1030877362996667, 1.1043507139388933, 1.1056120095597246, 1.1068718156764685, 1.1081303224770143, 1.1093877179091247, 1.1106441877640894, 1.1118999157578038, 1.1131550836093485, 1.1144098711171282, 1.1156644562326359, 1.1169190151318982, 1.1181737222846628, 1.1194287505213807, 1.1206842710980356, 1.121940453758871, 1.1231974667970621, 1.1244554771133775, 1.1257146502728772, 1.1269751505596837, 1.1282371410298695, 1.129500783562495, 1.1307662389088355, 1.1320336667398279, 1.13330322569177, 1.134575073410304, 1.1358493665927083, 1.1371262610285287, 1.1384059116385705, 1.1396884725122773, 1.1409740969435156, 1.1422629374647888, 1.1435551458798958, 1.1448508732950546, 1.1461502701485062, 1.1474534862386114, 1.1487606707504574, 1.1500719722809838, 1.1513875388626407, 1.1527075179855866, 1.154032056618438, 1.1553613012275763, 1.1566953977950165, 1.1580344918348497, 1.1593787284082582, 1.1607282521371083, 1.1620832072161262, 1.1634437374236568, 1.1648099861310064, 1.1661820963103724, 1.1675602105413574, 1.1689444710160681, 1.1703350195427975, 1.1717319975482887, 1.1731355460785773, 1.1745458057984097, 1.1759629169892356, 1.1773870195457676, 1.1788182529711082, 1.1802567563704354]]"
50.0,80.0,4,120,90,I0-S1,"[[0.01, 0.009218546420913139, 0.008861068736292907, 0.008775059817687893, 0.008868448506442047, 0.009085558559993491, 0.00939262192040907, 0.009769091688106973, 0.01020247588952276, 0.010685228003490454, 0.011212870160436995, 0.011782855912810178, 0.012393877863101253, 0.013045443397948622, 0.013737612459341438, 0.01447083363576445, 0.01524584023822757, 0.016063583245238284, 0.016925187133400743, 0.017831920097219463, 0.01878517346402057, 0.019786447102403414, 0.02083733882901248, 0.021939536552320376, 0.02309481234147031, 0.02430501788573565, 0.025572080983468103, 0.02689800280920478, 0.028284855778403714, 0.02973478187589787, 0.031249991345597486, 0.032832761660724616, 0.03448543670931366, 0.03621042614096061, 0.03801020482917663, 0.039887312410047907, 0.041844352862779245, 0.043883994101475525, 0.04600896755045058, 0.04822206767762794, 0.050526151462346444, 0.05292413777520534, 0.055419006648555556, 0.058013798416927734, 0.06071161270713276, 0.06351560725801769, 0.06642899654994344, 0.06945505022399963, 0.0725970912708121, 0.07585849396855202, 0.07924268154944204, 0.08275312357369426, 0.08639333298942188, 0.09016686285666047, 0.09407730271322828, 0.09812827455976682, 0.10232342844094558, 0.10666643759950623, 0.11116099317957635, 0.11581079845551838, 0.12061956256251163, 0.1255909937051143, 0.13072879182023356, 0.13603664067126717, 0.14151819935068927, 0.14717709316905528, 0.15301690390932066, 0.1590411594265261, 0.16525332257432185, 0.17165677944150887, 0.17825482688378977, 0.18505065933827045, 0.1920473549109593, 0.1992478607305971, 0.2066549775656411, 0.2142713437051427, 0.22209941810861786, 0.23014146283483408, 0.23839952476473933, 0.24687541663955154, 0.2555706974413181, 0.2644866521500489, 0.27362427091882063, 0.28298422771603765, 0.2925668584923002, 0.3023721389380541, 0.31239966190734253, 0.32264861459251604, 0.3331177555446251, 0.3438053916443666, 0.3547093551388021, 0.3658269808695346, 0.3771550838285213, 0.3886899371881034, 0.4004272509620317, 0.4123621514641213, 0.42448916174053547, 0.43680218316041686, 0.44929447835749137, 0.4619586557221802, 0.4747866556494894, 0.4877697387523107, 0.5008984762525694, 0.5141627427636983, 0.5275517116770114, 0.5410538533615163, 0.5546569363813565, 0.5683480319272624, 0.5821135216479758, 0.595939109054466, 0.6098098346538017, 0.6237100949507288, 0.6376236654332926, 0.6515337276342865, 0.6654229003329538, 0.6792732749313517, 0.6930664550072652, 0.7067836000107659, 0.7204054730347229, 0.7339124925511192, 0.7472847879652975, 0.760502258799684, 0.7735446372775984, 0.7863915540369733, 0.7990226066637302, 0.8114177874747354, 0.8235611258330424, 0.835442437528251, 0.8470550187912146, 0.8583939545594464, 0.8694551228583283, 0.8802346249422917, 0.8907284750157004, 0.9009324472104343, 0.9108420169146063, 0.9204523578686813, 0.9297583714402942, 0.9387547337209837, 0.9474359517595502, 0.9557964237198219, 0.9638304998676847, 0.9715325425743645, 0.9788969842924037, 0.9859183829167248, 0.9925914742086309, 0.9989112211113769, 1.004872859868693, 1.0104719429009104, 1.015704378414507, 1.0205664667304646, 1.0250549333210102, 1.0291669585467595, 1.0329002040889592, 1.0362528360755145, 1.0392235449052196, 1.0418115617821673, 1.0440166719816262, 1.0458392248794803, 1.0472801407893595, 1.0483409146645553, 1.0490236167353602, 1.0493308901663267, 1.0492659458317923, 1.0488325543215915, 1.0480350353019363, 1.0468782443687614, 1.0453675575421983, 1.0435088535611055, 1.0413084941455946, 1.0387733024031365, 1.0359105395600328, 1.0327278802047266, 1.0292333862325835, 1.0254354796833824, 1.0213429146628337, 1.016964748538033, 1.0123103125939186, 1.0073891823335874, 1.0022111475998734, 0.9967861826889338, 0.9911244166189241, 0.9852361037082095, 0.9791315946081495, 0.972821307925399, 0.9663157025580323, 0.9596252508587576, 0.952760412727165, 0.9457316107214683, 0.9385492062686795, 0.9312234770407096, 0.9237645955526086, 0.9161826090281595, 0.9084874205673819, 0.9006887716402804, 0.8927962259214396, 0.8848191544708778, 0.8767667222579789, 0.8686478760173463, 0.8604713334180975, 0.8522455735214612, 0.843978828495547, 0.8356790765508395, 0.8273540360553205, 0.8190111607841096, 0.8106576362551486, 0.8023003770996834, 0.7939460254141084, 0.7856009500381026, 0.7772712467028519, 0.7689627389925079, 0.7606809800618208, 0.7524312550530788, 0.7442185841560421, 0.7360477262554455, 0.7279231831118149, 0.719849204022773, 0.7118297909136462, 0.7038687038080231, 0.6959694666308881, 0.6881353732990619, 0.6803694940558799, 0.6726746820093045, 0.6650535798349856, 0.6575086266081166, 0.6500420647302775, 0.6426559469197847, 0.6353521432363665, 0.6281323481132413, 0.6209980873718812, 0.6139507251968809, 0.6069914710504222, 0.6001213865078148, 0.5933413919974954, 0.5866522734306879, 0.5800546887076504, 0.5735491740890657, 0.5671361504226746, 0.5608159292166879, 0.5545887185528682, 0.5484546288334283, 0.5424136783570573, 0.5364657987204678, 0.5306108400428479, 0.5248485760115111, 0.5191787087478722, 0.5136008734936246, 0.5081146431176862, 0.5027195324450867, 0.4974150024095243, 0.49220046403180295, 0.48707528222679675, 0.48203877944196016, 0.47709023913073345, 0.472228909064471, 0.4674540044867587, 0.4627647111141831, 0.458160187987777, 0.45363957017949363, 0.4492019713581579, 0.44484648621941253, 0.44057219278422144, 0.4363781545705128, 0.4322634226425457, 0.4282270375425657, 0.42426803110928263, 0.4203854281876527, 0.41657824823438905, 0.41284550682355164, 0.40918621705648567, 0.40559939088028907, 0.40208404031889294, 0.3986391786207364, 0.3952638213269116, 0.3919569872635431, 0.38871769946205337, 0.3855449860108512, 0.38243788084186275, 0.37939542445520763, 0.3764166645852059, 0.3735006568107845, 0.370646465113235, 0.3678531623841607, 0.3651198308863364, 0.36244556267009476, 0.3598294599477405, 0.3572706354283904, 0.3547682126155288, 0.35232132606946953, 0.34992912163681233, 0.3475907566488899, 0.3453054000911035, 0.3430722327449582, 0.3408904473045185, 0.33875924846892347, 0.33667785301251535, 0.3346454898340606, 0.3326613999864643, 0.33072483668830693, 0.3288350653184633, 0.3269913633949958, 0.3251930205394501, 0.3234393384276202, 0.3217296307277907, 0.3200632230274086, 0.31843945274908214, 0.3168576690567546, 0.3153172327528503, 0.3138175161671447, 0.31235790303806654, 0.3109377883870957, 0.3095565783868832, 0.30821369022367945, 0.3069085519546207, 0.3056406023603913, 0.30440929079374407, 0.3032140770243321, 0.3020544310802749, 0.3009298330868547, 0.29983977310271226, 0.29878375095388593, 0.29776127606601616, 0.29677186729501315, 0.295815052756466, 0.2948903696540515, 0.2939973641071815, 0.29313559097811176, 0.29230461369871674, 0.2915040040971207, 0.29073334222436026, 0.2899922161812401, 0.28928022194553, 0.2885969631996403, 0.2879420511589007, 0.2873151044005574, 0.28671574869359245, 0.28614361682946166, 0.2855983484538376, 0.2850795898994358, 0.28458699401999654, 0.284120220025485, 0.2836789333185686, 0.28326280533242293, 0.2828715133699121, 0.28250474044418494, 0.2821621751207228, 0.28184351136087127, 0.28154844836688364, 0.28127669042849984, 0.2810279467710822, 0.2808019314053256, 0.28059836297855734, 0.2804169646276384, 0.2802574638334779, 0.2801195922771676, 0.280003085697744, 0.2799076837515824, 0.27983312987342696, 0.27977917113905937, 0.2797455581296072, 0.27973204479749325, 0.27973838833402515, 0.27976434903862574, 0.2798096901897027, 0.27987417791715685, 0.27995758107652785, 0.2800596711247759]]","[[0.01, 0.011673645222856313, 0.01362924433757481, 0.01580189558251425, 0.018156401288824855, 0.020675388911503854, 0.023352153752434157, 0.026186383200860787, 0.029181663458842693, 0.03234400548925797, 0.0356809765678931, 0.039201192638566085, 0.04291402553967596, 0.04682943792127303, 0.0509578938317461, 0.055310313978321896, 0.05989805722786328, 0.06473291741314441, 0.06982712898061876, 0.07519337767716487, 0.0808448140543278, 0.08679506850501151, 0.09305826709987436, 0.09964904781438592, 0.10658257692545205, 0.11387456546405626, 0.12154128567046199, 0.12959958743076863, 0.1380669146896386, 0.14696132184068397, 0.15630149009736038, 0.16610674384562685, 0.1763970669764529, 0.18719311919227, 0.19851625227709688, 0.2103885263155519, 0.22283272584140526, 0.23587237589177212, 0.24953175793850943, 0.2638359256638454, 0.2788107205427267, 0.29448278718978715, 0.31087958842420416, 0.3280294200009984, 0.3459614249525198, 0.36470560747894754, 0.38429284632158955, 0.40475490754759713, 0.42612445666940163, 0.44843507001673316, 0.47172124527349607, 0.49601841108605427, 0.5213629356436312, 0.5477921341255625, 0.5753442749040698, 0.6040585843850698, 0.6339752503633099, 0.6651354237618704, 0.6975812186198022, 0.7313557101854364, 0.7665029309667304, 0.8030678645839561, 0.841096437264145, 0.8806355068110263, 0.9217328488788021, 0.9644371403730576, 1.0087979397974849, 1.0548656643609835, 1.1026915636561758, 1.1523276897175392, 1.2038268632653046, 1.2572426359401145, 1.3126292483332782, 1.3700415836184356, 1.4295351165926586, 1.4911658579386091, 1.554990293524478, 1.6210653185651682, 1.6894481664767038, 1.760196332266282, 1.8333674903128676, 1.909019406407893, 1.987209843942598, 2.067996464147952, 2.151436720315033, 2.2375877459483218, 2.326506236831672, 2.4182483270167805, 2.5128694587769185, 2.6104242466044134, 2.710966335368982, 2.814548252795377, 2.92122125646293, 3.031035175576245, 3.1440382478054456, 3.26027695154575, 3.3797958339994754, 3.502637335538635, 3.628841610862606, 3.7584463475226326, 3.8914865824426355, 4.027994517123425, 4.16799933227444, 4.3115270026728645, 4.458600113103789, 4.609237676286268, 4.763454953737926, 4.921263280574427, 5.08266989527879, 5.247677775508534, 5.416285481035051, 5.588487004928649, 5.764271634113773, 5.943623820421069, 6.126523063255751, 6.3129438049844016, 6.502855340114584, 6.69622173930286, 6.893001789176942, 7.093148948896411, 7.29661132430393, 7.503331660435101, 7.713247353060584, 7.926290479829195, 8.142387851466083, 8.361461458483882, 8.583432604074618, 8.808225058658008, 9.035763951695644, 9.265974737688458, 9.498782520402813, 9.734111606421205, 9.97188520807389, 10.212025245863622, 10.454452219114048, 10.699085125120162, 10.945841414250163, 11.19463697290595, 11.445386129022936, 11.6980016765159, 11.952394916150999, 12.208475710990127, 12.46615255496517, 12.725332653391403, 12.985922014381194, 13.247825550208441, 13.510947187724655, 13.775189986954299, 14.040456267009603, 14.30664773846981, 14.573665641370845, 14.841410887951524, 15.10978420930334, 15.378686305073993, 15.648017995380885, 15.917680374100499, 16.187574962713022, 16.45760386389931, 16.727669914108983, 16.99767683434448, 17.267529378435725, 17.5371334781139, 17.80639638423014, 18.075226803505423, 18.343535030241558, 18.611233072469073, 18.878234772055905, 19.14445591835055, 19.40981435498437, 19.674230079509467, 19.937625335600604, 20.199924697601734, 20.461055147249027, 20.720946142452934, 20.979529678070914, 21.236740338650076, 21.49251534316451, 21.746794581815443, 21.999520645003035, 22.250638844616816, 22.500097227826842, 22.747846583589883, 22.993840442113942, 23.238035067550225, 23.480389444204405, 23.720865256578435, 23.959426863570425, 24.196041267173403, 24.43067807602391, 24.66330946415878, 24.893910125343016, 25.122457223333683, 25.34893033844434, 25.573311410771826, 25.795584680442484, 26.01573662522828, 26.233755895874914, 26.44963324947429, 26.66336148120239, 26.874935354731576, 27.084351531612857, 27.291608499909863, 27.49670650235151, 27.699647464255353, 27.900434921458146, 28.099073948474636, 28.295571087089897, 28.489934275575, 28.68217277870036, 28.87229711870595, 29.060319007372744, 29.24625127932524, 29.43010782668108, 29.611903535150184, 29.79165422167297, 29.969376573674932, 30.145088090003075, 30.318807023598698, 30.49055232595053, 30.66034359336247, 30.82820101506098, 30.99414532315883, 31.158197744483804, 31.320379954274, 31.48071403173446, 31.63922241744403, 31.79592787259572, 31.950853440048963, 32.10402240716778, 32.25545827041482, 32.40518470166786, 32.55322551622236, 32.69960464244105, 32.84434609300915, 32.98747393775229, 33.12901227797243, 33.26898522225592, 33.40741686370705, 33.54433125855965, 33.67975240611901, 33.813704229986094, 33.94621056051615, 34.07729511846394, 34.206981499768176, 34.335293161428325, 34.462253408427394, 34.58788538165533, 34.712212046788224, 34.83525618407958, 34.95704037902094, 35.077587013830005, 35.19691825972589, 35.31505606995174, 35.432022173506645, 35.547838069549734, 35.66252502244042, 35.776104057380394, 35.88859595662372, 36.00002125622299, 36.110400243280516, 36.21975295367476, 36.3280991702335, 36.43545842132637, 36.54184997985039, 36.64729286258354, 36.751805829882365, 36.8554073857006, 36.958115777907146, 37.05994899888234, 37.16092478637292, 37.26106062458664, 37.36037374550872, 37.45888113042297, 37.556599511621606, 37.65354537428825, 37.74973495853972, 37.845184261612815, 37.939909040183096, 38.033924812803455, 38.127246862450775, 38.21989023916981, 38.311869762803944, 38.40320002580321, 38.49389539610023, 38.58397002004575, 38.67343782539548, 38.76231252434081, 38.850607616576205, 38.93833639239677, 39.02551193581956, 39.11214712772302, 39.19825464899904, 39.283846983712536, 39.368936422263886, 39.45353506454983, 39.53765482311876, 39.62130742631655, 39.704504421419536, 39.7872571777513, 39.869576889780355, 39.95147458019582, 40.032961102958794, 40.11404714632676, 40.19474323584923, 40.2750597373324, 40.355006859771166, 40.4345946582469, 40.51383303678941, 40.59273175120185, 40.67130041184739, 40.749548486396485, 40.827485302533916, 40.9051200506247, 40.982461786338106, 41.05951943322923, 41.136301785277425, 41.21281750938137, 41.28907514781002, 41.365083120609505, 41.44084972796548, 41.51638315252073, 41.59169146164812, 41.6667826096785, 41.74166444008381, 41.816344687615214, 41.89083098039639, 41.9651308419721, 42.03925169331209, 42.113200854770554, 42.18698554800131, 42.26061289782892, 42.334089934075976, 42.40742359334688, 42.48062072076829, 42.5536880716867, 42.62663231332324, 42.699460026386305, 42.7721777066421, 42.84479176644366, 42.91730853621861, 42.98973426591605, 43.06207512641295, 43.13433721088055, 43.20652653611097, 43.278649043804634, 43.35071060181875, 43.4227170053774, 43.49467397824356, 43.566587173853506, 43.63846217641398, 43.71030450196266, 43.78211959939219, 43.853912851438274, 43.92568957563235, 43.99745502521905, 44.06921439003909, 44.140972797377884, 44.21273531278029, 44.28450694083205, 44.3562926259082, 44.42809725288891, 44.49992564784321, 44.57178257868104, 44.64367275577391, 44.71560083254482, 44.78757140602755]]","[array([6.37688001e-05, 6.00799169e-05, 5.86664978e-05, 5.87303121e-05,
       5.97890278e-05, 6.15506878e-05, 6.38379138e-05, 6.65427547e-05,
       6.95997381e-05, 7.29695824e-05, 7.66293589e-05, 8.05665182e-05,
       8.47752428e-05, 8.92542039e-05, 9.40051681e-05, 9.90321207e-05,
       1.04340706e-04, 1.09937862e-04, 1.15831577e-04, 1.22030728e-04,
       1.28544956e-04, 1.35384594e-04, 1.42560597e-04, 1.50084502e-04,
       1.57968389e-04, 1.66224860e-04, 1.74867011e-04, 1.83908423e-04,
       1.93363144e-04, 2.03245683e-04, 2.13570998e-04, 2.24354496e-04,
       2.35612020e-04, 2.47359854e-04, 2.59614713e-04, 2.72393742e-04,
       2.85714515e-04, 2.99595029e-04, 3.14053704e-04, 3.29109379e-04,
       3.44781307e-04, 3.61089152e-04, 3.78052982e-04, 3.95693264e-04,
       4.14030857e-04, 4.33087001e-04, 4.52883313e-04, 4.73441768e-04,
       4.94784692e-04, 5.16934745e-04, 5.39914904e-04, 5.63748445e-04,
       5.88458925e-04, 6.14070154e-04, 6.40606172e-04, 6.68091223e-04,
       6.96549721e-04, 7.26006215e-04, 7.56485358e-04, 7.88011862e-04,
       8.20610454e-04, 8.54305833e-04, 8.89122615e-04, 9.25085283e-04,
       9.62218121e-04, 1.00054516e-03, 1.04009011e-03, 1.08087626e-03,
       1.12292647e-03, 1.16626302e-03, 1.21090754e-03, 1.25688096e-03,
       1.30420336e-03, 1.35289393e-03, 1.40297078e-03, 1.45445094e-03,
       1.50735014e-03, 1.56168275e-03, 1.61746166e-03, 1.67469811e-03,
       1.73340159e-03, 1.79357971e-03, 1.85523801e-03, 1.91837988e-03,
       1.98300637e-03, 2.04911605e-03, 2.11670487e-03, 2.18576600e-03,
       2.25628966e-03, 2.32826299e-03, 2.40166991e-03, 2.47649093e-03,
       2.55270301e-03, 2.63027944e-03, 2.70918969e-03, 2.78939928e-03,
       2.87086961e-03, 2.95355793e-03, 3.03741712e-03, 3.12239571e-03,
       3.20843770e-03, 3.29548254e-03, 3.38346504e-03, 3.47231536e-03,
       3.56195900e-03, 3.65231674e-03, 3.74330471e-03, 3.83483442e-03,
       3.92681280e-03, 4.01914234e-03, 4.11172113e-03, 4.20444308e-03,
       4.29719803e-03, 4.38987195e-03, 4.48234720e-03, 4.57450273e-03,
       4.66621439e-03, 4.75735524e-03, 4.84779585e-03, 4.93740468e-03,
       5.02604845e-03, 5.11359258e-03, 5.19990156e-03, 5.28483945e-03,
       5.36827081e-03, 5.45007292e-03, 5.53015956e-03, 5.60847563e-03,
       5.68498312e-03, 5.75965232e-03, 5.83245673e-03, 5.90337017e-03,
       5.97236534e-03, 6.03941308e-03, 6.10448221e-03, 6.16753962e-03,
       6.22855056e-03, 6.28747891e-03, 6.34428768e-03, 6.39893931e-03,
       6.45139616e-03, 6.50162084e-03, 6.54957662e-03, 6.59522778e-03,
       6.63853997e-03, 6.67948049e-03, 6.71801860e-03, 6.75412583e-03,
       6.78777619e-03, 6.81894640e-03, 6.84761614e-03, 6.87376820e-03,
       6.89738867e-03, 6.91846705e-03, 6.93699641e-03, 6.95297347e-03,
       6.96639866e-03, 6.97727622e-03, 6.98561419e-03, 6.99142447e-03,
       6.99472276e-03, 6.99552858e-03, 6.99386522e-03, 6.98975963e-03,
       6.98324242e-03, 6.97434770e-03, 6.96311299e-03, 6.94957912e-03,
       6.93379003e-03, 6.91579270e-03, 6.89563692e-03, 6.87337516e-03,
       6.84906238e-03, 6.82275586e-03, 6.79451498e-03, 6.76440105e-03,
       6.73247711e-03, 6.69880774e-03, 6.66345882e-03, 6.62649738e-03,
       6.58799139e-03, 6.54800955e-03, 6.50662109e-03, 6.46389564e-03,
       6.41990296e-03, 6.37471286e-03, 6.32839495e-03, 6.28101853e-03,
       6.23265240e-03, 6.18336474e-03, 6.13322297e-03, 6.08229360e-03,
       6.03064211e-03, 5.97833287e-03, 5.92542899e-03, 5.87199228e-03,
       5.81808311e-03, 5.76376037e-03, 5.70908139e-03, 5.65410187e-03,
       5.59887585e-03, 5.54345566e-03, 5.48789187e-03, 5.43223329e-03,
       5.37652691e-03, 5.32081793e-03, 5.26514971e-03, 5.20956380e-03,
       5.15409994e-03, 5.09879604e-03, 5.04368823e-03, 4.98881086e-03,
       4.93419653e-03, 4.87987610e-03, 4.82587873e-03, 4.77223193e-03,
       4.71896158e-03, 4.66609194e-03, 4.61364573e-03, 4.56164418e-03,
       4.51010702e-03, 4.45905256e-03, 4.40849774e-03, 4.35845816e-03,
       4.30894814e-03, 4.25998075e-03, 4.21156786e-03, 4.16372020e-03,
       4.11644741e-03, 4.06975806e-03, 4.02365972e-03, 3.97815898e-03,
       3.93326154e-03, 3.88897219e-03, 3.84529493e-03, 3.80223293e-03,
       3.75978864e-03, 3.71796378e-03, 3.67675941e-03, 3.63617596e-03,
       3.59621325e-03, 3.55687056e-03, 3.51814663e-03, 3.48003971e-03,
       3.44254759e-03, 3.40566763e-03, 3.36939677e-03, 3.33373162e-03,
       3.29866840e-03, 3.26420303e-03, 3.23033113e-03, 3.19704807e-03,
       3.16434893e-03, 3.13222859e-03, 3.10068172e-03, 3.06970281e-03,
       3.03928616e-03, 3.00942593e-03, 2.98011616e-03, 2.95135075e-03,
       2.92312350e-03, 2.89542813e-03, 2.86825828e-03, 2.84160751e-03,
       2.81546936e-03, 2.78983729e-03, 2.76470477e-03, 2.74006521e-03,
       2.71591204e-03, 2.69223867e-03, 2.66903851e-03, 2.64630499e-03,
       2.62403157e-03, 2.60221170e-03, 2.58083890e-03, 2.55990671e-03,
       2.53940870e-03, 2.51933851e-03, 2.49968980e-03, 2.48045632e-03,
       2.46163185e-03, 2.44321025e-03, 2.42518542e-03, 2.40755134e-03,
       2.39030207e-03, 2.37343173e-03, 2.35693451e-03, 2.34080468e-03,
       2.32503658e-03, 2.30962464e-03, 2.29456334e-03, 2.27984728e-03,
       2.26547110e-03, 2.25142955e-03, 2.23771745e-03, 2.22432969e-03,
       2.21126126e-03, 2.19850721e-03, 2.18606270e-03, 2.17392294e-03,
       2.16208324e-03, 2.15053899e-03, 2.13928564e-03, 2.12831875e-03,
       2.11763393e-03, 2.10722688e-03, 2.09709338e-03, 2.08722929e-03,
       2.07763053e-03, 2.06829311e-03, 2.05921310e-03, 2.05038666e-03,
       2.04181001e-03, 2.03347944e-03, 2.02539132e-03, 2.01754208e-03,
       2.00992822e-03, 2.00254631e-03, 1.99539297e-03, 1.98846492e-03,
       1.98175891e-03, 1.97527176e-03, 1.96900035e-03, 1.96294164e-03,
       1.95709262e-03, 1.95145036e-03, 1.94601197e-03, 1.94077463e-03,
       1.93573557e-03, 1.93089205e-03, 1.92624143e-03, 1.92178107e-03,
       1.91750842e-03, 1.91342095e-03, 1.90951619e-03, 1.90579173e-03,
       1.90224516e-03, 1.89887417e-03, 1.89567646e-03, 1.89264978e-03,
       1.88979191e-03, 1.88710069e-03, 1.88457398e-03, 1.88220969e-03,
       1.88000576e-03, 1.87796017e-03, 1.87607093e-03, 1.87433608e-03,
       1.87275371e-03, 1.87132192e-03, 1.87003885e-03, 1.86890267e-03,
       1.86791158e-03, 1.86706380e-03, 1.86635758e-03, 1.86579120e-03,
       1.86536296e-03, 1.86507120e-03, 1.86491424e-03, 1.86489048e-03,
       1.86499829e-03, 1.86523610e-03, 1.86560232e-03, 1.86609542e-03,
       1.86671386e-03])]","[[0, 6.376880005047202e-05, 0.00012384871691641303, 0.0001825152146708144, 0.00024124552681513788, 0.0003010345545846848, 0.0003625852423902621, 0.0004264231561754239, 0.0004929659108914269, 0.0005625656489809745, 0.0006355352313624962, 0.0007121645902793743, 0.0007927311084824599, 0.0008775063512551796, 0.000966760555127394, 0.0010607657231833105, 0.0011597978438866422, 0.0012641385498157437, 0.0013740764116160521, 0.0014899079890894908, 0.001611938716631356, 0.0017404836727950151, 0.0018758682667756332, 0.0020184288639497542, 0.0021685133658177072, 0.0023264817552810543, 0.0024927066152465945, 0.0026675736265341257, 0.002851482049642464, 0.003044845193890547, 0.0032480908766691647, 0.003461661874932524, 0.003686016370575044, 0.003921628390943099, 0.004168988245400524, 0.0044286029585845176, 0.004700996700743531, 0.004986711215332377, 0.005286306243845682, 0.005600359947693957, 0.005929469326763123, 0.006274250634144981, 0.006635339786380481, 0.007013392768417418, 0.007409086032347713, 0.007823116888855317, 0.008256203890172623, 0.008709087203210323, 0.009182528971391934, 0.00967731366358912, 0.010194248408416984, 0.010734163312009347, 0.011297911757252185, 0.011886370682309137, 0.01250044083612575, 0.013141047008449425, 0.01380913823174972, 0.014505687952269197, 0.01523169416727859, 0.015988179525452416, 0.016776191387122562, 0.017596801841008872, 0.018451107673867824, 0.019340230289344392, 0.020265315572158778, 0.021227533693610454, 0.022228078854238033, 0.023268168959336553, 0.024349045222905295, 0.025471971695481304, 0.02663823471120818, 0.027849142249398547, 0.029106023205774517, 0.03041022656851529, 0.03176312049420825, 0.03316609127879134, 0.03462054221859378, 0.03612789235663206, 0.03768957510940167, 0.03930703676952546, 0.040981734879780504, 0.04271513647422971, 0.04450871618243577, 0.04636395419303674, 0.04828233407331773, 0.050265340441825145, 0.05231445649154104, 0.05443116136166922, 0.05661692735668295, 0.05887321701194928, 0.061201480005978706, 0.06360314992015176, 0.06607964084764699, 0.06863234385423744, 0.07126262329463413, 0.07397181298913322, 0.07676121226646598, 0.07963208187995373, 0.08258563980532765, 0.0856230569298819, 0.08874545264397785, 0.09195389034730168, 0.09524937288368499, 0.09863283791971866, 0.10210515328381248, 0.10566711228375984, 0.10931942902224864, 0.11306273373109528, 0.11689756814625497, 0.12082438094685899, 0.12484352328262993, 0.12895524441501102, 0.1331596874981944, 0.13745688552692953, 0.14184675747851433, 0.14632910467670274, 0.15090360740538505, 0.15556982179979484, 0.1603271770426552, 0.16517497289208566, 0.17011237756723738, 0.1751384260165045, 0.18025201859176604, 0.18545192015044748, 0.19073675960525607, 0.19610503041582208, 0.20155510333095011, 0.20708526288648732, 0.21269373851699833, 0.21837872163971472, 0.22413837396219458, 0.22997083068776414, 0.23587420085865443, 0.24184656619878425, 0.24788597927790776, 0.2539904614870517, 0.2601580011119449, 0.26638655166714226, 0.27267403057827005, 0.27901831825444384, 0.2854172575658006, 0.291868653725085, 0.29837027456292925, 0.3049198511811607, 0.31151507896552133, 0.3181536189375863, 0.3248330994248304, 0.3315511180273609, 0.33830524385961314, 0.34509302004517806, 0.35191196644285305, 0.3587595825819421, 0.36563335078478937, 0.37253073945450615, 0.37944920650586167, 0.3863862029173595, 0.3933391763826339, 0.40030557503947634, 0.4072828512550555, 0.4142684654462322, 0.4212598899142955, 0.42825461267396336, 0.4352501412571004, 0.44224400647230766, 0.4492337661023281, 0.4562170085220863, 0.4631913562211355, 0.47015446921531046, 0.477104048333475, 0.48403783836639847, 0.49095363106598916, 0.4978492679843381, 0.5047226431432845, 0.5115717055264822, 0.5183944613872232, 0.5251889763665468, 0.5319533774174182, 0.5386858545319965, 0.5453846622702122, 0.5520481210890361, 0.5586746184729331, 0.5652626098670567, 0.5718106194157351, 0.5783172405097359, 0.5847811361466592, 0.5912010391096022, 0.597575751969955, 0.6039041469208297, 0.610185165448188, 0.6164178178472229, 0.622601182591959, 0.6287344055663776, 0.6348166991656357, 0.6408473412761444, 0.6468256741434041, 0.6527511031365563, 0.6586230954186222, 0.6644411785313497, 0.6702049389034886, 0.6759140202911724, 0.6815681221588917, 0.6871669980093258, 0.6927104536700314, 0.698198345544708, 0.7036305788364419, 0.7090071057499991, 0.7143279236798911, 0.7195930733905691, 0.7248026371947408, 0.7299567371354144, 0.7350555331769074, 0.7400992214096669, 0.7450880322733779, 0.750022228802461, 0.7549021048976926, 0.759727983627329, 0.7645002155607644, 0.7692191771374202, 0.7738852690732376, 0.778498914806842, 0.7830605589871458, 0.787570666003884, 0.7920297185623072, 0.7964382163030101, 0.8007966744676414, 0.8051056226110196, 0.8093656033599833, 0.8135771712191099, 0.8177408914232704, 0.82185733883683, 0.8259270968991546, 0.8299507566159627, 0.833928915595937, 0.8378621771319085, 0.8417511493258352, 0.8455964442567111, 0.8493986771904742, 0.8531584658309187, 0.856876429610566, 0.8605531890204049, 0.8641893649773776, 0.8677855782284593, 0.8713424487901582, 0.8748605954222511, 0.8783406351345573, 0.8817831827255525, 0.8851888503516272, 0.8885582471257959, 0.891891978744677, 0.8951906471425749, 0.8984548501715119, 0.9016851813060762, 0.9048822293719743, 0.9080465782971996, 0.9111788068847528, 0.9142794886058767, 0.9173491914127957, 0.9203884775699803, 0.9233979035029831, 0.9263780196639251, 0.9293293704127413, 0.9322524939133245, 0.9351479220437359, 0.9380161803196838, 0.9408577878305003, 0.9436732571868757, 0.946463094479642, 0.9492277992489246, 0.9519678644630093, 0.9546837765063021, 0.9573760151757857, 0.960045053685402, 0.9626913586778195, 0.9653153902430665, 0.9679176019435376, 0.9704984408449058, 0.9730583475524923, 0.9755977562526726, 0.9781170947589158, 0.980616784562078, 0.9830972408845865, 0.9855588727381764, 0.988002082984854, 0.990427268400783, 0.9928348197428057, 0.9952251218173274, 0.9975985535513063, 0.9999554880651106, 1.0022962927470125, 1.0046213293291089, 1.006930953964466, 1.0092255173053013, 1.0115053645820267, 1.0137708356829862, 1.0160222652347355, 1.0182599826827194, 1.0204843123722098, 1.0226955736293821, 1.0248940808424107, 1.0270801435424761, 1.0292540664845804, 1.0314161497280816, 1.0335666887168555, 1.0357059743590074, 1.0378342931060591, 1.039951927031542, 1.0420591539089352, 1.0441562472888888, 1.0462434765756816, 1.0483211071028637, 1.0503894002080405, 1.0524486133067583, 1.0544989999654555, 1.0565408099734461, 1.0585742894139074, 1.0605996807338454, 1.062617222813014, 1.064627151031769, 1.0666296973378375, 1.068625090311988, 1.0706135552325886, 1.0725953141390403, 1.0745705858940775, 1.0765395862449276, 1.0785025278833242, 1.0804596205043695, 1.0824110708642423, 1.084357082836751, 1.086297857468731, 1.0882335930342864, 1.090164485087879, 1.0920907265162674, 1.094012507589297, 1.0959300160095506, 1.097843436960859, 1.0997529531556816, 1.1016587448813615, 1.1035609900452628, 1.1054598642187952, 1.1073555406803397, 1.1092481904570761, 1.1111379823657266, 1.113025083052223, 1.1149096570303048, 1.116791866719061, 1.1186718724794238, 1.1205498326496222, 1.1224259035796105, 1.124300239664477, 1.1261729933768467, 1.128044315298287, 1.1299143541497272, 1.1317832568209025, 1.1336511683988346, 1.1355182321953574, 1.1373845897737005, 1.1392503809741408, 1.1411157439387323, 1.1429808151351275, 1.1448457293794978, 1.1467106198585673, 1.1485756181507674, 1.1504408542465272, 1.1523064565677072, 1.1541725519861887, 1.15603926584163]]"
50.0,80.0,4,120,90,I1-S1,"[[0.01, 0.009218546420913139, 0.008861068736292907, 0.008775059817687893, 0.008868448506442047, 0.009085558574608153, 0.009392622719514201, 0.009769099712986945, 0.010202515896179215, 0.010685364097030796, 0.011213234259612546, 0.011783682213103532, 0.012395541935499552, 0.013048504833734213, 0.013742860289959179, 0.014479334050052937, 0.015258986360718717, 0.016083146924400698, 0.016953372823017267, 0.017871421006515984, 0.01883923021213997, 0.019858909148839747, 0.020932728970718125, 0.022063118785879205, 0.023252663389119504, 0.024504102680089988, 0.025820332399608143, 0.027204405925685304, 0.028659536941549418, 0.030189102834929517, 0.03179664871985665, 0.03348589199453834, 0.03526072736473796, 0.03712523227356001, 0.039083672686880705, 0.04114050918968861, 0.04330040335284761, 0.04556822433262489, 0.047949055666986276, 0.050448202233324725, 0.05307119733207821, 0.05582380985970173, 0.05871205153274856, 0.061742184122435984, 0.0649207266560526, 0.06825446253793128, 0.07175044653847662, 0.0754160115949074, 0.07925877536195418, 0.08328664644474075, 0.08750783023947194, 0.09193083430034558, 0.09656447314330094, 0.1014178723888062, 0.10650047213687687, 0.11182202945790842, 0.11739261987271296, 0.12322263768438894, 0.129322795013352, 0.1357041193750534, 0.14237794962766062, 0.14935593010434095, 0.1566500027318545, 0.16427239692403667, 0.1722356170255569, 0.1805524270682334, 0.18923583258934745, 0.19829905924904706, 0.2077555279723116, 0.21761882633034849, 0.2279026758670465, 0.2386208950685821, 0.24978735766889237, 0.26141594598095097, 0.273520498944134, 0.2861147545820014, 0.2992122865731655, 0.31282643465122845, 0.32697022856874974, 0.34165630538559016, 0.35689681987453603, 0.3727033478776217, 0.3890867824958179, 0.4060572230535123, 0.4236238568482012, 0.4417948337757117, 0.46057713401264755, 0.47997642904105836, 0.4999969364158464, 0.520641268803228, 0.5419102779584887, 0.5638028944628335, 0.5863159642015243, 0.6094440827374944, 0.6331794289145747, 0.657511599210218, 0.6824274445464844, 0.7079109114568396, 0.7339428896912206, 0.7605010685184973, 0.7875598041489872, 0.8150900008446852, 0.8430590084054969, 0.8714305388098698, 0.9001646048414188, 0.929217483543043, 0.9585417073003706, 0.9880860852612675, 1.0177957576423438, 1.0476122852525251, 1.0774737762746187, 1.1073150519866564, 1.1370678526756033, 1.1666610844987202, 1.1960211074865634, 1.2250720642627217, 1.2537362483877352, 1.2819345105294309, 1.3095866999326156, 1.3366121379232616, 1.362930119453295, 1.3884604379905237, 1.4131239284035115, 1.4368430219030035, 1.4595423065989233, 1.4811497322495562, 1.5016035448544058, 1.5208554238020946, 1.5388660387624613, 1.5556017704559624, 1.5710328572838204, 1.5851324846532775, 1.5978764792973086, 1.6092433734543505, 1.6192146768589073, 1.6277752464177802, 1.6349136801925088, 1.6406226881869987, 1.644899410556964, 1.6477456664519732, 1.6491681253793364, 1.649178398893593, 1.6477930543874284, 1.6450335553722808, 1.6409261343004804, 1.6355016049830344, 1.6287951221978856, 1.6208458963004146, 1.6116968706356563, 1.6013943693748975, 1.5899877231025632, 1.5775288790937345, 1.5640720027707247, 1.549673076325805, 1.534389499959993, 1.5182797006262592, 1.5014027525898206, 1.4838180135376697, 1.4655847793928884, 1.4467619604245592, 1.4274077806985714, 1.4075795023948199, 1.387333176027802, 1.3667234171551286, 1.3458032097455332, 1.3246237360072386, 1.3032342321505404, 1.2816818692758216, 1.2600116583395982, 1.2382663779555103, 1.216486523632644, 1.1947102769377733, 1.1729734929882794, 1.151309704635423, 1.1297501416799591, 1.1083237634702754, 1.0870573032637825, 1.065975322781715, 1.0451002754524668, 1.0244525769159258, 1.0040506814480483, 0.9839111630584138, 0.964048800111336, 0.9444766624211145, 0.9252061998723361, 0.9062473317152125, 0.8876085357824309, 0.8692969369668416, 0.8513183943876672, 0.8336775867561601, 0.8163780955293145, 0.7994224855120787, 0.7828123826343663, 0.7665485486890253, 0.7506309528708655, 0.7350588400050304, 0.7198307953956745, 0.7049448062633222, 0.690398319771787, 0.6761882976734266, 0.6623112676251777, 0.6487633712475916, 0.6355404090153514, 0.6226378820808199, 0.610051031142408, 0.5977748724772494, 0.5858042312631639, 0.574133772318429, 0.5627580283897499, 0.5516714261192471, 0.5408683098204883, 0.5303429631917805, 0.5200896290922846, 0.5101025275031736, 0.5003758717921782, 0.49090388339555935, 0.4816808050269393, 0.47270091251759405, 0.4639585253878468, 0.45544801624417164, 0.44716381909157693, 0.439100436645838, 0.4312524467252275, 0.4236145077965835, 0.4161813637458826, 0.40894784793897304, 0.4019088866337798, 0.3950595018011376, 0.38839481340743703, 0.3819100412085007, 0.37560050610052254, 0.3694616310705268, 0.3634889417856095, 0.35767806685722436, 0.3520247378139586, 0.3465247888136001, 0.34117415612283036, 0.33596887739056946, 0.33090509073884977, 0.32597903369309317, 0.3211870419718066, 0.31652554815398304, 0.3119910802408945, 0.30758026012747924, 0.30328980199715555, 0.2991165106526257, 0.295057279794064, 0.2911090902550055, 0.2872690082052562, 0.28353418332923347, 0.27990184698730336, 0.27636931036691004, 0.27293396262958386, 0.2695932690592659, 0.26634476921679046, 0.2631860751048244, 0.26011486934706374, 0.2571289033850339, 0.2542259956954259, 0.2514040300305225, 0.24866095368392482, 0.2459947757834792, 0.2434035656130163, 0.24088545096426214, 0.2384386165200439, 0.2360613022697045, 0.2337518019574499, 0.2315084615641804, 0.2293296778232045, 0.22721389677009493, 0.22515961232682222, 0.22316536492019096, 0.2212297401345051, 0.21935136739830108, 0.2175289187049096, 0.21576110736653928, 0.21404668680151476, 0.21238444935424922, 0.21077322514748661, 0.209211880966309, 0.2076993191733706, 0.2062344766547928, 0.20481632379612932, 0.20344386348779223, 0.20211613015931337, 0.20083218884180343, 0.19959113425796177, 0.19839208993898363, 0.1972342073677075, 0.19611666514734308, 0.19503866819512156, 0.19399944696021057, 0.19299825666524062, 0.19203437657079395, 0.19110710926221355, 0.1902157799580963, 0.1893597358398426, 0.18853834540164394, 0.18775099782029805, 0.18699710234425324, 0.18627608770129156, 0.18558740152427347, 0.18493050979437622, 0.18430489630127048, 0.1837100621196908, 0.18314552510186746, 0.18261081938529886, 0.1821054949153552, 0.18162911698221668, 0.18118126577166035, 0.1807615359292218, 0.18036953613726955, 0.18000488870454126, 0.17966722916770225, 0.17935620590449802, 0.1790714797580832, 0.1788127236721206, 0.1785796223362541, 0.1783718718415699, 0.1781891793456705, 0.17803126274699602, 0.17789785036803715, 0.17778868064709308, 0.17770350183823777, 0.17764207171916646, 0.1776041573066031, 0.17758953457895835, 0.1775979882059359, 0.17762931128479273, 0.17768330508296798, 0.177759778786801, 0.17785854925606842, 0.17797944078407643, 0.1781222848630516, 0.17828691995458076, 0.17847319126485717, 0.1786809505244964, 0.17891005577269203, 0.17916037114548755, 0.1794317666679463, 0.179724118050008, 0.18003730648582533, 0.18037121845638007, 0.180725745535184, 0.18110078419687417, 0.18149623562851844, 0.1819120055434515, 0.18234800399746695, 0.18280414520719598, 0.18328034737050744, 0.18377653248876974, 0.18429262619081885, 0.18482855755848154, 0.18538425895350802, 0.18595966584577153, 0.18655471664259826, 0.18716935251909406, 0.18780351724933997, 0.18845715703833202, 0.18913022035454577, 0.1898226577630101, 0.19053442175877922, 0.19126546660069618, 0.1920157481453461, 0.1927852236811005, 0.19357385176216008]]","[[0.01, 0.011673645222856313, 0.01362924433757481, 0.01580189558251425, 0.018156401288824855, 0.020675388926643553, 0.02335215461231243, 0.02618639215204684, 0.02918170970409687, 0.03234416844953784, 0.035681427955466395, 0.039202252635502415, 0.042916233079073884, 0.04683363502481194, 0.05096532403712149, 0.055322735024050974, 0.05991786831394452, 0.06476330150550823, 0.06987221076673415, 0.07525839790660041, 0.08093632111141207, 0.08692112816228231, 0.09322869149256638, 0.09987564475968362, 0.10687942078738216, 0.11425829083721578, 0.12203140522450114, 0.1302188353236304, 0.1388416170217062, 0.14792179568469793, 0.1574824727005445, 0.16754785366104755, 0.17814329824023645, 0.1892953718217929, 0.20103189892242065, 0.2133820184518577, 0.22637624084357313, 0.24004650708301994, 0.2544262496525449, 0.2695504554035864, 0.28545573035750194, 0.3021803664261429, 0.31976441003200096, 0.3382497325952645, 0.35768010284130247, 0.37810126086680745, 0.3995609938859271, 0.42210921355905895, 0.4457980347864177, 0.47068185582586364, 0.49681743956964425, 0.5242639957874949, 0.5530832641138103, 0.5833395975241784, 0.6151000460113173, 0.6484344401322052, 0.683415474056832, 0.7201187877043677, 0.7586230475045482, 0.7990100252706154, 0.8413646746151372, 0.8857752042814643, 0.9323331477014043, 0.9811334280239997, 1.032274417791139, 1.0858579923632898, 1.1419895761231362, 1.2007781804066404, 1.2623364320304404, 1.3267805912020476, 1.3942305575156608, 1.464809862652317, 1.5386456483194912, 1.6158686278831906, 1.6966130300663282, 1.7810165230121384, 1.8692201169422615, 1.9613680435777143, 2.0576076104393475, 2.158089028104868, 2.262965208474563, 2.3723915320902447, 2.486525582564552, 2.60552684621372, 2.7295563750495138, 2.858776411378606, 2.993349972383727, 3.1334403932238293, 3.2792108273937557, 3.4308237033306335, 3.588440136547441, 3.7522192969164814, 3.9223177311189166, 4.098888640722509, 4.28208111684883, 4.472039332943124, 4.668901697763204, 4.872799971355384, 5.083858347481276, 5.302192506693298, 5.527908645021507, 5.761102484020189, 6.001858268718406, 6.250247760811068, 6.5063292352011155, 6.77014648874232, 7.041727870717936, 7.321085345203482, 7.608213595982229, 7.903089185088927, 8.205669776330597, 8.515893435253318, 8.833678016972812, 9.15892065304841, 9.491497348141857, 9.831262696554981, 10.178049727878838, 10.531669889911448, 10.891913175717304, 11.25854840022071, 11.631323630064085, 12.009966768644846, 12.394186296299358, 12.783672163563905, 13.178096833349338, 13.577117144632881, 13.980382862128618, 14.387543130832785, 14.798244926226776, 15.212131625625284, 15.62884235814131, 16.048011951198458, 16.46927133193006, 16.892248271596536, 17.316568383796763, 17.74185630462498, 18.16773699639392, 18.593837127105417, 19.019786486239937, 19.44521940420382, 19.869776148326057, 20.29310427293739, 20.714859905017157, 21.134708950320977, 21.55232820792252, 21.967406383798547, 22.379644996515296, 22.788759170274144, 23.194478312569757, 23.596546675519292, 23.994723801545028, 24.388784855539726, 24.77852084691668, 25.163738746046988, 25.544261500517813, 25.919927957410987, 26.29059269840662, 26.656125794968244, 27.01641249117328, 27.371352821924873, 27.720861174330157, 28.06486579996788, 28.40330828560792, 28.73614298970002, 29.0633364516323, 29.384866780384925, 29.700723028783298, 30.010904559100158, 30.315420405278346, 30.61428863655533, 30.90753572677639, 31.19519593319315, 31.477310688064897, 31.753928005917437, 32.025101908872585, 32.29089187204468, 32.551362290611, 32.80658196980272, 33.05662363873331, 33.30156348868181, 33.54148073617989, 33.77645721101297, 34.00657696903552, 34.23192592951892, 34.452591536593694, 34.66866244421645, 34.88022822398249, 35.087379095016594, 35.29020567510455, 35.488798752175434, 35.6832490752065, 35.8736471635985, 36.06008313405635, 36.24264654400744, 36.42142625059611, 36.59651028430622, 36.76798573628326, 36.935938658452216, 37.10045397555589, 37.261615408270224, 37.4195054065875, 37.57420509269387, 37.725794212604896, 37.874351095860106, 38.019952622615385, 38.162674197509304, 38.30258972971658, 38.439771618637785, 38.57429074470969, 38.706216464854585, 38.83561661211953, 38.962557499087936, 39.087103924675844, 39.20931918395357, 39.32926508066056, 39.447001942106795, 39.562588636178006, 39.67608259018488, 39.7875398113174, 39.89701490848559, 40.004561115346355, 40.11023031433363, 40.21407306152497, 40.31613861219304, 40.41647494690404, 40.515128798038326, 40.61214567662029, 40.70756989935552, 40.80144461578371, 40.89381183546487, 40.984712455125255, 41.07418628569733, 41.16227207919524, 41.24900755537415, 41.33442942812782, 41.418573431584385, 41.50147434586545, 41.583166022478245, 41.66368140931499, 41.743052575237165, 41.821310734226245, 41.89848626908538, 41.97460875467961, 42.049706980704514, 42.12380897397598, 42.196942020235355, 42.26913268546663, 42.3404068367238, 42.41078966246794, 42.4803056924152, 42.548978816897886, 42.616832305741966, 42.68388882666527, 42.75017046320141, 42.81569873215534, 42.88049460059697, 42.944578502399715, 43.00797035433153, 43.070689571706296, 43.13275508360355, 43.19418534766519, 43.25499836447766, 43.315211691548456, 43.37484245688593, 43.43390737219133, 43.492422745672236, 43.55040449448639, 43.60786815682507, 43.66482890364499, 43.72130155005779, 43.777300566385975, 43.832840088894166, 43.887933930204355, 43.942595589403815, 43.99683826185408, 44.05067484870941, 44.10411796615286, 44.157179954358014, 44.20987288618426, 44.26220857561338, 44.31419858593489, 44.36585423768759, 44.4171866163645, 44.4682065798882, 44.51892476586346, 44.56935159861386, 44.61949729600881, 44.66937187608737, 44.71898516348514, 44.76834679566995, 44.81746622899244, 44.866352744557, 44.91501545391869, 44.96346330461135, 45.01170508551216, 45.05974943204762, 45.10760483124581, 45.15527962663968, 45.20278202302583, 45.250120091083275, 45.297301771856446, 45.34433488110658, 45.39122711353542, 45.43798604688515, 45.48461914591832, 45.53113376628129, 45.57753715825474, 45.62383647039457, 45.67003875306649, 45.71615096187734, 45.76217996100625, 45.808132526438506, 45.854015349104955, 45.89983503792957, 45.945598122787935, 45.99131105737896, 46.036980222012396, 46.08261192631439, 46.12821241185334, 46.173787854688115, 46.21934436784083, 46.26488800369603, 46.31042475632819, 46.35596056375941, 46.401501310149015, 46.447052827916615, 46.492620899800436, 46.538211260852194, 46.583829600370166, 46.629481563771726, 46.67517275440669, 46.72090873531274, 46.76669503091416, 46.81253712866491, 46.85844048063726, 46.904410505056866, 46.95045258778535, 46.99657208375128, 47.042774318330395, 47.08906458867586, 47.13544816499937, 47.181930291803766, 47.2285161890679, 47.27521105338429, 47.322020059050104, 47.36894835911224, 47.4160010863667, 47.463183354312875, 47.51050025806317, 47.55795687520823, 47.60555826663821, 47.653309477320384, 47.70121553703325, 47.7492814610575, 47.79751225082402, 47.84591289451902, 47.894488367646524, 47.943243633548285, 47.99218364388119, 48.041313339052294, 48.09063764861139, 48.140161491601255, 48.189889776865385, 48.23982740331342, 48.28997926014392, 48.34035022702463]]","[array([6.37688001e-05, 6.00799169e-05, 5.86664978e-05, 5.87303121e-05,
       5.97890278e-05, 6.15506894e-05, 6.38379363e-05, 6.65428927e-05,
       6.96002739e-05, 7.29711518e-05, 7.66331617e-05, 8.05745642e-05,
       8.47906246e-05, 8.92813911e-05, 9.40503176e-05, 9.91034021e-05,
       1.04448640e-04, 1.10095672e-04, 1.16055557e-04, 1.22340623e-04,
       1.28964367e-04, 1.35941390e-04, 1.43287362e-04, 1.51018998e-04,
       1.59154046e-04, 1.67711290e-04, 1.76710560e-04, 1.86172745e-04,
       1.96119812e-04, 2.06574835e-04, 2.17562018e-04, 2.29106733e-04,
       2.41235550e-04, 2.53976278e-04, 2.67358001e-04, 2.81411123e-04,
       2.96167409e-04, 3.11660032e-04, 3.27923615e-04, 3.44994282e-04,
       3.62909702e-04, 3.81709141e-04, 4.01433506e-04, 4.22125395e-04,
       4.43829147e-04, 4.66590884e-04, 4.90458561e-04, 5.15482012e-04,
       5.41712986e-04, 5.69205193e-04, 5.98014342e-04, 6.28198168e-04,
       6.59816472e-04, 6.92931136e-04, 7.27606151e-04, 7.63907624e-04,
       8.01903788e-04, 8.41664999e-04, 8.83263725e-04, 9.26774522e-04,
       9.72274005e-04, 1.01984080e-03, 1.06955548e-03, 1.12150051e-03,
       1.17576012e-03, 1.23242021e-03, 1.29156825e-03, 1.35329306e-03,
       1.41768470e-03, 1.48483420e-03, 1.55483340e-03, 1.62777463e-03,
       1.70375042e-03, 1.78285323e-03, 1.86517500e-03, 1.95080680e-03,
       2.03983840e-03, 2.13235774e-03, 2.22845041e-03, 2.32819911e-03,
       2.43168300e-03, 2.53897704e-03, 2.65015125e-03, 2.76527000e-03,
       2.88439115e-03, 3.00756521e-03, 3.13483444e-03, 3.26623186e-03,
       3.40178035e-03, 3.54149153e-03, 3.68536478e-03, 3.83338609e-03,
       3.98552704e-03, 4.14174364e-03, 4.30197522e-03, 4.46614336e-03,
       4.63415082e-03, 4.80588046e-03, 4.98119430e-03, 5.15993254e-03,
       5.34191279e-03, 5.52692928e-03, 5.71475225e-03, 5.90512749e-03,
       6.09777597e-03, 6.29239372e-03, 6.48865186e-03, 6.68619684e-03,
       6.88465095e-03, 7.08361299e-03, 7.28265930e-03, 7.48134496e-03,
       7.67920531e-03, 7.87575772e-03, 8.07050368e-03, 8.26293110e-03,
       8.45251688e-03, 8.63872978e-03, 8.82103342e-03, 8.99888957e-03,
       9.17176156e-03, 9.33911785e-03, 9.50043568e-03, 9.65520481e-03,
       9.80293209e-03, 9.94316636e-03, 1.00755426e-02, 1.01997709e-02,
       1.03156096e-02, 1.04228479e-02, 1.05212978e-02, 1.06107892e-02,
       1.06911700e-02, 1.07623067e-02, 1.08240870e-02, 1.08764223e-02,
       1.09192499e-02, 1.09525360e-02, 1.09762769e-02, 1.09905009e-02,
       1.09952689e-02, 1.09906747e-02, 1.09768453e-02, 1.09539397e-02,
       1.09221482e-02, 1.08816908e-02, 1.08328156e-02, 1.07757966e-02,
       1.07109315e-02, 1.06385395e-02, 1.05589584e-02, 1.04725420e-02,
       1.03796578e-02, 1.02806839e-02, 1.01760067e-02, 1.00660179e-02,
       9.95111261e-03, 9.83168650e-03, 9.70813376e-03, 9.58084499e-03,
       9.45020530e-03, 9.31659252e-03, 9.18037566e-03, 9.04191349e-03,
       8.90155331e-03, 8.75962993e-03, 8.61646476e-03, 8.47236512e-03,
       8.32762368e-03, 8.18251804e-03, 8.03731047e-03, 7.89224776e-03,
       7.74756120e-03, 7.60346665e-03, 7.46016471e-03, 7.31784101e-03,
       7.17666649e-03, 7.03679782e-03, 6.89837788e-03, 6.76153618e-03,
       6.62638943e-03, 6.49304210e-03, 6.36158697e-03, 6.23210570e-03,
       6.10466950e-03, 5.97933963e-03, 5.85616805e-03, 5.73519799e-03,
       5.61646454e-03, 5.49999518e-03, 5.38581035e-03, 5.27392398e-03,
       5.16434400e-03, 5.05707279e-03, 4.95210770e-03, 4.84944147e-03,
       4.74906263e-03, 4.65095594e-03, 4.55510272e-03, 4.46148126e-03,
       4.37006708e-03, 4.28083330e-03, 4.19375091e-03, 4.10878903e-03,
       4.02591516e-03, 3.94509541e-03, 3.86629475e-03, 3.78947714e-03,
       3.71460578e-03, 3.64164321e-03, 3.57055152e-03, 3.50129246e-03,
       3.43382755e-03, 3.36811824e-03, 3.30412597e-03, 3.24181227e-03,
       3.18113887e-03, 3.12206775e-03, 3.06456120e-03, 3.00858192e-03,
       2.95409302e-03, 2.90105811e-03, 2.84944129e-03, 2.79920724e-03,
       2.75032122e-03, 2.70274909e-03, 2.65645734e-03, 2.61141311e-03,
       2.56758420e-03, 2.52493908e-03, 2.48344690e-03, 2.44307747e-03,
       2.40380133e-03, 2.36558966e-03, 2.32841435e-03, 2.29224797e-03,
       2.25706378e-03, 2.22283568e-03, 2.18953826e-03, 2.15714677e-03,
       2.12563711e-03, 2.09498581e-03, 2.06517003e-03, 2.03616757e-03,
       2.00795682e-03, 1.98051678e-03, 1.95382703e-03, 1.92786773e-03,
       1.90261961e-03, 1.87806392e-03, 1.85418248e-03, 1.83095763e-03,
       1.80837221e-03, 1.78640958e-03, 1.76505357e-03, 1.74428851e-03,
       1.72409917e-03, 1.70447078e-03, 1.68538903e-03, 1.66684001e-03,
       1.64881025e-03, 1.63128668e-03, 1.61425662e-03, 1.59770779e-03,
       1.58162825e-03, 1.56600647e-03, 1.55083124e-03, 1.53609170e-03,
       1.52177734e-03, 1.50787794e-03, 1.49438363e-03, 1.48128483e-03,
       1.46857226e-03, 1.45623691e-03, 1.44427008e-03, 1.43266332e-03,
       1.42140846e-03, 1.41049756e-03, 1.39992295e-03, 1.38967720e-03,
       1.37975310e-03, 1.37014368e-03, 1.36084218e-03, 1.35184206e-03,
       1.34313699e-03, 1.33472083e-03, 1.32658765e-03, 1.31873169e-03,
       1.31114739e-03, 1.30382936e-03, 1.29677238e-03, 1.28997142e-03,
       1.28342158e-03, 1.27711814e-03, 1.27105652e-03, 1.26523229e-03,
       1.25964119e-03, 1.25427906e-03, 1.24914191e-03, 1.24422585e-03,
       1.23952715e-03, 1.23504219e-03, 1.23076745e-03, 1.22669956e-03,
       1.22283526e-03, 1.21917137e-03, 1.21570485e-03, 1.21243274e-03,
       1.20935221e-03, 1.20646049e-03, 1.20375494e-03, 1.20123299e-03,
       1.19889217e-03, 1.19673008e-03, 1.19474443e-03, 1.19293301e-03,
       1.19129365e-03, 1.18982431e-03, 1.18852300e-03, 1.18738779e-03,
       1.18641684e-03, 1.18560837e-03, 1.18496068e-03, 1.18447212e-03,
       1.18414110e-03, 1.18396609e-03, 1.18394565e-03, 1.18407835e-03,
       1.18436285e-03, 1.18479784e-03, 1.18538209e-03, 1.18611439e-03,
       1.18699360e-03, 1.18801862e-03, 1.18918839e-03, 1.19050191e-03,
       1.19195820e-03, 1.19355634e-03, 1.19529545e-03, 1.19717467e-03,
       1.19919320e-03, 1.20135027e-03, 1.20364512e-03, 1.20607707e-03,
       1.20864542e-03, 1.21134954e-03, 1.21418882e-03, 1.21716266e-03,
       1.22027052e-03, 1.22351185e-03, 1.22688616e-03, 1.23039294e-03,
       1.23403176e-03, 1.23780215e-03, 1.24170371e-03, 1.24573603e-03,
       1.24989873e-03, 1.25419144e-03, 1.25861381e-03, 1.26316551e-03,
       1.26784621e-03, 1.27265560e-03, 1.27759337e-03, 1.28265925e-03,
       1.28785296e-03])]","[[0, 6.376880005047202e-05, 0.00012384871691641303, 0.0001825152146708144, 0.00024124552681513788, 0.00030103455459832206, 0.0003625852439687852, 0.00042642318023532205, 0.0004929660729329263, 0.0005625663468183648, 0.0006355374985936068, 0.0007121706603220491, 0.0007927452245084244, 0.0008775358491189023, 0.0009668172401860344, 0.0010608675577661831, 0.0011599709598240472, 0.001264419599509287, 0.0013745152712653743, 0.0014905708285736221, 0.0016129114519291457, 0.001741875818530976, 0.0018778172083596949, 0.0020211045707481667, 0.0021721235687860436, 0.0023312776144708003, 0.0024989889045426757, 0.0026756994648816914, 0.0028618722098742028, 0.0030579920220719075, 0.0032645668566412436, 0.003482128874454786, 0.003711235607155806, 0.003952471157096959, 0.004206447434689349, 0.004473805435381015, 0.004755216558200662, 0.005051383967542728, 0.005363043999624899, 0.005690967614811991, 0.006035961896764252, 0.00639887159912834, 0.006780580740240321, 0.007182014246047493, 0.007604139641175321, 0.008047968787763017, 0.00851455967136235, 0.009005018232835107, 0.009520500244791261, 0.010062213230678517, 0.01063141842416032, 0.011229432765899983, 0.011857630934298943, 0.012517447406113564, 0.013210378542193259, 0.013937984692838882, 0.014701892316470632, 0.015503796104415036, 0.01634546110366744, 0.017228724828456162, 0.018155499350324074, 0.019127773355249966, 0.020147614155053253, 0.021217169638960094, 0.02233867014975539, 0.02351443026740407, 0.024746850481397117, 0.02603841873136607, 0.02739171179371764, 0.028809396490174013, 0.030294230692171815, 0.03184906409308404, 0.03347683871819739, 0.035180589140317936, 0.03696344236681026, 0.038828617361821756, 0.04077942416543108, 0.04281926256951913, 0.04495162030832723, 0.04718007071998126, 0.04950826983376695, 0.051939952836691526, 0.054478929871915195, 0.05712908112104439, 0.059894351122112034, 0.06277874227539987, 0.06578630749015793, 0.06892114192682525, 0.07218737379163402, 0.075589154143569, 0.07913064567763517, 0.08281601045334155, 0.08664939654330894, 0.0906349235840264, 0.09477666721907162, 0.09907864243462097, 0.1035447857978369, 0.10817893662074146, 0.11298481708545602, 0.11796601138116368, 0.12312594391876679, 0.12846785670585728, 0.1339947859821535, 0.1397095382337974, 0.1456146657236285, 0.15171244169348772, 0.15800483541344326, 0.16449348727122634, 0.17117968411272427, 0.17806433506068572, 0.185147948053402, 0.19243060735757564, 0.199911952319408, 0.20759115762466726, 0.21546691534169593, 0.2235374190205782, 0.2318003501166521, 0.24025286699693563, 0.24889159677362838, 0.2577126301895442, 0.2667115197561245, 0.2758832813156968, 0.285222399166126, 0.2947228348483353, 0.30437803965585514, 0.3141809717502165, 0.32412413811101876, 0.3341996807020961, 0.34439945162245, 0.3547150611732294, 0.3651379091131818, 0.3756592069232517, 0.38626999617227953, 0.3969611661855115, 0.40772347290747696, 0.418547559953434, 0.4294239822389979, 0.4403432321796994, 0.45129576819955797, 0.46227204513641185, 0.4732625460505645, 0.48425781491022885, 0.4952484896267465, 0.5062253349337327, 0.5171792746395337, 0.5281014228263772, 0.5389831136186343, 0.549815929194123, 0.5605917257645223, 0.571302657302452, 0.5819411968426617, 0.5925001552323637, 0.6029726972505446, 0.6133523550576933, 0.623633038975528, 0.6338090456307723, 0.6438750635277092, 0.653826176141054, 0.6636578626436467, 0.6733659964026056, 0.6829468413930282, 0.6923970466902093, 0.7017136392098732, 0.7108940148712959, 0.7199359283606952, 0.7288374816721477, 0.7375971116008508, 0.7462135763590736, 0.7546859414789284, 0.7630135651584368, 0.7711960831985387, 0.7792333936689707, 0.7871256414305614, 0.7948732026307015, 0.8024766692777304, 0.8099368339889457, 0.8172546749960317, 0.8244313414810652, 0.8314681393059962, 0.8383665171887245, 0.8451280533696586, 0.8517544428040147, 0.858247484907122, 0.8646090718726707, 0.8708411775771786, 0.8769458470779548, 0.8829251867064957, 0.8887813547545396, 0.8945165527458938, 0.9001330172836183, 0.9056330124591484, 0.9110188228074404, 0.9162927467901824, 0.9214570907874923, 0.9265141635772801, 0.9314662712805512, 0.9363157127503275, 0.9410647753815304, 0.9457157313190683, 0.950270834041476, 0.9547323152977235, 0.9591023823752288, 0.9633832156776513, 0.9675769665916706, 0.9716857556226755, 0.9757116707800542, 0.979656766193596, 0.9835230609433606, 0.9873125380862329, 0.9910271438632563, 0.994668787072703, 0.9982393385947059, 1.001740631054119, 1.0051744586091016, 1.0085425768537246, 1.0118467028236688, 1.0150885150948332, 1.0182696539653844, 1.0213917217124564, 1.0244562829153618, 1.0274648648377869, 1.0304189578620209, 1.033320015968825, 1.0361694572570515, 1.0389686644976148, 1.0417189857168667, 1.0444217348048446, 1.0470781921442698, 1.0496896052565265, 1.0522571894612043, 1.054782128546097, 1.0572655754448521, 1.0597086529197308, 1.062112454247193, 1.0644780439042563, 1.0668064582537868, 1.069098706227081, 1.071355770002277, 1.073578605677302, 1.0757681439362095, 1.077925290707907, 1.0800509278163997, 1.0821459136217844, 1.0842110836513512, 1.086247251220229, 1.0882552080411096, 1.090235724822664, 1.0921895518563323, 1.0941174195912384, 1.0960200391970378, 1.0978981031145603, 1.099752285594157, 1.1015832432217059, 1.103391615432263, 1.1051780250113905, 1.1069430785842114, 1.1086873670922763, 1.1104114662583504, 1.1121159370392433, 1.1138013260668316, 1.115468166077435, 1.1171169763297184, 1.1187482630113095, 1.1203625196343283, 1.1219602274200327, 1.1235418556727923, 1.1251078621436084, 1.126658693383399, 1.1281947850862795, 1.1297165624230563, 1.1312244403651721, 1.1327188239993233, 1.1342001088329825, 1.1356686810910517, 1.137124918003874, 1.1385691880868276, 1.1400018514117232, 1.1414232598702274, 1.1428337574295264, 1.1442336803804434, 1.1456233575782213, 1.1470031106761767, 1.1483732543524252, 1.1497340965298806, 1.151085938589718, 1.1524290755784952, 1.153763796409113, 1.1550903840558022, 1.1564091157433098, 1.157720263130457, 1.1590240924882416, 1.1603208648726435, 1.161610836292297, 1.1628942578711827, 1.1641713760064913, 1.165442432521805, 1.1667076648157386, 1.167967306006182, 1.1692215850702727, 1.1704707269802335, 1.171714952835198, 1.17295447998915, 1.1741895221750913, 1.1754202896255548, 1.1766469891895743, 1.1778698244462185, 1.1790889958147905, 1.1803047006617977, 1.1815171334047863, 1.1827264856131343, 1.1839329461058965, 1.185136701046785, 1.186337934036374, 1.1875368262016068, 1.1887335562826864, 1.189928300717425, 1.1911212337231236, 1.192312527376055, 1.193502351688617, 1.1946908746842189, 1.1958782624699695, 1.1970646793072204, 1.1982502876800283, 1.1994352483615887, 1.200619720478697, 1.2018038615742856, 1.2029878276680896, 1.2041717733154864, 1.2053558516645544, 1.2065402145113955, 1.2077250123537624, 1.2089103944430297, 1.210096508834547, 1.2112835024364115, 1.2124715210566928, 1.213660709449143, 1.2148512113574246, 1.2160431695578853, 1.2172367259009065, 1.2184320213508546, 1.2196291960246584, 1.220828389229037, 1.2220297394964028, 1.2232333846194567, 1.224439461684499, 1.2256481071034726, 1.226859456644759, 1.2280736454627372, 1.2292908081261287, 1.2305110786451352, 1.2317345904973878, 1.2329614766527157, 1.2341918695967469, 1.23542590135335, 1.236663703505928, 1.2379054072175688, 1.2391511432500624, 1.24040104198179, 1.2416552334244888, 1.2429138472389014, 1.2441770127493075, 1.2454448589569462, 1.2467175145523286, 1.2479951079264424, 1.2492777671808515, 1.2505656201366866]]"
50.0,80.0,4,120,180,I0-S0,"[[0.01, 0.009218546420913139, 0.008861068736292907, 0.008775059817687893, 0.008868448506442047, 0.009085551555873584, 0.009392519029915686, 0.009768610920478456, 0.010201067075862501, 0.010682026265785015, 0.011206667899229526, 0.011772086808790142, 0.012376608523603113, 0.013019369657461468, 0.013700058272921875, 0.01441875115045519, 0.015175810083944771, 0.01597181441057484, 0.016807516021175806, 0.017683808515572046, 0.018601705420178995, 0.019562324341682022, 0.020566875111186864, 0.021616650688744608, 0.02271302003457901, 0.023857422421902526, 0.02505136283345979, 0.02629640818975416, 0.02759418422521473, 0.028946372873733434, 0.03035471005572558, 0.03182098378040836, 0.03334703249256821, 0.03493474360468501, 0.03658605216414227, 0.038302939612169205, 0.040087432596649854, 0.04194160180534309, 0.04386756078962426, 0.045867464751757965, 0.04794350927106879, 0.050097928946290914, 0.05233299593292626, 0.0546510183556867, 0.057054338577090837, 0.05954533130407405, 0.062126401515089205, 0.06479998219065711, 0.0675685318306992, 0.07043453174227562, 0.07340048308158163, 0.07646890363424638, 0.07964232431814872, 0.08292328539313241, 0.08631433236218623, 0.08981801154886722, 0.09343686533600551, 0.09717342705104982, 0.10103021548381093, 0.10500972902284957, 0.10911443939735134, 0.11334678501204826, 0.11770916386359973, 0.12220392602785073, 0.12683336570855458, 0.13159971283949926, 0.13650512423352157, 0.14155167427364979, 0.1467413451435934, 0.15207601659701392, 0.15755745526747417, 0.16318730352368765, 0.16896706787768254, 0.17489810695676708, 0.1809816190537401, 0.18721862927363458, 0.19360997629941956, 0.20015629880350866, 0.2068580215366327, 0.2137153411306169, 0.22072821165684742, 0.2278963299877016, 0.23521912101392461, 0.2426957227768368, 0.2503249715803142, 0.2581053871536593, 0.2660351579427225, 0.2741121266128897, 0.2823337758537642, 0.29069721458146086, 0.2991991646403332, 0.3078359481115798, 0.3166034753414418, 0.32549723380650364, 0.3345122779378599, 0.34364322002948905, 0.35288422235898625, 0.36222899065073516, 0.37167076901253027, 0.3812023364764921, 0.39081600527373406, 0.4005036209695453, 0.4102565645817475, 0.4200657567992845, 0.4299216644109363, 0.43981430904525187, 0.4497332783123325, 0.4596677394259413, 0.4696064553705663, 0.4795378036625527, 0.4894497977372898, 0.49933011097576996, 0.5091661033637456, 0.5189448507553218, 0.5286531766903206, 0.5382776866913234, 0.5478048049421816, 0.5572208132252312, 0.5665118919697345, 0.5756641632395166, 0.5846637354636693, 0.5934967496909165, 0.6021494271260964, 0.6106081176865829, 0.618859349297667, 0.6268905348934305, 0.6346965689567046, 0.6422827634066465, 0.6496601408755943, 0.6568418688317881, 0.6638410746484783, 0.6706695676883679, 0.6773371543772274, 0.6838513370121329, 0.690217256559914, 0.6964377861028297, 0.7025137127346576, 0.7084439667116407, 0.7142258708689924, 0.7198553929377094, 0.7253273899115322, 0.730635838008615, 0.7357740447154038, 0.7407348413467835, 0.7455107558190631, 0.7500941661262318, 0.7544774354843692, 0.7586530303678498, 0.76261362277621, 0.7663521780924186, 0.7698620298565739, 0.7731369427076483, 0.7761711646561037, 0.7789594697528849, 0.7814971921225617, 0.7837802522346731, 0.7858051762002157, 0.787569108801032, 0.789069820889061, 0.790305711729907, 0.7912758068105168, 0.7919797515832588, 0.7924178015776193, 0.7925908092752442, 0.7925002081133995, 0.7921479939553246, 0.7915367043427329, 0.7906693958252573, 0.7895496196433901, 0.7881813960249654, 0.7865691873400709, 0.7847178703451293, 0.7826327077334831, 0.780319319196936, 0.7777836521901865, 0.7750319525778149, 0.7720707353313604, 0.7689067554320155, 0.765546979122526, 0.7619985556400298, 0.758268789549796, 0.7543651137881777, 0.750295063511591, 0.7460662508370328, 0.7416863405485941, 0.7371630268336573, 0.732504011102046, 0.7277169809313561, 0.7228095901720899, 0.7177894402370797, 0.7126640625910446, 0.7074409024480245, 0.7021273036768758, 0.6967304949080312, 0.6912575768283165, 0.6857155106447957, 0.6801111076933753, 0.6744510201632298, 0.6687417329040184, 0.6629895562793099, 0.6572006200266169, 0.6513808680819374, 0.6455360543246762, 0.6396717391972621, 0.633793287152637, 0.6279058648820669, 0.6220144402753542, 0.6161237820655131, 0.6102384601102421, 0.6043628462630932, 0.598501115788036, 0.5926572492721354, 0.5868350349922717, 0.581038071693201, 0.5752697717357547, 0.5695333645756004, 0.5638319005346846, 0.5581682548292533, 0.5525451318201688, 0.5469650694530904, 0.5414304438579525, 0.5359434740790459, 0.5305062269088535, 0.5251206218006316, 0.5197884358365147, 0.5145113087296851, 0.5092907478408459, 0.5041281331908893, 0.4990247224532367, 0.49398165591085497, 0.4889999613644062, 0.4840805589793743, 0.4792242660613297, 0.4744318017497347, 0.469703791621865, 0.4650407721995209, 0.4604431953522351, 0.4559114325916402, 0.4514457792525555, 0.44704645855717784, 0.4427136255595256, 0.43844737096798836, 0.4342477248444787, 0.4301146601792697, 0.4260480963411387, 0.4220479024029209, 0.4181139003430128, 0.4142458681237588, 0.4104435426480007, 0.4067066225953822, 0.4030347711402707, 0.3994276185533977, 0.3958847646895247, 0.3924057813636173, 0.3889902146181588, 0.38563758688435856, 0.3823473990401096, 0.37911913236762995, 0.37595225041378083, 0.37284620075609753, 0.3698004166775949, 0.3668143187534206, 0.3638873163524293, 0.3610188090567369, 0.3582081880022919, 0.3554548371434699, 0.35275813444465476, 0.3501174530017262, 0.34753216209631815, 0.345001628185656, 0.3425252158307168, 0.34010228856539215, 0.33773220970926265, 0.33541434312652296, 0.3331480539335216, 0.3309327091573065, 0.3287676783474907, 0.3266523341436764, 0.3245860528005997, 0.322568214673083, 0.3205982046628037, 0.3186754126288162, 0.3167992337636876, 0.3149690689370352, 0.31318432500818266, 0.3114444151095802, 0.3097487589025665, 0.30809678280698094, 0.3064879202060722, 0.3049216116280811, 0.3033973049058183, 0.3019144553154924, 0.3004725256959904, 0.2990709865497522, 0.2977093161263279, 0.2963870004896543, 0.2951035335700353, 0.29385841720176237, 0.29265116114726386, 0.29148128310862725, 0.29034830872729456, 0.2892517715726881, 0.2881912131204872, 0.2871661827212332, 0.28617623755990834, 0.2852209426070951, 0.2842998705622908, 0.2834126017899204, 0.2825587242485586, 0.28173783341384395, 0.2809495321955398, 0.28019343084917014, 0.27946914688263313, 0.2787763049581711, 0.27811453679005327, 0.2774834810383053, 0.27688278319879933, 0.27631209548999897, 0.27577107673663415, 0.27525939225056517, 0.27477671370907614, 0.27432271903082434, 0.2738970922496563, 0.2734995233864875, 0.2731297083194292, 0.27278734865233417, 0.2724721515819201, 0.27218382976362004, 0.27192210117629695, 0.27168668898595194, 0.2714773214085445, 0.2712937315720361, 0.2711356573777594, 0.27100284136120895, 0.27089503055234165, 0.27081197633546855, 0.2707534343088147, 0.270719164143817, 0.27070892944422587, 0.2707224976050711, 0.2707596396715487, 0.270820130197881, 0.27090374710619913, 0.27101027154549384, 0.27113948775067687, 0.27129118290179394, 0.27146514698342705, 0.27166117264432205, 0.2718790550572759, 0.2721185917793166, 0.2723795826122072, 0.2726618294633049, 0.2729651362068052, 0.27328930854539984, 0.27363415387237905, 0.27399948113420597, 0.2743851006935929, 0.2747908241931086, 0.2752164644193468, 0.275661835167686, 0.2761267511076722, 0.27661102764905604, 0.27711448080851847, 0.2776369270771188, 0.27817818328850064, 0.2787380664878935]]","[[0.01, 0.011673645222856313, 0.01362924433757481, 0.01580189558251425, 0.018156401288824855, 0.020675381543440133, 0.02335203999962572, 0.026185825341572076, 0.029179950051883636, 0.03233992955320251, 0.035672722882233554, 0.039186231523255975, 0.042889011230951804, 0.046790110107371, 0.05089898120103399, 0.055225438837366136, 0.05977964040206731, 0.06457208276450394, 0.06961360697479971, 0.07491540751098062, 0.0804890439185341, 0.08634645360898124, 0.09249996512639824, 0.09896231150637673, 0.10574664353318113, 0.11286654280292208, 0.12033603455616443, 0.1281696002719451, 0.1363821900281723, 0.14498923463757143, 0.15400665756768575, 0.16345088665022106, 0.17333886558054942, 0.18368806520318873, 0.1945164945739443, 0.20584271178433564, 0.21768583452902426, 0.2300655503922339, 0.2430021268246082, 0.2565164207775637, 0.2706298879579371, 0.285364591661573, 0.3007432111404215, 0.31678904945369174, 0.3335260407496224, 0.35097875692046493, 0.36917241356931907, 0.38813287522351025, 0.40788665972524757, 0.42846094172635174, 0.4498835552099009, 0.47218299495771276, 0.4953884168786789, 0.5195296371091062, 0.5446371297924152, 0.5707420234418262, 0.5978760957860464, 0.6260717669944932, 0.6553620911752791, 0.6857807460360759, 0.717362020595116, 0.7501408008270224, 0.7841525531259175, 0.8194333054664251, 0.8560196261417755, 0.8939485999573292, 0.9332578017575069, 0.9739852671644158, 1.0161694604074696, 1.0598492391250787, 1.105063816022117, 1.1518527172704258, 1.2002557375441747, 1.2503128915875357, 1.3020643622189338, 1.3555504446841726, 1.4108114872800885, 1.4678878281811307, 1.5268197284134604, 1.5876473009348788, 1.6504104357941873, 1.7151487213604926, 1.7819013616315422, 1.8507070896504314, 1.9216040770819653, 1.9946298400235971, 2.0698211411511553, 2.147213888326496, 2.226843029822678, 2.3087424463521944, 2.3929448401150863, 2.479481621116234, 2.568382791034667, 2.6596768249620815, 2.753390551362728, 2.8495490306421307, 2.948175432747473, 3.04929091425756, 3.1529144954547306, 3.25906293790456, 3.3677506231012333, 3.4789894327666953, 3.5927886314196047, 3.709154751855332, 3.8280914842002245, 3.9495995692216694, 4.073676696589688, 4.200317408795346, 4.329513011435836, 4.461251490575218, 4.5955174378830765, 4.7322919842405895, 4.871552742484214, 5.013273759931409, 5.157425481300184, 5.303974722594838, 5.452884656484078, 5.604114809644724, 5.75762107248491, 5.913355721595027, 6.07126745520339, 6.231301441836898, 6.39339938230571, 6.557499585045597, 6.723537054763091, 6.891444285217466, 7.061158787681589, 7.232628594513328, 7.405809639968248, 7.580663166785223, 7.757153787661272, 7.935248017500727, 8.11491315218369, 8.296116408139826, 8.478824262339051, 8.663001949196271, 8.848613082335797, 9.035619377069349, 9.223980455015555, 9.413653716300702, 9.604594267729022, 9.796754897521806, 9.990086088913905, 10.184536066208471, 10.380050867925467, 10.576574442505517, 10.774048762697477, 10.972413955301462, 11.171608443385596, 11.37156909846469, 11.572231400437774, 11.773529603341299, 11.975396905195188, 12.177765620407726, 12.380567353368344, 12.583733171999958, 12.787193780168371, 12.990879687958714, 13.194721378930492, 13.39864947355562, 13.602594888129387, 13.80648898852398, 14.010263738228984, 14.213851840193717, 14.417186872053232, 14.620203414383356, 14.822837171690816, 15.025025085902204, 15.226705442170632, 15.427817966871231, 15.628303917706264, 15.82810616588747, 16.027169270407406, 16.225439544452716, 16.422865114050662, 16.61939596907562, 16.814984006774704, 17.00958306800112, 17.20314896637026, 17.395639510577134, 17.587014520134083, 17.777235834805566, 17.966267318031466, 18.15407485464254, 18.340626343181118, 18.52589168314702, 18.709842757493345, 18.892453410699066, 19.07369942274561, 19.253558479322944, 19.43201013858717, 19.60903579478658, 19.78461863906655, 19.95874361775585, 20.131397388427843, 20.302568274020253, 20.472246215286194, 20.64042272183779, 20.807090822031526, 20.972245011932092, 21.13588120357861, 21.297996672764132, 21.458590006526236, 21.617661050533428, 21.77521085653903, 21.931241630061407, 22.085756678436777, 22.23876035937842, 22.390258030164283, 22.54025599756314, 22.688761468598514, 22.835782502238644, 22.981327962090592, 23.125407470166877, 23.26803136178362, 23.40921064164055, 23.548956941124914, 23.68728247687367, 23.824200010621052, 23.95972281035198, 24.093864612775462, 24.226639587126503, 24.358062300299693, 24.488147683312842, 24.61691099909464, 24.744367811586343, 24.870533956143877, 24.995425511223612, 25.11905877133208, 25.24145022121755, 25.36261651127901, 25.482574434166313, 25.601340902543544, 25.71893292798633, 25.83536760098263, 25.950662072005663, 26.064833533626906, 26.177899203636525, 26.28987630913831, 26.400782071585922, 26.51063369272721, 26.61944834142347, 26.727243141310577, 26.83403515926933, 26.939841394672655, 27.04467876937774, 27.148564118431747, 27.251514181460323, 27.353545594708688, 27.454674883705902, 27.55491845652346, 27.654292597600257, 27.75281346210665, 27.85049707082117, 27.947359305494214, 28.043415904673928, 28.138682459970198, 28.233174412733643, 28.326907051127147, 28.419895507568445, 28.512154756522992, 28.603699612627157, 28.6945447291226, 28.784704596583445, 28.87419354191862, 28.963025727632473, 29.051215151327558, 29.138775645434055, 29.22572087715117, 29.312064348586347, 29.39781939707891, 29.482999195695292, 29.567616753883687, 29.651684918276473, 29.735216373629417, 29.818223643887144, 29.90071909336492, 29.982714928037268, 30.064223196924484, 30.145255793568566, 30.225824457590452, 30.305940776321005, 30.38561618649855, 30.464861976026086, 30.543689285781834, 30.62210911147699, 30.700132305555, 30.777769579126907, 30.855031503937774, 30.931928514359317, 31.008470909404302, 31.084668854758466, 31.160532384825974, 31.236071404784713, 31.311295692647914, 31.386214901328817, 31.460838560705337, 31.53517607968184, 31.609236748245365, 31.683029739513774, 31.756564111773493, 31.829848810504682, 31.902892670391786, 31.975704417317576, 32.04829267033895, 32.12066594364284, 32.19283264848069, 32.26480109508021, 32.33657949453295, 32.40817596065663, 32.47959851183105, 32.550855072806606, 32.621953476484414, 32.69290146566725, 32.76370669478045, 32.83437673156215, 32.90491905872205, 32.975341075568224, 33.04565009960142, 33.11585336807629, 33.18595803952914, 33.25597119527181, 33.325899840851285, 33.395750907474735, 33.46553125339971, 33.53524766528918, 33.60490685953121, 33.6745154835232, 33.744080116920266, 33.81360727284784, 33.88310339907828, 33.95257487917137, 34.02202803357867, 34.091469120711615, 34.160904337973314, 34.23033982275406, 34.29978165339051, 34.36923585008847, 34.438708375809405, 34.50820513712057, 34.57773198500891, 34.647294715658674, 34.71689907119283, 34.78655074037836, 34.85625535929544, 34.92601851197063, 34.995845730974196, 35.06574249798147, 35.13571424429862, 35.20576635135268, 35.27590415114611, 35.34613292667594, 35.416457912317654, 35.48688429417387, 35.55741721038806, 35.628061751423424, 35.698822960306984, 35.76970583283924, 35.84071531776935, 35.91185631693614, 35.98313368537516, 36.05455223139187, 36.12611671660122, 36.197831855933856, 36.269702317609166, 36.34173272307537]]","[array([6.37688001e-05, 6.00799169e-05, 5.86664978e-05, 5.87303121e-05,
       5.97890183e-05, 6.15504151e-05, 6.38361935e-05, 6.65368456e-05,
       6.95849432e-05, 7.29390051e-05, 7.65737593e-05, 8.04742336e-05,
       8.46321492e-05, 8.90437007e-05, 9.37081756e-05, 9.86270813e-05,
       1.03803585e-04, 1.09242145e-04, 1.14948261e-04, 1.20928299e-04,
       1.27189371e-04, 1.33739240e-04, 1.40586255e-04, 1.47739290e-04,
       1.55207711e-04, 1.63001334e-04, 1.71130399e-04, 1.79605551e-04,
       1.88437817e-04, 1.97638591e-04, 2.07219620e-04, 2.17192993e-04,
       2.27571130e-04, 2.38366774e-04, 2.49592981e-04, 2.61263111e-04,
       2.73390822e-04, 2.85990064e-04, 2.99075065e-04, 3.12660329e-04,
       3.26760624e-04, 3.41390974e-04, 3.56566647e-04, 3.72303145e-04,
       3.88616193e-04, 4.05521726e-04, 4.23035870e-04, 4.41174931e-04,
       4.59955379e-04, 4.79393822e-04, 4.99506992e-04, 5.20311720e-04,
       5.41824913e-04, 5.64063525e-04, 5.87044531e-04, 6.10784898e-04,
       6.35301545e-04, 6.60611318e-04, 6.86730943e-04, 7.13676992e-04,
       7.41465834e-04, 7.70113596e-04, 7.99636108e-04, 8.30048857e-04,
       8.61366927e-04, 8.93604946e-04, 9.26777023e-04, 9.60896685e-04,
       9.95976812e-04, 1.03202956e-03, 1.06906631e-03, 1.10709756e-03,
       1.14613286e-03, 1.18618074e-03, 1.22724863e-03, 1.26934274e-03,
       1.31246801e-03, 1.35662799e-03, 1.40182475e-03, 1.44805881e-03,
       1.49532902e-03, 1.54363245e-03, 1.59296432e-03, 1.64331789e-03,
       1.69468435e-03, 1.74705274e-03, 1.80040983e-03, 1.85474006e-03,
       1.91002540e-03, 1.96624529e-03, 2.02337656e-03, 2.08139332e-03,
       2.14026690e-03, 2.19996577e-03, 2.26045551e-03, 2.32169870e-03,
       2.38365489e-03, 2.44628059e-03, 2.50952922e-03, 2.57335108e-03,
       2.63769335e-03, 2.70250013e-03, 2.76771242e-03, 2.83326817e-03,
       2.89910235e-03, 2.96514696e-03, 3.03133120e-03, 3.09758147e-03,
       3.16382158e-03, 3.22997281e-03, 3.29595411e-03, 3.36168223e-03,
       3.42707195e-03, 3.49203625e-03, 3.55648653e-03, 3.62033287e-03,
       3.68348428e-03, 3.74584894e-03, 3.80733449e-03, 3.86784835e-03,
       3.92729798e-03, 3.98559125e-03, 4.04263668e-03, 4.09834385e-03,
       4.15262454e-03, 4.20541476e-03, 4.25671720e-03, 4.30658878e-03,
       4.35511166e-03, 4.40237442e-03, 4.44846070e-03, 4.49344281e-03,
       4.53737853e-03, 4.58030999e-03, 4.62226383e-03, 4.66325212e-03,
       4.70327379e-03, 4.74231620e-03, 4.78035686e-03, 4.81736505e-03,
       4.85330342e-03, 4.88812947e-03, 4.92179690e-03, 4.95425681e-03,
       4.98545881e-03, 5.01535197e-03, 5.04388566e-03, 5.07101028e-03,
       5.09667792e-03, 5.12084286e-03, 5.14346208e-03, 5.16449558e-03,
       5.18390676e-03, 5.20166261e-03, 5.21773399e-03, 5.23209569e-03,
       5.24472663e-03, 5.25560984e-03, 5.26473257e-03, 5.27208622e-03,
       5.27766638e-03, 5.28147272e-03, 5.28350894e-03, 5.28378268e-03,
       5.28230536e-03, 5.27909213e-03, 5.27416163e-03, 5.26753591e-03,
       5.25924022e-03, 5.24930284e-03, 5.23775494e-03, 5.22463032e-03,
       5.20996526e-03, 5.19379835e-03, 5.17617025e-03, 5.15712351e-03,
       5.13670237e-03, 5.11495259e-03, 5.09192124e-03, 5.06765651e-03,
       5.04220754e-03, 5.01562425e-03, 4.98795712e-03, 4.95925711e-03,
       4.92957542e-03, 4.89896338e-03, 4.86747230e-03, 4.83515332e-03,
       4.80205731e-03, 4.76823472e-03, 4.73373549e-03, 4.69860891e-03,
       4.66290357e-03, 4.62666724e-03, 4.58994680e-03, 4.55278816e-03,
       4.51523621e-03, 4.47733474e-03, 4.43912640e-03, 4.40065267e-03,
       4.36195380e-03, 4.32306877e-03, 4.28403530e-03, 4.24488982e-03,
       4.20566742e-03, 4.16640190e-03, 4.12712569e-03, 4.08786994e-03,
       4.04866445e-03, 4.00953770e-03, 3.97051689e-03, 3.93162790e-03,
       3.89289536e-03, 3.85434264e-03, 3.81599187e-03, 3.77786399e-03,
       3.73997874e-03, 3.70235472e-03, 3.66500941e-03, 3.62795917e-03,
       3.59121933e-03, 3.55480416e-03, 3.51872696e-03, 3.48300005e-03,
       3.44763479e-03, 3.41264170e-03, 3.37803038e-03, 3.34380963e-03,
       3.30998744e-03, 3.27657103e-03, 3.24356689e-03, 3.21098081e-03,
       3.17881792e-03, 3.14708268e-03, 3.11577897e-03, 3.08491009e-03,
       3.05447877e-03, 3.02448724e-03, 2.99493722e-03, 2.96582998e-03,
       2.93716632e-03, 2.90894665e-03, 2.88117098e-03, 2.85383894e-03,
       2.82694983e-03, 2.80050263e-03, 2.77449598e-03, 2.74892828e-03,
       2.72379764e-03, 2.69910193e-03, 2.67483880e-03, 2.65100567e-03,
       2.62759979e-03, 2.60461822e-03, 2.58205784e-03, 2.55991541e-03,
       2.53818752e-03, 2.51687066e-03, 2.49596120e-03, 2.47545540e-03,
       2.45534946e-03, 2.43563945e-03, 2.41632142e-03, 2.39739133e-03,
       2.37884511e-03, 2.36067861e-03, 2.34288768e-03, 2.32546812e-03,
       2.30841572e-03, 2.29172626e-03, 2.27539548e-03, 2.25941914e-03,
       2.24379301e-03, 2.22851285e-03, 2.21357442e-03, 2.19897351e-03,
       2.18470594e-03, 2.17076754e-03, 2.15715415e-03, 2.14386166e-03,
       2.13088599e-03, 2.11822309e-03, 2.10586894e-03, 2.09381958e-03,
       2.08207105e-03, 2.07061949e-03, 2.05946103e-03, 2.04859188e-03,
       2.03800829e-03, 2.02770654e-03, 2.01768299e-03, 2.00793402e-03,
       1.99845608e-03, 1.98924567e-03, 1.98029933e-03, 1.97161367e-03,
       1.96318533e-03, 1.95501103e-03, 1.94708751e-03, 1.93941160e-03,
       1.93198015e-03, 1.92479009e-03, 1.91783837e-03, 1.91112203e-03,
       1.90463814e-03, 1.89838382e-03, 1.89235624e-03, 1.88655265e-03,
       1.88097031e-03, 1.87560656e-03, 1.87045876e-03, 1.86552435e-03,
       1.86080081e-03, 1.85628564e-03, 1.85197643e-03, 1.84787078e-03,
       1.84396635e-03, 1.84026085e-03, 1.83675202e-03, 1.83343766e-03,
       1.83031560e-03, 1.82738370e-03, 1.82463988e-03, 1.82208210e-03,
       1.81970835e-03, 1.81751666e-03, 1.81550509e-03, 1.81367174e-03,
       1.81201476e-03, 1.81053231e-03, 1.80922260e-03, 1.80808386e-03,
       1.80711437e-03, 1.80631242e-03, 1.80567634e-03, 1.80520448e-03,
       1.80489524e-03, 1.80474702e-03, 1.80475826e-03, 1.80492742e-03,
       1.80525299e-03, 1.80573347e-03, 1.80636740e-03, 1.80715332e-03,
       1.80808981e-03, 1.80917545e-03, 1.81040887e-03, 1.81178867e-03,
       1.81331352e-03, 1.81498205e-03, 1.81679295e-03, 1.81874491e-03,
       1.82083661e-03, 1.82306678e-03, 1.82543412e-03, 1.82793739e-03,
       1.83057530e-03, 1.83334662e-03, 1.83625009e-03, 1.83928448e-03,
       1.84244856e-03, 1.84574109e-03, 1.84916086e-03, 1.85270664e-03,
       1.85637720e-03])]","[[0, 6.376880005047202e-05, 0.00012384871691641303, 0.0001825152146708144, 0.00024124552681513788, 0.00030103454513159876, 0.0003625849602522088, 0.00042642115379463953, 0.0004929579993771724, 0.0005625429425303246, 0.0006354819476104941, 0.0007120557068692422, 0.0007925299404506153, 0.0008771620896080396, 0.0009662057903405743, 0.0010599139658937905, 0.0011585410472239618, 0.001262344632569587, 0.0013715867780162052, 0.0014865350388417811, 0.001607463337619613, 0.0017346527082415385, 0.001868391948447049, 0.00200897820305538, 0.002156717493470185, 0.002311925204701807, 0.002474926538252069, 0.002646056937199765, 0.0028256624883885085, 0.0030141003055542334, 0.00321173889641455, 0.0034189585160990313, 0.0036361515087787338, 0.0038637226389221756, 0.004102089413241612, 0.004351682394082245, 0.004612945504736998, 0.004886336326932229, 0.005172326390519065, 0.005471401455215735, 0.0057840617840745024, 0.006110822408189147, 0.006452213382012866, 0.006808780028519613, 0.007181083173312511, 0.007569699366659506, 0.007975221092317662, 0.008398256961892293, 0.008839431893364896, 0.009299387272313667, 0.009778781094242062, 0.010278288086323804, 0.01079859980676702, 0.011340424719895425, 0.011904488244941013, 0.012491532776440493, 0.013102317674027033, 0.013737619219310214, 0.01439823053744073, 0.015084961480863019, 0.01579863847266921, 0.016540104306882443, 0.01731021790291734, 0.01810985401139154, 0.018939902868395347, 0.01980126979526831, 0.020694874740882736, 0.021621651763396522, 0.02258254844841237, 0.023578525260469215, 0.024610554824795915, 0.025679621136278915, 0.02678671869263616, 0.027932851548851136, 0.02911903229000504, 0.030346280919754245, 0.03161562366183557, 0.03292809167214604, 0.03428471965913839, 0.035686544410500315, 0.0371346032243465, 0.03862993224344913, 0.0401735646913667, 0.04176652900970376, 0.04340984689614679, 0.04510453124337501, 0.04685158397943982, 0.04865199381074303, 0.05050673386932244, 0.052416759266772306, 0.0543830045577858, 0.056406381117004016, 0.05848777443359028, 0.06062804132871633, 0.06282800710194465, 0.0650884626133154, 0.0674101613087919, 0.0697938161975799, 0.07224009679070655, 0.0747496260111187, 0.07732297708642862, 0.07996067043628967, 0.08266317056721711, 0.08543088298846882, 0.08826415116335819, 0.09116325351107585, 0.09412840047473658, 0.09715973167193265, 0.10025731314455252, 0.10342113472500435, 0.10665110753625429, 0.10994706164324217, 0.11330874387325902, 0.11673581582275563, 0.12022785206778876, 0.1237843385948966, 0.12740467146862078, 0.1310881557511558, 0.13483400468870596, 0.13864133917806534, 0.14250918752570715, 0.14643648551028537, 0.15042207675791217, 0.15446471343789658, 0.15856305728481632, 0.16271568182659843, 0.1669210965902568, 0.17117781379497882, 0.1754844025738352, 0.17983951423255684, 0.18424188864968302, 0.18869034934577564, 0.19318379215081727, 0.19772117067864148, 0.2023014806695881, 0.20692374449593365, 0.2115869966130167, 0.2162902703989016, 0.22103258660120953, 0.22581294346397396, 0.23063030851474012, 0.2354836119354077, 0.24037174140775344, 0.24529353830809597, 0.25024779511964707, 0.2552332539319297, 0.2602486059016394, 0.2652924915567174, 0.27036350183401026, 0.27546017974992937, 0.280581022612499, 0.2857244846917834, 0.29088898027374277, 0.2960728870299962, 0.3012745496427479, 0.3064922836302675, 0.31172437932384855, 0.3169691059521479, 0.3222247157932842, 0.32748944835910976, 0.3327615345797112, 0.3380392009594995, 0.34332067367925645, 0.34860418262125925, 0.35388796529713873, 0.3591702706604686, 0.3644493627882622, 0.36972352441758327, 0.3749910603253831, 0.38025030054146164, 0.3854996033861351, 0.3907373583257753, 0.39596198864088133, 0.4011719539027478, 0.4063657522561165, 0.41154192250643673, 0.4166990460115157, 0.42183574837841853, 0.4269507009674739, 0.4320426222061588, 0.4371102787164753, 0.4421524862601922, 0.44716811050701, 0.45215606763131216, 0.45711532474370226, 0.46204490016398375, 0.4669438635426314, 0.4718113358381225, 0.4766464891577539, 0.48144854646976293, 0.4862167811947048, 0.4909505166841185, 0.4956491255945372, 0.5003120291648786, 0.5049386964051826, 0.5095286432045574, 0.5140814313660473, 0.5185966675759627, 0.5230740023150002, 0.5275131287182542, 0.531913781390961, 0.5362757351865507, 0.5405988039532875, 0.5448828392554851, 0.5491277290749715, 0.553333396498165, 0.5574997983938035, 0.56162692408605, 0.5657147940273781, 0.5697634584753264, 0.5737729961768961, 0.5777435130640657, 0.5816751409635933, 0.5855680363239921, 0.5894223789622828, 0.5932383708328564, 0.5970162348205259, 0.6007562135595957, 0.604458568280543, 0.608123577685686, 0.6117515368550008, 0.6153427561830513, 0.6188975603478145, 0.6224162873120059, 0.6258992873573543, 0.6293469221521214, 0.6327595638520273, 0.6361375942346167, 0.6394814038669835, 0.6427913913066681, 0.646067962335445, 0.6493115292256354, 0.6525225100384997, 0.6557013279541978, 0.6588484106327476, 0.6619641896053547, 0.6650490996954465, 0.6681035784686988, 0.6711280657113189, 0.6741230029358122, 0.677088832913447, 0.6800259992326106, 0.682934945882237, 0.6858161168594828, 0.6886699558008194, 0.6914969056357103, 0.6942974082620458, 0.6970719042425088, 0.6998208325210574, 0.7025446301587154, 0.7052437320878756, 0.7079185708843345, 0.7105695765562895, 0.7131971763495474, 0.7158017945682098, 0.7183838524101192, 0.7209437678163664, 0.7234819553341826, 0.7259988259925554, 0.7284947871899315, 0.7309702425933874, 0.7334255920486689, 0.7358612315005243, 0.7382775529227721, 0.7406749442575673, 0.7430537893633511, 0.7454144679709849, 0.7477573556475934, 0.7500828237676589, 0.7523912394909275, 0.7546829657467068, 0.7569583612241538, 0.7592177803681674, 0.7614615733805187, 0.7636900862258679, 0.765903660642334, 0.7681026341562974, 0.7702873401011328, 0.7724581076395819, 0.7746152617894936, 0.7767591234526666, 0.778890009446551, 0.7810082325385684, 0.783114101482833, 0.7852079210590563, 0.7872899921134398, 0.7893606116013624, 0.7914200726316869, 0.7934686645125122, 0.7955066727982144, 0.7975343793376234, 0.7995520623231945, 0.8015599963410389, 0.8035584524216878, 0.8055476980914702, 0.8075279974243943, 0.8094996110944239, 0.8114627964280545, 0.8134178074570941, 0.8153648949715628, 0.8173043065726292, 0.8192362867255071, 0.8211610768122423, 0.8230789151843213, 0.8249900372150407, 0.8268946753515783, 0.8287930591667123, 0.8306854154101381, 0.8325719680593355, 0.8344529383699433, 0.8363285449255985, 0.838199003687207, 0.8400645280416055, 0.8419253288495872, 0.8437816144932578, 0.8456335909226981, 0.8474814617019033, 0.8493254280539806, 0.8511656889055796, 0.8530024409305391, 0.8548358785927298, 0.8566661941880783, 0.8584935778857573, 0.8603182177685268, 0.8621402998722161, 0.8639600082243344, 0.8657775248818007, 0.8675930299677823, 0.8694067017076365, 0.871218716463946, 0.8730292487706433, 0.8748384713662174, 0.8766465552259988, 0.8784536695935181, 0.8802599820109352, 0.8820656583485358, 0.8838708628332917, 0.8856757580764855, 0.8874805051003952, 0.8892852633640399, 0.8910901907879845, 0.8928954437782034, 0.8947011772490044, 0.8965075446450105, 0.8983146979622025, 0.9001227877680228, 0.9019319632205404, 0.9037423720866801, 0.9055541607595162, 0.9073674742746335, 0.9091824563255565, 0.9109992492782509, 0.9128179941846981, 0.9146388307955453, 0.9164618975718365, 0.9182873316958243, 0.9201152690808679, 0.9219458443804197, 0.9237791909961045, 0.9256154410848954, 0.9274547255653899, 0.9292971741231906, 0.9311429152153954, 0.9329920760742015, 0.9348447827096282, 0.9367011599113635]]"
50.0,80.0,4,120,180,I1-S0,"[[0.01, 0.009218546420913139, 0.008861068736292907, 0.008775059817687893, 0.008868448506442047, 0.009085551570498708, 0.00939251983014923, 0.009768618961246669, 0.010201107181147117, 0.010682162749654356, 0.011207033159369483, 0.0117729159413169, 0.012378278563660375, 0.013022442315146978, 0.013705325348909168, 0.014427282108253467, 0.01518900149878578, 0.015991441203172654, 0.01683578452282463, 0.01772341150772883, 0.018655879355934792, 0.019634908996640173, 0.020662375934140893, 0.0217403041336228, 0.02287086215849816, 0.024056361032827184, 0.025299253466972423, 0.026602134189190964, 0.027967741193778446, 0.029398957761649795, 0.030898815140287438, 0.032470495791889604, 0.03411733713440082, 0.035842835711806145, 0.03765065173880914, 0.03954461397154811, 0.04152872486082995, 0.04360716594780763, 0.045784303464323974, 0.048064694101453524, 0.05045309091021273, 0.05295444929806351, 0.055573933083770254, 0.05831692057143333, 0.06118901060214819, 0.06419602853875206, 0.06734403213553855, 0.07063931724065246, 0.07408842327413091, 0.07769813841923198, 0.0814755044587911, 0.08542782118186379, 0.08956265027885195, 0.09388781863566852, 0.09841142092927278, 0.10314182141811457, 0.10808765481166749, 0.11325782609333106, 0.11866150916056153, 0.12430814413519196, 0.13020743318557065, 0.1363693346904489, 0.14280405556256473, 0.14952204153770107, 0.1565339652227673, 0.16385071168431276, 0.1714833613470068, 0.17944316996022153, 0.1877415453801776, 0.1963900209054396, 0.20540022489520313, 0.21478384639316636, 0.22455259647524228, 0.23471816503740273, 0.24529217274106963, 0.25628611783824157, 0.26771131760757727, 0.2795788441466106, 0.291899454284843, 0.3046835134083826, 0.3179409130198402, 0.33168098189811934, 0.3459123907723334, 0.3606430504830899, 0.37588000367352503, 0.39162931013237295, 0.4078959260025651, 0.42468357717176125, 0.4419946272760402, 0.459829940874709, 0.478188742492554, 0.4970684723752396, 0.5164646399629919, 0.5363706762557733, 0.556777786417983, 0.5776748041499067, 0.5990480495337375, 0.6208811922404719, 0.6431551221562286, 0.6658478296478632, 0.6889342978329259, 0.7123864093423161, 0.7361728701593288, 0.7602591531797951, 0.7846074641582039, 0.8091767326776643, 0.8339226307012343, 0.8587976211229721, 0.8837510385343824, 0.9087292041521816, 0.9336755765143916, 0.9585309391433161, 0.983233625897589, 1.0077197841950734, 1.0319236756901964, 1.0557780133421109, 1.0792143331251398, 1.102163397923995, 1.1245556304391204, 1.1463215712199608, 1.1673923572651188, 1.1877002159982208, 1.2071789688670367, 1.2257645383405553, 1.243395451712587, 1.260014652642236, 1.27558299610302, 1.2900849717430047, 1.3035189082631262, 1.3158895482994624, 1.3272035620892693, 1.337467047984132, 1.3466843538495104, 1.3548577535498434, 1.3619876543637361, 1.3680731114998637, 1.3731124969204178, 1.3771042198985872, 1.380047432141223, 1.381942675165544, 1.3827924449727365, 1.3826016610844298, 1.3813780352514935, 1.3791323407146217, 1.3758785865797503, 1.371634104226711, 1.3664195540911646, 1.3602588619254825, 1.3531790939487818, 1.3452102802762727, 1.3363851957692263, 1.3267391070367183, 1.31630949379705, 1.30513575220548, 1.2932588871018662, 1.280721199447384, 1.2675659745199415, 1.2538371757367912, 1.2395791482815546, 1.2248363360412013, 1.2096530147148075, 1.1940730433471327, 1.178139635971937, 1.1618951545269278, 1.145380923727525, 1.128637068162229, 1.1117023714992151, 1.0946141573716397, 1.077408191237013, 1.0601186022819067, 1.0427778242646988, 1.0254165540528808, 1.0080637265141514, 0.9907465043583067, 0.9734902814958873, 0.956318698475658, 0.9392536685823577, 0.9223154132149782, 0.9055225052204879, 0.8888919189250883, 0.8724390856816745, 0.856177953835421, 0.8401210520968603, 0.8242795554013365, 0.8086633524234677, 0.7932811140037086, 0.7781403618300136, 0.7632475367999707, 0.7486080665668384, 0.7342264318461224, 0.7201062311273003, 0.706250243497836, 0.6926604893436233, 0.6793382887415139, 0.6662843174057259, 0.6534986600908896, 0.6409808613905215, 0.6287299739011112, 0.6167446037490708, 0.6050229535008658, 0.5935628624960607, 0.5823618446591042, 0.5714171238587771, 0.5607256668946584, 0.5502842141980259, 0.5400893083405807, 0.5301373204485552, 0.5204244746223518, 0.5109468704631096, 0.5017005038077129, 0.4926812857729027, 0.48388506020753186, 0.4753076196497251, 0.46694471988292596, 0.45879209318162995, 0.45084546033412587, 0.4431005415258722, 0.4355530661633044, 0.4281987817139569, 0.4210334616348447, 0.41405291245713, 0.40725298009122984, 0.4006295554127308, 0.3941785791857951, 0.3878960463771754, 0.38177800991052885, 0.3758205839074313, 0.3700199464583575, 0.36437234196390905, 0.35887408308374047, 0.3535215523279589, 0.34831120332324755, 0.3432395617835858, 0.33830322621320763, 0.3334988683673471, 0.32882323349435777, 0.3242731403809659, 0.3198454812207047, 0.3155372213239869, 0.31134539868678757, 0.3072671234335321, 0.30329957714850275, 0.2994400121088882, 0.29568575043149753, 0.29203418314414004, 0.2884827691917257, 0.2850290343862672, 0.2816705703091543, 0.2784050331733274, 0.27523014265228357, 0.27214368068221584, 0.2691434902429974, 0.266227474123183, 0.26339359367370185, 0.26063986755445845, 0.2579643704776352, 0.2553652319511056, 0.2528406350250091, 0.25038881504421234, 0.2480080584090838, 0.2456967013467309, 0.24345312869460076, 0.24127577269811257, 0.23916311182378058, 0.23711366958909405, 0.23512601341024414, 0.2331987534686288, 0.23133054159691954, 0.22952007018534204, 0.22776607110870167, 0.22606731467457514, 0.22442260859299087, 0.22283079696783042, 0.2212907593101024, 0.21980140957316682, 0.2183616952099229, 0.2169705962519132, 0.21562712441024484, 0.21433032219818113, 0.21307926207521505, 0.21187304561239836, 0.21071080267866776, 0.20959169064788047, 0.20851489362624578, 0.20747962169981832, 0.20648511020169844, 0.2055306189985702, 0.20461543179619296, 0.20373885546345175, 0.20290021937456149, 0.20209887476901403, 0.20133419412884948, 0.20060557057283082, 0.1999124172670966, 0.19925416685186575, 0.19863027088376756, 0.19804019929337086, 0.19748343985748723, 0.1969594976858259, 0.19646789472158033, 0.19600816925553025, 0.19557987545324726, 0.19518258289499582, 0.19481587612792728, 0.1944793542301692, 0.19417263038641847, 0.19389533147465177, 0.19364709766357407, 0.193427582020431, 0.19323645012881802, 0.1930733797161257, 0.19293806029026714, 0.1928301927853397, 0.1927494892158806, 0.1926956723393822, 0.19266847532673978, 0.19266764144031126, 0.19269292371927488, 0.19274408467197768, 0.19282089597497448, 0.19292313817846282, 0.19305060041782693, 0.19320308013100934, 0.1933803827814358, 0.19358232158622493, 0.19380871724942075, 0.19405939769999214, 0.19433419783434955, 0.1946329592631352, 0.19495553006204916, 0.1953017645264795, 0.19567152292971038, 0.19606467128448857, 0.19648108110773307, 0.19692062918818026, 0.19738319735676058, 0.1978686722595101, 0.19837694513282492, 0.19890791158087207, 0.19946147135497647, 0.20003752813480882, 0.20063598931120463, 0.20125676577045065, 0.20189977167988, 0.20256492427462314, 0.20325214364536748, 0.20396135252698366, 0.20469247608788282, 0.20544544171997436, 0.20622017882909952, 0.2070166186258225, 0.20783469391646608, 0.20867433889428486, 0.20953548893067567, 0.2104180803663306, 0.2113220503022443, 0.21224733639049365, 0.21319387662471492, 0.21416160913020924, 0.21515047195361447, 0.21616040285208912, 0.21719133908195928, 0.21824321718678888, 0.21931597278483914, 0.22040954035589155, 0.2215238530274162]]","[[0.01, 0.011673645222856313, 0.01362924433757481, 0.01580189558251425, 0.018156401288824855, 0.020675381558590576, 0.023352040860707537, 0.02618583431027899, 0.029179996409567036, 0.03234009297358058, 0.03567317568547918, 0.03918729509479964, 0.04289122657159423, 0.046794322419857884, 0.05090643848325737, 0.055237904574020266, 0.05979952058774427, 0.0646025676329054, 0.0696588279421345, 0.07498060996342257, 0.08058077658345887, 0.08647277534863379, 0.09267067008228734, 0.0991891736047929, 0.10604368143841501, 0.11325030647642663, 0.12082591464820487, 0.12878816163811135, 0.13715553072715542, 0.14594737182928708, 0.15518394179244785, 0.1648864460303552, 0.17507708154558618, 0.185779081398469, 0.1970167606698761, 0.20881556395934117, 0.22120211445298948, 0.23420426458851756, 0.24785114833678548, 0.26217323511138635, 0.27720238530870944, 0.2929719074713929, 0.3095166170575372, 0.32687289678649795, 0.3450787585193521, 0.3641739066181134, 0.3841998027123089, 0.40519973178449087, 0.4272188694674911, 0.4503043504255942, 0.47450533766915115, 0.49987309262733637, 0.5264610457766108, 0.5543248675928482, 0.5835225395628573, 0.6141144249560557, 0.6461633390191776, 0.67973461821601, 0.7148961880901427, 0.7517186292814777, 0.7902752411767351, 0.8306421026203453, 0.8728981290549543, 0.9171251254003093, 0.9634078339156479, 1.0118339762240192, 1.0624942886074558, 1.115482549609889, 1.170895598910557, 1.228833346354896, 1.289398769953158, 1.3526979015800111, 1.4188397990320571, 1.4879365030256135, 1.5601029776454851, 1.6354570326882152, 1.714119226282104, 1.7962127461129216, 1.8818632675407934, 1.9711987868624623, 2.06434942795652, 2.1614472205499617, 2.2626258483654342, 2.3680203654529106, 2.477766879080443, 2.5920021976594523, 2.710863442314054, 2.8344876208745924, 2.963011163286059, 3.0965694176755036, 3.235296106621625, 3.379322743516787, 3.5287780093084526, 3.683787090354489, 3.844470978625059, 4.0109457360319425, 4.183321725261879, 4.361702810130363, 4.546185529150975, 4.736858246726039, 4.933800287098353, 5.137081056950428, 5.346759163284625, 5.562881533950312, 5.785482548886733, 6.014583190804839, 6.25019022461892, 6.492295415439624, 6.7408747953333386, 6.995887989318701, 7.257277611189571, 7.524968739706815, 7.798868485472861, 8.078865658379836, 8.364830544895009, 8.656614803610989, 8.954051486443072, 9.256955191607632, 9.565122353075587, 9.878331669581362, 10.196344674504555, 10.518906446058574, 10.84574645525313, 11.176579547085375, 11.511107048401104, 11.849019379602467, 12.190012136023938, 12.533797696576766, 12.880100271576767, 13.228651002402708, 13.579184494316767, 13.931436456508743, 14.285142202839063, 14.640035823153779, 14.995849876355893, 15.352315487157366, 15.709162751663527, 16.066121374762254, 16.422921476176978, 16.779294513039364, 17.13497427569319, 17.489697920696678, 17.843207011039915, 18.195248538722403, 18.54557590925167, 18.89394987147618, 19.240139379562287, 19.583922376941118, 19.925086494740224, 20.263429659613315, 20.598760608014796, 20.93089930585219, 21.25967727410215, 21.584937822405337, 21.906536193871897, 22.224339625342186, 22.538227328167377, 22.8480903952129, 23.153831640256914, 23.45536537626984, 23.75261713923361, 24.045523364206286, 24.334031020273784, 24.618097210872016, 24.897688745724086, 25.172781690333693, 25.443360898621194, 25.709419533895847, 25.970958582938692, 26.227986367535742, 26.480518057360467, 26.728575187665694, 26.972185184815444, 27.211380902272065, 27.446200169258336, 27.676685353941224, 27.902882942636243, 28.124843136210743, 28.34261946457171, 28.556268419859045, 28.765849108728684, 28.971422923900626, 29.173053234963554, 29.37080509826942, 29.564744985616183, 29.75494053130336, 29.941460297051428, 30.124373554200375, 30.303750082543555, 30.479659985108114, 30.65217351816153, 30.82136093570311, 30.98729234768875, 31.15003759123476, 31.309666114051588, 31.46624686936904, 31.6198482216304, 31.770537862252688, 31.918382734773292, 32.0634489687285, 32.20580182163684, 32.34550562848835, 32.482623758170256, 32.61721857628895, 32.749351413877626, 32.879082541508296, 33.00647114835549, 33.13157532578696, 33.25445205508399, 33.375157198919766, 33.49374549624979, 33.610270560292, 33.7247848792973, 33.837339819832856, 33.94798563232109, 34.05677145859663, 34.16374534126173, 34.26895423463796, 34.37244401712773, 34.47425950481462, 34.574444466145216, 34.673041637548415, 34.770092739860324, 34.86563849543411, 34.95971864582492, 35.05237196994941, 35.143636302628856, 35.233548553432755, 35.32214472574804, 35.40945993600569, 35.495528433003464, 35.58038361726947, 35.66405806041668, 35.74658352444398, 35.827990980943795, 35.9083106301808, 35.98757192001022, 36.06580356460777, 36.14303356298686, 36.21928921728139, 36.29459715077567, 36.368983325665205, 36.44247306053468, 36.51509104754139, 36.58686136929446, 36.65780751542183, 36.72795239881869, 36.79731837157235, 36.865927240560026, 36.933800282716916, 37.000958259973366, 37.06742143386055, 37.13320957978518, 37.198342000974314, 37.262837542092235, 37.32671460253181, 37.38999114938336, 37.45268473008453, 37.51481248475494, 37.57639115822014, 37.63743711172907, 37.697966334370165, 37.75799445419105, 37.817536749027, 37.87660815704372, 37.9352232869999, 37.99339642823516, 38.051141560389134, 38.10847236285748, 38.16540222399049, 38.22194425004024, 38.278111273861974, 38.33391586337561, 38.389370329792946, 38.444486735616486, 38.49927690241531, 38.55375241838381, 38.60792464568855, 38.66180472760894, 38.71540359547685, 38.76873197542059, 38.821800394918355, 38.87461918916614, 38.92719850726521, 38.97954831823392, 39.031678416848564, 39.08359842931807, 39.13531781879689, 39.18684589074061, 39.23819179810854, 39.289364546417545, 39.340372998651105, 39.39122588002765, 39.44193178263194, 39.49249916991344, 39.542936381055014, 39.59325163521579, 39.64345303565138, 39.69354857371489, 39.7435461327419, 39.79345349182251, 39.84327832946351, 39.89302822714346, 39.94271067276361, 39.99233306399729, 40.04190271154044, 40.091426842265676, 40.14091260228253, 40.19036705990596, 40.23979720853553, 40.28920996944738, 40.33861219450104, 40.38801066876311, 40.43741211304967, 40.486823186389294, 40.53625048840842, 40.58570056164067, 40.635179893761844, 40.68469491975202, 40.734252023986244, 40.783857542255205, 40.833517763717204, 40.88323893278266, 40.93302725093235, 40.98288887847051, 41.03282993621385, 41.08285650711744, 41.13297463783852, 41.18319034023901, 41.23350959282757, 41.283938342142086, 41.33448250407308, 41.38514796512899, 41.43594058364375, 41.48686619092725, 41.53793059235933, 41.589139568427655, 41.64049887570992, 41.69201424780089, 41.74369139618447, 41.795536011051205, 41.8475537620615, 41.899750299054695, 41.952131252704305, 42.0047022351195, 42.05746884039302, 42.11043664509559, 42.16361120871689, 42.216998074053144, 42.27060276754139, 42.32443079954028, 42.37848766455754, 42.43277884142389, 42.487309793413466, 42.54208596831056, 42.597112798422565, 42.6523957005391, 42.70794007583702, 42.763751309731276, 42.819834771671374, 42.87619581488336, 42.93283977605704, 42.98977197497829, 43.04699771410637, 43.10452227809585, 43.16235093326319]]","[array([6.37688001e-05, 6.00799169e-05, 5.86664978e-05, 5.87303121e-05,
       5.97890183e-05, 6.15504167e-05, 6.38362161e-05, 6.65369839e-05,
       6.95854804e-05, 7.29405793e-05, 7.65775747e-05, 8.04823079e-05,
       8.46475869e-05, 8.90709878e-05, 9.37534891e-05, 9.86986136e-05,
       1.03911879e-04, 1.09400441e-04, 1.15172858e-04, 1.21238929e-04,
       1.27609588e-04, 1.34296826e-04, 1.41313645e-04, 1.48674021e-04,
       1.56392887e-04, 1.64486123e-04, 1.72970552e-04, 1.81863950e-04,
       1.91185053e-04, 2.00953574e-04, 2.11190223e-04, 2.21916732e-04,
       2.33155877e-04, 2.44931513e-04, 2.57268599e-04, 2.70193236e-04,
       2.83732703e-04, 2.97915487e-04, 3.12771328e-04, 3.28331257e-04,
       3.44627631e-04, 3.61694177e-04, 3.79566032e-04, 3.98279784e-04,
       4.17873511e-04, 4.38386818e-04, 4.59860882e-04, 4.82338484e-04,
       5.05864047e-04, 5.30483668e-04, 5.56245149e-04, 5.83198027e-04,
       6.11393596e-04, 6.40884927e-04, 6.71726881e-04, 7.03976121e-04,
       7.37691115e-04, 7.72932125e-04, 8.09761200e-04, 8.48242152e-04,
       8.88440518e-04, 9.30423521e-04, 9.74260010e-04, 1.02002039e-03,
       1.06777652e-03, 1.11760163e-03, 1.16957019e-03, 1.22375776e-03,
       1.28024083e-03, 1.33909661e-03, 1.40040286e-03, 1.46423759e-03,
       1.53067884e-03, 1.59980434e-03, 1.67169117e-03, 1.74641542e-03,
       1.82405177e-03, 1.90467302e-03, 1.98834962e-03, 2.07514913e-03,
       2.16513568e-03, 2.25836932e-03, 2.35490539e-03, 2.45479378e-03,
       2.55807824e-03, 2.66479555e-03, 2.77497474e-03, 2.88863616e-03,
       3.00579067e-03, 3.12643863e-03, 3.25056901e-03, 3.37815839e-03,
       3.50916999e-03, 3.64355268e-03, 3.78123999e-03, 3.92214919e-03,
       4.06618032e-03, 4.21321530e-03, 4.36311715e-03, 4.51572915e-03,
       4.67087424e-03, 4.82835443e-03, 4.98795033e-03, 5.14942088e-03,
       5.31250321e-03, 5.47691262e-03, 5.64234287e-03, 5.80846656e-03,
       5.97493580e-03, 6.14138310e-03, 6.30742249e-03, 6.47265088e-03,
       6.63664973e-03, 6.79898688e-03, 6.95921873e-03, 7.11689255e-03,
       7.27154910e-03, 7.42272543e-03, 7.56995781e-03, 7.71278491e-03,
       7.85075098e-03, 7.98340926e-03, 8.11032526e-03, 8.23108021e-03,
       8.34527611e-03, 8.45258215e-03, 8.55282039e-03, 8.64593866e-03,
       8.73195041e-03, 8.81089554e-03, 8.88281757e-03, 8.94775170e-03,
       9.00572002e-03, 9.05673123e-03, 9.10078321e-03, 9.13786699e-03,
       9.16797143e-03, 9.19108803e-03, 9.20721542e-03, 9.21636345e-03,
       9.21855659e-03, 9.21383678e-03, 9.20226551e-03, 9.18392532e-03,
       9.15892064e-03, 9.12737814e-03, 9.08944648e-03, 9.04529573e-03,
       8.99511633e-03, 8.93911774e-03, 8.87752692e-03, 8.81058653e-03,
       8.73855298e-03, 8.66169446e-03, 8.58028881e-03, 8.49462150e-03,
       8.40498353e-03, 8.31166942e-03, 8.21497528e-03, 8.11519699e-03,
       8.01262848e-03, 7.90756009e-03, 7.80027720e-03, 7.69105885e-03,
       7.58017663e-03, 7.46789364e-03, 7.35446362e-03, 7.24013026e-03,
       7.12512659e-03, 7.00967449e-03, 6.89398443e-03, 6.77825519e-03,
       6.66267376e-03, 6.54741532e-03, 6.43264332e-03, 6.31850957e-03,
       6.20515452e-03, 6.09270744e-03, 5.98128679e-03, 5.87100057e-03,
       5.76194668e-03, 5.65421332e-03, 5.54787948e-03, 5.44301533e-03,
       5.33968270e-03, 5.23793553e-03, 5.13782032e-03, 5.03937659e-03,
       4.94263733e-03, 4.84762945e-03, 4.75437416e-03, 4.66288743e-03,
       4.57318037e-03, 4.48525959e-03, 4.39912760e-03, 4.31478314e-03,
       4.23222151e-03, 4.15143487e-03, 4.07241258e-03, 3.99514140e-03,
       3.91960584e-03, 3.84578832e-03, 3.77366948e-03, 3.70322832e-03,
       3.63444243e-03, 3.56728818e-03, 3.50174086e-03, 3.43777489e-03,
       3.37536391e-03, 3.31448092e-03, 3.25509843e-03, 3.19718856e-03,
       3.14072312e-03, 3.08567375e-03, 3.03201193e-03, 2.97970913e-03,
       2.92873685e-03, 2.87906667e-03, 2.83067033e-03, 2.78351975e-03,
       2.73758711e-03, 2.69284486e-03, 2.64926576e-03, 2.60682294e-03,
       2.56548989e-03, 2.52524049e-03, 2.48604905e-03, 2.44789031e-03,
       2.41073946e-03, 2.37457215e-03, 2.33936450e-03, 2.30509311e-03,
       2.27173505e-03, 2.23926791e-03, 2.20766972e-03, 2.17691904e-03,
       2.14699490e-03, 2.11787684e-03, 2.08954486e-03, 2.06197945e-03,
       2.03516159e-03, 2.00907272e-03, 1.98369477e-03, 1.95901010e-03,
       1.93500156e-03, 1.91165242e-03, 1.88894641e-03, 1.86686769e-03,
       1.84540085e-03, 1.82453089e-03, 1.80424323e-03, 1.78452369e-03,
       1.76535848e-03, 1.74673421e-03, 1.72863786e-03, 1.71105676e-03,
       1.69397864e-03, 1.67739155e-03, 1.66128390e-03, 1.64564443e-03,
       1.63046222e-03, 1.61572664e-03, 1.60142742e-03, 1.58755455e-03,
       1.57409834e-03, 1.56104938e-03, 1.54839855e-03, 1.53613698e-03,
       1.52425611e-03, 1.51274760e-03, 1.50160337e-03, 1.49081561e-03,
       1.48037673e-03, 1.47027937e-03, 1.46051639e-03, 1.45108091e-03,
       1.44196621e-03, 1.43316582e-03, 1.42467345e-03, 1.41648302e-03,
       1.40858863e-03, 1.40098458e-03, 1.39366533e-03, 1.38662553e-03,
       1.37986000e-03, 1.37336373e-03, 1.36713186e-03, 1.36115970e-03,
       1.35544269e-03, 1.34997644e-03, 1.34475670e-03, 1.33977935e-03,
       1.33504041e-03, 1.33053604e-03, 1.32626252e-03, 1.32221625e-03,
       1.31839376e-03, 1.31479169e-03, 1.31140680e-03, 1.30823596e-03,
       1.30527614e-03, 1.30252442e-03, 1.29997798e-03, 1.29763411e-03,
       1.29549017e-03, 1.29354363e-03, 1.29179205e-03, 1.29023307e-03,
       1.28886443e-03, 1.28768393e-03, 1.28668947e-03, 1.28587901e-03,
       1.28525059e-03, 1.28480234e-03, 1.28453244e-03, 1.28443915e-03,
       1.28452078e-03, 1.28477572e-03, 1.28520241e-03, 1.28579938e-03,
       1.28656517e-03, 1.28749842e-03, 1.28859781e-03, 1.28986205e-03,
       1.29128992e-03, 1.29288027e-03, 1.29463196e-03, 1.29654392e-03,
       1.29861511e-03, 1.30084454e-03, 1.30323126e-03, 1.30577436e-03,
       1.30847295e-03, 1.31132621e-03, 1.31433333e-03, 1.31749354e-03,
       1.32080609e-03, 1.32427028e-03, 1.32788542e-03, 1.33165086e-03,
       1.33556597e-03, 1.33963014e-03, 1.34384280e-03, 1.34820337e-03,
       1.35271132e-03, 1.35736613e-03, 1.36216727e-03, 1.36711428e-03,
       1.37220666e-03, 1.37744395e-03, 1.38282571e-03, 1.38835148e-03,
       1.39402083e-03, 1.39983334e-03, 1.40578858e-03, 1.41188613e-03,
       1.41812559e-03, 1.42450653e-03, 1.43102855e-03, 1.43769123e-03,
       1.44449415e-03, 1.45143690e-03, 1.45851905e-03, 1.46574017e-03,
       1.47309981e-03])]","[[0, 6.376880005047202e-05, 0.00012384871691641303, 0.0001825152146708144, 0.00024124552681513788, 0.0003010345451452434, 0.0003625849618326834, 0.00042642117789694356, 0.0004929581617771409, 0.0005625436421799021, 0.0006354842214573949, 0.000712061796194357, 0.0007925441041021782, 0.0008771916910314524, 0.0009662626788142393, 0.001060016167941995, 0.0011587147815313897, 0.001262626660512539, 0.0013720271018002569, 0.00148719995988815, 0.0016084388890266002, 0.0017360484766751599, 0.0018703453025492591, 0.00201165894730312, 0.002160332968309529, 0.0023167258556779083, 0.0024812119787333106, 0.0026541825311407895, 0.002836046481386415, 0.003027231534224346, 0.0032281851078483238, 0.0034393753308692375, 0.003661292062628192, 0.0038944479399133213, 0.004139379452754987, 0.004396648051630988, 0.004666841288108039, 0.00495057399066779, 0.005248489477206792, 0.005561260805452799, 0.005889592062298615, 0.006234219692813748, 0.006595913869448491, 0.006975479901689988, 0.007373759686161139, 0.007791633196866526, 0.008230020014981047, 0.008689880897242555, 0.009172219381645719, 0.009678083428736682, 0.010208567096372991, 0.010764812245336952, 0.011348010272669061, 0.011959403869017653, 0.012600288795677522, 0.013272015676310164, 0.013975991797597667, 0.014713682912277377, 0.01548661503713198, 0.016296376237565868, 0.0171446183893809, 0.018033058907270045, 0.018963482428373764, 0.01993774243798983, 0.02095776282319171, 0.02202553933869368, 0.023143140967803878, 0.024312711159731635, 0.02553646892286701, 0.02681670975193394, 0.028155806365141693, 0.029556209225632343, 0.031020446819657536, 0.03255112566203146, 0.03415092999751729, 0.03582262116493438, 0.037569036588948744, 0.03939308836276132, 0.04129776138327144, 0.04328611099880726, 0.045361260128225445, 0.047526395809138755, 0.04978476513228832, 0.052139670518696626, 0.054594464296283576, 0.05715254253317088, 0.059817338086012695, 0.06259231282345015, 0.06548094898727322, 0.0684867396571635, 0.07161317828906677, 0.07486374730237785, 0.0782419056972847, 0.08175107569087574, 0.08539462836901497, 0.08917586836057236, 0.09309801755138032, 0.09716419786726993, 0.10137741316869475, 0.10574053031371891, 0.11025625946143969, 0.11492713370410683, 0.1197554881331246, 0.12474343846157188, 0.12989285934359815, 0.13520536254875773, 0.14068227516669307, 0.14632461803419872, 0.15213308459218064, 0.15810802039393554, 0.16424940349805656, 0.17055682598866226, 0.1770294768720849, 0.18366612660220155, 0.1904651134858392, 0.19742433221477598, 0.2045412247615047, 0.2118127738619126, 0.21923549928925878, 0.22680545710029607, 0.2345182420062191, 0.2423689929885806, 0.25035240224379457, 0.2584627274998654, 0.2666938077061952, 0.2750390838171488, 0.28349166597197184, 0.29204448635931846, 0.3006904250211335, 0.30942237543125317, 0.31823327096694803, 0.3271160885331068, 0.3360638402334949, 0.3450695602494529, 0.3541262914803158, 0.36322707469240273, 0.37236494168163925, 0.381532913113342, 0.39072400114378575, 0.39993121656815117, 0.409147580018713, 0.4183661366133051, 0.42757997339710174, 0.4367822389092929, 0.44596616422524454, 0.45512508486362246, 0.4642524629992498, 0.47334190948092547, 0.482387205215362, 0.4913823215412217, 0.5003214392791054, 0.5091989662029989, 0.518009552735197, 0.5267481057194764, 0.5354098001758445, 0.54399008898428, 0.5524847104843484, 0.5608896940123659, 0.5692013634279308, 0.5774163387072367, 0.5855315357017865, 0.5935441641781593, 0.6014517242675799, 0.6092520014635082, 0.6169430603115985, 0.6245232369395181, 0.6319911305745964, 0.6393455941954336, 0.6465857244597834, 0.6537108510455536, 0.6607205255349543, 0.6676145099639684, 0.6743927651506822, 0.6810554389068502, 0.6876028542275954, 0.6940354975445595, 0.700354007118282, 0.7065591616362529, 0.7126518690740571, 0.7186331558684138, 0.7245041564427789, 0.7302661031185762, 0.7359203164380954, 0.741468195918651, 0.7469112112517582, 0.7522508939558344, 0.7574888294862698, 0.7626266498026073, 0.767666026389005, 0.7726086637210902, 0.7774562931697196, 0.7822106673300065, 0.7868735547622105, 0.7914467351296941, 0.7959319947180737, 0.8003311223189123, 0.8046459054607753, 0.8088781269701701, 0.8130295618447844, 0.8171019744214965, 0.8210971158218378, 0.8250167216579017, 0.8288625099821157, 0.8326361794647863, 0.8363394077838854, 0.8399738502121482, 0.8435411383871927, 0.8470428792510285, 0.8504806541459966, 0.8538560180548582, 0.8571704989734255, 0.8604255974047912, 0.8636227859648719, 0.8667635090896083, 0.869849182834791, 0.8728811947600649, 0.875860903889243, 0.8787896407396013, 0.8816687074133446, 0.884499377744929, 0.8872828974983916, 0.8900204846092774, 0.8927133294661711, 0.8953625952272289, 0.8979694181674737, 0.9005349080529578, 0.9030601485382185, 0.9055461975837503, 0.9079940878904966, 0.9104048273486216, 0.9127793994980647, 0.9151187639986029, 0.9174238571073529, 0.919695592161838, 0.9219348600669206, 0.9241425297840634, 0.9263194488215388, 0.9284664437243393, 0.9305843205626719, 0.9326738654180415, 0.9347358448660295, 0.9367710064549792, 0.9387800791798907, 0.9407637739509064, 0.9427227840558525, 0.9446577856163664, 0.9465694380372058, 0.948458384448395, 0.9503252521399146, 0.9521706529886921, 0.9539951838776924, 0.9557994271069497, 0.9575839507964157, 0.9593493092805355, 0.9610960434944877, 0.9628246813520566, 0.9645357381151237, 0.9662297167547927, 0.9679071083041748, 0.9695683922028846, 0.9712140366333073, 0.9728444988487158, 0.9744602254933228, 0.9760616529143689, 0.9776492074663534, 0.979223305807523, 0.9807843551887404, 0.9823327537348622, 0.9838688907187563, 0.9853931468280978, 0.9869058944250814, 0.9884074977991937, 0.9898983134131882, 0.9913786901424108, 0.9928489695076178, 0.9943094859014379, 0.9957605668086199, 0.9972025330202151, 0.9986356988418372, 1.0000603722961456, 1.0014768553196927, 1.002885443954277, 1.004286428532941, 1.0056800938607515, 1.0070667193904952, 1.008446579393424, 1.0098199431251809, 1.01118707498703, 1.0125482346825223, 1.0139036773697123, 1.0152536538090515, 1.0165984105070704, 1.017938189855968, 1.0192732302692156, 1.0206037663132865, 1.0219300288356157, 1.023252245088893, 1.0245706388517886, 1.0258854305462086, 1.0271968373511762, 1.028505073313427, 1.0298103494548112, 1.0311128738765827, 1.0324128518606663, 1.0337104859679764, 1.0350059761338697, 1.036299519760805, 1.0375913118082836, 1.0388815448801425, 1.040170409309264, 1.0414580932397717, 1.0427447827067724, 1.0440306617137074, 1.0453159123073703, 1.0466007146506462, 1.0478852470930298, 1.0491696862389697, 1.050454207014092, 1.0517389827293513, 1.0530241851431494, 1.0543099845214734, 1.0555965496960873, 1.0568840481208215, 1.0581726459259972, 1.05946250797102, 1.0607537978951798, 1.0620466781666866, 1.0633413101299782, 1.064637854051321, 1.0659364691627407, 1.0672373137043012, 1.0685405449647625, 1.069846319320636, 1.0711547922736622, 1.0724661184867286, 1.0737804518182483, 1.0750979453550165, 1.0764187514435608, 1.0777430217200006, 1.0790709071384283, 1.0804025579978285, 1.08173812396754, 1.0830777541112788, 1.084421596909725, 1.0857698002816847, 1.0871225116038348, 1.0884798777290543, 1.0898420450033504, 1.0912091592813806, 1.0925813659405785, 1.0939588098938817, 1.0953416356010666, 1.0967299870786906, 1.0981240079086436, 1.0995238412453043, 1.1009296298213067, 1.1023415159519117, 1.1037596415379818, 1.10518414806756, 1.1066151766160455, 1.108052867844968, 1.1094973619993524, 1.110948798903675, 1.112407317956403, 1.1138730581231155, 1.1153461579282018]]"
50.0,80.0,4,120,180,I0-S1,"[[0.01, 0.009218546420913139, 0.008861068736292907, 0.008775059817687893, 0.008868448506442047, 0.00908555855206289, 0.009392621681139949, 0.00976908996578647, 0.010202468969621795, 0.010685207761832632, 0.011212821655283471, 0.011782754529124613, 0.012393685999971283, 0.01304510667630778, 0.013737055418230693, 0.014469954879461986, 0.015244506992521303, 0.016061625278216897, 0.01692238999395644, 0.01782801762271558, 0.018779839507113275, 0.01977928642572197, 0.020827877115244194, 0.021927209476189563, 0.023078953649137805, 0.024284846426278723, 0.025546686636339404, 0.026866331250925638, 0.028245692031236967, 0.02968673258088557, 0.031191465702157972, 0.03276195097500149, 0.034400292493677695, 0.03610863670750782, 0.037889170320765685, 0.03974411821340474, 0.041675741349493506, 0.043686334644352794, 0.045778224764697235, 0.047953767838766294, 0.05021534705562155, 0.05256537013458881, 0.05500626664731581, 0.05754048517616045, 0.060170490293673454, 0.06289875934883389, 0.06572777904647319, 0.0686600418070122, 0.07169804189426447, 0.07484427129964787, 0.07810121537171924, 0.0814713481805187, 0.08495712760679876, 0.08856099014683505, 0.09228534542418118, 0.09613257040045582, 0.1001050032780459, 0.10420493708848708, 0.10843461296125338, 0.11279621306876071, 0.11729185324457365, 0.12192357527311116, 0.1266933388505816, 0.1316030132184492, 0.13665436847244886, 0.14184906655203053, 0.14718865191713285, 0.1526745419213622, 0.15830801689299062, 0.16409020993768514, 0.17002209647954294, 0.1761044835598263, 0.18233799891577, 0.1887230798649594, 0.19525996202404786, 0.2019486678939816, 0.20878899534741988, 0.21578050605765847, 0.22292251391206958, 0.2302140734568358, 0.23765396842355774, 0.24524070039212303, 0.2529724776480088, 0.26084720429591207, 0.2688624696952296, 0.2770155382863892, 0.28530333988033485, 0.2937224604865293, 0.30226913375761566, 0.3109392331313188, 0.31972826475221267, 0.3286313612575741, 0.3376432765126326, 0.3467583813810465, 0.3559706606163377, 0.36527371095924127, 0.37466074052441906, 0.38412456955770163, 0.39365763264191295, 0.4032519824253583, 0.41289929494218514, 0.42259087658803585, 0.43231767280768046, 0.44207027854364384, 0.4518389504862306, 0.4616136211558158, 0.47138391483784375, 0.48113916537970114, 0.49086843584656487, 0.5005605400205378, 0.5102040657139656, 0.5197873998538725, 0.5292987552800836, 0.538726199184935, 0.5480576831076581, 0.5572810743817097, 0.5663841889186614, 0.5753548251979341, 0.5841807993178368, 0.5928499809502165, 0.6013503300287321, 0.6096699339895003, 0.617797045372789, 0.6257201195857325, 0.6334278526188424, 0.6409094907265994, 0.6481575915588285, 0.6551693287027245, 0.6619446907181905, 0.6684851555277928, 0.6747929026335084, 0.6808703551473352, 0.6867199232540452, 0.6923438697831346, 0.6977442489751703, 0.7029228883682083, 0.707881395393801, 0.7126211774831933, 0.7171434689331501, 0.721449360517041, 0.7255398295021075, 0.7294157687529988, 0.733078014215975, 0.7365273704435298, 0.7397646340322405, 0.7427906149671701, 0.7456061559310662, 0.7482121496685821, 0.750609554508702, 0.7527994081508791, 0.754782839817166, 0.7565610808668121, 0.7581354739631183, 0.7595074808757486, 0.7606786889956492, 0.7616508166344557, 0.7624257171758071, 0.7630053821423125, 0.7633919432389429, 0.7635876734312561, 0.7635949871149995, 0.76341643943218, 0.7630547247875429, 0.7625126746184959, 0.7617932544707563, 0.7608995604313544, 0.7598348149700188, 0.758602362239368, 0.7572056628837048, 0.7556482884055133, 0.7539339151379898, 0.7520663178710617, 0.7500493631773721, 0.7478870024836045, 0.7455832649313041, 0.7431422500700161, 0.7405681204240987, 0.7378650939730053, 0.7350374365831541, 0.7320894544277342, 0.7290254864289418, 0.7258498967552128, 0.7225670674040264, 0.719181390898812, 0.7156972631264167, 0.7121190763394905, 0.7084512123460307, 0.7046980359062228, 0.7008638883546132, 0.696953081463582, 0.692969891562047, 0.6889185539213409, 0.6848032574182707, 0.680628139483497, 0.6763972813415714, 0.6721147035472512, 0.667784361821068, 0.6634101431855792, 0.6589958624022716, 0.6545452587077206, 0.6500619928463405, 0.6455496443958908, 0.6410117093808302, 0.6364515981676332, 0.6318726336353068, 0.6272780496135584, 0.6226709895803775, 0.6180545056101892, 0.6134315575632245, 0.6088050125063227, 0.6041776443550271, 0.5995521337265635, 0.5949310679930847, 0.5903169415244287, 0.5857121561095656, 0.5811190215458907, 0.5765397563855623, 0.571976488828169, 0.5674312577491426, 0.5629060138535085, 0.5584026209447722, 0.5539228572989825, 0.5494684171342803, 0.5450409121665369, 0.5406418732419985, 0.536272752038184, 0.5319349228246312, 0.5276296842754393, 0.5233582613259223, 0.5191218070660566, 0.5149214046637772, 0.5107580693115562, 0.5066327501900616, 0.5025463324430708, 0.4984996391581752, 0.49449343334817175, 0.49052841992838886, 0.48660524768553726, 0.4827245112340112, 0.4788867529558876, 0.4750924649211848, 0.4713420907852435, 0.46763602766038215, 0.46397462795925654, 0.4603582012076177, 0.45678701582441683, 0.45326130086744226, 0.44978124774290584, 0.4463470118776054, 0.44295871435249756, 0.43961644349670265, 0.4363202564411431, 0.4330701806311838, 0.4298662152977982, 0.4267083328869292, 0.42359648044684794, 0.4205305809734374, 0.41751053471344246, 0.4145362204258325, 0.4116074966015181, 0.40872420264175213, 0.4058861599956235, 0.4030931732571225, 0.4003450312223235, 0.39764150790728475, 0.39498236352731847, 0.39236734543832646, 0.38979618904093777, 0.38726861864821643, 0.3847843483177362, 0.3823430826488445, 0.3799445175459536, 0.37758834094871757, 0.37527423352995914, 0.3730018693622248, 0.37077091655384664, 0.3685810378553949, 0.36643189123740294, 0.3643231304402437, 0.36225440549703325, 0.3602253632304265, 0.3582356477241664, 0.3562849007702321, 0.3543727622924243, 0.35249887074720965, 0.35066286350263476, 0.3488643771961028, 0.3471030480717915, 0.3453785122984738, 0.343690406268486, 0.34203836687856953, 0.3404220317932959, 0.33884103969176416, 0.3372950304982441, 0.33578364559741686, 0.3343065280348483, 0.3328633227033106, 0.3314536765155489, 0.3300772385640711, 0.3287336602685209, 0.32742259551117564, 0.32614370076109217, 0.3248966351874066, 0.3236810607622755, 0.3224966423539303, 0.3213430478102977, 0.3202199480336249, 0.3191270170465289, 0.31806393204987693, 0.31703037347288704, 0.31602602501582394, 0.3150505736856497, 0.3141037098249764, 0.31318512713465135, 0.31229452269029495, 0.31143159695309536, 0.31059605377515465, 0.3097876003996657, 0.3090059474561896, 0.30825080895129153, 0.30752190225478077, 0.3068189480817916, 0.3061416704709307, 0.30548979675870686, 0.30486305755044935, 0.30426118668791285, 0.30368392121375704, 0.30313100133308113, 0.30260217037218573, 0.3020971747347263, 0.3016157638554155, 0.3011576901514239, 0.30072270897162307, 0.3003105785438068, 0.2999210599200224, 0.29955391692013483, 0.29920891607374517, 0.29888582656057505, 0.2985844201494272, 0.2983044711358249, 0.2980457562784308, 0.29780805473433847, 0.2975911479933296, 0.29739481981118143, 0.29721885614210963, 0.2970630450704253, 0.2969271767414829, 0.2968110432919925, 0.29671443877976716, 0.2966371591129728, 0.29657900197894554, 0.2965397667726408, 0.2965192545247729, 0.29651726782970517, 0.29653361077314633, 0.2965680888597089, 0.2966205089403817, 0.29669067913996905, 0.2967784087845467, 0.29688350832898314, 0.29700578928457505, 0.2971450641468422, 0.29730114632352944, 0.297473850062859, 0.29766299038207855, 0.2978683829963482]]","[[0.01, 0.011673645222856313, 0.01362924433757481, 0.01580189558251425, 0.018156401288824855, 0.020675388903220557, 0.02335215349227794, 0.026186381252284154, 0.029181655321608015, 0.032343980780856756, 0.035680915184415386, 0.03920105979224627, 0.042913765548360565, 0.04682896660699779, 0.050957089369615446, 0.05530900602201318, 0.05989601412380387, 0.06472983130141041, 0.06982259856667584, 0.07518688844458729, 0.08083571567451495, 0.08678254918563245, 0.09304132459929551, 0.09962645683467948, 0.10655285258176009, 0.11383592251312367, 0.12149159316608625, 0.12953631845878646, 0.13798709081992674, 0.14686145191854594, 0.15617750298166475, 0.16595391468621867, 0.17620993660875414, 0.18696540621269359, 0.19824075734901397, 0.21005702824216493, 0.2224358689290985, 0.23539954811544825, 0.24897095940919883, 0.2631736268886306, 0.2780317099578985, 0.29357000744030026, 0.3098139608560972, 0.32678965682865896, 0.34452382855971175, 0.36304385631157166, 0.38237776683144153, 0.402554231650149, 0.4236025641851063, 0.44555271557479786, 0.4684352691697522, 0.49228143360275656, 0.5171230343590377, 0.5429925037652847, 0.5699228693147522, 0.5979477402442833, 0.6271012922779563, 0.6574182504512214, 0.6889338699288845, 0.7216839147301531, 0.7557046342742149, 0.7910327376605185, 0.8277053655991062, 0.8657600599080467, 0.905234730497284, 0.9461676197610933, 0.9885972643048606, 1.0325624539361253, 1.0781021878547925, 1.125255627983162, 1.174062049382996, 1.2245607877142768, 1.2767911836986443, 1.3307925245597674, 1.3866039824231313, 1.4442645496689495, 1.5038129712441237, 1.565287673952425, 1.6287266927563342, 1.6941675941392673, 1.7616473965932091, 1.8312024883140523, 1.902868542205174, 1.9766804283089154, 2.0526721238056047, 2.1308766207405223, 2.2113258316606315, 2.294050493364932, 2.3790800689947638, 2.466442648713211, 2.5561648492457603, 2.6482717125773716, 2.7427866041239897, 2.8397311107190104, 2.9391249387771596, 3.040985813019372, 3.145329376162397, 3.2521690899956974, 3.3615161382855625, 3.4733793319619175, 3.587765017056853, 3.704676985875147, 3.8241163918857537, 3.9460816688291485, 4.070568454538295, 4.197569519970644, 4.327074703944735, 4.459070854067529, 4.5935417743273455, 4.730468179812115, 4.8698276589935166, 5.011594643994358, 5.155740389229278, 5.3022329587776, 5.451037222811915, 5.602114863366972, 5.755424389690765, 5.910921163373701, 6.068557433402546, 6.2282823812338695, 6.390042175927402, 6.553780039323285, 6.71943632118933, 6.88694858420543, 7.056251698592763, 7.227278232331162, 7.399961648374847, 7.574238737077353, 7.750048775448251, 7.92733273964341, 8.10603278946437, 8.2860919262458, 8.467453762610557, 8.650062365475161, 8.833862147949576, 9.018797794670983, 9.204814210672277, 9.391856487371172, 9.579869881456943, 9.768799803835062, 9.958591816667465, 10.14919163710671, 10.340545146683333, 10.532598405540952, 10.725297670869297, 10.918589418990113, 11.11242037062339, 11.306737518912929, 11.501488159828288, 11.696619924589475, 11.892080813784254, 12.08781923286764, 12.283784028750434, 12.479924527199213, 12.676190570784703, 12.872532557129345, 13.068901477218189, 13.265248953550474, 13.46152727792218, 13.657689448642802, 13.853689207002443, 14.049481072818194, 14.245020378901643, 14.440263304302109, 14.635166906193012, 14.82968915028144, 15.023788939633569, 15.217426141820964, 15.410561614305102, 15.603157227989382, 15.795175888879628, 15.986581557805591, 16.177339268166918, 16.36741514167782, 16.55677640209496, 16.745391386922815, 16.933229557100226, 17.12026150468062, 17.30645895852675, 17.491794788048587, 17.676243005020197, 17.8597787635182, 18.042378358030412, 18.224019219788925, 18.404679911386758, 18.584340119741718, 18.762980647474944, 18.9405834027749, 19.117131387820468, 19.292608685838978, 19.467000446876963, 19.640292872362547, 19.81247319853947, 19.983529678853074, 20.153451565368655, 20.322229089302358, 20.48985344074395, 20.65631674765001, 20.82161205418467, 20.98573329848353, 21.14867528991458, 21.31043368590792, 21.471004968424, 21.630386420127486, 21.78857610033166, 21.945572820775386, 22.101376121292105, 22.255986245427472, 22.409404116059385, 22.561631311071306, 22.71267003912683, 22.86252311559058, 23.011193938637522, 23.15868646559006, 23.305005189519257, 23.450155116143858, 23.594141741057992, 23.736971027315782, 23.878649383398436, 24.01918364158697, 24.158581036761174, 24.296849185643143, 24.433996066501425, 24.5700299993297, 24.70495962651182, 24.838793893983063, 24.971542032895687, 25.103213541795018, 25.23381816931066, 25.36336589736596, 25.491866924907235, 25.619331652153086, 25.745770665362723, 25.871194722121107, 25.995614737137654, 26.119041768554172, 26.2414870047569, 26.36296175168656, 26.483477420639673, 26.6030455165537, 26.721677626767896, 26.839385410251268, 26.956180587288575, 27.072074929614853, 27.18708025098855, 27.301208398193182, 27.414471242456987, 27.52688067128, 27.638448580657734, 27.749186867690486, 27.85910742356735, 27.96822212691381, 28.076542837491818, 28.18408139024139, 28.29084958965259, 28.396859204457016, 28.502121962627868, 28.606649546677936, 28.710453589244764, 28.81354566895259, 28.915937306540727, 29.017639961248214, 29.11866502744483, 29.219023831498635, 29.318727628870537, 29.417787601426518, 29.5162148549584, 29.614020416904193, 29.711215234259438, 29.807810171670987, 29.903816009705086, 29.999243443281724, 30.09410308026753, 30.188405440219633, 30.282160953273287, 30.37537995916612, 30.468072706392245, 30.560249351479545, 30.651919958383836, 30.74309449799372, 30.83378284774013, 30.923994791304928, 31.01374001842295, 31.103028124772234, 31.191868611947278, 31.280270887510436, 31.368244265116683, 31.455797964707234, 31.542941112767632, 31.629682742646136, 31.716031794928348, 31.801997117864286, 31.887587467844163, 31.972811509919367, 32.05767781836523, 32.142194877282385, 32.22637108123359, 32.31021473591306, 32.39373405884549, 32.476937180112095, 32.559832143101026, 32.642426905279756, 32.724729338987096, 32.806747232242586, 32.888488289571136, 32.9699601328409, 33.05117030211246, 33.13212625649745, 33.21283537502497, 33.29330495751401, 33.37354222545036, 33.453554322866594, 33.53334831722359, 33.61293120029228, 33.69230988903439, 33.771491226480926, 33.850481982607306, 33.92928885520398, 34.00791847074157, 34.08637738522961, 34.16467208506784, 34.242808987889326, 34.3207944433945, 34.39863473417543, 34.47633607652953, 34.55390462126207, 34.63134645447686, 34.70866759835447, 34.785874011917414, 34.86297159178191, 34.939966172895474, 35.016863529260156, 35.09366937464078, 35.17038936325792, 35.247029090465155, 35.323594093410364, 35.40008985168057, 35.47652178793027, 35.552895268492726, 35.62921560397421, 35.70548804983079, 35.781717806927546, 35.857910022080006, 35.93406978857765, 36.0102021466893, 36.08631208415028, 36.16240453663126, 36.23848438818861, 36.31455647169629, 36.39062556925911, 36.4666964126073, 36.54277368347249, 36.618862013944906, 36.694965986811845, 36.771090135877444, 36.847238946263715, 36.9234168546929, 36.99962824975118, 37.07587747213374, 37.15216881487134, 37.228506523538364, 37.30489479644251, 37.381337784796145, 37.457839592869504, 37.534404278125784, 37.611035851338244]]","[array([6.37688001e-05, 6.00799169e-05, 5.86664978e-05, 5.87303121e-05,
       5.97890278e-05, 6.15506873e-05, 6.38379085e-05, 6.65427290e-05,
       6.95996537e-05, 7.29693639e-05, 7.66288762e-05, 8.05655659e-05,
       8.47735164e-05, 8.92512733e-05, 9.40004465e-05, 9.90248309e-05,
       1.04329841e-04, 1.09922144e-04, 1.15809409e-04, 1.22000139e-04,
       1.28503548e-04, 1.35329473e-04, 1.42488308e-04, 1.49990950e-04,
       1.57848757e-04, 1.66073518e-04, 1.74677420e-04, 1.83673028e-04,
       1.93073261e-04, 2.02891375e-04, 2.13140946e-04, 2.23835855e-04,
       2.34990270e-04, 2.46618637e-04, 2.58735662e-04, 2.71356300e-04,
       2.84495737e-04, 2.98169381e-04, 3.12392842e-04, 3.27181918e-04,
       3.42552582e-04, 3.58520959e-04, 3.75103310e-04, 3.92316016e-04,
       4.10175551e-04, 4.28698463e-04, 4.47901352e-04, 4.67800843e-04,
       4.88413558e-04, 5.09756092e-04, 5.31844977e-04, 5.54696658e-04,
       5.78327451e-04, 6.02753514e-04, 6.27990804e-04, 6.54055043e-04,
       6.80961672e-04, 7.08725808e-04, 7.37362200e-04, 7.66885178e-04,
       7.97308607e-04, 8.28645828e-04, 8.60909609e-04, 8.94112087e-04,
       9.28264706e-04, 9.63378160e-04, 9.99462328e-04, 1.03652621e-03,
       1.07457785e-03, 1.11362428e-03, 1.15367146e-03, 1.19472417e-03,
       1.23678597e-03, 1.27985911e-03, 1.32394445e-03, 1.36904141e-03,
       1.41514784e-03, 1.46226002e-03, 1.51037252e-03, 1.55947812e-03,
       1.60956779e-03, 1.66063056e-03, 1.71265349e-03, 1.76562156e-03,
       1.81951762e-03, 1.87432232e-03, 1.93001405e-03, 1.98656889e-03,
       2.04396053e-03, 2.10216023e-03, 2.16113680e-03, 2.22085653e-03,
       2.28128316e-03, 2.34237789e-03, 2.40409932e-03, 2.46640347e-03,
       2.52924376e-03, 2.59257104e-03, 2.65633361e-03, 2.72047721e-03,
       2.78494512e-03, 2.84967818e-03, 2.91461484e-03, 2.97969127e-03,
       3.04484142e-03, 3.10999715e-03, 3.17508830e-03, 3.24004285e-03,
       3.30478705e-03, 3.36924555e-03, 3.43334158e-03, 3.49699714e-03,
       3.56013313e-03, 3.62266961e-03, 3.68452596e-03, 3.74562109e-03,
       3.80587370e-03, 3.86520249e-03, 3.92352639e-03, 3.98076482e-03,
       4.03683791e-03, 4.09166677e-03, 4.14517374e-03, 4.19728263e-03,
       4.24791937e-03, 4.29702117e-03, 4.34455459e-03, 4.39051107e-03,
       4.43489609e-03, 4.47772215e-03, 4.51900479e-03, 4.55876021e-03,
       4.59700406e-03, 4.63375073e-03, 4.66901318e-03, 4.70280283e-03,
       4.73512973e-03, 4.76600267e-03, 4.79542937e-03, 4.82341672e-03,
       4.84997094e-03, 4.87509777e-03, 4.89880267e-03, 4.92109095e-03,
       4.94196798e-03, 4.96143924e-03, 4.97951051e-03, 4.99618795e-03,
       5.01147821e-03, 5.02538851e-03, 5.03792670e-03, 5.04910137e-03,
       5.05892186e-03, 5.06739832e-03, 5.07454178e-03, 5.08036414e-03,
       5.08487822e-03, 5.08809775e-03, 5.09003742e-03, 5.09071285e-03,
       5.09014061e-03, 5.08833820e-03, 5.08532404e-03, 5.08111746e-03,
       5.07573865e-03, 5.06920870e-03, 5.06154948e-03, 5.05278368e-03,
       5.04293476e-03, 5.03202686e-03, 5.02008484e-03, 5.00713416e-03,
       4.99320089e-03, 4.97831164e-03, 4.96249350e-03, 4.94577402e-03,
       4.92818114e-03, 4.90974315e-03, 4.89048861e-03, 4.87044636e-03,
       4.84964541e-03, 4.82811491e-03, 4.80588411e-03, 4.78298232e-03,
       4.75943883e-03, 4.73528290e-03, 4.71054368e-03, 4.68525020e-03,
       4.65943130e-03, 4.63311561e-03, 4.60633151e-03, 4.57910708e-03,
       4.55147008e-03, 4.52344791e-03, 4.49506758e-03, 4.46635567e-03,
       4.43733833e-03, 4.40804123e-03, 4.37848956e-03, 4.34870798e-03,
       4.31872063e-03, 4.28855110e-03, 4.25822241e-03, 4.22775701e-03,
       4.19717674e-03, 4.16650287e-03, 4.13575605e-03, 4.10495633e-03,
       4.07412312e-03, 4.04327523e-03, 4.01243083e-03, 3.98160750e-03,
       3.95082217e-03, 3.92009115e-03, 3.88943016e-03, 3.85885429e-03,
       3.82837802e-03, 3.79801525e-03, 3.76777927e-03, 3.73768281e-03,
       3.70773799e-03, 3.67795639e-03, 3.64834903e-03, 3.61892639e-03,
       3.58969841e-03, 3.56067450e-03, 3.53186357e-03, 3.50327404e-03,
       3.47491383e-03, 3.44679039e-03, 3.41891072e-03, 3.39128136e-03,
       3.36390843e-03, 3.33679762e-03, 3.30995421e-03, 3.28338311e-03,
       3.25708881e-03, 3.23107547e-03, 3.20534686e-03, 3.17990645e-03,
       3.15475734e-03, 3.12990234e-03, 3.10534395e-03, 3.08108437e-03,
       3.05712552e-03, 3.03346907e-03, 3.01011641e-03, 2.98706871e-03,
       2.96432687e-03, 2.94189160e-03, 2.91976339e-03, 2.89794250e-03,
       2.87642904e-03, 2.85522290e-03, 2.83432382e-03, 2.81373137e-03,
       2.79344494e-03, 2.77346381e-03, 2.75378710e-03, 2.73441381e-03,
       2.71534279e-03, 2.69657280e-03, 2.67810250e-03, 2.65993041e-03,
       2.64205499e-03, 2.62447459e-03, 2.60718749e-03, 2.59019189e-03,
       2.57348592e-03, 2.55706763e-03, 2.54093503e-03, 2.52508607e-03,
       2.50951863e-03, 2.49423058e-03, 2.47921971e-03, 2.46448379e-03,
       2.45002056e-03, 2.43582773e-03, 2.42190298e-03, 2.40824395e-03,
       2.39484829e-03, 2.38171361e-03, 2.36883753e-03, 2.35621763e-03,
       2.34385150e-03, 2.33173673e-03, 2.31987088e-03, 2.30825153e-03,
       2.29687626e-03, 2.28574264e-03, 2.27484826e-03, 2.26419070e-03,
       2.25376757e-03, 2.24357645e-03, 2.23361497e-03, 2.22388076e-03,
       2.21437145e-03, 2.20508470e-03, 2.19601817e-03, 2.18716955e-03,
       2.17853654e-03, 2.17011686e-03, 2.16190825e-03, 2.15390846e-03,
       2.14611527e-03, 2.13852647e-03, 2.13113988e-03, 2.12395334e-03,
       2.11696470e-03, 2.11017185e-03, 2.10357269e-03, 2.09716515e-03,
       2.09094716e-03, 2.08491671e-03, 2.07907177e-03, 2.07341037e-03,
       2.06793054e-03, 2.06263035e-03, 2.05750787e-03, 2.05256121e-03,
       2.04778849e-03, 2.04318787e-03, 2.03875752e-03, 2.03449562e-03,
       2.03040041e-03, 2.02647010e-03, 2.02270295e-03, 2.01909726e-03,
       2.01565131e-03, 2.01236343e-03, 2.00923195e-03, 2.00625524e-03,
       2.00343166e-03, 2.00075963e-03, 1.99823756e-03, 1.99586387e-03,
       1.99363703e-03, 1.99155551e-03, 1.98961778e-03, 1.98782236e-03,
       1.98616776e-03, 1.98465252e-03, 1.98327519e-03, 1.98203433e-03,
       1.98092853e-03, 1.97995638e-03, 1.97911649e-03, 1.97840748e-03,
       1.97782798e-03, 1.97737664e-03, 1.97705211e-03, 1.97685306e-03,
       1.97677817e-03, 1.97682613e-03, 1.97699564e-03, 1.97728541e-03,
       1.97769415e-03, 1.97822059e-03, 1.97886346e-03, 1.97962150e-03,
       1.98049346e-03, 1.98147808e-03, 1.98257414e-03, 1.98378039e-03,
       1.98509560e-03])]","[[0, 6.376880005047202e-05, 0.00012384871691641303, 0.0001825152146708144, 0.00024124552681513788, 0.00030103455457552373, 0.00036258524184774003, 0.0004264231502986411, 0.0004929658792723695, 0.0005625655329616657, 0.0006355348968605693, 0.0007121637730680951, 0.0007927293389192022, 0.000877502855342598, 0.0009667541286073963, 0.0010607545751312, 0.0011597794060073396, 0.0012641092473556761, 0.0013740313914992058, 0.0014898408005680971, 0.0016118409394130313, 0.0017403444872704029, 0.00187567396062471, 0.0020181622690516867, 0.0021681532190291506, 0.0023260019762816877, 0.0024920754942791396, 0.0026667529144898928, 0.0028504259425633726, 0.003043499203575596, 0.0032463905786884895, 0.003459531524966682, 0.0036833673796123766, 0.003918357649485345, 0.0041649762864480085, 0.004423711948798967, 0.004695068248820909, 0.00497956398626222, 0.005277733367389651, 0.0055901262090873845, 0.005917308127331868, 0.0062598607092392575, 0.006618381667760556, 0.006993484977986974, 0.007385800993923072, 0.007795976544486694, 0.008224675007401774, 0.008672576359561994, 0.009140377202359528, 0.009628790760393508, 0.010138546851896961, 0.010670391829149037, 0.011225088487071143, 0.01180341593814155, 0.012406169451703142, 0.013034160255683828, 0.013688215298698968, 0.01436917697046063, 0.015077902778380028, 0.015815264978217985, 0.016582150156614055, 0.017379458763309277, 0.018208104590870765, 0.019069014199729797, 0.019963126286359344, 0.02089139099244318, 0.021854769152927982, 0.022854231480902924, 0.02389075768731952, 0.024965335533648745, 0.0260789598156741, 0.02723263127673897, 0.028427355448905824, 0.029664141420644354, 0.030944000529846312, 0.03226794498116799, 0.03363698638692737, 0.0350521342310329, 0.03651439425569518, 0.038024766770972246, 0.039584244887523413, 0.04119381267329686, 0.04285444323525104, 0.044567096727610465, 0.04633271828858117, 0.048152235907899556, 0.05002655822805965, 0.051956572282555916, 0.053943141174990855, 0.055987101703425766, 0.058089261934897336, 0.06025039873557915, 0.06247125526263264, 0.0647525384243627, 0.06709491631586549, 0.06949901563792546, 0.07196541910747993, 0.07449466286851936, 0.07708723391282206, 0.0797435675204301, 0.0824640447302511, 0.08524898985161326, 0.0880986680280019, 0.09101328286455855, 0.09399297413122243, 0.09703781555363186, 0.10014781270407505, 0.1033229010048786, 0.10656294385664362, 0.1098677309036773, 0.11323697644881948, 0.11667031802962297, 0.12016731516751149, 0.1237274483011081, 0.12735011791439624, 0.13103464386974703, 0.13478026495511952, 0.13858613865391597, 0.1424513411450573, 0.14637486753983509, 0.15035563236100435, 0.15439247026840994, 0.15848413703419584, 0.16262931076934278, 0.16682659340192, 0.17107451276894967, 0.17537153394327323, 0.17971608852921114, 0.18410659960337822, 0.18854149569131476, 0.19301921783976264, 0.19753822262593415, 0.20209698284042887, 0.20669398690109164, 0.2113277376356989, 0.21599675081305908, 0.2206995536435968, 0.22543468337371375, 0.23020068603957905, 0.23499611541085766, 0.2398195321341651, 0.24466950307412236, 0.24954460084330798, 0.25444340350902395, 0.2593644944633002, 0.26430646244215433, 0.2692679016803201, 0.2742474121881649, 0.2792436001381711, 0.28425507834905456, 0.2892804668562881, 0.2943183935584632, 0.29936749492954084, 0.3044264167876226, 0.3094938151114042, 0.31456835689597135, 0.3196487210400621, 0.324733599257355, 0.3298216970047596, 0.3349117344210794, 0.34000244726980405, 0.3450925878801565, 0.35018092608088597, 0.3552662501216525, 0.36034736757720165, 0.3654231062298726, 0.37049231492632617, 0.37555386440471694, 0.3806066480888676, 0.3856495828463343, 0.39068160970757515, 0.3957016945437542, 0.40070882870102736, 0.4057020295894604, 0.4106803412250303, 0.4156428347234496, 0.4205886087448347, 0.4255167898885097, 0.4304265330374963, 0.4353170216524899, 0.4401874680153575, 0.4450371134224155, 0.44986522832795833, 0.4546711124387045, 0.4594540947600091, 0.46421353359486334, 0.4689488164968552, 0.4736593601784076, 0.4783446103757368, 0.48300404167208855, 0.4876371572809073, 0.4922434887906811, 0.49682259587327837, 0.5013740659576518, 0.5058975138708338, 0.510392581448185, 0.5148589371148804, 0.519296275440635, 0.5237043166696731, 0.5280828062279435, 0.5324315142095649, 0.5367502348444686, 0.5410387859491735, 0.545297008362594, 0.5495247653687368, 0.5537219421080999, 0.5578884449795258, 0.5620242010342156, 0.5661291573635371, 0.5702032804822078, 0.574246555708359, 0.5782589865419231, 0.5822405940427133, 0.5861914162094976, 0.5901115073612914, 0.5940009375220258, 0.5978597918096742, 0.6016881698308478, 0.6054861850818005, 0.609253964356714, 0.6129916471640631, 0.6166993851517971, 0.6203773415420045, 0.6240256905756674, 0.6276446169680481, 0.6312343153751924, 0.6347949898719762, 0.6383268534420677, 0.6418301274801239, 0.6453050413064918, 0.6487518316946361, 0.6521707424114692, 0.6555620237707195, 0.6589259321994305, 0.6622627298176498, 0.6655726840313257, 0.668856067138404, 0.6721131559480794, 0.6753442314131349, 0.6785495782752688, 0.6817294847232922, 0.6848842420640536, 0.6880141444059282, 0.691119488354692, 0.6942005727215838, 0.6972576982433457, 0.7002911673140153, 0.7033012837282374, 0.7062883524358486, 0.7092526793074814, 0.7121945709109272, 0.7151143342979925, 0.7180122768015761, 0.7208887058426919, 0.7237439287471613, 0.7265782525716938, 0.7293919839390773, 0.732185428882196, 0.734958892696597, 0.7377126798013278, 0.7404470936077668, 0.7431624363961725, 0.7458590091996821, 0.7485371116954899, 0.7511970421029428, 0.7538390970882921, 0.7564635716758472, 0.7590707591652806, 0.761660951054838, 0.7642344369702153, 0.7667915045988644, 0.7693324396295015, 0.7718575256965934, 0.7743670443296028, 0.7768612749067816, 0.7793404946133066, 0.7818049784035553, 0.7842549989673292, 0.7866908266998344, 0.7891127296752394, 0.7915209736236295, 0.7939158219111895, 0.7962975355234482, 0.7986663730514245, 0.8010225906805222, 0.8033664421820217, 0.8056981789070289, 0.8080180497827396, 0.8103263013108881, 0.8126231775682514, 0.8149089202090859, 0.8171837684693771, 0.8194479591727903, 0.8217017267382117, 0.8239453031887751, 0.8261789181622745, 0.8284027989228653, 0.8306171703739622, 0.8328222550722456, 0.8350182732426913, 0.8372054427945426, 0.839383979338148, 0.8415540962025903, 0.843716004454035, 0.8458699129147336, 0.848016028182614, 0.8501545546513991, 0.8522856945311935, 0.8544096478694838, 0.8565266125724974, 0.8586367844268716, 0.8607403571215836, 0.8628375222700945, 0.8649284694326662, 0.8670133861388081, 0.8690924579098143, 0.8711658682813552, 0.8732337988260866, 0.8752964291762443, 0.8773539370461908, 0.8794064982548855, 0.8814542867482483, 0.883497474621392, 0.8855362321406947, 0.8875707277656909, 0.889601128170758, 0.8916275982665748, 0.8936503012213354, 0.8956693984816949, 0.897685049793434, 0.8996974132218205, 0.9017066451716562, 0.9037129004069919, 0.9057163320704972, 0.9077170917024717, 0.9097153292594872, 0.9117111931326456, 0.9137048301654473, 0.9156963856712553, 0.9176860034503486, 0.9196738258065558, 0.9216599935634608, 0.9236446460801743, 0.9256279212666624, 0.927609955598629, 0.9295908841319449, 0.9315708405166181, 0.9335499570103023, 0.935528364491339, 0.9375061924713288, 0.9394835691072305, 0.9414606212129837, 0.9434374742706534, 0.9454142524410951, 0.9473910785741382, 0.9493680742182864, 0.9513453596299362, 0.95332305378211, 0.9553012743727071, 0.9572801378322698, 0.9592597593312681, 0.9612402527869012, 0.9632217308694194, 0.9652043050079657, 0.9671880853959411, 0.9691731809958941]]"
50.0,80.0,4,120,180,I1-S1,"[[0.01, 0.009218546420913139, 0.008861068736292907, 0.008775059817687893, 0.008868448506442047, 0.009085558566688964, 0.00939262248157282, 0.00976909801101841, 0.010202509114129933, 0.010685344452475666, 0.011213187705703662, 0.011783586083766532, 0.012395362361553709, 0.01304819393724609, 0.013742353149916243, 0.014478545422560834, 0.015257807130099518, 0.01608144025684733, 0.016950969991135562, 0.01786811685064612, 0.018834778202428012, 0.019853016010374654, 0.020925048832490693, 0.022053246812747236, 0.023240128854310586, 0.024488361434000704, 0.02580075868874695, 0.027180283513549435, 0.028630049481025797, 0.030153323439473738, 0.031753528678244256, 0.03343424857141304, 0.03519923062651923, 0.0370523908765361, 0.038997818561523775, 0.04103978105240945, 0.04318272897358457, 0.0454313014838641, 0.047790331677070634, 0.050264852064264155, 0.052860100099565224, 0.05558152371071011, 0.058434786794002457, 0.061425774631240354, 0.06456059918354044, 0.06784560421378241, 0.07128737018568031, 0.0748927188832688, 0.07866871768988577, 0.08262268346054738, 0.08676218591595782, 0.09109505048028133, 0.09562936047823861, 0.10037345860008573, 0.10533594753560596, 0.11052568967041383, 0.1159518057296609, 0.12162367224567885, 0.1275509177172372, 0.13374341731898412, 0.14021128601034216, 0.14696486988372326, 0.1540147355825043, 0.1613716576098732, 0.16904660334054805, 0.17705071553863802, 0.18539529217672998, 0.19409176334384737, 0.20315166502346674, 0.21258660951754743, 0.2224082522888177, 0.23262825499168452, 0.24325824446244604, 0.25430976744236544, 0.26579424081303105, 0.2777228971327247, 0.2901067252757194, 0.30295640599403306, 0.3162822422436844, 0.33009408414547337, 0.3444012484842601, 0.35921243269118003, 0.37453562330071133, 0.3903779989294709, 0.40674582788647834, 0.4236443605957299, 0.4410777170915161, 0.45904876993511323, 0.47755902299825087, 0.49660848666389523, 0.5161955501079627, 0.5363168514459251, 0.5569671466549402, 0.578139178313893, 0.5998235453389817, 0.6220085750292936, 0.6446801988728889, 0.6678218336965578, 0.6914142698685941, 0.7154355683802118, 0.7398609687338945, 0.7646628096519804, 0.7898104646819215, 0.8152702948115514, 0.8410056202139657, 0.8669767132129749, 0.8931408144924979, 0.9194521744630829, 0.9458621215429168, 0.9723191589069126, 0.9987690910043826, 1.025155180843174, 1.0514183386869878, 1.0774973424153815, 1.1033290893566516, 1.1288488789279538, 1.1539907249118517, 1.178687695672683, 1.2028722800799114, 1.2264767763704074, 1.249433700659884, 1.271676211318644, 1.2931385449719353, 1.3137564594839535, 1.3334676789498123, 1.3522129177430524, 1.3699420849552255, 1.3866170987994755, 1.4022078572742347, 1.4166892369834665, 1.4300393656989134, 1.4422387402119434, 1.4532698899343215, 1.4631173776357587, 1.4717679935092778, 1.4792110447898665, 1.4854386757139513, 1.4904461755164617, 1.4942322481744004, 1.4967992287076461, 1.4981532384688767, 1.4983042770206558, 1.4972662516417363, 1.4950569477473434, 1.4916979449175145, 1.48721448406149, 1.4816352916841182, 1.474992367386082, 1.4673207407081725, 1.4586582032784317, 1.4490450219788233, 1.4385236385417381, 1.4271383606345365, 1.4149350491056074, 1.401960805657965, 1.388263664794105, 1.373892293445408, 1.3588957012668004, 1.3433229641481539, 1.3272229630731784, 1.3106441400490128, 1.2936342724397, 1.2762402666680197, 1.2585079719059844, 1.240482014057371, 1.222205650047904, 1.2037206421815447, 1.1850671520954519, 1.1662836536517138, 1.1474068639404424, 1.1284716914353436, 1.1095112002380652, 1.0905565892697293, 1.0716371852151108, 1.0527804479946712, 1.0340119875297968, 1.015355590574672, 0.9968332564118492, 0.9784652402453571, 0.9602701031728389, 0.9422647676745493, 0.9244645776200511, 0.9068833618612737, 0.8895335005515592, 0.872425993402933, 0.8555705291668076, 0.8389755556955287, 0.8226483500126869, 0.806595087888164, 0.7908209124788568, 0.7753300016574551, 0.7601256337092083, 0.745210251130064, 0.7305855223087987, 0.716252400920716, 0.7022111829012322, 0.688461560904264, 0.6750026761829437, 0.6618331678589802, 0.648951219572172, 0.6363546035233891, 0.6240407219430095, 0.6120066460325745, 0.6002491524405659, 0.5887647573439341, 0.5775497482155866, 0.5666002133646798, 0.5559120693414872, 0.5454810863020276, 0.5353029114297392, 0.5253730905124371, 0.5156870877727769, 0.5062403040495927, 0.4970280934259381, 0.48804577839754154, 0.479288663672807, 0.47075204869254444, 0.46243123895438115, 0.4543215562233653, 0.4464183477066879, 0.4387169942667759, 0.4312129177432913, 0.4239015874508568, 0.41677852591564185, 0.4098393139103182, 0.40307959484335387, 0.39649507855517047, 0.3900815445703645, 0.38383484485199104, 0.37775090610084117, 0.37182573163971383, 0.36605540291989475, 0.36043608068440863, 0.35496400582010584, 0.3496354999282796, 0.34444696564128224, 0.339394886710516, 0.3344758278892073, 0.32968643463153613, 0.3250234326279696, 0.3204836271950457, 0.31606390253635464, 0.3117612208900737, 0.30757262157711557, 0.3034952199627494, 0.2995262063434368, 0.2956628447695944, 0.29190247181403794, 0.28824249529497875, 0.2846803929616297, 0.281213711149723, 0.2778400634135489, 0.2745571291404866, 0.27136265215340893, 0.26825443930580384, 0.2652303590739568, 0.26228834015008595, 0.25942637003990077, 0.2566424936676745, 0.2539348119915703, 0.2513014806316389, 0.2487407085126157, 0.2462507565233763, 0.24382993619466597, 0.24147660839649843, 0.23918918205641593, 0.23696611289962022, 0.23480590221181719, 0.23270709562546762, 0.23066828192999997, 0.22868809190641723, 0.2267651971866197, 0.22489830913766468, 0.223086177771094, 0.2213275906773801, 0.2196213719854688, 0.21796638134733273, 0.21636151294739164, 0.21480569453660564, 0.21329788649100195, 0.2118370808943568, 0.21042230064471898, 0.20905259858443223, 0.2077270566532867, 0.20644478506440844, 0.2052049215024767, 0.20400663034384206, 0.20284910189810668, 0.20173155167071663, 0.20065321964610758, 0.19961336959093973, 0.19861128837695224, 0.19764628532296571, 0.19671769155555854, 0.19582485938794422, 0.1949671617165767, 0.1941439914350133, 0.19335476086456815, 0.19259890120129208, 0.19187586197881987, 0.1911851105466314, 0.1905261315632777, 0.18989842650412986, 0.18930151318321572, 0.18873492528871458, 0.18819821193168862, 0.18769093720763705, 0.18721267977046516, 0.18676303241847017, 0.18634160169195146, 0.18594800748206233, 0.18558188265052697, 0.18524287265985515, 0.18493063521369463, 0.18464483990696892, 0.1843851678854562, 0.18415131151447292, 0.1839429740563329, 0.18375986935626054, 0.18360172153644466, 0.18346826469792563, 0.18335924263001724, 0.18327440852697055, 0.18321352471159494, 0.18317636236555745, 0.1831627012660895, 0.18317232952883522, 0.18320504335658344, 0.18326064679363066, 0.1833389514855292, 0.1834397764439804, 0.18356294781663876, 0.1837082986615988, 0.1838756687263421, 0.18406490423092725, 0.18427585765521126, 0.1845083875298958, 0.18476235823119735, 0.1850376397789454, 0.1853341076379169, 0.18565164252222158, 0.18599013020255617, 0.18634946131615135, 0.18672953117923877, 0.18713023960187106, 0.18755149070493182, 0.18799319273917683, 0.1884552579061521, 0.18893760218083952, 0.18944014513588345, 0.18996280976725793, 0.19050552232123638, 0.19106821212253142, 0.19165081140347556, 0.19225325513411828, 0.19287548085311873, 0.19351742849931794, 0.1941790402438779, 0.19486026032287973, 0.19556103487027698, 0.19628131175110433, 0.1970210403948463, 0.1977801716288751, 0.19855865751187057, 0.19935645116714018, 0.20017350661576094]]","[[0.01, 0.011673645222856313, 0.01362924433757481, 0.01580189558251425, 0.018156401288824855, 0.020675388918371975, 0.02335215435357104, 0.02618639022585359, 0.02918170172323135, 0.032344144439413434, 0.03568136892342387, 0.0392021263110391, 0.04291598879085352, 0.046833197664268, 0.05096458704418505, 0.055321552317530956, 0.05991604507702089, 0.06476058372537065, 0.0698682734163495, 0.075252831645697, 0.08092861737283832, 0.08691066247877888, 0.09321470490755833, 0.0998572231538546, 0.10685547194045283, 0.114227519031452, 0.121992283182968, 0.13016957326204462, 0.13878012857788577, 0.14784566047403672, 0.15738889522962798, 0.1674336183144596, 0.17800472003777545, 0.18912824262471786, 0.20083142874798593, 0.2131427715352844, 0.22609206606576546, 0.23971046236079854, 0.25403051986598024, 0.2690862634122274, 0.2849132406339837, 0.30154858081190467, 0.3190310550957617, 0.33740113805061317, 0.3567010704554152, 0.3769749232680772, 0.3982686626543945, 0.42063021596019495, 0.44410953848630813, 0.46875868090449063, 0.494631857129104, 0.5217855124340344, 0.5502783915769566, 0.5801716066634816, 0.6115287044518809, 0.6444157327648803, 0.6789013056383709, 0.7150566667977485, 0.7529557510109132, 0.7926752428227254, 0.834294632128928, 0.8778962659982429, 0.9235653960996157, 0.9713902210375323, 1.0214619228421287, 1.0738746968027066, 1.1287257737735117, 1.1861154340196391, 1.2461470116091056, 1.3089268882950336, 1.3745644757701703, 1.4431721851153405, 1.5148653822047982, 1.5897623277757709, 1.6679841008179217, 1.749654503892254, 1.8348999489495539, 1.9238493221873978, 2.016633826463726, 2.1133867997758826, 2.2142435083188463, 2.3193409126572297, 2.428817405584787, 2.5428125203049468, 2.6614666076486615, 2.784920481154103, 2.913315028968744, 3.0467907917005723, 3.185487505543641, 3.329543610235962, 3.479095721676467, 3.634278069333721, 3.79522189892312, 3.9620548412115744, 4.1349002482287975, 4.313876498620921, 4.4990962743731195, 4.690665811649995, 4.888684129051377, 5.093242237151353, 5.304422333773128, 5.522296990043562, 5.746928332859733, 5.978367229975087, 6.2166524844629025, 6.46181004582733, 6.713852245493543, 6.972777064804476, 7.238567443967888, 7.511190640619645, 7.790597646783391, 8.076722673000122, 8.36948270826215, 8.668777164104638, 8.97448761077712, 9.2864776128325, 9.604592670730721, 9.92866027416084, 10.258490071744871, 10.593874160609563, 10.934587498012752, 11.280388435807218, 11.631019377039296, 11.986207552437236, 12.345665912973965, 12.709094745576948, 13.076189316439523, 13.446645651553194, 13.820159087218329, 14.196422899664366, 14.575127611705229, 14.955960817389315, 15.338607401333073, 15.722750055797873, 16.108070018616313, 16.494247970443443, 16.880965041696157, 17.267903888828958, 17.65474980692717, 18.041191851465147, 18.426923946839704, 18.811645963219476, 19.19506474655087, 19.57689508938057, 19.956860632602506, 20.334694690393082, 20.71014099251845, 21.082954339920835, 21.452901171043564, 21.819760037754428, 22.183321990984613, 22.54339087732331, 22.89978354880025, 23.25232998895315, 23.600873359017324, 23.94526996869325, 24.28538917644903, 24.62111322470254, 24.952337015508736, 25.278967832557495, 25.600925015374045, 25.918139591615905, 26.23055387328586, 26.538121022539194, 26.840804592564346, 27.138578048768778, 27.431424275214926, 27.719335070933663, 28.00231064040251, 28.280359082120953, 28.55349587885198, 28.821743392734064, 29.085130368106363, 29.3436914445366, 29.59746668219991, 29.846501101431098, 30.09084423796448, 30.330549715087198, 30.565674833664257, 30.7962801807478, 31.022429257259482, 31.244188125033187, 31.461625073325205, 31.674810304740117, 31.88381564038156, 32.08871424391735, 32.289580364146325, 32.486489095569056, 32.67951615639449, 32.86873768335874, 33.05423004268871, 33.23606965651166, 33.41433284398977, 33.58909567644614, 33.760433845743734, 33.9284225451803, 34.093136362170284, 34.25464918199695, 34.413034101934436, 34.568363355059546, 34.720708243095366, 34.87013907765344, 35.01672512926728, 35.16053458363713, 35.30163450453375, 35.440090802836956, 35.575968211212846, 35.70933026396166, 35.840239281595316, 35.96875635973085, 36.094941361911864, 36.218852915995356, 36.34054841376547, 36.460084013459195, 36.57751464491103, 36.69289401704485, 36.80627462746142, 36.91770777388876, 37.02724356728065, 37.134930946365465, 37.240817693463185, 37.3449504514036, 37.44737474139231, 37.548134981684406, 37.64727450693757, 37.744835588127856, 37.8408594529217, 37.93538630640745, 38.028455352098995, 38.12010481313185, 38.21037195358048, 38.29929309983204, 38.38690366195897, 38.47323815503823, 38.558330220371175, 38.642212646562626, 38.72491739042276, 38.80647559765958, 38.88691762333355, 38.966273052049914, 39.04457071786703, 39.12183872390247, 39.1981044616211, 39.27339462979192, 39.347735253102776, 39.42115170042378, 39.493668702712675, 39.565310370556446, 39.636100211345386, 39.706061146077076, 39.77521552578888, 39.84358514761875, 39.91119127049501, 39.97805463045681, 40.04419545560745, 40.109633480703806, 40.17438796138537, 40.238477688047126, 40.30192099936086, 40.36473579544999, 40.426939550723226, 40.488549326372734, 40.54958178254271, 40.61005319017449, 40.669979442534405, 40.729376066430866, 40.78825823312708, 40.846640768956036, 40.904538165644354, 40.96196459035162, 41.01893389543186, 41.07545962792378, 41.13155503877638, 41.18723309181647, 41.242506472464555, 41.297387596205596, 41.35188861682091, 41.40602143438753, 41.459797703051144, 41.51322883857866, 41.566326025696455, 41.61910022522003, 41.67156218098089, 41.72372242655625, 41.77559129180697, 41.82717890922928, 41.87849522012537, 41.92954998059803, 41.98035276737439, 42.03091298346353, 42.081239863652854, 42.13134247984772, 42.181229746258865, 42.230910424442136, 42.28039312819451, 42.32968632831085, 42.37879835720518, 42.427737413400536, 42.47651156589109, 42.5251287583802, 42.57359681339809, 42.62192343630242, 42.670116219165244, 42.71818264454949, 42.76613008917815, 42.81396582749915, 42.86169703514899, 42.909330792317704, 42.956874087018136, 43.00433381826209, 43.05171679914584, 43.09902975984752, 43.14627935053881, 43.19347214421312, 43.24061463943246, 43.28771326299528, 43.33477437252718, 43.38180425899641, 43.42880914915624, 43.475795207915844, 43.52276854064153, 43.56973519538994, 43.616701165074865, 43.663672389569186, 43.7106547577434, 43.75765410944221, 43.80467623740041, 43.85172688909945, 43.89881176856588, 43.94593653811275, 43.99310682002526, 44.04032819819158, 44.087606219679806, 44.13494639626216, 44.182354205887194, 44.22983509410094, 44.277394475417715, 44.32503773464143, 44.37277022813804, 44.42059728505987, 44.46852420852235, 44.51655627673381, 44.56469874407882, 44.61295684215564, 44.66133578076817, 44.70984074887283, 44.75847691548078, 44.80724943051584, 44.85616342562835, 44.905224014965356, 44.95443629589723, 45.003805349701096, 45.053336242201134, 45.103034024365925, 45.15290373286304, 45.202950390570884, 45.25317900704792, 45.303594578959306, 45.35420209046095, 45.40500651354103, 45.4560128083189, 45.507225923301405, 45.55865079559644, 45.61029235108386, 45.66215550454335, 45.714245159739505]]","[array([6.37688001e-05, 6.00799169e-05, 5.86664978e-05, 5.87303121e-05,
       5.97890278e-05, 6.15506888e-05, 6.38379310e-05, 6.65428674e-05,
       6.96001916e-05, 7.29709411e-05, 7.66327015e-05, 8.05736676e-05,
       8.47890207e-05, 8.92787056e-05, 9.40460520e-05, 9.90969104e-05,
       1.04439104e-04, 1.10082077e-04, 1.16036659e-04, 1.22314919e-04,
       1.28930060e-04, 1.35896353e-04, 1.43229098e-04, 1.50944591e-04,
       1.59060117e-04, 1.67593945e-04, 1.76565331e-04, 1.85994529e-04,
       1.95902804e-04, 2.06312455e-04, 2.17246836e-04, 2.28730381e-04,
       2.40788632e-04, 2.53448271e-04, 2.66737151e-04, 2.80684328e-04,
       2.95320098e-04, 3.10676034e-04, 3.26785017e-04, 3.43681278e-04,
       3.61400430e-04, 3.79979512e-04, 3.99457016e-04, 4.19872931e-04,
       4.41268774e-04, 4.63687621e-04, 4.87174146e-04, 5.11774642e-04,
       5.37537056e-04, 5.64511007e-04, 5.92747811e-04, 6.22300497e-04,
       6.53223817e-04, 6.85574256e-04, 7.19410031e-04, 7.54791086e-04,
       7.91779082e-04, 8.30437370e-04, 8.70830966e-04, 9.13026509e-04,
       9.57092208e-04, 1.00309778e-03, 1.05111436e-03, 1.10121444e-03,
       1.15347173e-03, 1.20796105e-03, 1.26475816e-03, 1.32393963e-03,
       1.38558265e-03, 1.44976480e-03, 1.51656381e-03, 1.58605734e-03,
       1.65832266e-03, 1.73343636e-03, 1.81147394e-03, 1.89250953e-03,
       1.97661539e-03, 2.06386151e-03, 2.15431510e-03, 2.24804011e-03,
       2.34509663e-03, 2.44554032e-03, 2.54942179e-03, 2.65678593e-03,
       2.76767119e-03, 2.88210887e-03, 3.00012233e-03, 3.12172625e-03,
       3.24692574e-03, 3.37571553e-03, 3.50807913e-03, 3.64398791e-03,
       3.78340028e-03, 3.92626078e-03, 4.07249924e-03, 4.22202992e-03,
       4.37475071e-03, 4.53054237e-03, 4.68926778e-03, 4.85077133e-03,
       5.01487832e-03, 5.18139449e-03, 5.35010564e-03, 5.52077738e-03,
       5.69315502e-03, 5.86696359e-03, 6.04190803e-03, 6.21767356e-03,
       6.39392622e-03, 6.57031361e-03, 6.74646588e-03, 6.92199682e-03,
       7.09650525e-03, 7.26957662e-03, 7.44078474e-03, 7.60969382e-03,
       7.77586059e-03, 7.93883671e-03, 8.09817124e-03, 8.25341333e-03,
       8.40411499e-03, 8.54983396e-03, 8.69013665e-03, 8.82460107e-03,
       8.95282062e-03, 9.07442607e-03, 9.18912523e-03, 9.29669291e-03,
       9.39694630e-03, 9.48972944e-03, 9.57490471e-03, 9.65234894e-03,
       9.72195238e-03, 9.78361940e-03, 9.83727014e-03, 9.88284261e-03,
       9.92029474e-03, 9.94960638e-03, 9.97078088e-03, 9.98384638e-03,
       9.98885657e-03, 9.98589114e-03, 9.97505576e-03, 9.95648172e-03,
       9.93032516e-03, 9.89676609e-03, 9.85600706e-03, 9.80827163e-03,
       9.75380270e-03, 9.69286064e-03, 9.62572129e-03, 9.55267401e-03,
       9.47401952e-03, 9.39006788e-03, 9.30113638e-03, 9.20754751e-03,
       9.10962702e-03, 9.00770202e-03, 8.90209917e-03, 8.79314301e-03,
       8.68115439e-03, 8.56644902e-03, 8.44933621e-03, 8.33011761e-03,
       8.20908624e-03, 8.08652557e-03, 7.96270872e-03, 7.83789787e-03,
       7.71234367e-03, 7.58628492e-03, 7.45994818e-03, 7.33354770e-03,
       7.20728521e-03, 7.08135000e-03, 6.95591895e-03, 6.83115671e-03,
       6.70721588e-03, 6.58423727e-03, 6.46235024e-03, 6.34167304e-03,
       6.22231319e-03, 6.10436790e-03, 5.98792449e-03, 5.87306085e-03,
       5.75984592e-03, 5.64834010e-03, 5.53859577e-03, 5.43065774e-03,
       5.32456370e-03, 5.22034468e-03, 5.11802550e-03, 5.01762520e-03,
       4.91915744e-03, 4.82263093e-03, 4.72804980e-03, 4.63541400e-03,
       4.54471960e-03, 4.45595918e-03, 4.36912211e-03, 4.28419491e-03,
       4.20116146e-03, 4.12000331e-03, 4.04069995e-03, 3.96322899e-03,
       3.88756643e-03, 3.81368684e-03, 3.74156355e-03, 3.67116885e-03,
       3.60247410e-03, 3.53544995e-03, 3.47006641e-03, 3.40629303e-03,
       3.34409897e-03, 3.28345316e-03, 3.22432433e-03, 3.16668118e-03,
       3.11049237e-03, 3.05572665e-03, 3.00235292e-03, 2.95034027e-03,
       2.89965804e-03, 2.85027585e-03, 2.80216368e-03, 2.75529188e-03,
       2.70963118e-03, 2.66515276e-03, 2.62182825e-03, 2.57962975e-03,
       2.53852986e-03, 2.49850169e-03, 2.45951883e-03, 2.42155544e-03,
       2.38458618e-03, 2.34858627e-03, 2.31353144e-03, 2.27939799e-03,
       2.24616275e-03, 2.21380309e-03, 2.18229690e-03, 2.15162263e-03,
       2.12175924e-03, 2.09268622e-03, 2.06438357e-03, 2.03683182e-03,
       2.01001197e-03, 1.98390555e-03, 1.95849457e-03, 1.93376149e-03,
       1.90968927e-03, 1.88626134e-03, 1.86346155e-03, 1.84127421e-03,
       1.81968408e-03, 1.79867631e-03, 1.77823650e-03, 1.75835064e-03,
       1.73900511e-03, 1.72018669e-03, 1.70188254e-03, 1.68408017e-03,
       1.66676747e-03, 1.64993268e-03, 1.63356436e-03, 1.61765143e-03,
       1.60218312e-03, 1.58714898e-03, 1.57253887e-03, 1.55834294e-03,
       1.54455165e-03, 1.53115572e-03, 1.51814616e-03, 1.50551426e-03,
       1.49325154e-03, 1.48134981e-03, 1.46980110e-03, 1.45859769e-03,
       1.44773210e-03, 1.43719707e-03, 1.42698555e-03, 1.41709072e-03,
       1.40750597e-03, 1.39822488e-03, 1.38924123e-03, 1.38054901e-03,
       1.37214236e-03, 1.36401564e-03, 1.35616335e-03, 1.34858018e-03,
       1.34126099e-03, 1.33420079e-03, 1.32739474e-03, 1.32083817e-03,
       1.31452654e-03, 1.30845548e-03, 1.30262072e-03, 1.29701816e-03,
       1.29164381e-03, 1.28649382e-03, 1.28156446e-03, 1.27685212e-03,
       1.27235330e-03, 1.26806462e-03, 1.26398282e-03, 1.26010474e-03,
       1.25642732e-03, 1.25294759e-03, 1.24966272e-03, 1.24656992e-03,
       1.24366654e-03, 1.24095000e-03, 1.23841781e-03, 1.23606755e-03,
       1.23389691e-03, 1.23190365e-03, 1.23008560e-03, 1.22844067e-03,
       1.22696686e-03, 1.22566220e-03, 1.22452485e-03, 1.22355298e-03,
       1.22274485e-03, 1.22209880e-03, 1.22161320e-03, 1.22128651e-03,
       1.22111722e-03, 1.22110389e-03, 1.22124514e-03, 1.22153964e-03,
       1.22198610e-03, 1.22258330e-03, 1.22333005e-03, 1.22422521e-03,
       1.22526770e-03, 1.22645647e-03, 1.22779051e-03, 1.22926887e-03,
       1.23089061e-03, 1.23265486e-03, 1.23456075e-03, 1.23660750e-03,
       1.23879430e-03, 1.24112042e-03, 1.24358515e-03, 1.24618780e-03,
       1.24892771e-03, 1.25180427e-03, 1.25481688e-03, 1.25796496e-03,
       1.26124796e-03, 1.26466536e-03, 1.26821666e-03, 1.27190137e-03,
       1.27571904e-03, 1.27966921e-03, 1.28375148e-03, 1.28796542e-03,
       1.29231065e-03, 1.29678679e-03, 1.30139347e-03, 1.30613033e-03,
       1.31099705e-03, 1.31599327e-03, 1.32111869e-03, 1.32637298e-03,
       1.33175584e-03])]","[[0, 6.376880005047202e-05, 0.00012384871691641303, 0.0001825152146708144, 0.00024124552681513788, 0.0003010345545891691, 0.0003625852434285253, 0.0004264231744113035, 0.0004929660417948423, 0.0005625662334269552, 0.0006355371744862393, 0.0007121698760330537, 0.0007927435436181768, 0.0008775325643382314, 0.000966811269981008, 0.001060857321947276, 0.0011599542323875683, 0.0012643933368447617, 0.0013744754136419208, 0.0014905120725987246, 0.0016128269914392295, 0.001741757051127383, 0.0018776534045472123, 0.002020882502366426, 0.002171827093146553, 0.0023308872103234113, 0.0024984811556940543, 0.002675046486973902, 0.0028610410155028576, 0.0030569438190795593, 0.003263256274061917, 0.0034805031102090028, 0.0037092334912014616, 0.003950022123329397, 0.0042034703944535635, 0.004470207545009739, 0.004750891872524178, 0.0050462119708294655, 0.005356888004906743, 0.00568367302202502, 0.0060273542995952865, 0.006388754729901158, 0.006768734241604137, 0.00716819125764605, 0.007588064188879867, 0.008029332962449218, 0.00849302058360297, 0.008980194729270814, 0.00949196937133565, 0.010029506427115413, 0.0105940174341077, 0.011186765245552033, 0.01180906574282385, 0.01246228956008821, 0.013147863816007146, 0.013867273846609523, 0.014622064932693772, 0.015413844014339479, 0.01624428138425133, 0.017115112350746534, 0.018028138860223017, 0.018985231067909607, 0.019988328844600303, 0.021039443205913225, 0.022140657649391708, 0.0232941293834823, 0.024502090431085238, 0.0257668485889816, 0.027090788223003603, 0.0284763708773373, 0.02992613567484033, 0.03144269948373133, 0.03302875682447668, 0.03468707948917936, 0.03642051584428287, 0.038231989785961804, 0.040124499316203495, 0.04210111470632117, 0.04416497621350758, 0.04631929131507557, 0.04856733142427497, 0.05091242805106623, 0.05335796837101497, 0.05590739016559679, 0.05856417609771906, 0.06133184728723048, 0.0642139561526553, 0.06721407848741456, 0.07033580474143875, 0.0735827304823914, 0.07695844601476641, 0.08046652513994282, 0.08411051304592682, 0.08789391332201776, 0.09182017410103424, 0.09589267334004235, 0.10011470325974632, 0.10448945397281663, 0.10901999634241001, 0.11370926412392579, 0.11856003545556455, 0.12357491377640477, 0.1287563082643588, 0.13410641390035163, 0.1396271912791932, 0.14532034630167162, 0.15118730989613113, 0.15722921793094535, 0.16344689149155775, 0.1698408177068243, 0.17641113131893535, 0.18315759719888183, 0.19007959401493935, 0.1971760992646561, 0.20444567588105123, 0.21188646062089742, 0.2194961544368538, 0.2272720150256665, 0.23521085173155745, 0.24330902296725082, 0.2515624362948797, 0.2599665512854175, 0.26851638524850285, 0.2772065218948904, 0.2860311229616663, 0.29498394358010116, 0.30405836964894273, 0.3132474948767199, 0.3225441877907556, 0.3319411340956077, 0.34143086353263147, 0.35100576823837315, 0.3606581171791882, 0.3703800695626521, 0.38016368896381886, 0.39000095910788485, 0.39988380171382326, 0.4098040964496749, 0.419753702824747, 0.4297244837079867, 0.4397083300875536, 0.44969718665451447, 0.4596830777898473, 0.46965813354891467, 0.4796146152645449, 0.4895449404241968, 0.4994417065151771, 0.5092977135723309, 0.5191059852035163, 0.528859787908467, 0.5385526485456045, 0.548178369838482, 0.5577310438484596, 0.567205063372663, 0.5765951312560866, 0.5858962676337434, 0.5951038151429505, 0.6042134421671613, 0.6132211441911832, 0.6221232433632283, 0.630916386372078, 0.6395975407578227, 0.6481639897822808, 0.6566133259904723, 0.6649434435975832, 0.6731525298369052, 0.681239055403464, 0.6892017641256672, 0.6970396619935266, 0.7047520056670257, 0.7123382905822497, 0.7197982387661293, 0.7271317864632886, 0.7343390716706873, 0.741420421667668, 0.7483763406208124, 0.7552074973347995, 0.761914713212346, 0.7684989504784124, 0.7749613007162321, 0.7813029737554522, 0.7875252869457952, 0.7936296548432185, 0.7996175793295724, 0.8054906401812626, 0.8112504860974163, 0.8168988261935269, 0.8224374219625028, 0.8278680797014628, 0.8331926433994772, 0.8384129880787335, 0.8435310135792841, 0.8485486387755763, 0.8534677962113592, 0.8582904271382598, 0.8630184769423128, 0.867653890941974, 0.8721986105406229, 0.8766545697162449, 0.8810236918308402, 0.8853078867421287, 0.8895090482002703, 0.893629051512589, 0.8976697514596502, 0.901632980446488, 0.9055205468732813, 0.9093342337103412, 0.9130757972628608, 0.9167469661115132, 0.9203494402156124, 0.9238848901662181, 0.927354956577209, 0.9307612496030089, 0.9341053485722915, 0.9373888017276221, 0.9406131260616105, 0.9437798072407491, 0.9468902996086842, 0.9499460262612274, 0.9529483791859414, 0.9558987194596463, 0.9587983774976697, 0.9616486533491281, 0.9644508170329543, 0.9672061089097981, 0.9699157400853112, 0.9725808928406884, 0.975202721086677, 0.9777823508375839, 0.9803208807021035, 0.982819382388071, 0.9852789012184964, 0.987700456656481, 0.9900850428368333, 0.9924336291024117, 0.9947471605434103, 0.9970265585379792, 0.9992727212927356, 1.0014865243818694, 1.0036688212836857, 1.0058204439135567, 1.0079422031523653, 1.0100348893696356, 1.012099272940643, 1.0141361047568824, 1.0161461167293584, 1.0181300222842349, 1.0200885168504512, 1.0220222783389705, 1.0239319676133871, 1.0258182289516653, 1.027681690498835, 1.029522964710506, 1.0313426487871, 1.0331413250987427, 1.034919561600774, 1.0366779122398762, 1.0384169173508357, 1.0401371040439775, 1.0418389865833344, 1.0435230667556246, 1.0451898342301318, 1.046839766909592, 1.0484733312722019, 1.0500909827048794, 1.0516931658279065, 1.0532803148111014, 1.0548528536816664, 1.0564111966238654, 1.0579557482706896, 1.059486903987672, 1.0610050501490154, 1.0625105644061987, 1.0640038159492289, 1.065485165760704, 1.0669549668628586, 1.0684135645577533, 1.069861296660781, 1.0712984937276484, 1.072725479275002, 1.0741425699948577, 1.075550075962993, 1.0769483008414644, 1.0783375420753993, 1.0797180910842201, 1.0810902334474473, 1.0824542490852325, 1.0838104124337624, 1.085158992615678, 1.0865002536056454, 1.0878344543912166, 1.0891618491291088, 1.0904826872970346, 1.0917972138412078, 1.093105669319649, 1.0944082900414076, 1.0957053082018204, 1.0969969520139193, 1.0982834458360966, 1.0995650102961378, 1.1008418624117242, 1.1021142157075083, 1.1033822803288582, 1.1046462631523688, 1.10590636789323, 1.1071627952095426, 1.1084157428036696, 1.1096654055207054, 1.110911975444145, 1.1121556419888325, 1.1133965919912645, 1.114635009797322, 1.1158710773475031, 1.1171049742597228, 1.1183368779097502, 1.1195669635093435, 1.1207954041821457, 1.1220223710374022, 1.1232480332415553, 1.124472558087774, 1.1256961110634678, 1.1269188559158398, 1.1281409547155274, 1.1293625679183765, 1.130583854425396, 1.1318049716409357, 1.1330260755291295, 1.1342473206686436, 1.1354688603057703, 1.1366908464058993, 1.1379134297034075, 1.1391367597499962, 1.1403609849615095, 1.1415862526632656, 1.1428127091339269, 1.144040499647939, 1.1452697685165647, 1.1465006591275364, 1.1477333139833512, 1.1489678747382306, 1.1502044822337676, 1.1514432765332772, 1.1526843969548723, 1.153927982103281, 1.1551741699004212, 1.1564230976147485, 1.1576749018893904, 1.1589297187690808, 1.1601876837259075, 1.1614489316838805, 1.162713597042335, 1.1639818136981763, 1.1652537150669746, 1.1665294341029186, 1.167809103317632, 1.1690928547978618, 1.1703808202220394, 1.1716731308757231, 1.1729699176659216, 1.174271311134303, 1.1755774414692912, 1.176888438517051, 1.1782044317913631, 1.179525550482387, 1.180851923464315, 1.1821836793019131]]"
50.0,80.0,4,120,270,I0-S0,"[[0.01, 0.009218546420913139, 0.008861068736292907, 0.008775059817687893, 0.008868448506442047, 0.009085551553226656, 0.009392518949958018, 0.009768610344188244, 0.010201064757482595, 0.01068201947553009, 0.01120665160714466, 0.011772052713431562, 0.012376543922003033, 0.013019256148417644, 0.013699870282845977, 0.014418454269180363, 0.015175359196654328, 0.015971151611139166, 0.016806568291528427, 0.017682485155228654, 0.018599895209550805, 0.019559892422425944, 0.02056365956645296, 0.021612458805818916, 0.022707624232075257, 0.023850555823331353, 0.025042714468702654, 0.026285617805696094, 0.0275808366865518, 0.028929992134773548, 0.03033475268385239, 0.031796832011785216, 0.03331798680063044, 0.03490001476201339, 0.03654475277843717, 0.03825407511726404, 0.04002989167982465, 0.04187414625263506, 0.04378881473139476, 0.04577590329147655, 0.04783744648112829, 0.04997550521568722, 0.052192164652837, 0.05448953193037978, 0.05686973374920305, 0.05933491378513792, 0.061887229914270106, 0.06452885123701012, 0.06726195488688388, 0.07008872261059457, 0.07301133710645417, 0.07603197810880963, 0.07915281820661185, 0.08237601838481491, 0.08570372327786176, 0.08913805612512919, 0.09268111341888068, 0.0963349592360263, 0.10010161924582643, 0.10398307438661328, 0.10798125420565266, 0.11209802985744073, 0.11633520675703542, 0.12069451688647301, 0.12517761075392386, 0.12978604900700896, 0.13452129370363683, 0.13938469924583796, 0.14437750298437507, 0.14950081550439803, 0.15475561060509657, 0.16014271498918048, 0.1656627976810896, 0.17131635919609753, 0.17710372048592238, 0.18302501169008592, 0.18908016072605707, 0.19526888175516643, 0.20159066356536431, 0.20804475791609783, 0.21463016789487604, 0.2213456363394474, 0.22818963438389853, 0.2351603501913583, 0.2422556779403151, 0.24947320713578222, 0.2568102123206232, 0.2642636432662228, 0.2718301157252998, 0.2795059028329394, 0.28728692724481747, 0.29516875410401344, 0.30314658492970853, 0.3112152525223546, 0.3193692169805117, 0.3276025629244163, 0.33590899802038393, 0.3442818528983039, 0.35271408255169123, 0.36119826930595617, 0.3697266274356954, 0.37829100950585437, 0.3868829145045277, 0.39549349782694204, 0.4041135831607898, 0.4127336763125751, 0.4213439810030101, 0.42993441664681675, 0.43849463811860057, 0.4470140574918559, 0.4554818677227354, 0.4638870682340918, 0.47221849233861746, 0.48046483642282095, 0.4886146907962705, 0.49665657209318526, 0.504578957096274, 0.5123703178359204, 0.5200191578016133, 0.5275140490871508, 0.53484367027683, 0.5419968448667989, 0.5489625800042087, 0.5557301053169698, 0.562288911598975, 0.5686293775844239, 0.5747486672463102, 0.58065332957673, 0.586355048019228, 0.5918674253880337, 0.5972040164489545, 0.6023771799186257, 0.6073974657977327, 0.6122733485918346, 0.6170111798562243, 0.6216152755336423, 0.6260880817972767, 0.6304303821707601, 0.634641521595835, 0.6387196318581609, 0.6426618486968578, 0.646464514910625, 0.6501233664398701, 0.6536337001642747, 0.6569905232927743, 0.6601886849341297, 0.6632229908569851, 0.6660883026730042, 0.6687796227710371, 0.6712921663399644, 0.6736214217745173, 0.6757632006837231, 0.6777136786304698, 0.6794694276329181, 0.6810274413605554, 0.6823851538636392, 0.6835404525869638, 0.6844916863385466, 0.6852376688114006, 0.6857776781919894, 0.6861114533318653, 0.686239186908809, 0.686161515959867, 0.6858795101303089, 0.685394657949041, 0.6847088514117315, 0.6838243691272595, 0.6827438582605101, 0.6814703154845579, 0.6800070671374498, 0.6783577487627838, 0.6765262841987477, 0.6745168643669854, 0.6723339259003756, 0.6699821297373647, 0.667466339799753, 0.6647916018606722, 0.6619631226998376, 0.658986249633937, 0.6558664505011887, 0.6526092941706259, 0.6492204316385355, 0.6457055777666674, 0.6420704937093461, 0.6383209700694581, 0.6344628108164498, 0.630501817992975, 0.6264437772306684, 0.6222944440897122, 0.6180595312314087, 0.6137446964278699, 0.609355531408211, 0.6048975515362615, 0.6003761863108094, 0.5957967706757566, 0.5911645371242826, 0.5864846085781849, 0.5817619920209838, 0.5770015728611244, 0.5722081099996791, 0.5673862315753307, 0.5625404313580872, 0.5576750657621222, 0.5527943514473481, 0.5479023634787719, 0.5430030340123673, 0.5381001514760769, 0.5331973602146334, 0.5282981605671389, 0.5234059093467439, 0.5185238206923096, 0.513654967262601, 0.5088022817443318, 0.5039685586462462, 0.4991564563523564, 0.49436849940847033, 0.48960708101719064, 0.48487446571766607, 0.4801727922275027, 0.4755040764253828, 0.4708702144540961, 0.4662729859248428, 0.4617140572048174, 0.45719498477122267, 0.4527172186159806, 0.4482821056865065, 0.4438908933489831, 0.4395447328616077, 0.43524468284629514, 0.43099171274828335, 0.42678670627402315, 0.42263046479862015, 0.4185237107349485, 0.41446709085736216, 0.41046117957369577, 0.4065064821399694, 0.40260343781289315, 0.39875242293590785, 0.3949537539550979, 0.39120769036187064, 0.38751443755981907, 0.3838741496536678, 0.3802869321586498, 0.376752844629074, 0.37327190320522247, 0.36984408307806454, 0.3664693208715913, 0.363147516942862, 0.3598785376001151, 0.35666221723953107, 0.35349836040144506, 0.35038674374699547, 0.3473271179563596, 0.34431920954987555, 0.3413627226334752, 0.33845734056996546, 0.33560272757778703, 0.3327985302589613, 0.33004437905799916, 0.3273398896536011, 0.32468466428501686, 0.32207829301496577, 0.31952035493103825, 0.317010419287513, 0.31454804658952723, 0.3121327896215361, 0.30976419442198755, 0.3074418012061237, 0.30516514523880134, 0.30293375765919794, 0.30074716625924247, 0.2986048962175783, 0.29650647079083003, 0.29445141196390967, 0.2924392410610575, 0.290469479319272, 0.28854164842574004, 0.2866552710208363, 0.2848098711682134, 0.2830049747934614, 0.28124011009276867, 0.27951480791297045, 0.27782860210432425, 0.2761810298473081, 0.27457163195468953, 0.2729999531500701, 0.27146554232406417, 0.26996795276922886, 0.2685067423948164, 0.26708147392238085, 0.2656917150632266, 0.26433703867864833, 0.26301702292387064, 0.26173125137655795, 0.26047931315072764, 0.25926080299686277, 0.25807532138898537, 0.25692247459941736, 0.2558018747619219, 0.2547131399238872, 0.25365589408818284, 0.2526297672452882, 0.2516343953962654, 0.25066942056711927, 0.24973449081506077, 0.24882926022716498, 0.24795338891188917, 0.2471065429838924, 0.24628839454257598, 0.24549862164474132, 0.24473690827174102, 0.2440029442914786, 0.24329642541559288, 0.24261705315214477, 0.24196453475410576, 0.24133858316393167, 0.24073891695448763, 0.2401652602665756, 0.23961734274330102, 0.23909489946150084, 0.23859767086044142, 0.23812540266798304, 0.23767784582439422, 0.23725475640398908, 0.23685589553474812, 0.2364810293160742, 0.2361299287348239, 0.23580236957974623, 0.23549813235445136, 0.2352170021890228, 0.23495876875038027, 0.23472322615149027, 0.23451017285951703, 0.2343194116029976, 0.2341507492781192, 0.23400399685417148, 0.23387896927823926, 0.23377548537919782, 0.23369336777106592, 0.23363244275576836, 0.2335925402253549, 0.23357349356371837, 0.23357513954785097, 0.23359731824867397, 0.23363987293147312, 0.2337026499559686, 0.2337854986760456, 0.23388827133916917, 0.23401082298550427, 0.23415301134675978, 0.23431469674477406, 0.23449574198985612, 0.23469601227889667, 0.23491537509326077, 0.23515370009647305, 0.23541085903170467, 0.23568672561907164, 0.23598117545275163, 0.23629408589792714, 0.23662533598756183, 0.23697480631901646, 0.23734237895051077, 0.2377279372974379, 0.2381313660285374, 0.23855255096193345, 0.2389913789610456]]","[[0.01, 0.011673645222856313, 0.01362924433757481, 0.01580189558251425, 0.018156401288824855, 0.020675381540675518, 0.023352039912690754, 0.02618582468961866, 0.029179947325964926, 0.032339921265938126, 0.03567270226935191, 0.039186186860580896, 0.04288892372313055, 0.04678995129869965, 0.050898709853500555, 0.05522499721618309, 0.059778949904324565, 0.06457103882202803, 0.06961207315778506, 0.07491320875441705, 0.08048595878886296, 0.08634220552375445, 0.09249421243498182, 0.0989546363349322, 0.10573653929227642, 0.11285340025117621, 0.12031912630832571, 0.12814806363475212, 0.13635500804226608, 0.14495521519863114, 0.1539644104948678, 0.16339879856491418, 0.17327507245343898, 0.1836104224226801, 0.19442254438415438, 0.20572964793615853, 0.21755046398324548, 0.22990425190934777, 0.24281080627192683, 0.2562904629804406, 0.27036410491851487, 0.28505316696545646, 0.30037964036913567, 0.31636607641877146, 0.3330355893627653, 0.35041185851343437, 0.3685191294772898, 0.3873822144463847, 0.4070264914832267, 0.42747790272881325, 0.44876295146051326, 0.47090869792380247, 0.4939427538592741, 0.5178932756439116, 0.5427889559633481, 0.5686590139297741, 0.5955331835583175, 0.623441700513137, 0.6524152870331833, 0.6824851349466163, 0.7136828866822713, 0.7460406141863771, 0.7795907956529934, 0.8143662899773917, 0.8504003088429135, 0.8877263863537396, 0.926378346128552, 0.9663902657733188, 1.0077964386554292, 1.0506313329062102, 1.094929547584515, 1.1407257659406405, 1.188054705727355, 1.236951066513351, 1.2874494739640034, 1.3395844210649925, 1.3933902062761199, 1.4489008686155893, 1.5061501196891218, 1.565171272693554, 1.6259971684410381, 1.6886600984675915, 1.7531917253085358, 1.8196230000432674, 1.88798407723277, 1.9583042273952507, 2.0306117471881686, 2.1049338674886338, 2.1812966595885515, 2.2597249397458588, 2.3402421723585562, 2.4228703720538363, 2.5076300050102036, 2.594539889855914, 2.683617098512039, 2.774876857372749, 2.8683324492387605, 2.9639951164419682, 3.0618739656198457, 3.1619758746168776, 3.264305402006829, 3.3688646997436846, 3.4756534294603596, 3.5846686829423944, 3.6959049073086043, 3.809353835431674, 3.9250044221287923, 4.042842786645327, 4.162852161943044, 4.285012851288362, 4.409302192615399, 4.535694531113128, 4.664161200455705, 4.794670513060069, 4.927187759715306, 5.061675218884156, 5.198092175928651, 5.336394952459546, 5.476536945953181, 5.618468679720189, 5.7621378632484905, 5.907489462878783, 6.054465782704857, 6.203006555524138, 6.353049043596563, 6.504528767550713, 6.657386261681136, 6.811571991707975, 6.967043983261197, 7.123765479802792, 7.281703193944092, 7.440825985745841, 7.601103855312827, 7.762507171694448, 7.9250060829748445, 8.088570067736788, 8.253167598493494, 8.418765894899828, 8.585330749660601, 8.752826413743199, 8.921215530224075, 9.090459108148421, 9.260516529354536, 9.431345582440995, 9.602902519025642, 9.775142128223765, 9.948017825903595, 10.121481755793122, 10.295484899937554, 10.469977196359988, 10.644907662073065, 10.820224519837952, 10.995875327277322, 11.17180710712845, 11.347966477576549, 11.52429978174161, 11.700753215508112, 11.877272952988866, 12.053805269004487, 12.230296658040459, 12.406693949216235, 12.58294441686623, 12.75899588639239, 12.934796835102718, 13.11029648780058, 13.28544490693616, 13.46019307717466, 13.634492984275873, 13.808297688216967, 13.98156139052487, 14.154239495816588, 14.32628866757542, 14.497666878218233, 14.668333453533917, 14.838249111595976, 15.00737599627276, 15.175677705477412, 15.343119314316102, 15.509667393307602, 15.675290021859855, 15.839956797199882, 16.003638838962342, 16.166308789649204, 16.32794081117862, 16.488510577745064, 16.647995265215314, 16.8063735372861, 16.96362552862904, 17.119732825247223, 17.274678442265355, 17.428446799372086, 17.581023694128707, 17.73239627335343, 17.882553002784597, 18.031483635219793, 18.179179177320805, 18.325631855267126, 18.47083507943276, 18.614783408253206, 18.757472511441115, 18.898899132700812, 19.039061052083298, 19.17795704811484, 19.31558685982385, 19.45195114878213, 19.58705146126851, 19.72089019065449, 19.8534705401037, 19.984796485669158, 20.114872739864776, 20.243704715780364, 20.371298491802317, 20.49766077699557, 20.622798877195912, 20.7467206618558, 20.869434531680916, 20.99094938708935, 21.111274597520126, 21.23041997161297, 21.348395728276714, 21.465212468659526, 21.580881149030255, 21.69541305457654, 21.808819774122057, 21.92111317576214, 22.032305383414283, 22.14240875427742, 22.251435857191648, 22.359399451887906, 22.466312469115262, 22.572187991631893, 22.677039236044262, 22.78087953547779, 22.883722323061182, 22.9855811162056, 23.086469501659153, 23.18640112131636, 23.285389658761904, 23.383448826527346, 23.480592354039423, 23.576833976238078, 23.672187422842484, 23.76666640824313, 23.860284621998147, 23.953055719912182, 24.044993315676244, 24.13611097304721, 24.226422198545933, 24.315940434653267, 24.404679053483562, 24.49265135091572, 24.579870541162204, 24.66634975175687, 24.752102018943003, 24.837140283443325, 24.921477386594283, 25.00512606682745, 25.088098956481346, 25.170408578927468, 25.252067345994924, 25.333087555678485, 25.413481390115468, 25.493260913817295, 25.57243807214216, 25.651024689995644, 25.72903247074674, 25.806472995347082, 25.883357721641794, 25.95969798386074, 26.035504992279492, 26.110789833039703, 26.185563468119057, 26.259836735441397, 26.333620349118043, 26.406924899811656, 26.479760855214476, 26.552138560633075, 26.624068239672187, 26.695559995010456, 26.766623809261365, 26.837269545912857, 26.907506950339556, 26.97734565088169, 27.046795159985273, 27.115864875398202, 27.184564081417324, 27.25290195018175, 27.320887543007903, 27.38852981176207, 27.45583760026648, 27.522819645735062, 27.589484580235297, 27.6558409321728, 27.721897127795437, 27.78766149271389, 27.853142253435937, 27.918347538911632, 27.983285382086976, 28.047963721463624, 28.11239040266244, 28.17657317998876, 28.240519717997426, 28.304237593055703, 28.367734294902395, 28.431017228201476, 28.49409371408874, 28.556970991710042, 28.619656219749803, 28.682156477948503, 28.74447876860806, 28.80663001808393, 28.86861707826296, 28.93044672802609, 28.992125674694925, 29.05366055546146, 29.115057938800142, 29.1763243258616, 29.23746615184736, 29.29848978736495, 29.359401539762853, 29.42020765444477, 29.480914316162714, 29.541527650288504, 29.602053724063243, 29.66249854782439, 29.722868076210137, 29.783168209340666, 29.843404793976106, 29.90358362465084, 29.963710444783956, 30.023790947765587, 30.083830778018953, 30.143835532037897, 30.203810759399747, 30.263761963753335, 30.323694603782027, 30.383614094141628, 30.443525806373046, 30.50343506978958, 30.563347172338734, 30.623267361438455, 30.683200844787724, 30.74315279115138, 30.80312833111914, 30.863132557838693, 30.923170527722846, 30.983247261130636, 31.043367743022337, 31.103536923588333, 31.16375971885177, 31.224041011244974, 31.284385650159543, 31.344798452470087, 31.4052842030316, 31.46584765515034, 31.526493531028276, 31.58722652218097, 31.648051289828917, 31.708972465262278, 31.76999465017896, 31.83112241699604, 31.892360309134475, 31.953712841277056, 32.01518449959961, 32.076779741975386, 32.13850299815262]]","[array([6.37688001e-05, 6.00799169e-05, 5.86664978e-05, 5.87303121e-05,
       5.97890183e-05, 6.15504149e-05, 6.38361918e-05, 6.65368370e-05,
       6.95849149e-05, 7.29389317e-05, 7.65735970e-05, 8.04739131e-05,
       8.46315675e-05, 8.90427122e-05, 9.37065812e-05, 9.86246172e-05,
       1.03799909e-04, 1.09236822e-04, 1.14940746e-04, 1.20917922e-04,
       1.27175312e-04, 1.33720513e-04, 1.40561679e-04, 1.47707468e-04,
       1.55166997e-04, 1.62949803e-04, 1.71065818e-04, 1.79525338e-04,
       1.88339005e-04, 1.97517786e-04, 2.07072954e-04, 2.17016081e-04,
       2.27359013e-04, 2.38113869e-04, 2.49293019e-04, 2.60909078e-04,
       2.72974892e-04, 2.85503529e-04, 2.98508264e-04, 3.12002565e-04,
       3.26000086e-04, 3.40514648e-04, 3.55560228e-04, 3.71150938e-04,
       3.87301016e-04, 4.04024801e-04, 4.21336718e-04, 4.39251257e-04,
       4.57782949e-04, 4.76946344e-04, 4.96755986e-04, 5.17226385e-04,
       5.38371990e-04, 5.60207154e-04, 5.82746107e-04, 6.06002918e-04,
       6.29991458e-04, 6.54725364e-04, 6.80217994e-04, 7.06482387e-04,
       7.33531217e-04, 7.61376742e-04, 7.90030758e-04, 8.19504545e-04,
       8.49808812e-04, 8.80953638e-04, 9.12948418e-04, 9.45801796e-04,
       9.79521603e-04, 1.01411479e-03, 1.04958738e-03, 1.08594434e-03,
       1.12318959e-03, 1.16132587e-03, 1.20035470e-03, 1.24027626e-03,
       1.28108938e-03, 1.32279141e-03, 1.36537815e-03, 1.40884379e-03,
       1.45318082e-03, 1.49837997e-03, 1.54443010e-03, 1.59131817e-03,
       1.63902912e-03, 1.68754583e-03, 1.73684907e-03, 1.78691739e-03,
       1.83772709e-03, 1.88925216e-03, 1.94146423e-03, 1.99433252e-03,
       2.04782382e-03, 2.10190245e-03, 2.15653021e-03, 2.21166641e-03,
       2.26726785e-03, 2.32328882e-03, 2.37968110e-03, 2.43639401e-03,
       2.49337443e-03, 2.55056688e-03, 2.60791351e-03, 2.66535426e-03,
       2.72282688e-03, 2.78026707e-03, 2.83760854e-03, 2.89478322e-03,
       2.95172130e-03, 3.00835146e-03, 3.06460099e-03, 3.12039598e-03,
       3.17566152e-03, 3.23032188e-03, 3.28430072e-03, 3.33752135e-03,
       3.38990690e-03, 3.44138061e-03, 3.49186604e-03, 3.54128733e-03,
       3.58956948e-03, 3.63663856e-03, 3.68242201e-03, 3.72684888e-03,
       3.76985086e-03, 3.81138193e-03, 3.85145630e-03, 3.89013696e-03,
       3.92750959e-03, 3.96366553e-03, 3.99869164e-03, 4.03266451e-03,
       4.06564763e-03, 4.09769039e-03, 4.12882829e-03, 4.15908375e-03,
       4.18846743e-03, 4.21697962e-03, 4.24461179e-03, 4.27134804e-03,
       4.29716654e-03, 4.32204077e-03, 4.34594076e-03, 4.36883412e-03,
       4.39068695e-03, 4.41146472e-03, 4.43113294e-03, 4.44965777e-03,
       4.46700657e-03, 4.48314832e-03, 4.49805400e-03, 4.51169687e-03,
       4.52405275e-03, 4.53510017e-03, 4.54482056e-03, 4.55319831e-03,
       4.56022088e-03, 4.56587879e-03, 4.57016571e-03, 4.57307834e-03,
       4.57461647e-03, 4.57478287e-03, 4.57358323e-03, 4.57102610e-03,
       4.56712274e-03, 4.56188708e-03, 4.55533553e-03, 4.54748693e-03,
       4.53836235e-03, 4.52798503e-03, 4.51638016e-03, 4.50357482e-03,
       4.48959776e-03, 4.47447933e-03, 4.45825129e-03, 4.44094668e-03,
       4.42259969e-03, 4.40324551e-03, 4.38292020e-03, 4.36166056e-03,
       4.33950401e-03, 4.31648843e-03, 4.29265209e-03, 4.26803351e-03,
       4.24267134e-03, 4.21660428e-03, 4.18987096e-03, 4.16250986e-03,
       4.13455922e-03, 4.10605693e-03, 4.07704051e-03, 4.04754699e-03,
       4.01761285e-03, 3.98727398e-03, 3.95656560e-03, 3.92552225e-03,
       3.89417768e-03, 3.86256488e-03, 3.83071600e-03, 3.79866233e-03,
       3.76643428e-03, 3.73406134e-03, 3.70157210e-03, 3.66899421e-03,
       3.63635434e-03, 3.60367823e-03, 3.57099067e-03, 3.53831546e-03,
       3.50567547e-03, 3.47309259e-03, 3.44058778e-03, 3.40818106e-03,
       3.37589151e-03, 3.34373732e-03, 3.31173576e-03, 3.27990322e-03,
       3.24825521e-03, 3.21680643e-03, 3.18557071e-03, 3.15456110e-03,
       3.12378984e-03, 3.09326842e-03, 3.06300758e-03, 3.03301735e-03,
       3.00330703e-03, 2.97388528e-03, 2.94476009e-03, 2.91593882e-03,
       2.88742824e-03, 2.85923452e-03, 2.83136327e-03, 2.80381957e-03,
       2.77660799e-03, 2.74973258e-03, 2.72319696e-03, 2.69700426e-03,
       2.67115720e-03, 2.64565810e-03, 2.62050886e-03, 2.59571104e-03,
       2.57126583e-03, 2.54717410e-03, 2.52343640e-03, 2.50005297e-03,
       2.47702379e-03, 2.45434856e-03, 2.43202674e-03, 2.41005754e-03,
       2.38843998e-03, 2.36717284e-03, 2.34625472e-03, 2.32568406e-03,
       2.30545911e-03, 2.28557796e-03, 2.26603858e-03, 2.24683879e-03,
       2.22797629e-03, 2.20944867e-03, 2.19125341e-03, 2.17338792e-03,
       2.15584950e-03, 2.13863537e-03, 2.12174270e-03, 2.10516859e-03,
       2.08891007e-03, 2.07296415e-03, 2.05732778e-03, 2.04199787e-03,
       2.02697132e-03, 2.01224499e-03, 1.99781572e-03, 1.98368033e-03,
       1.96983565e-03, 1.95627848e-03, 1.94300564e-03, 1.93001393e-03,
       1.91730017e-03, 1.90486117e-03, 1.89269378e-03, 1.88079484e-03,
       1.86916121e-03, 1.85778978e-03, 1.84667744e-03, 1.83582112e-03,
       1.82521779e-03, 1.81486440e-03, 1.80475798e-03, 1.79489556e-03,
       1.78527421e-03, 1.77589102e-03, 1.76674314e-03, 1.75782773e-03,
       1.74914200e-03, 1.74068320e-03, 1.73244859e-03, 1.72443551e-03,
       1.71664130e-03, 1.70906336e-03, 1.70169912e-03, 1.69454606e-03,
       1.68760168e-03, 1.68086356e-03, 1.67432926e-03, 1.66799644e-03,
       1.66186277e-03, 1.65592595e-03, 1.65018374e-03, 1.64463394e-03,
       1.63927438e-03, 1.63410293e-03, 1.62911751e-03, 1.62431607e-03,
       1.61969660e-03, 1.61525712e-03, 1.61099571e-03, 1.60691047e-03,
       1.60299955e-03, 1.59926112e-03, 1.59569339e-03, 1.59229463e-03,
       1.58906311e-03, 1.58599717e-03, 1.58309515e-03, 1.58035544e-03,
       1.57777648e-03, 1.57535672e-03, 1.57309464e-03, 1.57098878e-03,
       1.56903767e-03, 1.56723991e-03, 1.56559410e-03, 1.56409889e-03,
       1.56275295e-03, 1.56155498e-03, 1.56050370e-03, 1.55959787e-03,
       1.55883626e-03, 1.55821769e-03, 1.55774098e-03, 1.55740498e-03,
       1.55720857e-03, 1.55715066e-03, 1.55723016e-03, 1.55744603e-03,
       1.55779722e-03, 1.55828272e-03, 1.55890154e-03, 1.55965270e-03,
       1.56053524e-03, 1.56154823e-03, 1.56269074e-03, 1.56396187e-03,
       1.56536072e-03, 1.56688642e-03, 1.56853810e-03, 1.57031492e-03,
       1.57221605e-03, 1.57424065e-03, 1.57638792e-03, 1.57865705e-03,
       1.58104726e-03, 1.58355776e-03, 1.58618778e-03, 1.58893656e-03,
       1.59180333e-03])]","[[0, 6.376880005047202e-05, 0.00012384871691641303, 0.0001825152146708144, 0.00024124552681513788, 0.00030103454512854185, 0.0003625849600709803, 0.00042642115182936154, 0.0004929579887917489, 0.0005625429036469622, 0.0006354818353820068, 0.0007120554323934896, 0.000792529345483832, 0.0008771609129943384, 0.0009662036252118078, 0.001059910206415656, 0.0011585348235758509, 0.0012623347327503608, 0.0013715715549677055, 0.0014865123012776217, 0.0016074302228392776, 0.0017346055350994424, 0.001868326048533218, 0.0020088877280289175, 0.002156595196368862, 0.0023117621929310364, 0.0024747119958343665, 0.002645777813741716, 0.002825303152096476, 0.003013642157502796, 0.0032111599431432596, 0.003418232897483871, 0.003635248977995029, 0.00386260799118615, 0.004100721859888761, 0.004350014878412845, 0.00461092395593301, 0.004883898848226305, 0.0051694023776761595, 0.005467910641271796, 0.005779913206165889, 0.006105913292201803, 0.006446427940683087, 0.006801988168529659, 0.007173139106845777, 0.0075604401228128995, 0.007964464923714804, 0.008385801641801943, 0.008825052898606313, 0.009282835847226464, 0.009759782191014527, 0.010256538177012805, 0.010773764562406815, 0.011312136552184333, 0.011872343706116532, 0.012455089813107664, 0.013061092730894466, 0.013691084189015866, 0.014345809552918367, 0.015026027547013075, 0.015732509934457635, 0.016466041151400955, 0.017227417893401518, 0.018017448651712183, 0.018836953197116625, 0.019686762009006004, 0.020567715647400408, 0.02148066406564887, 0.022426465861585837, 0.02340598746498215, 0.02442010225920569, 0.02546968963510287, 0.02655563397522769, 0.027678823566681922, 0.02884014944098913, 0.030040504139607977, 0.03128078040389775, 0.03256186978858243, 0.03388466119801969, 0.035250039344869005, 0.03665888313106915, 0.038112063951380365, 0.03961044392012045, 0.0411548740221275, 0.04274619218941441, 0.04438522130544074, 0.04607276713941676, 0.04780961621356911, 0.049596533606837696, 0.051434260699036845, 0.053323512860097094, 0.05526497708960578, 0.05725930961248037, 0.05930713343723529, 0.061409035883935745, 0.06356556608956705, 0.06577723249917858, 0.06804450035178346, 0.07036778917060137, 0.0727474702678161, 0.07518386427457485, 0.07767723870747607, 0.08022780558326832, 0.08283571909390783, 0.08550107335448867, 0.08822390023685968, 0.09100416730196835, 0.09384177584411714, 0.09673655906037515, 0.0996882803583508, 0.10269663181539385, 0.10576123280205289, 0.108881628782262, 0.11205729030226615, 0.11528761217971518, 0.11857191290366156, 0.12190943425538639, 0.1252993411590552, 0.12874072177017057, 0.13223258780865033, 0.13577387514212105, 0.13936344462368794, 0.14300008318702984, 0.14668250520018622, 0.15040935407785946, 0.15417920493418935, 0.1579905868684371, 0.16184204317224019, 0.1657321801361551, 0.1696596897250587, 0.173623355259614, 0.17762204690460304, 0.18165471141597656, 0.18572035904162643, 0.18981804943165256, 0.1939468777195623, 0.19810596147262913, 0.20229442890205382, 0.2065114085211629, 0.21075602030870239, 0.21502736835135638, 0.21932453488929352, 0.22364657566012128, 0.22799251642277205, 0.23236135053851614, 0.2367520374880426, 0.241163502209003, 0.2455946351459772, 0.2500442929134162, 0.25451129948103973, 0.2589944477999624, 0.26349250179621386, 0.26800419866615205, 0.27252825141546844, 0.2770633515900259, 0.28160817215267464, 0.28616137046548445, 0.2907215913415669, 0.2952874701348855, 0.2998576358402201, 0.30443071417881495, 0.3090053306482448, 0.31358011351772797, 0.3181536967525302, 0.32272472285328685, 0.3272918455980372, 0.331853732676556, 0.3364090682081914, 0.3409565551359069, 0.3454949174905825, 0.35002290252087814, 0.3545392826851085, 0.3590428575026299, 0.36353245526320893, 0.36800693459373024, 0.37246518588241584, 0.3769061325614738, 0.38132873224977315, 0.3857319777577576, 0.390114897957368, 0.3944765585202405, 0.39881606252789115, 0.403132550957988, 0.40742520305115004, 0.41169323656300283, 0.41593590790646406, 0.42015251218943184, 0.42434238315320455, 0.4285048930170782, 0.432639452234648, 0.4367455091673823, 0.44082254968105195, 0.444870096670576, 0.4488877095187999, 0.4528749834946505, 0.45683154909601376, 0.4607570713425701, 0.4646512490236827, 0.468513813906288, 0.4723445299075699, 0.4761431922370257, 0.47990962651234337, 0.4836436878533177, 0.4873452599578315, 0.4910142541637239, 0.49465060850015985, 0.49825428673190714, 0.5018252773997163, 0.5053635928597928, 0.5088692683251438, 0.5123423609113781, 0.5157829486893434, 0.5191911297467855, 0.5225670212610304, 0.5259107585845051, 0.529222494344739, 0.5325023975603159, 0.53575065277409, 0.5389674592048174, 0.5421530299182163, 0.5453075910183228, 0.5484313808598809, 0.5515246492823824, 0.5545876568662556, 0.5576206742115887, 0.5606239812396825, 0.5635978665176217, 0.5665426266059751, 0.5694585654296522, 0.5723459936718696, 0.5752052281911134, 0.5780365914609257, 0.5808404110322816, 0.5836170190182809, 0.5863667516008285, 0.5890899485589396, 0.5917869528182716, 0.5944581100214541, 0.5971037681187593, 0.5997242769786373, 0.6023199880176167, 0.6048912538490597, 0.6074384279502457, 0.6099618643472481, 0.6124619173170633, 0.6149389411064456, 0.6173932896668984, 0.6198253164052738, 0.6222353739494317, 0.6246238139284157, 0.6269909867666039, 0.6293372414913034, 0.6316629255532593, 0.6339683846595612, 0.6362539626184371, 0.6385200011954364, 0.6407668399805104, 0.6429948162655162, 0.6452042649316743, 0.6473955183465275, 0.6495689062699598, 0.6517247557688437, 0.6538633911399023, 0.6559851338403799, 0.6580903024261325, 0.6601792124967581, 0.6622521766474047, 0.6643095044269, 0.6663515023018679, 0.6683784736265005, 0.6703907186176736, 0.6723885343351026, 0.6743722146662477, 0.6763420503156911, 0.6782983287987161, 0.6802413344388357, 0.6821713483690208, 0.6840886485363977, 0.6859935097101871, 0.6878862034926718, 0.6897669983329884, 0.6916361595435466, 0.6934939493188915, 0.6953406267568291, 0.6971764478816485, 0.6990016656692781, 0.7008165300742244, 0.702621288058146, 0.7044161836199273, 0.7062014578271182, 0.7079773488486178, 0.7097440919884831, 0.7115019197207502, 0.7132510617251645, 0.7149917449237174, 0.716724193517897, 0.7184486290265613, 0.7201652703243512, 0.7218743336805628, 0.7235760327984031, 0.7252705788545596, 0.7269581805390156, 0.7286390440950493, 0.730313373359357, 0.7319813698022438, 0.7336432325678325, 0.7352991585142372, 0.7369493422536595, 0.7385939761923612, 0.7402332505704753, 0.7418673535016147, 0.7434964710122457, 0.7451207870807915, 0.7467404836764352, 0.7483557407975929, 0.7499667365100308, 0.7515736469845997, 0.7531766465345652, 0.7547759076525097, 0.7563716010467877, 0.7579638956775143, 0.7595529587920703, 0.7611389559601062, 0.7627220511080319, 0.7643024065529771, 0.7658801830362088, 0.7674555397559952, 0.7690286343999047, 0.7705996231765287, 0.7721686608466207, 0.7737359007536408, 0.7753014948536995, 0.7768655937448922, 0.7784283466960187, 0.7799899016746802, 0.7815504053747487, 0.7831100032432041, 0.784668839506333, 0.7862270571952855, 0.7877847981709856, 0.7893422031483917, 0.7908994117201035, 0.792456562379312, 0.7940137925420895, 0.7955712385690181, 0.7971290357861521, 0.7986873185053135, 0.800246220043718, 0.80180587274293, 0.8033664079871426, 0.804927956220784, 0.8064906469654458, 0.8080546088361342, 0.8096199695568393, 0.8111868559754245, 0.8127553940778324, 0.8143257090016071, 0.8158979250487309, 0.8174721656977746, 0.8190485536153602, 0.8206272106669349, 0.8222082579268555, 0.8237918156877816, 0.8253780034693777, 0.8269669400263226, 0.8285587433556245]]"
50.0,80.0,4,120,270,I1-S0,"[[0.01, 0.009218546420913139, 0.008861068736292907, 0.008775059817687893, 0.008868448506442047, 0.009085551567855584, 0.009392519750634862, 0.00976861839175615, 0.010201104908850282, 0.010682156159101565, 0.011207017520126854, 0.011772883604437118, 0.012378218075663534, 0.013022337451466177, 0.013705154064032497, 0.014427015396479234, 0.01518860215718284, 0.015990862486692483, 0.016834968680316403, 0.01772228818669482, 0.018654363863111433, 0.019632900400816753, 0.020659754996976778, 0.02173693105355899, 0.022866574112156497, 0.024050969497537062, 0.025292541307253617, 0.026593852489148376, 0.02795760581643086, 0.029386645615221044, 0.030883960130438422, 0.03245268443776682, 0.034096103825226556, 0.03581765757954288, 0.03762094312120206, 0.039509720438592445, 0.04148791677643258, 0.04355963153712376, 0.0457291413559613, 0.04800090531246021, 0.05037957024051541, 0.05286997609981477, 0.05547716136991876, 0.05820636842676631, 0.061063048859098384, 0.06405286867943763, 0.06718171338084473, 0.07045569278670324, 0.07388114563627612, 0.0774646438437342, 0.0812129963627848, 0.08513325258293182, 0.08923270517677998, 0.09351889231066221, 0.0979995991232287, 0.10268285836850005, 0.10757695011127594, 0.11269040035372618, 0.11803197846250989, 0.12361069325591205, 0.129435787600313, 0.13551673135488423, 0.14186321249282244, 0.14848512621679644, 0.15539256187571818, 0.16259578747960862, 0.17010523159939125, 0.1779314624291161, 0.1860851637796354, 0.19457710776539097, 0.2034181239400441, 0.21261906463253047, 0.2221907662331446, 0.23214400617988368, 0.2424894553989819, 0.25323762596086, 0.2643988137241546, 0.27598303575666944, 0.2879999623436306, 0.3004588434211691, 0.31336842930716985, 0.3267368856431687, 0.3405717025105029, 0.3548795977420489, 0.3696664145181761, 0.38493701341249403, 0.40069515913996023, 0.4169434023571758, 0.4336829569722973, 0.45091357353977657, 0.4686334094426936, 0.486838896702058, 0.5055246083970637, 0.5246831248314402, 0.5443049007368876, 0.56437813496278, 0.5848886442590608, 0.6058197429132349, 0.6271521301487774, 0.6488637873268546, 0.6709298871112832, 0.6933227168530312, 0.7160116185199407, 0.7389629475341748, 0.7621400528785922, 0.7855032807884441, 0.8090100042513984, 0.8326146803924572, 0.856268937617202, 0.8799216941243793, 0.9035193090759016, 0.9270057673291725, 0.9503228981953686, 0.9734106281919799, 0.9962072672146768, 1.0186498269707247, 1.0406743699041348, 1.0622163862139438, 1.0832111959356823, 1.1035943724379307, 1.1233021830976653, 1.1422720423772001, 1.1604429720493101, 1.1777560629222539, 1.1941549321183345, 1.209587430700336, 1.2240185356251279, 1.2374358177856881, 1.2498400573543733, 1.2612381212650146, 1.2716386497046257, 1.281049642663083, 1.2894773105186947, 1.2969257437671888, 1.3033970923085874, 1.3088920405643922, 1.3134104325723264, 1.316951949181494, 1.3195167732778224, 1.3211062026866405, 1.321723186936693, 1.3213727755072253, 1.3200624730027306, 1.3178025019686426, 1.3146059775304788, 1.3104890002442893, 1.3054706748664133, 1.299573063452019, 1.2928210814616314, 1.285242345523547, 1.2768669812590108, 1.2677273991903113, 1.2578580462648286, 1.2472951399730543, 1.2360763914396842, 1.2242407232422654, 1.2118279870759174, 1.1988786857470362, 1.1854337033533955, 1.1715340469009825, 1.157220602026285, 1.1425339049425172, 1.1275139322142513, 1.1121999094909412, 1.0966301398986071, 1.0808418524022991, 1.0648710701106467, 1.0487524981978023, 1.0325194308664876, 1.0162036765671183, 0.9998355005199141, 0.9834435834568903, 0.967054995405628, 0.9506951832734977, 0.9343879709561334, 0.9181555706839527, 0.9020186043319485, 0.885996133447494, 0.870105696795304, 0.8543633542749975, 0.8387837361321486, 0.8233800964557937, 0.8081643700318533, 0.793147231700865, 0.7783381574481291, 0.7637454865334001, 0.7493764840444513, 0.7352374033332236, 0.7213335478641222, 0.7076693320707724, 0.6942483408798159, 0.6810733876178657, 0.668146570070441, 0.655469324509537, 0.6430424775495418, 0.6308662957296236, 0.6189405327546741, 0.607264474356647, 0.5958369807639355, 0.5846565267885725, 0.5737212395598082, 0.5630289339483132, 0.5525771457381606, 0.5423631626141544, 0.5323840530402487, 0.5226366931110146, 0.513117791462599, 0.5038239123326008, 0.4947514968599853, 0.48589688271673787, 0.4772563221626211, 0.46882599861327323, 0.4606020418101268, 0.4525805416783524, 0.4447575609563466, 0.4371291466772903, 0.42969134058007163, 0.4224401885234847, 0.4153717489741236, 0.4084821006348577, 0.40176734927722885, 0.3952236338375997, 0.38884713183342495, 0.38263406415264667, 0.37658069926593657, 0.37068335690835175, 0.3649384112739316, 0.35934229376385984, 0.35389149532604486, 0.34858256842134283, 0.3434121286491527, 0.33837685606275875, 0.3334734962025762, 0.3286988608733676, 0.32404982868953724, 0.31952334541077687, 0.3151164240886152, 0.31082614504282263, 0.3066496556851252, 0.30258417020628675, 0.29862696914132403, 0.29477539882641257, 0.29102687075992223, 0.2873788608789844, 0.28382890876203026, 0.2803746167668482, 0.27701364911288573, 0.2737437309157578, 0.2705626471812202, 0.26746824176521605, 0.2644584163060045, 0.2615311291338255, 0.25868439416304745, 0.25591627977127285, 0.2532249076694451, 0.25060845176660385, 0.24806513703256744, 0.2455932383614888, 0.24319107943891938, 0.24085703161473515, 0.23858951278401772, 0.23638698627774643, 0.2342479597649391, 0.23217098416768, 0.23015465259029133, 0.22819759926373784, 0.22629849850620273, 0.2244560637006339, 0.22266904628993342, 0.220936234790349, 0.21925645382352088, 0.21762856316754361, 0.2160514568273159, 0.21452406212437433, 0.21304533880633653, 0.21161427817601589, 0.2102299022402135, 0.20889126287814117, 0.20759744102938418, 0.20634754590127155, 0.20514071419548469, 0.2039761093537036, 0.20285292082206088, 0.20177036333414897, 0.20072767621230395, 0.19972412268687023, 0.19875898923313373, 0.19783158492559774, 0.19694124080926292, 0.1960873092875635, 0.19526916352660326, 0.19448619687532887, 0.19373782230127226, 0.19302347184149085, 0.192342596068331, 0.19169466356963982, 0.1910791604430482, 0.1904955898039505, 0.1899434713068052, 0.1894223406793843, 0.1889317492696011, 0.18847126360454858, 0.188040464961385, 0.18763894894970592, 0.1872663251050476, 0.18692221649316956, 0.1866062593247705, 0.1863181025802958, 0.18605740764449996, 0.18582384795043388, 0.18561710863253084, 0.18543688618847162, 0.18528288814951496, 0.1851548327589844, 0.1850524486586095, 0.1849754745824243, 0.1849236590579319, 0.18489676011425038, 0.18489454499696015, 0.1849167898893793, 0.18496327963999876, 0.18503380749581513, 0.18512817484130412, 0.18524619094278338, 0.18538767269791953, 0.18555244439013804, 0.18574033744770205, 0.18595119020722972, 0.18618484768142587, 0.18644116133080874, 0.1867199888392173, 0.18702119389289043, 0.1873446459629131, 0.18769022009083078, 0.18805779667723765, 0.1884472612731483, 0.18885850437396864, 0.1892914212158861, 0.18974591157450263, 0.19022187956554065, 0.19071923344745528, 0.19123788542579137, 0.1917777514591282, 0.19233875106645948, 0.1929208071358609, 0.19352384573430167, 0.19414779591846165, 0.19479258954641973, 0.19545816109008424, 0.19614444744824036, 0.19685138776009448, 0.19757892321920043, 0.19832699688765648, 0.19909555351046793, 0.19988453932997402, 0.20069390190024378, 0.2015235899013497, 0.20237355295343393, 0.2032437414304863, 0.20413410627375958, 0.20504459880475204, 0.20597517053769354, 0.2069257729914767, 0.20789635750098073, 0.20888687502774125, 0.2098972759699256]]","[[0.01, 0.011673645222856313, 0.01362924433757481, 0.01580189558251425, 0.018156401288824855, 0.020675381555829875, 0.023352040774244954, 0.026185833665803834, 0.029179993735920104, 0.03234008491984694, 0.03567315585929812, 0.039187252614695946, 0.042891144319889836, 0.046794174977316555, 0.05090618972175207, 0.05523750487903706, 0.05979890367833432, 0.06460164694267058, 0.06965749252089516, 0.07497871985529306, 0.08057815763308387, 0.0864692133832629, 0.09266590441314292, 0.099182889786782, 0.10603550322261876, 0.11323978688494604, 0.12081252609582858, 0.1287712850198804, 0.13713444338521602, 0.1459212343064322, 0.1551517832734376, 0.1648471483654686, 0.17502936174388042, 0.18572147247090343, 0.19694759069479303, 0.2087329332347821, 0.2211038705919663, 0.23408797540465887, 0.24771407235874737, 0.26201228955506967, 0.27701411132667986, 0.2927524324889804, 0.30926161399493307, 0.3265775399558042, 0.344737675975024, 0.36378112872862356, 0.3837487067102246, 0.404682982041572, 0.42662835323098297, 0.4496311087417133, 0.47373949120997494, 0.49900376212804937, 0.5254762667815007, 0.5532114992007698, 0.582266166856303, 0.6126992547927274, 0.6445720888613101, 0.6779483976709486, 0.7128943728361463, 0.7494787270557824, 0.7877727495089442, 0.8278503580036595, 0.8697881472610824, 0.913665432661612, 0.9595642887207066, 1.0075695815009758, 1.057768994103742, 1.1102530443180143, 1.1651150934381083, 1.22245134519354, 1.2823608336669161, 1.3449453990081255, 1.4103096496870944, 1.4785609099637462, 1.5498091511938008, 1.62416690553404, 1.7017491605621933, 1.7826732332863928, 1.8670586219891339, 1.9550268343329453, 2.04670119015184, 2.1422065973664957, 2.241669299494671, 2.3452165932843227, 2.45297651507807, 2.565077494627047, 2.6816479752125875, 2.802815999108555, 2.9287087576280895, 3.059452105248654, 3.1951700376006045, 3.3359841334388523, 3.4820129610956334, 3.6333714503353867, 3.7901702309998773, 3.952514940341512, 4.1205055014927945, 4.294235376106162, 4.473790794815825, 4.659249969814926, 4.850682294499001, 5.048147535790379, 5.25169502541619, 5.461362857051863, 5.6771770968478155, 5.8991510154134605, 6.127284349822954, 6.361562604613592, 6.601956401052817, 6.848420884135821, 7.100895196826144, 7.359302030951191, 7.623547263900195, 7.893519689833289, 8.169090853490275, 8.450114993883162, 8.736429104169323, 9.027853112838606, 9.324190190019587, 9.625227181234571, 9.930735169332044, 10.240470163626506, 10.5541739135105, 10.871574842007902, 11.192389092949178, 11.516323009644205, 11.843088500807323, 12.172414135542482, 12.504040386430558, 12.837714912280786, 13.173189204236454, 13.5102162847754, 13.848549224814404, 14.187940297951203, 14.528140630355978, 14.868900234229148, 15.209968334972066, 15.551093919270944, 15.89202644457213, 16.23251666092375, 16.572317504589765, 16.911185029726177, 17.24887935012348, 17.58516556784064, 17.919814669685426, 18.252604376080242, 18.58331992999753, 18.91175481642953, 19.237711405327783, 19.561001513145264, 19.881446880065553, 20.198879561727388, 20.513142235763524, 20.824088424781365, 21.13158263852863, 21.43550043892039, 21.735728432363196, 22.03216419440856, 22.32471613221253, 22.613303290582785, 22.89785510757193, 23.178311125639212, 23.45462066436572, 23.72674246058433, 23.994644281588172, 24.258302516823868, 24.51770175316968, 24.77283433855663, 25.02369993832237, 25.27030508830318, 25.51266274827774, 25.750791858983956, 25.984716905544353, 26.214467489761187, 26.440077913383867, 26.66158677411194, 26.879036575779264, 27.09247335387072, 27.301946317253044, 27.507507506756454, 27.70921147102355, 27.907114959846396, 28.10127663504024, 28.291756798752697, 28.478617138978475, 28.66192049194084, 28.841730620910344, 29.01811201095727, 29.191129679075416, 29.360848999069418, 29.52733554056464, 29.690654921475957, 29.850872673258603, 30.008054118258826, 30.16226425848385, 30.313567675118048, 30.462028438124403, 30.60771002528673, 30.750675250067363, 30.890986197677034, 31.02870416877728, 31.163889630261032, 31.296602172582766, 31.42690047313627, 31.55484226520457, 31.680484312033073, 31.803882385603195, 31.92509124970923, 32.044164646966095, 32.16115528939979, 32.276114852295386, 32.389093970999774, 32.500142240397345, 32.60930821679715, 32.716639421989086, 32.82218234924467, 32.925982471055136, 33.028084248415475, 33.128531141478135, 33.22736562141415, 33.32462918333276, 33.420362360122624, 33.51460473708945, 33.60739496727537, 33.69877078735537, 33.78876903401517, 33.87742566072364, 33.964775754820565, 34.05085355484802, 34.135692468060185, 34.21932508805285, 34.301783212459426, 34.383097860665735, 34.463299291500505, 34.54241702086323, 34.62047983925497, 34.697515829181455, 34.77355238240154, 34.848616216996845, 34.922733394241746, 34.99592933525519, 35.06822883741843, 35.13965609054496, 35.210234692790905, 35.279987666295966, 35.348937472546744, 35.41710602745575, 35.484514716150784, 35.551184407470586, 35.6171354681639, 35.68238777678999, 35.746960737319576, 35.810873292436085, 35.874143936537735, 35.93679072844169, 35.99883130379209, 36.06028288717429, 36.12116230393815, 36.1814859917335, 36.2412700117614, 36.300530059745064, 36.35928147662455, 36.41753925897965, 36.47531806918546, 36.53263224530546, 36.58949581072686, 36.6459224835433, 36.701925685689844, 36.75751855183545, 36.8127139380381, 36.867524430167684, 36.92196235210194, 36.97603977370058, 37.029768518562754, 37.0831601715731, 37.136226086241315, 37.188977391840496, 37.24142500034909, 37.2935796132015, 37.34545172785213, 37.397051644157735, 37.44838947058275, 37.499475130232156, 37.550318366716645, 37.60092874985422, 37.65131568121286, 37.70148839949838, 37.75145598579166, 37.80122736863934, 37.85081132900197, 37.900216505063426, 37.949451396905424, 37.99852437105079, 38.04744366487905, 38.096217390917815, 38.14485354101341, 38.1933599903839, 38.241744501557825, 38.29001472820172, 38.33817821883927, 38.38624242046526, 38.43421468205693, 38.48210225798551, 38.5299123113306, 38.57765191709995, 38.62532806535706, 38.67294766425898, 38.72051754300661, 38.76804445470975, 38.81553507916896, 38.862996025576344, 38.91043383513717, 38.9578549836143, 39.005265883797186, 39.05267288789724, 39.10008228987118, 39.14750032767411, 39.194933185443645, 39.24238699561684, 39.289867840981074, 39.33738175666043, 39.3849347320387, 39.43253271262042, 39.48018160183088, 39.52788726275639, 39.575655519825816, 39.62349216043428, 39.67140293651012, 39.71939356602583, 39.76746973445396, 39.81563709616868, 39.863901275793715, 39.91226786949748, 39.96074244623583, 40.009330548943254, 40.058037695672866, 40.10686938068586, 40.155831075490745, 40.20492822983294, 40.254166272634905, 40.30355061288741, 40.35308664049203, 40.40277972705523, 40.4526352266343, 40.502658476435236, 40.55285479746291, 40.60322949512347, 40.6537878597792, 40.704535167255905, 40.75547667930283, 40.80661764400517, 40.85796329614915, 40.90951885753966, 40.961289537270346, 41.01328053194624, 41.0654970258586, 41.11794419111203, 41.17062718770372, 41.22355116355462, 41.27672125449237, 41.33014258418594, 41.38382026403161, 41.43775939299029, 41.491965057375786, 41.54644233059403, 41.601196272832816]]","[array([6.37688001e-05, 6.00799169e-05, 5.86664978e-05, 5.87303121e-05,
       5.97890183e-05, 6.15504165e-05, 6.38362143e-05, 6.65369754e-05,
       6.95854528e-05, 7.29405085e-05, 7.65774200e-05, 8.04820061e-05,
       8.46470463e-05, 8.90700813e-05, 9.37520474e-05, 9.86964166e-05,
       1.03908648e-04, 1.09395828e-04, 1.15166437e-04, 1.21230184e-04,
       1.27597902e-04, 1.34281466e-04, 1.41293748e-04, 1.48648581e-04,
       1.56360734e-04, 1.64445907e-04, 1.72920721e-04, 1.81802728e-04,
       1.91110419e-04, 2.00863233e-04, 2.11081579e-04, 2.21786857e-04,
       2.33001480e-04, 2.44748901e-04, 2.57053642e-04, 2.69941325e-04,
       2.83438703e-04, 2.97573692e-04, 3.12375409e-04, 3.27874204e-04,
       3.44101696e-04, 3.61090811e-04, 3.78875816e-04, 3.97492353e-04,
       4.16977479e-04, 4.37369696e-04, 4.58708985e-04, 4.81036840e-04,
       5.04396294e-04, 5.28831947e-04, 5.54389992e-04, 5.81118235e-04,
       6.09066111e-04, 6.38284697e-04, 6.68826719e-04, 7.00746554e-04,
       7.34100223e-04, 7.68945378e-04, 8.05341284e-04, 8.43348782e-04,
       8.83030253e-04, 9.24449562e-04, 9.67671992e-04, 1.01276417e-03,
       1.05979395e-03, 1.10883035e-03, 1.15994336e-03, 1.21320384e-03,
       1.26868332e-03, 1.32645383e-03, 1.38658765e-03, 1.44915712e-03,
       1.51423429e-03, 1.58189070e-03, 1.65219698e-03, 1.72522253e-03,
       1.80103508e-03, 1.87970031e-03, 1.96128133e-03, 2.04583818e-03,
       2.13342730e-03, 2.22410092e-03, 2.31790646e-03, 2.41488584e-03,
       2.51507482e-03, 2.61850220e-03, 2.72518911e-03, 2.83514815e-03,
       2.94838262e-03, 3.06488562e-03, 3.18463918e-03, 3.30761340e-03,
       3.43376553e-03, 3.56303908e-03, 3.69536299e-03, 3.83065070e-03,
       3.96879938e-03, 4.10968913e-03, 4.25318228e-03, 4.39912272e-03,
       4.54733536e-03, 4.69762566e-03, 4.84977929e-03, 5.00356193e-03,
       5.15871924e-03, 5.31497691e-03, 5.47204100e-03, 5.62959842e-03,
       5.78731757e-03, 5.94484929e-03, 6.10182794e-03, 6.25787278e-03,
       6.41258950e-03, 6.56557207e-03, 6.71640469e-03, 6.86466409e-03,
       7.00992188e-03, 7.15174721e-03, 7.28970947e-03, 7.42338123e-03,
       7.55234117e-03, 7.67617715e-03, 7.79448929e-03, 7.90689303e-03,
       8.01302385e-03, 8.11258146e-03, 8.20541176e-03, 8.29148081e-03,
       8.37081719e-03, 8.44347438e-03, 8.50950877e-03, 8.56896811e-03,
       8.62188675e-03, 8.66828530e-03, 8.70817287e-03, 8.74155088e-03,
       8.76841734e-03, 8.78877146e-03, 8.80261784e-03, 8.80997037e-03,
       8.81085550e-03, 8.80531488e-03, 8.79340750e-03, 8.77521107e-03,
       8.75082295e-03, 8.72036050e-03, 8.68396098e-03, 8.64178106e-03,
       8.59399594e-03, 8.54079821e-03, 8.48239646e-03, 8.41901369e-03,
       8.35088559e-03, 8.27825876e-03, 8.20138879e-03, 8.12053843e-03,
       8.03597567e-03, 7.94797195e-03, 7.85680039e-03, 7.76273407e-03,
       7.66604455e-03, 7.56700030e-03, 7.46586543e-03, 7.36289846e-03,
       7.25835124e-03, 7.15246802e-03, 7.04548461e-03, 6.93762772e-03,
       6.82911440e-03, 6.72015158e-03, 6.61093579e-03, 6.50165285e-03,
       6.39247783e-03, 6.28357496e-03, 6.17509769e-03, 6.06718878e-03,
       5.95998049e-03, 5.85359481e-03, 5.74814369e-03, 5.64372941e-03,
       5.54044490e-03, 5.43837407e-03, 5.33759226e-03, 5.23816661e-03,
       5.14015646e-03, 5.04361380e-03, 4.94858366e-03, 4.85510451e-03,
       4.76320872e-03, 4.67292293e-03, 4.58426842e-03, 4.49726154e-03,
       4.41191404e-03, 4.32823343e-03, 4.24622334e-03, 4.16588379e-03,
       4.08721157e-03, 4.01020048e-03, 3.93484160e-03, 3.86112359e-03,
       3.78903291e-03, 3.71855404e-03, 3.64966971e-03, 3.58236108e-03,
       3.51660797e-03, 3.45238897e-03, 3.38968164e-03, 3.32846267e-03,
       3.26870796e-03, 3.21039282e-03, 3.15349201e-03, 3.09797990e-03,
       3.04383056e-03, 2.99101782e-03, 2.93951536e-03, 2.88929683e-03,
       2.84033583e-03, 2.79260604e-03, 2.74608125e-03, 2.70073541e-03,
       2.65654266e-03, 2.61347738e-03, 2.57151423e-03, 2.53062818e-03,
       2.49079452e-03, 2.45198889e-03, 2.41418731e-03, 2.37736619e-03,
       2.34150234e-03, 2.30657298e-03, 2.27255577e-03, 2.23942878e-03,
       2.20717055e-03, 2.17576004e-03, 2.14517667e-03, 2.11540029e-03,
       2.08641123e-03, 2.05819023e-03, 2.03071851e-03, 2.00397772e-03,
       1.97794993e-03, 1.95261769e-03, 1.92796395e-03, 1.90397209e-03,
       1.88062593e-03, 1.85790968e-03, 1.83580797e-03, 1.81430585e-03,
       1.79338873e-03, 1.77304244e-03, 1.75325319e-03, 1.73400753e-03,
       1.71529243e-03, 1.69709517e-03, 1.67940341e-03, 1.66220515e-03,
       1.64548871e-03, 1.62924277e-03, 1.61345631e-03, 1.59811862e-03,
       1.58321931e-03, 1.56874828e-03, 1.55469574e-03, 1.54105215e-03,
       1.52780828e-03, 1.51495516e-03, 1.50248408e-03, 1.49038659e-03,
       1.47865449e-03, 1.46727982e-03, 1.45625487e-03, 1.44557215e-03,
       1.43522440e-03, 1.42520458e-03, 1.41550585e-03, 1.40612160e-03,
       1.39704540e-03, 1.38827103e-03, 1.37979246e-03, 1.37160384e-03,
       1.36369951e-03, 1.35607398e-03, 1.34872192e-03, 1.34163819e-03,
       1.33481779e-03, 1.32825589e-03, 1.32194781e-03, 1.31588901e-03,
       1.31007511e-03, 1.30450187e-03, 1.29916516e-03, 1.29406101e-03,
       1.28918557e-03, 1.28453511e-03, 1.28010604e-03, 1.27589487e-03,
       1.27189823e-03, 1.26811286e-03, 1.26453562e-03, 1.26116346e-03,
       1.25799344e-03, 1.25502272e-03, 1.25224855e-03, 1.24966830e-03,
       1.24727940e-03, 1.24507938e-03, 1.24306586e-03, 1.24123654e-03,
       1.23958920e-03, 1.23812171e-03, 1.23683200e-03, 1.23571809e-03,
       1.23477807e-03, 1.23401008e-03, 1.23341236e-03, 1.23298320e-03,
       1.23272095e-03, 1.23262403e-03, 1.23269092e-03, 1.23292015e-03,
       1.23331033e-03, 1.23386008e-03, 1.23456813e-03, 1.23543323e-03,
       1.23645417e-03, 1.23762981e-03, 1.23895905e-03, 1.24044083e-03,
       1.24207415e-03, 1.24385803e-03, 1.24579155e-03, 1.24787381e-03,
       1.25010396e-03, 1.25248120e-03, 1.25500473e-03, 1.25767382e-03,
       1.26048774e-03, 1.26344582e-03, 1.26654740e-03, 1.26979185e-03,
       1.27317859e-03, 1.27670703e-03, 1.28037662e-03, 1.28418685e-03,
       1.28813721e-03, 1.29222721e-03, 1.29645639e-03, 1.30082431e-03,
       1.30533054e-03, 1.30997466e-03, 1.31475628e-03, 1.31967501e-03,
       1.32473047e-03, 1.32992231e-03, 1.33525016e-03, 1.34071369e-03,
       1.34631256e-03, 1.35204643e-03, 1.35791496e-03, 1.36391785e-03,
       1.37005476e-03, 1.37632536e-03, 1.38272935e-03, 1.38926638e-03,
       1.39593614e-03])]","[[0, 6.376880005047202e-05, 0.00012384871691641303, 0.0001825152146708144, 0.00024124552681513788, 0.00030103454514218925, 0.0003625849616522101, 0.00042642117594929047, 0.0004929581513524628, 0.0005625436041752045, 0.0006354841127057471, 0.0007120615327339954, 0.0007925435388110727, 0.0008771905850870229, 0.0009662606664342748, 0.0010600127138326706, 0.0011587091304195189, 0.0012626177780773531, 0.0013720136062487986, 0.0014871800433402136, 0.0016084102277914916, 0.0017360081294141854, 0.0018702895952250943, 0.002011583343720078, 0.002160231924947072, 0.0023165926594132203, 0.0024810385659370117, 0.0026539592865125194, 0.002835762014773641, 0.003026872433537952, 0.003227735666051926, 0.0034388172448753702, 0.0036606041017832164, 0.003893605581593779, 0.004138354482430933, 0.0043954081245763535, 0.004665349449754122, 0.004948788152403509, 0.005246361844228209, 0.005558737253054792, 0.005886611456783494, 0.006230713152965342, 0.006591803964286087, 0.006970679779975011, 0.007368172132881187, 0.007785149611667168, 0.00822251930725662, 0.008681228292334253, 0.009162265132330047, 0.009666661425921536, 0.01019549337265429, 0.010749883364808248, 0.011331001600122617, 0.011940067711431366, 0.01257835240865128, 0.01324717912790201, 0.013947925681819073, 0.014682025904343443, 0.015450971282432118, 0.016256312566230405, 0.01709966134827614, 0.017982691601266896, 0.018907141162811954, 0.019874813154410798, 0.020887577320649053, 0.021947371273282265, 0.02305620162348964, 0.024216144984127237, 0.025429348822298005, 0.02669803214099089, 0.028024485966931748, 0.029411073620145334, 0.030860230739063643, 0.032374465033347094, 0.033956355734930374, 0.0356085527161865, 0.03733377524254647, 0.03913481032544737, 0.04101451064014295, 0.04297579197173446, 0.04502163015180964, 0.047155057447359164, 0.04937915836322518, 0.05169706481927987, 0.05411195066389338, 0.0566270254860923, 0.059245527690198134, 0.06197071679873714, 0.06480586495209852, 0.06775424757685397, 0.07081913319890679, 0.0740037723827739, 0.07731138578437846, 0.08074515131179086, 0.08430819039644133, 0.0880035533864606, 0.09183420408399312, 0.0958030034595566, 0.09991269258875456, 0.10416587486982011, 0.10856499759448623, 0.11311233295941168, 0.11780995862068182, 0.12265973790955036, 0.12766329984335648, 0.1328220190811693, 0.13813699598887164, 0.1436090369927568, 0.1492386354139121, 0.1550259529873102, 0.16097080227922708, 0.16707263022394855, 0.17333050300532016, 0.17974309251016385, 0.18630866457858694, 0.19302506927045288, 0.19988973335753735, 0.2068996552370042, 0.2140514024437378, 0.22134111191679587, 0.22876449314894493, 0.2363168343181638, 0.2439930114665244, 0.25178750075547135, 0.25969439378781406, 0.26770741763490563, 0.27581999909564137, 0.2840254108508257, 0.29231689166431635, 0.30068770885755236, 0.3091311832345929, 0.3176406920029172, 0.32620966011157676, 0.3348315468619223, 0.3434998321570749, 0.35220800503025324, 0.3609495559064866, 0.36971797324907646, 0.37850674470894285, 0.3873093625516131, 0.39611933292605367, 0.40493018842127126, 0.41373550330183745, 0.4225289108018699, 0.4313041218741543, 0.4400549448269077, 0.44877530532808074, 0.457459266311104, 0.4661010473731466, 0.47469504331484963, 0.48323584152744253, 0.4917182379879759, 0.5001372516752908, 0.5084881372677482, 0.5167663960282841, 0.5249677848228083, 0.5330883232542148, 0.5411242989262731, 0.5490722708794579, 0.5569290712644623, 0.5646918053388478, 0.5723578498882257, 0.5799248501857523, 0.5873907156128152, 0.5947536140698588, 0.6020119653096511, 0.6091644333262085, 0.616209917931398, 0.6231475456482045, 0.6299766600450922, 0.6366968116300732, 0.6433077474162872, 0.6498094002633432, 0.656201878090589, 0.6624854530500707, 0.6686605507383889, 0.6747277395181117, 0.6806877200109924, 0.6865413148170838, 0.6922894585060114, 0.6979331879192567, 0.7034736328153398, 0.7089120068833341, 0.7142495991442028, 0.7194877657540344, 0.7246279222183745, 0.7296715360224901, 0.734620119678546, 0.7394752241873056, 0.744238432909055, 0.7489113558359687, 0.7534956242560537, 0.7579928857970946, 0.7624047998376434, 0.7667330332710206, 0.7709792566074911, 0.7751451403992132, 0.7792323519722094, 0.7832425524494393, 0.7871773940490505, 0.7910385176420119, 0.7948275505535768, 0.7985461045933661, 0.8021957742992756, 0.8057781353808913, 0.8092947433486246, 0.81274713231534, 0.8161368139578344, 0.8194652766261327, 0.8227339845891699, 0.8259443774060455, 0.8290978694126361, 0.8321958493139534, 0.8352396798732152, 0.8382306976891617, 0.8411702130536978, 0.8440595098824689, 0.84689984571148, 0.8496924517533505, 0.852438533007254, 0.8551392684170265, 0.8577958110723379, 0.860409288448208, 0.862980802678512, 0.8655114308594655, 0.8680022253793975, 0.8704542142714206, 0.872868401585888, 0.875245767779791, 0.8775872701204889, 0.8798938431013942, 0.8821663988674454, 0.8844058276483933, 0.8866129981981069, 0.8887887582382773, 0.8909339349050435, 0.8930493351972163, 0.8951357464249013, 0.897193936657447, 0.899224655169752, 0.9012286328860742, 0.9032065828205716, 0.9051592005138969, 0.9070871644652445, 0.9089911365593228, 0.9108717624877893, 0.9127296721647498, 0.9145654801359747, 0.9163797859815419, 0.9181731747116542, 0.9199462171554282, 0.9216994703424871, 0.9234334778772219, 0.9251487703056226, 0.9268458654746039, 0.928525268883779, 0.9301874740296553, 0.9318329627422512, 0.9334622055141453, 0.9350756618219918, 0.936673780440547, 0.9382569997492681, 0.9398257480315514, 0.9413804437666959, 0.94292149591468, 0.9444493041938476, 0.9459642593516132, 0.9474667434282914, 0.9489571300141696, 0.9504357844999418, 0.9519030643206277, 0.9533593191931011, 0.9548048913473572, 0.956240115751646, 0.957665320331604, 0.9590808261835141, 0.9604869477818253, 0.9618839931810634, 0.9632722642122625, 0.9646520566740481, 0.9660236605184999, 0.9673873600319229, 0.9687434340106515, 0.9700921559320126, 0.9714337941205688, 0.9727686119097657, 0.9740968677990971, 0.9754188156069105, 0.9767347046189628, 0.9780447797328415, 0.9793492815983589, 0.9806484467540283, 0.9819425077597277, 0.9832316933256507, 0.984516228437649, 0.985796334479059, 0.987072229349113, 0.9883441275780228, 0.9896122404388289, 0.9908767760561008, 0.9921379395115756, 0.9933959329468152, 0.9946509556629641, 0.9959032042176853, 0.9971528725193478, 0.9984001519185423, 0.999645231296992, 1.00088829715393, 1.0021295336900062, 1.0033691228887927, 1.0046072445959429, 1.0058440765960697, 1.0070797946873964, 1.0083145727542384, 1.0095485828373665, 1.010781995202305, 1.0120149784056145, 1.0132476993592046, 1.0144803233927238, 1.0157130143140698, 1.0169459344680627, 1.0181792447933216, 1.0194131048773796, 1.0206476730100802, 1.0218831062352847, 1.0231195604009264, 1.0243571902074435, 1.0255961492546204, 1.0268365900868675, 1.0280786642369648, 1.0293225222682973, 1.0305683138156057, 1.0318161876242742, 1.0330662915881816, 1.0343187727861303, 1.0355737775168758, 1.0368314513327763, 1.0380919390720744, 1.0393553848898296, 1.0406219322875159, 1.0418917241412975, 1.0431649027289933, 1.044441609755743, 1.0457219863783853, 1.0470061732285552, 1.0482943104345095, 1.0495865376416886, 1.0508829940320203, 1.0521838183419694, 1.05348914887934, 1.0547991235388334, 1.0561138798163625, 1.05743355482213, 1.0587582852924646, 1.060088207600423, 1.0614234577651527, 1.0627641714600184, 1.0641104840194888, 1.0654625304447836, 1.0668204454082766, 1.068184363256655, 1.0695544180128298, 1.070930743376593, 1.0723134727240218, 1.0737027391056189, 1.0750986752431926]]"
50.0,80.0,4,120,270,I0-S1,"[[0.01, 0.009218546420913139, 0.008861068736292907, 0.008775059817687893, 0.008868448506442047, 0.009085558549415947, 0.009392621601180352, 0.009769089389459962, 0.010202466650951722, 0.010685200970099427, 0.011212805357541239, 0.011782720416038405, 0.012393621350481698, 0.013044993051932947, 0.013736867174739036, 0.014469657481558418, 0.01524405511571247, 0.016060960680929093, 0.01692143914213016, 0.017826689048405127, 0.01877802088202511, 0.019776841330101717, 0.020824641482053576, 0.021922987690095035, 0.023073514279461516, 0.02427791757274283, 0.025537950866171454, 0.026855420105692435, 0.028232180081643948, 0.029670131007726343, 0.03117121538163247, 0.032737415046750054, 0.03437074839011171, 0.036073267623364415, 0.03784705610228545, 0.039694225647137045, 0.04161691383148553, 0.0436172812113867, 0.045697508470317456, 0.047859793458097294, 0.05010634810442849, 0.05243939518969261, 0.054861164957352396, 0.05737389155378586, 0.05997980928267445, 0.06268114866222188, 0.0654801322745306, 0.06837897039743794, 0.07137985641004142, 0.07448496196404307, 0.07769643191393684, 0.08101637899996804, 0.08444687827872424, 0.08798996129718767, 0.09164761000710081, 0.09542175041758154, 0.09931424598508101, 0.10332689074101484, 0.10746140215872467, 0.11171941376284818, 0.11610246748569776, 0.12061200577687553, 0.12524936347408872, 0.13001575944497726, 0.1349122880117263, 0.13993991017230908, 0.1450994446343913, 0.15039155868022092, 0.1558167588832254, 0.16137538169953475, 0.16706758396023488, 0.17289333329282436, 0.17885239850308252, 0.1849443399513504, 0.1911684999600565, 0.197523993292171, 0.20400969774312586, 0.21062424489156711, 0.21736601105708903, 0.2242331085158061, 0.23122337702722107, 0.23833437572831095, 0.24556337545304666, 0.25290735153764693, 0.2603629771737085, 0.26792661737291074, 0.27559432360822733, 0.2833618291974453, 0.29122454549525817, 0.2991775589602177, 0.30721562916236517, 0.3153331877963759, 0.32352433876350656, 0.33178285938349855, 0.3401022027948382, 0.34847550159837243, 0.35689557279521733, 0.36535492406515363, 0.3738457614262753, 0.382359998310545, 0.3908892660831178, 0.399424926025841, 0.4079580827972498, 0.4164795993726871, 0.42498011345892694, 0.4334500553679344, 0.441879667324203, 0.4502590241695628, 0.4585780554185204, 0.466826568606171, 0.47499427385962145, 0.48307080961277665, 0.4910457693733954, 0.49890872944062914, 0.5066492774609436, 0.5142570417005118, 0.5217217209029843, 0.5290331145931128, 0.5361811536791407, 0.5431559312003051, 0.5499477330603095, 0.5565470685833372, 0.5629447007261649, 0.569131675778266, 0.5750993523815418, 0.5808396720897496, 0.5863476115146667, 0.5916223285978254, 0.5966655385494244, 0.6014803178376658, 0.6060703913342977, 0.6104397161799455, 0.6145922470897989, 0.618531811754006, 0.6222620522688149, 0.6257864054688523, 0.6291081055338119, 0.6322301987478707, 0.6351555643105721, 0.6378869375749273, 0.6404269336076859, 0.6427780698924014, 0.6449427875546827, 0.6469234708217029, 0.6487224646221004, 0.6503420903420745, 0.6517846598122518, 0.6530524876284616, 0.6541479019205382, 0.6550732536843921, 0.6558309247884723, 0.6564233347591364, 0.6568529464419268, 0.6571222706282145, 0.6572338697295609, 0.6571903605756835, 0.6569944164061433, 0.6566487681208004, 0.656156204849638, 0.655519573898671, 0.6547417801252484, 0.6538257847930532, 0.6527746039544331, 0.6515913064052947, 0.650279011255607, 0.6488408851565481, 0.6472801392234484, 0.6456000256919024, 0.6438038343427205, 0.6418948887297402, 0.6398765422429125, 0.637752174037495, 0.6355251848586253, 0.6331989927889983, 0.6307770289458329, 0.6282627331517856, 0.625659549602943, 0.622970922555512, 0.6202002920513245, 0.6173510897007823, 0.6144267345403942, 0.6114306289806066, 0.6083661548582002, 0.6052366696061221, 0.60204550255226, 0.5987959513573295, 0.5954912786007559, 0.5921347085221815, 0.5887294239250299, 0.5852785632474033, 0.58178521780449, 0.5782524292056097, 0.5746831869480362, 0.5710804261887988, 0.5674470256947894, 0.5637858059706838, 0.5600995275634257, 0.5563908895413225, 0.5526625281451574, 0.5489170156081398, 0.5451568591409856, 0.541384500077945, 0.5376023131791788, 0.5338126060845101, 0.5300176189132673, 0.5262195240046583, 0.5224204257928945, 0.5186223608111001, 0.514827297817904, 0.5110371380405085, 0.5072537155279642, 0.5034787976083491, 0.49971408544354934, 0.4959612146753652, 0.49222175615672425, 0.48849721676185826, 0.4847890402694017, 0.48109860831248985, 0.4774272413900684, 0.4737761999337813, 0.470146685424964, 0.46653984155644895, 0.4629567554340714, 0.45939845881296, 0.45586592936389186, 0.4523600919651982, 0.44888182001591126, 0.44543193676605247, 0.4420112166601721, 0.43862038669045833, 0.43526012775594225, 0.43193107602453124, 0.4286338242948064, 0.425368923354718, 0.42213688333450855, 0.4189381750513842, 0.4157732313436391, 0.4126424483921178, 0.40954618702707424, 0.406484774018653, 0.40345850334938044, 0.40046763746720687, 0.3975124085177899, 0.39459301955484904, 0.39170964572755773, 0.38886243544406485, 0.38605151151036027, 0.38327697224381285, 0.38053889256081713, 0.3778373250380864, 0.37517230094722603, 0.3725438312623081, 0.36995190764025415, 0.367396503373908, 0.3648775743177543, 0.3623950597863039, 0.35994888342522846, 0.35753895405538505, 0.35516516648991997, 0.35282740232469145, 0.35052553070229203, 0.34825940904999003, 0.34602888379194585, 0.3438337910360889, 0.3416739572360686, 0.33954919982871873, 0.33745932784749477, 0.33540414251236145, 0.3333834377966261, 0.3313970009712247, 0.32944461312697826, 0.3275260496753473, 0.3256410808282181, 0.3237894720572584, 0.32197098453338485, 0.3201853755468844, 0.3184323989087325, 0.31671180533365, 0.315023342805437, 0.31336675692511795, 0.3117417912424298, 0.3101481875711755, 0.30858568628896277, 0.30705402662183656, 0.3055529469143098, 0.3040821848852853, 0.30264147787035484, 0.30123056305094953, 0.2998491776708098, 0.2984970592402282, 0.2971739457285118, 0.2958795757450988, 0.29461368870975296, 0.2933760250122487, 0.2921663261619497, 0.29098433492767173, 0.28982979546820936, 0.2887024534538965, 0.2876020561795581, 0.2865283526692004, 0.28548109377277664, 0.28446003225535316, 0.28346492287899155, 0.2824955224776517, 0.2815515900254098, 0.2806328866982762, 0.27973917592988723, 0.27887022346133633, 0.27802579738539934, 0.2772056681854001, 0.2764096087689538, 0.2756373944968157, 0.27488880320705444, 0.2741636152347623, 0.2734616134275035, 0.2727825831566974, 0.2721263123251218, 0.2714925913707181, 0.27088121326686904, 0.2702919735193158, 0.2697246701598719, 0.26917910373708687, 0.2686550773040046, 0.26815239640315663, 0.2676708690489225, 0.26721030570738724, 0.26677051927381573, 0.26635132504786296, 0.26595254070663094, 0.26557398627567946, 0.26521548409809315, 0.2648768588017023, 0.264557937264551, 0.26425854857870146, 0.26397852401246, 0.2637176969711062, 0.26347590295620227, 0.26325297952355786, 0.26304876623992046, 0.2628631046384595, 0.262695838173109, 0.26254681217183, 0.2624158737888532, 0.2623028719559567, 0.2622076573328344, 0.26213008225660644, 0.26207000069052094, 0.26202726817189476, 0.2620017417593393, 0.2619932799793151, 0.26200174277205623, 0.2620269914369071, 0.26206888857710847, 0.2621272980440718, 0.2622020848811778, 0.2622931152671341, 0.26240025645892673, 0.2625233767343978, 0.2626623453344822, 0.2628170324051341, 0.26298730893897443, 0.2631730467166889, 0.2633741182482059, 0.26359039671368345, 0.26382175590433377, 0.26406807016311284]]","[[0.01, 0.011673645222856313, 0.01362924433757481, 0.01580189558251425, 0.018156401288824855, 0.020675388900455925, 0.023352153405340848, 0.02618638060029084, 0.029181652595362657, 0.032343972491885024, 0.03568089456483283, 0.03920101510804996, 0.04291367798098351, 0.04682880765146919, 0.05095681769181277, 0.05530856371196849, 0.05989532227666484, 0.06472878485235362, 0.06982106030076292, 0.07518468209720451, 0.08083261803262289, 0.08677828109456641, 0.0930355407742995, 0.09961873437073364, 0.10654267804958562, 0.11382267752353613, 0.1214745382791365, 0.12951457530840005, 0.13795962231905137, 0.14682704040417013, 0.15613472615350776, 0.16590111918744435, 0.1761452090917645, 0.18688654172794975, 0.19814522488995218, 0.209941933274668, 0.22229791272969646, 0.23523498373850285, 0.24877554409983377, 0.2629425707551547, 0.277759620714997, 0.2932508310324033, 0.30944091776914023, 0.32635517389800217, 0.3440194660823568, 0.36246023027208385, 0.38170446605323505, 0.4017797296871068, 0.4227141257729749, 0.4445362974675051, 0.467275415192843, 0.4909611637646163, 0.5156237278705745, 0.5412937758303639, 0.5680024415670186, 0.5957813047211635, 0.6246623688396952, 0.6546780375718735, 0.6858610888073322, 0.7182446466925461, 0.7518621514647953, 0.7867473270456838, 0.8229341463398244, 0.8604567941884275, 0.8993496279322611, 0.9396471355438076, 0.9813838912944577, 1.0245945089292858, 1.0693135923293533, 1.1155756836496231, 1.1634152089294412, 1.212866421182178, 1.2639633409810096, 1.316739694568983, 1.3712288495334315, 1.4274637480974715, 1.4854768380947239, 1.5453000017075105, 1.6069644820635616, 1.670500807801687, 1.7359387157328514, 1.803307071739604, 1.8726337900737509, 1.9439457512294644, 2.017268718586582, 2.0926272540365565, 2.170044632821275, 2.249542757832609, 2.3311420736379915, 2.4148614805143485, 2.5007182487892132, 2.5887279338036513, 2.6789042918265222, 2.7712591972634617, 2.865802561516565, 2.962542253861924, 3.0614840247217048, 3.1626314317152153, 3.265985768879122, 3.371545999450594, 3.47930869260837, 3.5892679645655097, 3.70141542440372, 3.8157401250325043, 3.932228519646897, 4.050864424045113, 4.171628985152005, 4.294500656075779, 4.419455178003901, 4.546465569219697, 4.675502121493705, 4.8065324040736135, 4.939521275463713, 5.074430903149301, 5.2112207913837345, 5.349847817115976, 5.4902662740947665, 5.632427925142446, 5.776282062547028, 5.921775576475974, 6.068853031269445, 6.21745674942512, 6.36752690304127, 6.51900161244016, 6.671817051650381, 6.8259078152034975, 6.981209781716119, 7.137662284904041, 7.295207360150027, 7.4537890385308385, 7.613352883877711, 7.773845684761463, 7.9352152463097285, 8.09741024719342, 8.260380139867399, 8.424075080120435, 8.588445876984032, 8.75344395718862, 8.919021340335423, 9.085130622206863, 9.251724964438278, 9.418758089287685, 9.586184278574253, 9.753958376075902, 9.922035792823847, 10.090372514832884, 10.2589251128775, 10.427650753975643, 10.596507214281203, 10.765452893116962, 10.934446827904702, 11.103448709770378, 11.2724188996205, 11.441318444502354, 11.610109094075524, 11.778753317036093, 11.947214317347791, 12.11545605014663, 12.28344323719728, 12.451141381790526, 12.618516782981903, 12.785536549081874, 12.9521686103178, 13.118381730597486, 13.284145518313176, 13.449430436133715, 13.61420780974095, 13.778449835474492, 13.942129586856643, 14.105221019976582, 14.267698977719814, 14.429539192835419, 14.590718289839806, 14.751213785761445, 14.911004089736398, 15.07006850146949, 15.228387208580596, 15.385941282859664, 15.54271267545807, 15.698684211047263, 15.853839580978848, 16.008163335482998, 16.16164087494451, 16.314258440297888, 16.46600310258459, 16.616862751717086, 16.766826084495428, 16.91588259192298, 17.064022545868543, 17.211236985122422, 17.357517700894142, 17.502857221799367, 17.64724879838329, 17.79068638722725, 17.933164634684626, 18.074678860291247, 18.215225039894555, 18.35479978854466, 18.493400343189183, 18.631024545212455, 18.767670822858257, 18.90333817357375, 19.03802614631074, 19.17173482381879, 19.3044648049631, 19.43621718709834, 19.566993548528053, 19.69679593107741, 19.82562682280556, 19.953489140882, 20.08038621464983, 20.206321768897073, 20.331299907355564, 20.455325096445446, 20.57840214928163, 20.70053620995719, 20.82173273811709, 20.941997493834307, 21.061336522799007, 21.179756141830094, 21.297262924717273, 21.413863688400475, 21.52956547949237, 21.644375561148628, 21.758301400289522, 21.871350655175466, 21.98353116333822, 22.094850929868553, 22.20531811606038, 22.314941028410612, 22.423728107973265, 22.531687920065675, 22.63882914432412, 22.745160565105508, 22.85069106223134, 22.955429602069696, 23.059385228950443, 23.16256705690868, 23.26498426175089, 23.366646073438073, 23.467561768779863, 23.567740664433313, 23.6671921101999, 23.7659254826141, 23.863950178816744, 23.961275610706192, 24.057911199360376, 24.15386636972256, 24.249150545543714, 24.343773144574328, 24.437743573998485, 24.53107122610299, 24.62376547417447, 24.715835668617267, 24.8072911332851, 24.898141162019478, 24.988395015387944, 25.078061917615344, 25.16715105370131, 25.255671566717393, 25.34363255527725, 25.4310430711735, 25.51791211717497, 25.604248644978107, 25.69006155330659, 25.775359686153184, 25.8601518311581, 25.944446718118204, 26.02825301762164, 26.11157933980244, 26.194434233210014, 26.27682618378839, 26.358763613960306, 26.440254881811395, 26.521308280369812, 26.60193203697682, 26.68213431274398, 26.761923202092735, 26.84130673237228, 26.920292863551822, 26.998889487983384, 27.077104430231458, 27.154945446966, 27.232420226915274, 27.309536390875273, 27.386301491772528, 27.462723014777207, 27.53880837746358, 27.614564930014957, 27.68999995547039, 27.7651206700105, 27.839934223279894, 27.91444769874372, 27.988668114076066, 28.062602421577893, 28.13625750862242, 28.20964019812588, 28.282757249041587, 28.35561535687557, 28.428221154221788, 28.500581211315318, 28.572702036601793, 28.64459007732147, 28.716251720106474, 28.787693291589676, 28.8589210590239, 28.929941230910032, 29.00075995763283, 29.071383332103203, 29.14181739040576, 29.212068112450567, 29.282141422628047, 29.352043190465977, 29.42177923128767, 29.491355306870403, 29.560777126103208, 29.63005034564321, 29.699180570569713, 29.768173355035284, 29.8370342029131, 29.905768568439896, 29.97438185685386, 30.04287942502683, 30.11126658209025, 30.17954859005429, 30.247730664419603, 30.31581797478124, 30.383815645424207, 30.451728755910242, 30.51956234165535, 30.587321394497735, 30.655010863255647, 30.722635654274907, 30.79020063196564, 30.857710619327946, 30.92517039846621, 30.99258471109169, 31.059958259013165, 31.127295704615353, 31.19460167132485, 31.261880744063347, 31.329137469687925, 31.396376357418166, 31.46360187924997, 31.53081847035579, 31.598030529471185, 31.665242419267493, 31.732458466710487, 31.799682963404845, 31.866920165924324, 31.934174296127516, 32.001449541459046, 32.06875005523611, 32.1360799569203, 32.20344333237453, 32.27084423410512, 32.33828668148878, 32.405774660984626, 32.473312126331, 32.54090299872719, 32.60855116699982, 32.67626048775408, 32.74403478550964, 32.81187785282122, 32.87979345038385, 32.947785307122786]]","[array([6.37688001e-05, 6.00799169e-05, 5.86664978e-05, 5.87303121e-05,
       5.97890278e-05, 6.15506871e-05, 6.38379067e-05, 6.65427204e-05,
       6.95996254e-05, 7.29692905e-05, 7.66287139e-05, 8.05652452e-05,
       8.47729343e-05, 8.92502836e-05, 9.39988497e-05, 9.90223618e-05,
       1.04326156e-04, 1.09916805e-04, 1.15801867e-04, 1.21989717e-04,
       1.28489419e-04, 1.35310637e-04, 1.42463569e-04, 1.49958885e-04,
       1.57807693e-04, 1.66021493e-04, 1.74612150e-04, 1.83591871e-04,
       1.92973173e-04, 2.02768867e-04, 2.12992036e-04, 2.23656015e-04,
       2.34774374e-04, 2.46360901e-04, 2.58429580e-04, 2.70994578e-04,
       2.84070224e-04, 2.97670990e-04, 3.11811472e-04, 3.26506372e-04,
       3.41770474e-04, 3.57618623e-04, 3.74065702e-04, 3.91126609e-04,
       4.08816229e-04, 4.27149407e-04, 4.46140922e-04, 4.65805456e-04,
       4.86157562e-04, 5.07211631e-04, 5.28981857e-04, 5.51482203e-04,
       5.74726362e-04, 5.98727715e-04, 6.23499292e-04, 6.49053729e-04,
       6.75403220e-04, 7.02559476e-04, 7.30533670e-04, 7.59336391e-04,
       7.88977592e-04, 8.19466535e-04, 8.50811737e-04, 8.83020914e-04,
       9.16100921e-04, 9.50057696e-04, 9.84896197e-04, 1.02062034e-03,
       1.05723295e-03, 1.09473566e-03, 1.13312891e-03, 1.17241181e-03,
       1.21258213e-03, 1.25363623e-03, 1.29556897e-03, 1.33837365e-03,
       1.38204199e-03, 1.42656400e-03, 1.47192801e-03, 1.51812050e-03,
       1.56512616e-03, 1.61292776e-03, 1.66150611e-03, 1.71084004e-03,
       1.76090637e-03, 1.81167981e-03, 1.86313297e-03, 1.91523635e-03,
       1.96795827e-03, 2.02126489e-03, 2.07512017e-03, 2.12948590e-03,
       2.18432168e-03, 2.23958496e-03, 2.29523100e-03, 2.35121298e-03,
       2.40748197e-03, 2.46398701e-03, 2.52067516e-03, 2.57749157e-03,
       2.63437953e-03, 2.69128060e-03, 2.74813465e-03, 2.80488001e-03,
       2.86145357e-03, 2.91779089e-03, 2.97382634e-03, 3.02949326e-03,
       3.08472410e-03, 3.13945057e-03, 3.19360381e-03, 3.24711459e-03,
       3.29991344e-03, 3.35193091e-03, 3.40309770e-03, 3.45334488e-03,
       3.50260409e-03, 3.55080775e-03, 3.59788926e-03, 3.64378319e-03,
       3.68842552e-03, 3.73175380e-03, 3.77370739e-03, 3.81422760e-03,
       3.85325828e-03, 3.89075395e-03, 3.92669574e-03, 3.96108741e-03,
       3.99394543e-03, 4.02529278e-03, 4.05515522e-03, 4.08355924e-03,
       4.11053081e-03, 4.13609486e-03, 4.16027499e-03, 4.18309342e-03,
       4.20457109e-03, 4.22472773e-03, 4.24358204e-03, 4.26115185e-03,
       4.27745425e-03, 4.29250576e-03, 4.30632245e-03, 4.31892008e-03,
       4.33031419e-03, 4.34052022e-03, 4.34955359e-03, 4.35742977e-03,
       4.36416434e-03, 4.36977308e-03, 4.37427200e-03, 4.37767735e-03,
       4.38000573e-03, 4.38127404e-03, 4.38149954e-03, 4.38069986e-03,
       4.37889302e-03, 4.37609741e-03, 4.37233183e-03, 4.36761545e-03,
       4.36196783e-03, 4.35540889e-03, 4.34795890e-03, 4.33963852e-03,
       4.33046867e-03, 4.32047064e-03, 4.30966595e-03, 4.29807643e-03,
       4.28572412e-03, 4.27263128e-03, 4.25882035e-03, 4.24431393e-03,
       4.22913475e-03, 4.21330566e-03, 4.19684955e-03, 4.17978937e-03,
       4.16214809e-03, 4.14394865e-03, 4.12521397e-03, 4.10596689e-03,
       4.08623013e-03, 4.06602633e-03, 4.04537794e-03, 4.02430726e-03,
       4.00283637e-03, 3.98098716e-03, 3.95878123e-03, 3.93623996e-03,
       3.91338441e-03, 3.89023536e-03, 3.86681323e-03, 3.84313815e-03,
       3.81922986e-03, 3.79510774e-03, 3.77079079e-03, 3.74629761e-03,
       3.72164641e-03, 3.69685496e-03, 3.67194064e-03, 3.64692037e-03,
       3.62181064e-03, 3.59662752e-03, 3.57138661e-03, 3.54610307e-03,
       3.52079161e-03, 3.49546648e-03, 3.47014149e-03, 3.44482999e-03,
       3.41954488e-03, 3.39429860e-03, 3.36910317e-03, 3.34397015e-03,
       3.31891065e-03, 3.29393536e-03, 3.26905455e-03, 3.24427804e-03,
       3.21961526e-03, 3.19507522e-03, 3.17066651e-03, 3.14639733e-03,
       3.12227552e-03, 3.09830850e-03, 3.07450333e-03, 3.05086672e-03,
       3.02740499e-03, 3.00412416e-03, 2.98102986e-03, 2.95812744e-03,
       2.93542188e-03, 2.91291788e-03, 2.89061984e-03, 2.86853184e-03,
       2.84665771e-03, 2.82500096e-03, 2.80356489e-03, 2.78235248e-03,
       2.76136652e-03, 2.74060951e-03, 2.72008376e-03, 2.69979132e-03,
       2.67973407e-03, 2.65991363e-03, 2.64033146e-03, 2.62098883e-03,
       2.60188681e-03, 2.58302630e-03, 2.56440804e-03, 2.54603261e-03,
       2.52790043e-03, 2.51001178e-03, 2.49236680e-03, 2.47496550e-03,
       2.45780776e-03, 2.44089334e-03, 2.42422190e-03, 2.40779298e-03,
       2.39160602e-03, 2.37566035e-03, 2.35995525e-03, 2.34448987e-03,
       2.32926331e-03, 2.31427458e-03, 2.29952261e-03, 2.28500629e-03,
       2.27072442e-03, 2.25667577e-03, 2.24285902e-03, 2.22927284e-03,
       2.21591582e-03, 2.20278653e-03, 2.18988348e-03, 2.17720517e-03,
       2.16475004e-03, 2.15251652e-03, 2.14050300e-03, 2.12870785e-03,
       2.11712943e-03, 2.10576605e-03, 2.09461603e-03, 2.08367767e-03,
       2.07294924e-03, 2.06242904e-03, 2.05211531e-03, 2.04200633e-03,
       2.03210034e-03, 2.02239558e-03, 2.01289032e-03, 2.00358280e-03,
       1.99447127e-03, 1.98555398e-03, 1.97682918e-03, 1.96829513e-03,
       1.95995010e-03, 1.95179237e-03, 1.94382022e-03, 1.93603192e-03,
       1.92842579e-03, 1.92100013e-03, 1.91375327e-03, 1.90668353e-03,
       1.89978927e-03, 1.89306883e-03, 1.88652060e-03, 1.88014296e-03,
       1.87393431e-03, 1.86789306e-03, 1.86201764e-03, 1.85630651e-03,
       1.85075812e-03, 1.84537095e-03, 1.84014349e-03, 1.83507426e-03,
       1.83016179e-03, 1.82540461e-03, 1.82080129e-03, 1.81635040e-03,
       1.81205054e-03, 1.80790033e-03, 1.80389838e-03, 1.80004335e-03,
       1.79633389e-03, 1.79276869e-03, 1.78934644e-03, 1.78606585e-03,
       1.78292565e-03, 1.77992459e-03, 1.77706143e-03, 1.77433493e-03,
       1.77174390e-03, 1.76928714e-03, 1.76696348e-03, 1.76477175e-03,
       1.76271081e-03, 1.76077953e-03, 1.75897678e-03, 1.75730147e-03,
       1.75575250e-03, 1.75432880e-03, 1.75302931e-03, 1.75185297e-03,
       1.75079874e-03, 1.74986561e-03, 1.74905256e-03, 1.74835859e-03,
       1.74778271e-03, 1.74732393e-03, 1.74698130e-03, 1.74675385e-03,
       1.74664063e-03, 1.74664071e-03, 1.74675316e-03, 1.74697706e-03,
       1.74731149e-03, 1.74775555e-03, 1.74830835e-03, 1.74896899e-03,
       1.74973660e-03, 1.75061031e-03, 1.75158923e-03, 1.75267251e-03,
       1.75385930e-03, 1.75514873e-03, 1.75653997e-03, 1.75803217e-03,
       1.75962448e-03])]","[[0, 6.376880005047202e-05, 0.00012384871691641303, 0.0001825152146708144, 0.00024124552681513788, 0.00030103455457246693, 0.0003625852416665064, 0.0004264231483332696, 0.0004929658686859983, 0.000562565494072353, 0.0006355347846049764, 0.0007121634984938063, 0.0007927287436493973, 0.0008775016779100319, 0.0009667519614824341, 0.001060750811179482, 0.0011597731730117495, 0.0012640993291279093, 0.001374016133990461, 0.0014898180012675162, 0.0016118077181973445, 0.0017402971367393423, 0.0018756077738245687, 0.002018071342354249, 0.00216803022779543, 0.002325837920799825, 0.0024918594133237666, 0.0026664715637066904, 0.002850063434737854, 0.0030430366076998378, 0.0032458054745941626, 0.0034587975101479027, 0.003682453524718253, 0.003917227898820397, 0.004163588799679653, 0.004422018379935867, 0.004693012958395087, 0.004977083182522496, 0.005274754172195226, 0.00558656564407941, 0.005913072015858919, 0.006254842489421055, 0.006612461111994488, 0.006986526814135486, 0.007377653423368371, 0.007786469652204205, 0.008213619059187128, 0.00865975998154984, 0.00912556543799827, 0.00961172300008992, 0.010118934630620935, 0.010647916487393458, 0.011199398690697407, 0.011774125052809767, 0.01237285276779007, 0.012996352059833296, 0.013645405788431535, 0.014320809008593728, 0.015023368484379414, 0.01575390215401813, 0.016513238544911626, 0.017302216136852167, 0.018121682671837294, 0.01897249440892079, 0.0198555153226113, 0.02077161624341555, 0.02172167393922251, 0.022706570136339352, 0.02372719047912021, 0.024784423427275028, 0.025879159090109263, 0.02701228799712608, 0.02818469980462149, 0.02939728193812034, 0.030650918170737028, 0.031946487137800024, 0.03328486078835321, 0.034666902774440095, 0.036093466779388905, 0.03756539478664626, 0.03908351529105533, 0.040648641454838784, 0.042261569210927385, 0.04392307531667059, 0.045633915361373345, 0.04739482173152328, 0.049206501538001254, 0.05106963451000427, 0.052984870860850235, 0.05495282913127614, 0.056974094016281784, 0.059049214182007176, 0.06117870007955888, 0.06336302176311596, 0.06560260672004489, 0.06789783772113124, 0.07024905069938932, 0.0726565326662354, 0.07512051967409995, 0.07764119483480653, 0.08021868640325336, 0.08285306593609533, 0.08554434653523302, 0.0882924811859693, 0.09109736119968755, 0.09395881477083581, 0.09687660565786502, 0.09985043199756408, 0.10287992526195795, 0.10596464936658512, 0.10910409993854764, 0.11229770375222957, 0.1155448183400083, 0.11884473178464086, 0.12219666269929332, 0.12559976040040172, 0.12905310527770866, 0.13255570936491778, 0.13610651711345165, 0.1397044063707966, 0.14334818956387363, 0.14703661508679955, 0.15076836889130146, 0.15454207627693234, 0.15835630387711272, 0.16220956215879867, 0.16610031610912865, 0.17002701185210953, 0.17398809926235334, 0.17798204469332918, 0.1820073374686601, 0.18606249269042902, 0.19014605192779035, 0.194256582738686, 0.1983926775999632, 0.2025529525883528, 0.206736046011694, 0.21094061710235712, 0.21516534483181426, 0.21940892687355673, 0.22367007872287245, 0.22794753297130596, 0.23224003872778093, 0.23654636117543365, 0.2408652812519933, 0.24519559544131964, 0.24953611566403233, 0.2538856692557708, 0.25824309902235476, 0.2626072633618847, 0.2669770364445772, 0.2713513084418502, 0.2757289857968458, 0.28010899152919816, 0.28449026556742735, 0.28887176510286755, 0.29325246495952306, 0.2976313579746966, 0.30200745538565277, 0.30637978721796993, 0.31074740267160106, 0.31510937050100796, 0.31946477938606116, 0.32381273829070595, 0.32815237680668974, 0.332482845479926, 0.3368033161173373, 0.3411129820722747, 0.3454110585068548, 0.3496967826297878, 0.3539694139084907, 0.35822823425449124, 0.36247254818132907, 0.36670168293434896, 0.3709149885919624, 0.37511183813812193, 0.3792916275059128, 0.38345377559231536, 0.3875977242443308, 0.39172293821679144, 0.39582890510229723, 0.3999151352338281, 0.40398116156068314, 0.4080265394984872, 0.41205084675408626, 0.4160536831262272, 0.4200346702829782, 0.4239934515169035, 0.4279296914790519, 0.43184307589285725, 0.4357333112490815, 0.4396001244829543, 0.44344326263468153, 0.44726249249450484, 0.45105760023350183, 0.4548283910213129, 0.45857468863197687, 0.46229633503904716, 0.46599319000114287, 0.46966513063907245, 0.4733120510056428, 0.4769338616492411, 0.48053048917224783, 0.4841018757853055, 0.4876479788584367, 0.4911687704699652, 0.4946642369541594, 0.49813437844847513, 0.5015792084412374, 0.5049987533205578, 0.5083930519252429, 0.511762155098408, 0.5151061252444675, 0.5184250358901316, 0.5217189712499971, 0.5249880257972808, 0.528232303840199, 0.5314519191044621, 0.5346469943223093, 0.5378176608284748, 0.5409640581634358, 0.5440863336842596, 0.5471846421833316, 0.5502591455152114, 0.5533100122318337, 0.55633741722624, 0.5593415413849944, 0.562322571249415, 0.5652806986857191, 0.5682161205641592, 0.5711290384472025, 0.5740196582867823, 0.5768881901306309, 0.5797348478376821, 0.5825598488025145, 0.5853634136887867, 0.5881457661716047, 0.5909071326887414, 0.593647742200618, 0.5963678259589453, 0.599067617283908, 0.6017473513497684, 0.6044072649787555, 0.6070475964430968, 0.6096685852750431, 0.6122704720847298, 0.6148534983857139, 0.6174179064280186, 0.619963939038516, 0.6224918394684731, 0.6250018512480839, 0.6274942180478092, 0.6299691835463426, 0.6324269913050217, 0.6348678846485019, 0.6372921065515104, 0.6396998995314984, 0.6420915055470111, 0.6444671659015938, 0.6468271211530564, 0.6491716110279202, 0.6515008743408697, 0.6538151489190388, 0.6561146715309607, 0.6583996778200127, 0.6606704022421931, 0.6629270780080668, 0.6651699370287224, 0.667399209865584, 0.6696151256839268, 0.6718179122099481, 0.674007795691247, 0.6761850008605729, 0.678349750902704, 0.680502267424322, 0.6826427704267507, 0.6847714782814341, 0.6868886077080273, 0.688994373754982, 0.6910889897825108, 0.6931726674478159, 0.6952456166924739, 0.6973080457318701, 0.6993601610465817, 0.7014021673756083, 0.7034342677113558, 0.7054566632962808, 0.7074695536211062, 0.7094731364245223, 0.7114676076942889, 0.713453161669661, 0.7154299908450585, 0.7173982859749072, 0.7193582360795786, 0.721310028452361, 0.7232538486673951, 0.7251898805885099, 0.7271183063789001, 0.7290393065115838, 0.7309530597805857, 0.7328597433127924, 0.734759532580426, 0.7366526014140894, 0.738539122016332, 0.7404192649756942, 0.742293199281184, 0.7441610923371454, 0.7460231099784792, 0.7478794164861755, 0.749730174603125, 0.7515755455501705, 0.7534156890423683, 0.7552507633054252, 0.7570809250922819, 0.7589063296998141, 0.7607271309856221, 0.7625434813848838, 0.764355531927245, 0.7661634322537235, 0.7679673306336032, 0.7697673739812977, 0.7715637078731612, 0.7733564765642275, 0.7751458230048578, 0.7769318888572805, 0.7787148145120038, 0.7804947391040871, 0.7822718005292538, 0.7840461354598321, 0.7858178793605091, 0.7875871665038848, 0.7893541299858148, 0.7911189017405267, 0.7928816125555028, 0.7946423920861145, 0.7964013688700008, 0.7981586703411796, 0.7999144228438839, 0.8016687516461132, 0.8034217809528913, 0.805173633919225, 0.8069244326627537, 0.8086742982760842, 0.8104233508388037, 0.8121717094291657, 0.8139194921354416, 0.8156668160669324, 0.8174137973646368, 0.8191605512115696, 0.8209071918427255, 0.8226538325546854, 0.8244005857148587, 0.8261475627703617, 0.8278948742565234, 0.8296426298050203, 0.8313909381516342, 0.8331399071436308, 0.8348896437467574, 0.836640254051856, 0.8383918432810906, 0.8401445157937862, 0.8418983750918784, 0.8436535238249704, 0.845410063794999, 0.8471680959605048, 0.8489277204405089]]"
50.0,80.0,4,120,270,I1-S1,"[[0.01, 0.009218546420913139, 0.008861068736292907, 0.008775059817687893, 0.008868448506442047, 0.009085558564045826, 0.00939262240205665, 0.009769097441495688, 0.010202506841591668, 0.010685337860771235, 0.011213172062326224, 0.01178355373468798, 0.012395301842402222, 0.013048089002335124, 0.01374218171585529, 0.01447827841981685, 0.015257407253513664, 0.016080860604433256, 0.0169501525792617, 0.01786699099276642, 0.018833258737752854, 0.01985100136818304, 0.0209224189171201, 0.02204986069362229, 0.02323582224466341, 0.0244829439411815, 0.02579401081821638, 0.027171953407782327, 0.02861984937363964, 0.030140925803927365, 0.0317385620494365, 0.03341629301745261, 0.03517781284684149, 0.037026978901416874, 0.038967816026891526, 0.041004521022694314, 0.04314146728417481, 0.045383209573578526, 0.04773448887991112, 0.05020023732859987, 0.05278558310183399, 0.055495855329720914, 0.058336588911005474, 0.06131352922011923, 0.06443263665480095, 0.0677000909754899, 0.07112229538416637, 0.07470588028632047, 0.07845770667528612, 0.0823848690732983, 0.08649469795832962, 0.09079476160005229, 0.09529286722216669, 0.09999706140185552, 0.10491562961028426, 0.11005709479089752, 0.11543021486478999, 0.12104397904469728, 0.12690760283120267, 0.1330305215566487, 0.13942238233404425, 0.1460930342600512, 0.15305251671301545, 0.16031104557908638, 0.16787899723187935, 0.17576689008402518, 0.18398536352249187, 0.1925451540339514, 0.20145706832191615, 0.21073195321413116, 0.22038066215704913, 0.23041401809443782, 0.24084277252959305, 0.2516775605756156, 0.26292885180612924, 0.2746068967300789, 0.2867216687292679, 0.2992828013165239, 0.31229952059626176, 0.3257805728382082, 0.3397341471096077, 0.35416779295178535, 0.369088333133906, 0.3845017715705038, 0.40041319655017665, 0.41682667949096314, 0.4337451695134891, 0.45117038420597994, 0.4691026970455541, 0.4875410220375289, 0.5064826962382631, 0.5259233609366087, 0.5458568423833462, 0.5662750330757819, 0.5871677747244304, 0.6085227441485324, 0.6303253434648752, 0.6525585960475011, 0.6752030498415827, 0.6982366897099256, 0.7216348605718613, 0.7453702031581622, 0.7694126042483304, 0.7937291632744257, 0.8182841771647632, 0.8430391452577503, 0.8679527960375345, 0.8929811373261105, 0.918077531408758, 0.9431927963695497, 0.9682753346704387, 0.9932712897213882, 1.018124730861561, 1.0427778668054208, 1.0671712872066923, 1.0912442315628628, 1.1149348842299793, 1.138180693849933, 1.1609187150194062, 1.183085969561408, 1.2046198243078239, 1.225458381876138, 1.2455408805371455, 1.264808098934489, 1.2832027611421561, 1.3006704936888167, 1.3171657349250454, 1.3326544141485162, 1.3471100890980123, 1.360511059741874, 1.3728386956730931, 1.3840765697492976, 1.394210113172072, 1.4032265936609052, 1.4111152800027598, 1.4178677000355975, 1.4234779300854332, 1.4279428756522408, 1.4312625183507912, 1.4334401146483384, 1.4344823391627457, 1.4343993701689353, 1.4332049182068034, 1.4309162007866922, 1.4275538675003359, 1.4231418806123546, 1.4177073566014973, 1.4112803742603997, 1.4038937549287205, 1.3955828202822242, 1.3863851328669263, 1.3763402242780052, 1.3654893155550434, 1.353875034010379, 1.3415411303347977, 1.3285321994413444, 1.3148934081194061, 1.3006702321824, 1.2859082054079316, 1.2706526821933872, 1.2549486154864364, 1.2388403512024155, 1.2223714400121468, 1.2055844670771354, 1.1885209000264583, 1.1712209552127217, 1.1537234820543396, 1.1360658650687117, 1.1182839430257652, 1.1004119445034029, 1.0824824390049042, 1.0645263027020897, 1.0465726977956271, 1.028649064433529, 1.0107811240987674, 0.9929928933650002, 0.9753067069235944, 0.95774324880333, 0.9403215907343216, 0.9230592366477934, 0.9059721723514725, 0.8890749194747664, 0.8723805928368903, 0.8559009604532386, 0.8396465054592093, 0.8236264892952257, 0.8078490155608403, 0.7923210940086969, 0.7770487042100626, 0.7620368584820402, 0.7472896637220027, 0.7328103818469106, 0.7186014885837599, 0.7046647304023256, 0.691001179422551, 0.6776112861663915, 0.6644949300577215, 0.6516514676041573, 0.6390797782214773, 0.6267783076849177, 0.6147451092121538, 0.6029778822004798, 0.5914740086557526, 0.5802305873633093, 0.5692444658615011, 0.558512270286926, 0.5480304331670888, 0.5377952192412685, 0.5278027493940042, 0.5180490227880059, 0.5085299372846128, 0.49924130824029744, 0.49017888576730617, 0.48133837054543427, 0.472715428270294, 0.4643057028213243, 0.4561048282303202, 0.44810843952849444, 0.4403121825471001, 0.432711722743503, 0.42530275312134314, 0.41808100131011794, 0.4110422358661931, 0.4041822718539292, 0.39749697576233683, 0.39098226980945816, 0.38463413568353777, 0.37844861776700744, 0.3724218258863745, 0.36654993762828575, 0.3608292002593378, 0.3552559322846321, 0.34982652467762276, 0.34453744181148177, 0.3393852221200115, 0.3343664785140589, 0.3294778985774356, 0.3247162445645129, 0.3200783532199407, 0.31556113543932884, 0.3111615757882242, 0.30687673189531156, 0.30270373373445797, 0.2986397828090003, 0.29468215125054514, 0.290828180843498, 0.2870752819855634, 0.28342093259355633, 0.27986267696302813, 0.27639812458943985, 0.2730249489579009, 0.2697408863078354, 0.26654373437833023, 0.26343135113936295, 0.2604016535135913, 0.2574526160929167, 0.2545822698535991, 0.2517887008733025, 0.24907004905308683, 0.246424506847027, 0.2438503180018343, 0.2413457763085762, 0.23890922436833462, 0.23653905237341027, 0.23423369690546844, 0.23199163975182713, 0.2298114067409142, 0.2276915665977584, 0.22563072982023608, 0.22362754757666242, 0.22168071062519806, 0.21978894825543413, 0.2179510272524219, 0.2161657508833264, 0.21443195790680408, 0.21274852160513566, 0.21111434883908115, 0.20952837912536887, 0.20798958373668025, 0.20649696482394778, 0.20504955456074472, 0.20364641430951103, 0.2022866338093294, 0.20096933038494022, 0.19969364817666066, 0.19845875739085453, 0.19726385357058315, 0.19610815688605346, 0.19499091144446826, 0.19391138461887525, 0.19286886639560286, 0.19186266873986704, 0.19089212497912814, 0.18995658920377537, 0.18905543568471508, 0.18818805830743882, 0.18735387002214846, 0.18655230230951786, 0.18578280466167257, 0.18504484407797323, 0.18433790457519209, 0.18366148671167642, 0.1830151071250985, 0.18239829808339583, 0.1818106070485129, 0.1812515962525602, 0.18072084228601376, 0.18021793569758396, 0.1797424806053902, 0.17929409431908375, 0.17887240697256848, 0.17847706116697618, 0.17810771162355976, 0.17776402484617526, 0.1774456787930298, 0.17715236255737998, 0.17688377605687214, 0.1766396297312228, 0.17641964424794374, 0.17622355021582384, 0.17605108790588575, 0.17590200697954184, 0.17577606622368094, 0.17567303329242298, 0.17559268445528511, 0.17553480435150914, 0.1754991857503053, 0.1754856293167741, 0.17549394338327343, 0.17552394372600272, 0.17557545334658295, 0.1756483022584154, 0.17574232727760766, 0.17585737181826058, 0.17599328569191477, 0.1761499249109595, 0.17632715149581274, 0.1765248332856848, 0.17674284375274235, 0.17698106181949508, 0.17723937167923065, 0.17751766261932792, 0.17781582884728306, 0.17813376931928662, 0.178471387571194, 0.17882859155173542, 0.17920529345781544, 0.17960140957175583, 0.18001686010033915, 0.1804515690155143, 0.18090546389662868, 0.1813784757740552, 0.18187053897408595, 0.18238159096496795, 0.18291157220395932, 0.18346042598528864, 0.18402809828890254, 0.1846145376298909, 0.18521969490848203, 0.18584352326050346, 0.18648597790820826, 0.18714701601136877, 0.18782659651854483, 0.18852468001843553, 0.1892412285912282, 0.18997620565986115]]","[[0.01, 0.011673645222856313, 0.01362924433757481, 0.01580189558251425, 0.018156401288824855, 0.02067538891561126, 0.023352154267106462, 0.02618638958134296, 0.02918169904931173, 0.03234413638434312, 0.03568134909231267, 0.03920208381600228, 0.04291590650001791, 0.04683305012998143, 0.050964338085740066, 0.055321152229056716, 0.059915427426809484, 0.06475966170868985, 0.06986693571966571, 0.07525093777611529, 0.08092599240239796, 0.0869070911489692, 0.09320992503499986, 0.09985091827348828, 0.10684726311776795, 0.11421695577023748, 0.12197883334977311, 0.130152611942967, 0.13875892577745474, 0.14781936755981526, 0.15735653001971092, 0.1673940486982896, 0.17795664601362976, 0.18907017662983358, 0.20076167414959298, 0.21305939914280397, 0.22599288851611746, 0.23959300622015267, 0.25389199528239886, 0.2689235311445032, 0.2847227762725963, 0.30132643599844133, 0.3187728155374044, 0.33710187811643466, 0.3563553041313082, 0.3765765512372239, 0.3978109152603468, 0.42010559179996715, 0.44350973837148416, 0.4680745369193299, 0.4938532565061294, 0.5209013159597491, 0.5492763462333297, 0.5790382522048545, 0.6102492736121882, 0.6429740447867782, 0.6772796528142844, 0.7132356937132639, 0.7509143261836716, 0.7903903224353444, 0.8317411155628661, 0.8750468428873212, 0.9203903846375429, 0.967857397293704, 1.0175363408646703, 1.0695184993177038, 1.1238979933251743, 1.1807717844383014, 1.2402396697430684, 1.3024042659988744, 1.3673709822068603, 1.4352479795029034, 1.5061461172208703, 1.5801788839258124, 1.6574623121754701, 1.7381148757329261, 1.822257367924844, 1.9100127598199192, 2.0015060368925393, 2.0968640128388985, 2.196215119228785, 2.299689169707841, 2.407417097514326, 2.5195306651433302, 2.6361621450820616, 2.7574439706543847, 2.883508356153207, 3.0144868856075187, 3.15051006972868, 3.291706870809392, 3.438204195609968, 3.590126356560809, 3.747594501937826, 3.9107260160286703, 4.079633890701244, 4.254426070210421, 4.435204771531813, 4.622065782989379, 4.815097744442384, 5.014381412811234, 5.2199889172446, 5.431983008754379, 5.650416309661813, 5.875330568697792, 6.106755928072377, 6.344710209261566, 6.589198224641182, 6.8402111224161715, 7.097725772536041, 7.361704201441302, 7.632093083539992, 7.90882329725674, 8.1918095533201, 8.480950102649302, 8.776126530763744, 9.077203645064538, 9.38402946062726, 9.696435289301968, 10.014235935947038, 10.337230004537652, 10.665200315701373, 10.997914435959204, 11.335125317610958, 11.676572046821686, 12.021980696066484, 12.3710658608797, 12.723537953061324, 13.079108719299517, 13.437489846415902, 13.79839163206556, 14.161522293623353, 14.526587764709149, 14.893291862758131, 15.26133673612159, 15.63042351825696, 16.000253131191602, 16.370527191755144, 16.74094898290219, 17.11122445940875, 17.481063262782136, 17.850179724720846, 18.218293842156324, 18.58513220999561, 18.950428900306093, 19.313926278946756, 19.675375752631172, 20.034538441161324, 20.391185771137053, 20.74509998885027, 21.096074591334244, 21.443914675667997, 21.78843720764225, 22.1294712117813, 22.466857885488775, 22.800450640747442, 23.130115077357445, 23.455728892147167, 23.777181728940675, 24.094374974320456, 24.407221504389863, 24.71564538782277, 25.019581550495776, 25.318975406938293, 25.613782463716273, 25.90396789969386, 26.18950612790248, 26.470380343496032, 26.746582061992328, 27.018110651701015, 27.284972863924548, 27.54718236419653, 27.804759267497147, 28.057729680062874, 28.306125250091554, 28.549982729337692, 28.78934354729947, 29.024253399420846, 29.254761850470793, 29.48092195401865, 29.702789888700647, 29.920424611767753, 30.133887530220125, 30.34324218966711, 30.548553980904686, 30.7498898640728, 30.947318110142856, 31.140908059389652, 31.33072989642098, 31.516854441271175, 31.699352956010543, 31.878296966280125, 32.053758097129055, 32.22580792250916, 32.39451782776698, 32.55995888446644, 32.72220173687465, 32.88131649944813, 33.03737266466626, 33.19043902057193, 33.34058357739638, 33.48787350266384, 33.6323750641934, 33.77415358043796, 33.913273377624336, 34.04979775318302, 34.18378894498164, 34.31530810590088, 34.444415283317355, 34.571169403082344, 34.69562825760994, 34.8178484977119, 34.93788562783946, 35.05579400441474, 35.1716268369558, 35.28543619171964, 35.397272997607374, 35.507187054094054, 35.61522704096335, 35.72144052964407, 35.82587399596102, 35.928572834127586, 36.02958137182141, 36.12894288619732, 36.226699620704096, 36.322892802582736, 36.417562660934834, 36.510748445259175, 36.60248844436406, 36.692820005571335, 36.78177955413583, 36.869402612811434, 36.95572382150154, 37.04077695693797, 37.12459495233815, 37.207209916995616, 37.28865315576371, 37.36895518839692, 37.448145768718184, 37.52625390358459, 37.60330787162683, 37.679335241741434, 37.754362891317186, 37.82841702418018, 37.90152318824398, 37.97370629285365, 38.04499062581454, 38.1153998700982, 38.184957120219565, 38.253684898281065, 38.32160516968047, 38.388739358480535, 38.455108362439645, 38.52073256770342, 38.585631863158284, 38.64982565444866, 38.71333287766004, 38.776172012671005, 38.838361096177536, 38.89991773439353, 38.960859115431894, 39.02120202137076, 39.08096284000987, 39.1401575763222, 39.19880186360634, 39.25691097434507, 39.31449983077596, 39.371583015179745, 39.42817477989239, 39.48428905704678, 39.539939468050086, 39.59513933280276, 39.64990167866522, 39.70423924917817, 39.75816451254256, 39.811689669865075, 39.86482666317511, 39.91758718321882, 39.9699826770363, 40.02202435532723, 40.0737231996108, 40.125089969185176, 40.17613520789215, 40.22686925069198, 40.27730223005381, 40.327444082166615, 40.37730455297573, 40.42689320404974, 40.47621941828256, 40.52529240543525, 40.57412120752218, 40.62271470404587, 40.67108161708487, 40.719230516238916, 40.767169823435225, 40.814907817600194, 40.86245263920014, 40.909812294654934, 40.95699466062814, 41.00400748819722, 41.05085840690724, 41.09755492871142, 41.14410445180171, 41.190514264332634, 41.236791548041325, 41.282943381766785, 41.3289767448712, 41.37489852056601, 41.420715499145565, 41.46643438113069, 41.512061780324956, 41.55760422678586, 41.60306816971332, 41.64845998025772, 41.69378595424972, 41.73905231485391, 41.78426521514825, 41.82943074063139, 41.874554911659615, 41.91964368581531, 41.96470296020865, 42.00973857371416, 42.05475630914384, 42.09976189535829, 42.14476100931739, 42.18975927807194, 42.234762280697595, 42.27977555017249, 42.324804575199636, 42.369854801975514, 42.41493163590574, 42.46004044326912, 42.505186552831056, 42.55037525740717, 42.59561181537829, 42.64090145215758, 42.686249361610585, 42.7316607074292, 42.777140624460095, 42.82269421998848, 42.868326574977736, 42.91404274526572, 42.95984776271812, 43.005746636339644, 43.051744353343324, 43.09784588017858, 43.144056163518464, 43.19038013120638, 43.23682269316278, 43.28338874225211, 43.330083155110295, 43.37691079293311, 43.4238765022256, 43.47098511551281, 43.518241452011985, 43.56565031826641, 43.61321650874102, 43.66094480637989, 43.70883998312566, 43.75690680040092, 43.8051500095517, 43.85357435225292, 43.9021845608759, 43.950985358817825, 43.99998146079315, 44.049177573086844, 44.09857839376936]]","[array([6.37688001e-05, 6.00799169e-05, 5.86664978e-05, 5.87303121e-05,
       5.97890278e-05, 6.15506887e-05, 6.38379292e-05, 6.65428589e-05,
       6.96001640e-05, 7.29708703e-05, 7.66325468e-05, 8.05733656e-05,
       8.47884797e-05, 8.92777985e-05, 9.40446088e-05, 9.90947108e-05,
       1.04435868e-04, 1.10077455e-04, 1.16030224e-04, 1.22306153e-04,
       1.28918341e-04, 1.35880944e-04, 1.43209129e-04, 1.50919047e-04,
       1.59027817e-04, 1.67553525e-04, 1.76515221e-04, 1.85932932e-04,
       1.95827671e-04, 2.06221460e-04, 2.17137343e-04, 2.28599415e-04,
       2.40632846e-04, 2.53263906e-04, 2.66520000e-04, 2.80429691e-04,
       2.95022738e-04, 3.10330124e-04, 3.26384089e-04, 3.43218165e-04,
       3.60867208e-04, 3.79367427e-04, 3.98756423e-04, 4.19073210e-04,
       4.40358254e-04, 4.62653496e-04, 4.86002380e-04, 5.10449875e-04,
       5.36042497e-04, 5.62828330e-04, 5.90857034e-04, 6.20179861e-04,
       6.50849657e-04, 6.82920862e-04, 7.16449506e-04, 7.51493194e-04,
       7.88111084e-04, 8.26363862e-04, 8.66313702e-04, 9.08024217e-04,
       9.51560400e-04, 9.96988553e-04, 1.04437620e-03, 1.09379200e-03,
       1.14530560e-03, 1.19898755e-03, 1.25490911e-03, 1.31314210e-03,
       1.37375874e-03, 1.43683136e-03, 1.50243224e-03, 1.57063333e-03,
       1.64150594e-03, 1.71512044e-03, 1.79154594e-03, 1.87084988e-03,
       1.95309764e-03, 2.03835215e-03, 2.12667334e-03, 2.21811772e-03,
       2.31273778e-03, 2.41058150e-03, 2.51169167e-03, 2.61610532e-03,
       2.72385306e-03, 2.83495832e-03, 2.94943675e-03, 3.06729536e-03,
       3.18853185e-03, 3.31313378e-03, 3.44107782e-03, 3.57232893e-03,
       3.70683957e-03, 3.84454891e-03, 3.98538208e-03, 4.12924940e-03,
       4.27604569e-03, 4.42564955e-03, 4.57792282e-03, 4.73270996e-03,
       4.88983763e-03, 5.04911428e-03, 5.21032987e-03, 5.37325573e-03,
       5.53764450e-03, 5.70323025e-03, 5.86972874e-03, 6.03683782e-03,
       6.20423802e-03, 6.37159335e-03, 6.53855217e-03, 6.70474844e-03,
       6.86980295e-03, 7.03332488e-03, 7.19491351e-03, 7.35416008e-03,
       7.51064985e-03, 7.66396430e-03, 7.81368348e-03, 7.95938848e-03,
       8.10066397e-03, 8.23710086e-03, 8.36829898e-03, 8.49386979e-03,
       8.61343980e-03, 8.72667145e-03, 8.83330096e-03, 8.93312863e-03,
       9.02599519e-03, 9.11176690e-03, 9.19032720e-03, 9.26157285e-03,
       9.32541280e-03, 9.38176872e-03, 9.43057644e-03, 9.47178781e-03,
       9.50537261e-03, 9.53132036e-03, 9.54964174e-03, 9.56036980e-03,
       9.56356069e-03, 9.55929402e-03, 9.54767293e-03, 9.52882369e-03,
       9.50289508e-03, 9.47005747e-03, 9.43050162e-03, 9.38443733e-03,
       9.33209187e-03, 9.27370836e-03, 9.20954391e-03, 9.13986787e-03,
       9.06495988e-03, 8.98510802e-03, 8.90060695e-03, 8.81175600e-03,
       8.71885747e-03, 8.62221486e-03, 8.52213125e-03, 8.41890780e-03,
       8.31284226e-03, 8.20422773e-03, 8.09335142e-03, 7.98049359e-03,
       7.86592657e-03, 7.74991399e-03, 7.63271001e-03, 7.51455875e-03,
       7.39569379e-03, 7.27633781e-03, 7.15670233e-03, 7.03698747e-03,
       6.91738191e-03, 6.79806285e-03, 6.67919607e-03, 6.56093607e-03,
       6.44342621e-03, 6.32679900e-03, 6.21117633e-03, 6.09666980e-03,
       5.98338107e-03, 5.87140224e-03, 5.76081620e-03, 5.65169710e-03,
       5.54411071e-03, 5.43811488e-03, 5.33375996e-03, 5.23108921e-03,
       5.13013923e-03, 5.03094039e-03, 4.93351721e-03, 4.83788880e-03,
       4.74406918e-03, 4.65206773e-03, 4.56188950e-03, 4.47353555e-03,
       4.38700332e-03, 4.30228689e-03, 4.21937733e-03, 4.13826295e-03,
       4.05892957e-03, 3.98136077e-03, 3.90553814e-03, 3.83144148e-03,
       3.75904902e-03, 3.68833761e-03, 3.61928289e-03, 3.55185947e-03,
       3.48604107e-03, 3.42180067e-03, 3.35911063e-03, 3.29794283e-03,
       3.23826877e-03, 3.18005966e-03, 3.12328653e-03, 3.06792029e-03,
       3.01393183e-03, 2.96129210e-03, 2.90997211e-03, 2.85994306e-03,
       2.81117635e-03, 2.76364363e-03, 2.71731684e-03, 2.67216826e-03,
       2.62817050e-03, 2.58529658e-03, 2.54351992e-03, 2.50281437e-03,
       2.46315420e-03, 2.42451418e-03, 2.38686952e-03, 2.35019592e-03,
       2.31446957e-03, 2.27966713e-03, 2.24576578e-03, 2.21274318e-03,
       2.18057752e-03, 2.14924743e-03, 2.11873210e-03, 2.08901116e-03,
       2.06006477e-03, 2.03187353e-03, 2.00441857e-03, 1.97768146e-03,
       1.95164424e-03, 1.92628943e-03, 1.90159999e-03, 1.87755932e-03,
       1.85415127e-03, 1.83136012e-03, 1.80917056e-03, 1.78756772e-03,
       1.76653711e-03, 1.74606465e-03, 1.72613664e-03, 1.70673977e-03,
       1.68786110e-03, 1.66948805e-03, 1.65160840e-03, 1.63421025e-03,
       1.61728209e-03, 1.60081268e-03, 1.58479115e-03, 1.56920691e-03,
       1.55404970e-03, 1.53930954e-03, 1.52497675e-03, 1.51104192e-03,
       1.49749593e-03, 1.48432991e-03, 1.47153528e-03, 1.45910368e-03,
       1.44702701e-03, 1.43529741e-03, 1.42390726e-03, 1.41284916e-03,
       1.40211594e-03, 1.39170062e-03, 1.38159645e-03, 1.37179688e-03,
       1.36229556e-03, 1.35308632e-03, 1.34416319e-03, 1.33552037e-03,
       1.32715225e-03, 1.31905337e-03, 1.31121847e-03, 1.30364241e-03,
       1.29632023e-03, 1.28924714e-03, 1.28241846e-03, 1.27582969e-03,
       1.26947644e-03, 1.26335449e-03, 1.25745971e-03, 1.25178815e-03,
       1.24633594e-03, 1.24109936e-03, 1.23607479e-03, 1.23125874e-03,
       1.22664782e-03, 1.22223876e-03, 1.21802838e-03, 1.21401363e-03,
       1.21019153e-03, 1.20655921e-03, 1.20311390e-03, 1.19985291e-03,
       1.19677365e-03, 1.19387361e-03, 1.19115036e-03, 1.18860156e-03,
       1.18622496e-03, 1.18401835e-03, 1.18197965e-03, 1.18010680e-03,
       1.17839785e-03, 1.17685090e-03, 1.17546411e-03, 1.17423574e-03,
       1.17316406e-03, 1.17224745e-03, 1.17148433e-03, 1.17087318e-03,
       1.17041254e-03, 1.17010099e-03, 1.16993718e-03, 1.16991981e-03,
       1.17004763e-03, 1.17031942e-03, 1.17073404e-03, 1.17129038e-03,
       1.17198736e-03, 1.17282397e-03, 1.17379923e-03, 1.17491219e-03,
       1.17616195e-03, 1.17754766e-03, 1.17906849e-03, 1.18072365e-03,
       1.18251238e-03, 1.18443396e-03, 1.18648770e-03, 1.18867295e-03,
       1.19098907e-03, 1.19343547e-03, 1.19601158e-03, 1.19871685e-03,
       1.20155075e-03, 1.20451280e-03, 1.20760253e-03, 1.21081948e-03,
       1.21416323e-03, 1.21763338e-03, 1.22122952e-03, 1.22495131e-03,
       1.22879837e-03, 1.23277039e-03, 1.23686703e-03, 1.24108800e-03,
       1.24543300e-03, 1.24990175e-03, 1.25449399e-03, 1.25920945e-03,
       1.26404789e-03])]","[[0, 6.376880005047202e-05, 0.00012384871691641303, 0.0001825152146708144, 0.00024124552681513788, 0.0003010345545861151, 0.0003625852432480471, 0.0004264231724635655, 0.0004929660313693523, 0.0005625661954174514, 0.0006355370657139335, 0.0007121696125016701, 0.000792742978119888, 0.0008775314578609428, 0.0009668092563606434, 0.0010608538651750614, 0.0011599485759297616, 0.0012643844442664053, 0.0013744618997507535, 0.001490492124242828, 0.0016127982770037697, 0.001741716617682758, 0.0018775975615033709, 0.0020208066903861298, 0.0021717257369637546, 0.002330753554001454, 0.0024983070787417336, 0.0026748222996151867, 0.0028607552312679245, 0.0030565829027503345, 0.00326280436286427, 0.0034799417059957656, 0.003708541121215279, 0.003949173966971861, 0.0042024378733169195, 0.0044689578732496, 0.004749387564466041, 0.005044410302508418, 0.005354740426038641, 0.0056811245146987845, 0.006024342679760057, 0.006385209887499229, 0.006764577314971398, 0.007163333737566632, 0.007582406947441745, 0.00802276520160348, 0.008485418698082607, 0.008971421078276537, 0.009481870953148, 0.01001791345054627, 0.010580741780462328, 0.011171598814537574, 0.011791778675614619, 0.012442628332545422, 0.013125549194854643, 0.013841998701191705, 0.01459349189479206, 0.015381602978404326, 0.016207966840323867, 0.017074280542303782, 0.017982304759190177, 0.018933865159149868, 0.019930853712325385, 0.02097522991466539, 0.02206902191254002, 0.02321432751256308, 0.024413315059809933, 0.02566822416634676, 0.026981366270679288, 0.02835512500739594, 0.029791956364930174, 0.03129438860801211, 0.0328650219400332, 0.034506527879225916, 0.0362216483212816, 0.03801319425981423, 0.039884044134950045, 0.04183714177930899, 0.043875493929773454, 0.04600216727274521, 0.04822028499010851, 0.05053302277288456, 0.052943604269621296, 0.05545529593695653, 0.05807140126056843, 0.06079525431593302, 0.06363021263999268, 0.06657964938705298, 0.06964694474501627, 0.07283547659147697, 0.07614861037329104, 0.07958968819803118, 0.0831620171312852, 0.08686885670007503, 0.09071340560978738, 0.09469878768991921, 0.09882803709264777, 0.10310408277771115, 0.10752973232729357, 0.11210765514548857, 0.11684036510838287, 0.12173020274275892, 0.12677931702372688, 0.13198964689411347, 0.13736290262097703, 0.14290054711698227, 0.14860377736632854, 0.1544735061062354, 0.16051034392538402, 0.16671458194991567, 0.17308617529531312, 0.17962472746845073, 0.18632947590801402, 0.19319927885308785, 0.20023260372875465, 0.20742751723380978, 0.2147816773090203, 0.22229232715459835, 0.2299562914526658, 0.2377699749344479, 0.24572936341281948, 0.25383002737878096, 0.26206712823568346, 0.2704354272178493, 0.2789292970110215, 0.2875427368101528, 0.29626940826327997, 0.30510270922470134, 0.31403583785241274, 0.32306183304736846, 0.33217359994676005, 0.34136392714181435, 0.35062549998924836, 0.3599509127911867, 0.3693326815130962, 0.3787632579521041, 0.38823504575765483, 0.3977404183701285, 0.40727173872877814, 0.41682138047100775, 0.42638175027423636, 0.43594531096071143, 0.4455046049815275, 0.4550522779095949, 0.46458110159601096, 0.47408399667581347, 0.48355405414441116, 0.49298455576303, 0.5023689930888715, 0.5117010849623902, 0.5209747933195084, 0.5301843372302402, 0.539324205096786, 0.548389164973465, 0.5573742729977312, 0.5662748799458729, 0.5750866359487732, 0.583805493422293, 0.5924277082834425, 0.6009498395375711, 0.6093687473334116, 0.6176815895920358, 0.6258858173227575, 0.6339791687438742, 0.6419596623290239, 0.6498255889010331, 0.65757550289459, 0.6652082129071074, 0.672722771653903, 0.6801184654395107, 0.687394803251731, 0.6945515055790927, 0.7015884930459029, 0.7085058749521569, 0.7153039377984141, 0.7219831338684282, 0.728544069934994, 0.7349874961472073, 0.7413142951502428, 0.7475254714818927, 0.7536221412835402, 0.7596055223570227, 0.765476924592993, 0.771237740790947, 0.7768894378860676, 0.7824335485934453, 0.7878716634760734, 0.7932054234392805, 0.7984365126509383, 0.8035666518838576, 0.8085975922742373, 0.8135311094878485, 0.8183689982837773, 0.8231130674640177, 0.8277651351959457, 0.8323270246937216, 0.8368005602439075, 0.8411875635600552, 0.8454898504506618, 0.849709227784714, 0.8538474907390056, 0.8579064203115051, 0.861887781085253, 0.8657933192275599, 0.8696247607096508, 0.8733838097323312, 0.877072147343736, 0.8806914302357437, 0.8842432897061918, 0.8877293307745969, 0.8911511314396711, 0.894510242067512, 0.8978081848999349, 0.901046453672998, 0.9042265133363481, 0.9073497998645741, 0.9104177201523059, 0.9134316519853222, 0.9163929440804423, 0.9193029161874694, 0.9221628592469168, 0.9249740355976972, 0.9277376792293812, 0.9304549960740315, 0.9331271643329986, 0.9357553348344266, 0.9383406314175502, 0.9408841513401843, 0.9433869657061039, 0.9458501199092879, 0.9482746340922633, 0.9506615036160246, 0.9530116995392307, 0.9553261691045897, 0.9576058362305361, 0.9598516020064854, 0.9620643451901173, 0.964244922705291, 0.9663941701393424, 0.9685129022386373, 0.9706019134013829, 0.9726619781668028, 0.97469385169989, 0.9766982702710394, 0.9786759517299518, 0.9806275959732749, 0.9825538854055239, 0.9844554853928841, 0.9863330447095602, 0.9881871959763912, 0.9900185560914979, 0.9918277266527753, 0.9936152943720813, 0.9953818314810121, 0.9971278961281846, 0.9988540327679782, 1.0005607725407129, 1.0022486336442669, 1.0039181216971556, 1.0055697300931146, 1.007203940347246, 1.0088212224338007, 1.0104220351156858, 1.0120068262657913, 1.0135760331802501, 1.0151300828837444, 1.0166693924269834, 1.0181943691764848, 1.0197054110967942, 1.0212029070252846, 1.0226872369396778, 1.0241587722184369, 1.025617875894176, 1.0270649029002406, 1.0285002003106054, 1.0299241075732468, 1.0313369567371369, 1.0327390726730121, 1.0341307732880674, 1.0355123697347244, 1.0368841666136228, 1.038246462170979, 1.03959954849046, 1.0409437116797127, 1.042279232051689, 1.0436063843009076, 1.044925437674785, 1.0462366561401708, 1.0475402985452171, 1.048836618776711, 1.0501258659129955, 1.0514082843725991, 1.0526841140586973, 1.0539535904995196, 1.0552169449848192, 1.0564744046985135, 1.0577261928476065, 1.0589725287874983, 1.060213628143782, 1.0614497029306318, 1.0626809616658774, 1.0639076094828595, 1.0651298482391582, 1.0663478766222854, 1.0675618902524242, 1.0687720817823039, 1.0699786409942875, 1.0711817548947546, 1.072381607805854, 1.0735783814547, 1.0747722550600876, 1.0759634054167901, 1.0771520069775127, 1.0783382319325618, 1.0795222502872979, 1.0807042299374277, 1.0818843367421977, 1.083062734595545, 1.0842395854952585, 1.0854150496102053, 1.0865892853456716, 1.087762449406867, 1.0889346968606413, 1.0901061811954558, 1.0912770543796553, 1.0924474669180821, 1.0936175679070714, 1.0947875050878684, 1.0959574248985016, 1.0971274725241507, 1.0982977919460417, 1.0994685259889014, 1.1006398163670033, 1.1018118037288336, 1.1029846277004085, 1.1041584269272646, 1.1053333391151545, 1.1065095010694668, 1.1076870487333972, 1.1088661172248908, 1.1100468408723778, 1.111229353249321, 1.1124137872075954, 1.113600274909717, 1.114788947859934, 1.1159799369342027, 1.1171733724090556, 1.1183693839893791, 1.1195681008351126, 1.120769651586879, 1.1219741643905596, 1.123181766920821, 1.124392586403605, 1.1256067496375866, 1.1268243830146105, 1.1280456125391114, 1.1292705638465208, 1.130499362220671, 1.131732132610195, 1.132968999643929, 1.134210087645319, 1.1354555206458337, 1.1367054223973856, 1.1379599163837604, 1.1392191258310562, 1.1404831737171313]]"
50.0,80.0,4,120,360,I0-S0,"[[0.01, 0.009218546420913139, 0.008861068736292907, 0.008775059817687893, 0.008868448506442047, 0.00908555155190255, 0.009392518909940983, 0.009768610055625428, 0.010201063596024818, 0.010682016072005392, 0.011206643436670442, 0.011772035605521418, 0.0123765114896098, 0.013019199131626424, 0.013699775801506749, 0.014418304977830006, 0.015175132334435121, 0.015970817938960092, 0.016806090908365243, 0.017681818185174256, 0.018598982350982278, 0.01955866535043361, 0.02056203617947188, 0.021610341307211234, 0.022704897037232098, 0.023847083282697065, 0.025038338396974055, 0.026280154807318355, 0.027574075267523823, 0.028921689590692985, 0.030324631754077933, 0.031784577289575545, 0.033303240889139954, 0.03488237416608924, 0.03652376352227539, 0.03822922807815, 0.04000061762841032, 0.041839810590498815, 0.04374871191699484, 0.04572925094605333, 0.04778337916664054, 0.049913067877490176, 0.05212030572053323, 0.0544070960711052, 0.05677545426855764, 0.05922740467204213, 0.06176497752723202, 0.06439020563063298, 0.06710512077893749, 0.06991174999162515, 0.07281211149572457, 0.07580821046235148, 0.07890203448534329, 0.08209554879303671, 0.08539069118499922, 0.08878936668634146, 0.09229344191311911, 0.09590473914329162, 0.09962503008875416, 0.10345602936510799, 0.10739938765709386, 0.11145668457899298, 0.1156294212308077, 0.11991901245267945, 0.12432677878178897, 0.12885393811792156, 0.13350159710597162, 0.13827074224590935, 0.14316223074314227, 0.1481767811147718, 0.15331496356997487, 0.1585771901856227, 0.16396370490128476, 0.16947457336094224, 0.17510967263204555, 0.18086868083597996, 0.18675106672753705, 0.1927560792646075, 0.19888273721299193, 0.20512981883494372, 0.21149585171378313, 0.21797910277062157, 0.22457756853287364, 0.23128896571777013, 0.238110722197477, 0.2450399684156228, 0.2520735293279941, 0.2592079169428175, 0.2664393235383572, 0.2737636156374572, 0.28117632882008875, 0.28867266345587106, 0.2962474814388507, 0.30389530400649606, 0.31161031072383305, 0.31938633971185976, 0.3272168891967785, 0.33509512045313533, 0.3430138622096132, 0.35096561658095765, 0.35894256658330126, 0.3669365852829805, 0.37493924662080524, 0.38294183794465997, 0.3909353742733079, 0.39891061430337654, 0.4068580781597772, 0.4147680668773217, 0.42263068358813133, 0.4304358563756864, 0.4381733627421553, 0.4458328556211006, 0.45340389085292754, 0.460875956025681, 0.4682385005691684, 0.47548096697607095, 0.4825928230098859, 0.4895635947464002, 0.4963829002831261, 0.5030404839399071, 0.5095262507639213, 0.5158303011437274, 0.5219429653299854, 0.5278548376551823, 0.5335568102412241, 0.5390406595216827, 0.5443045887383025, 0.5493556565686222, 0.5542057577684094, 0.5588685861326764, 0.5633577776690477, 0.5676858288715806, 0.5718635211801638, 0.5758996722182005, 0.579801093925781, 0.5835726775222222, 0.5872175520024329, 0.590737280944682, 0.5941320746420817, 0.5974010028603884, 0.6005421991347085, 0.6035530512976197, 0.6064303754571725, 0.609170572308275, 0.6117697657349586, 0.6142239243302483, 0.6165289668539226, 0.6186808528560823, 0.6206756597785782, 0.6225096478503298, 0.6241793140464496, 0.6256814363054849, 0.6270131091080522, 0.6281717714230322, 0.6291552279304433, 0.6299616643369242, 0.6305896575126865, 0.6310381810989991, 0.6313066071631509, 0.6313947044133665, 0.6313026334289568, 0.631030939310543, 0.6305805421108859, 0.6299527253680075, 0.6291491230283006, 0.6281717050175236, 0.6270227616914474, 0.62570488737491, 0.6242209631777096, 0.6225741392577044, 0.620767816685357, 0.6188056290494468, 0.6166914239305412, 0.6144292443568273, 0.6120233103459106, 0.6094780006260232, 0.6067978346206331, 0.6039874547716307, 0.6010516092679871, 0.597995135239, 0.5948229424639015, 0.5915399976426701, 0.5881513092663518, 0.5846619131190113, 0.581076858437613, 0.5774011947506523, 0.5736399594112095, 0.5697981658352909, 0.5658807924518335, 0.5618927723665893, 0.557838983738261, 0.5537242408617375, 0.5495532859500566, 0.5453307816038077, 0.5410613039540748, 0.536749336462684, 0.5323992643614746, 0.5280153697105292, 0.5236018270537761, 0.5191626996490972, 0.5147019362490339, 0.5102233684073568, 0.5057307082861479, 0.501227546937621, 0.4967173530346594, 0.4922034720239675, 0.4876891256758055, 0.4831774120044806, 0.4786713055340994, 0.47417365788452515, 0.4696871986530209, 0.465214536567684, 0.4607581608894703, 0.45632044304036623, 0.45190363843607717, 0.44750988850245105, 0.4431412228557412, 0.43879956162772216, 0.4344867179175967, 0.4302044003535667, 0.4259542157478797, 0.4217376718300956, 0.41755618004424566, 0.41341105839646974, 0.4093035343406123, 0.40523474769013673, 0.4012057535455686, 0.39721752522750425, 0.3932709572060225, 0.38936686801810316, 0.385506003165395, 0.38168903798538106, 0.37791658048966187, 0.37418917416371583, 0.37050730072310306, 0.3668713828216512, 0.36328178670770167, 0.35973882482500186, 0.3562427583553051, 0.35279379970018343, 0.34939211489997285, 0.34603782598815536, 0.3427310132798382, 0.33947171759331934, 0.3362599424040328, 0.3330956559304421, 0.3299787931517083, 0.3269092577571862, 0.32388692402801583, 0.3209116386512624, 0.3179832224672322, 0.3151014721507402, 0.3122661618272432, 0.3094770446248718, 0.3067338541634973, 0.3040363059820631, 0.30138409890548673, 0.2987769163525055, 0.29621442758589406, 0.2936962889065283, 0.2912221447928038, 0.28879162898694705, 0.2864043655297755, 0.2840599697454765, 0.28175804917797953, 0.27949820448049834, 0.2772800302598134, 0.27510311587685593, 0.2729670462051405, 0.27087140234857654, 0.2688157623201666, 0.2667997016830767, 0.26482279415553794, 0.26288461218100784, 0.26098472746499296, 0.259122711479899, 0.25729813593924394, 0.25551057324253335, 0.2537595968920639, 0.2520447818828837, 0.25036570506710293, 0.2487219454937114, 0.2471130847250229, 0.24553870713083042, 0.24399840016131902, 0.24249175459974764, 0.2410183647958751, 0.2395778288810702, 0.23816974896601084, 0.23679373132184348, 0.2354493865456393, 0.23413632971095227, 0.2328541805042501, 0.2316025633479592, 0.2303811075108332, 0.2291894472063248, 0.22802722167961176, 0.22689407528389938, 0.2257896575465947, 0.22471362322592056, 0.22366563235851242, 0.22264535029851545, 0.22165244774867596, 0.2206866007838968, 0.2197474908677055, 0.21883480486206117, 0.217948235030905, 0.2170874790378407, 0.21625223993831041, 0.2154422261666133, 0.21465715151809708, 0.2138967351268347, 0.21316070143908183, 0.2124487801827964, 0.2117607063334842, 0.21109622007662232, 0.2104550667668964, 0.2098369968844758, 0.20924176598853736, 0.20866913466823636, 0.20811886849131198, 0.20759073795050334, 0.2070845184079415, 0.20659999003767276, 0.20613693776645917, 0.2056951512129928, 0.20527442462565162, 0.20487455681891636, 0.20449535110856026, 0.2041366152457155, 0.20379816134991324, 0.20347980584118733, 0.20318136937132536, 0.2029026767543444, 0.20264355689626276, 0.20240384272423428, 0.20218337111510568, 0.20198198282345242, 0.20179952240914487, 0.2016358381644907, 0.2014907820409965, 0.2013642095757863, 0.2012559798177125, 0.20116595525318962, 0.20109400173177872, 0.20103998839154755, 0.20100378758422732, 0.2009852748001856, 0.20098432859323104, 0.20100083050526416, 0.20103466499078532, 0.20108571934126954, 0.20115388360941516, 0.2012390505332724, 0.20134111546025513, 0.20145997627103837, 0.2015955333033423, 0.2017476892756019, 0.20191634921052112, 0.20210142035850784, 0.20230281212098655, 0.20252043597358335, 0.2027542053891783, 0.2030040357608182, 0.20326984432448372, 0.20355155008170278]]","[[0.01, 0.011673645222856313, 0.01362924433757481, 0.01580189558251425, 0.018156401288824855, 0.020675381539292544, 0.02335203986918223, 0.02618582436317758, 0.029179945960399314, 0.03233991711233965, 0.035672691932994736, 0.03918616445322757, 0.042888879798203466, 0.04678987154371301, 0.05089857351142729, 0.0552247752048974, 0.05977860260082354, 0.06457051347574125, 0.06961130089489374, 0.07491210113270223, 0.08048440386017208, 0.08634006335870975, 0.09249131006204982, 0.0989507620434313, 0.10573143624632211, 0.11284675935895519, 0.12031057828845683, 0.12813717021884252, 0.1363412522501117, 0.1449379906198537, 0.15394300950813608, 0.163372399423277, 0.17324272516171868, 0.18357103333034783, 0.1943748594146555, 0.2056722343712917, 0.21748169071894566, 0.22982226809710177, 0.24271351825808574, 0.2561755094539112, 0.27022883017574045, 0.28489459220026736, 0.3001944328939905, 0.31615051672316097, 0.3327855359141435, 0.3501227102060187, 0.36818578563447274, 0.38699903228336824, 0.40658724093787274, 0.4269757185706456, 0.4481902825903603, 0.47025725377978506, 0.4932034478487725, 0.5170561655258461, 0.5418431811106317, 0.5675927294082034, 0.5943334909655104, 0.6220945755294681, 0.650905503646057, 0.6807961863199163, 0.7117969026544815, 0.7439382753937376, 0.7772512442881799, 0.8117670372096331, 0.847517138942228, 0.8845332575801065, 0.9228472884663661, 0.9624912756124191, 1.0034973705423493, 1.045897788513072, 1.0897247620681494, 1.1350104918910469, 1.1817870949324552, 1.2300865497960791, 1.2799406393780477, 1.3313808907668196, 1.3844385124231946, 1.439144328673768, 1.4955287115658982, 1.5536215101479738, 1.6134519772554468, 1.6750486939007112, 1.7384394913833932, 1.8036513712569284, 1.8707104233073621, 1.939641741721008, 2.0104693396388673, 2.083216062317388, 2.157903499137112, 2.2345518947228795, 2.3131800594612915, 2.3938052797230145, 2.4764432281188804, 2.561107874139529, 2.647811395548209, 2.7365640909151363, 2.8273742936991937, 2.920248288298544, 3.0151902285055865, 3.1122020588134287, 3.2112834390303333, 3.3124316726652343, 3.4156416395511155, 3.520905733173586, 3.628213803169152, 3.7375531034512908, 3.8489082464122815, 3.962261163634747, 4.077591073528865, 4.194874456289196, 4.314085036539001, 4.435193773999806, 4.558168862489963, 4.682975737518035, 4.809577092695384, 4.937932905147384, 5.068000470054668, 5.199734444404994, 5.333086899983112, 5.468007385570806, 5.604442998272655, 5.742338463825373, 5.881636225690502, 6.0222765426723015, 6.164197594745373, 6.307336178635024, 6.451634069507535, 6.597042639487277, 6.7435206100511005, 6.891031835994332, 7.039543651805042, 7.189025623005471, 7.339448595648303, 7.490783969912895, 7.643003145376205, 7.796077100028892, 7.949976074988341, 8.10466934372445, 8.26012504948016, 8.416310098091573, 8.573190096017056, 8.730729325349442, 8.888890749095333, 9.047636041185418, 9.206925636615388, 9.366718797868302, 9.526973694379016, 9.68764749230064, 9.848696452245196, 10.01007603301331, 10.171740999614224, 10.333645534118647, 10.495743348090874, 10.657987795520368, 10.820331985321605, 10.98272889259914, 11.145131467985813, 11.307492744458965, 11.469765941124507, 11.631904563533924, 11.793862500166135, 11.955594114765901, 12.117054334284301, 12.278198732215373, 12.438983607167147, 12.59936605654541, 12.759304045265194, 12.918756469438472, 13.077683215017043, 13.236045211397663, 13.393804480021844, 13.550924178026008, 13.707368637018645, 13.863103397080087, 14.018095236097531, 14.172312194562972, 14.325723595975095, 14.47830006299773, 14.630013529537413, 14.78083724891099, 14.930745798281105, 15.079715079542803, 15.227722316848675, 15.374746050962793, 15.520766130635334, 15.665763701190372, 15.809721190518843, 15.952622292667293, 16.094451949210672, 16.235196328594487, 16.374842803627715, 16.513379927303607, 16.650797407120464, 16.787086078069024, 16.922237874447315, 17.056245800657567, 17.189103901133283, 17.320807229537888, 17.451351817369527, 17.580734642099515, 17.708953594964964, 17.83600744852902, 17.961895824115064, 18.086619159214298, 18.21017867495917, 18.332576343748404, 18.453814857102692, 18.5738975938237, 18.69282858852278, 18.810612500579737, 18.92725458358611, 19.042760655321946, 19.15713706830958, 19.27039068098294, 19.38252882950591, 19.49355930026892, 19.603490303088265, 19.712330445128945, 19.82008870556768, 19.926774411009355, 20.032397211666744, 20.136967058310262, 20.240494179991657, 20.342989062542863, 20.444462427848837, 20.544925213890973, 20.644388555555636, 20.742863766200585, 20.840362319970296, 20.93689583484984, 21.032476056445518, 21.12711484247941, 21.220824147983866, 21.31361601118112, 21.40550254003252, 21.496495899441012, 21.586608299090283, 21.675851981903225, 21.764239213102254, 21.851782269853725, 21.93849343147841, 22.024384970210036, 22.109469142483796, 22.193758180736733, 22.27726428570203, 22.35999961917942, 22.441976297263906, 22.523206384015538, 22.60370188555282, 22.683474744553028, 22.76253683514269, 22.840899958162023, 22.918575836787376, 22.99557611249613, 23.07191234135889, 23.14759599064416, 23.222638435721183, 23.29705095724695, 23.3708447386238, 23.444030863714566, 23.51662031480248, 23.588623970783573, 23.66005260557969, 23.730916886760692, 23.801227374364736, 23.870994519906024, 23.94022866555977, 24.00894004351453, 24.077138775482425, 24.14483487235813, 24.212038234017978, 24.278758649250765, 24.345005795812227, 24.410789240595584, 24.476118439910742, 24.541002739865217, 24.60545137684, 24.669473478054044, 24.73307806221118, 24.79627404022377, 24.859070216007428, 24.921475287341604, 24.983497846791, 25.045146382683022, 25.106429280136748, 25.1673548221391, 25.227931190664098, 25.288166467831388, 25.348068637100262, 25.407645584495775, 25.466905099863627, 25.52585487815066, 25.58450252070806, 25.642855536614455, 25.700921344016272, 25.758707271482873, 25.816220559374123, 25.873468361218187, 25.93045774509747, 25.98719569504073, 26.04368911241955, 26.099944817347435, 26.155969550079867, 26.211769972413858, 26.267352669085536, 26.32272414916442, 26.377890847443155, 26.432859125821526, 26.487635274683665, 26.5422255142674, 26.596635996024848, 26.650872803973314, 26.704941956035707, 26.758849405369688, 26.812601041684843, 26.86620269254723, 26.919660124670674, 26.972979045194254, 27.026165102945463, 27.079223889688546, 27.132160941357597, 27.18498173927397, 27.237691711347658, 27.290296233262296, 27.342800629643463, 27.395210175209975, 27.447530095907958, 27.499765570027414, 27.551921729301085, 27.604003659985413, 27.656016403923417, 27.707964959589322, 27.75985428311481, 27.81168928929672, 27.863474852586155, 27.915215808058786, 27.96691695236637, 28.018583044669285, 28.07021880755013, 28.121828927908194, 28.173418057834816, 28.224990815469585, 28.276551785837256, 28.32810552166544, 28.37965654418293, 28.431209343898704, 28.482768381361538, 28.534338087900174, 28.585922866344085, 28.63752709172473, 28.689155111957323, 28.740811248503064, 28.792499797011846, 28.844225027945342, 28.895991187180513, 28.947802496593493, 28.999663154623775, 29.05157733681875, 29.103549196358486, 29.155582864560785, 29.207682451366416, 29.259852045804557, 29.312095716438343, 29.364417511790517, 29.416821460749137, 29.46931157295328]]","[array([6.37688001e-05, 6.00799169e-05, 5.86664978e-05, 5.87303121e-05,
       5.97890183e-05, 6.15504149e-05, 6.38361909e-05, 6.65368326e-05,
       6.95849007e-05, 7.29388950e-05, 7.65735156e-05, 8.04737522e-05,
       8.46312754e-05, 8.90422155e-05, 9.37057797e-05, 9.86233776e-05,
       1.03798059e-04, 1.09234142e-04, 1.14936960e-04, 1.20912690e-04,
       1.27168221e-04, 1.33711062e-04, 1.40549269e-04, 1.47691389e-04,
       1.55146412e-04, 1.62923735e-04, 1.71033130e-04, 1.79484716e-04,
       1.88288936e-04, 1.97456538e-04, 2.06998555e-04, 2.16926289e-04,
       2.27251296e-04, 2.37985370e-04, 2.49140530e-04, 2.60729008e-04,
       2.72763232e-04, 2.85255814e-04, 2.98219537e-04, 3.11667338e-04,
       3.25612294e-04, 3.40067607e-04, 3.55046584e-04, 3.70562623e-04,
       3.86629192e-04, 4.03259807e-04, 4.20468014e-04, 4.38267364e-04,
       4.56671388e-04, 4.75693572e-04, 4.95347330e-04, 5.15645975e-04,
       5.36602685e-04, 5.58230473e-04, 5.80542151e-04, 6.03550294e-04,
       6.27267203e-04, 6.51704862e-04, 6.76874893e-04, 7.02788521e-04,
       7.29456515e-04, 7.56889149e-04, 7.85096148e-04, 8.14086634e-04,
       8.43869073e-04, 8.74451218e-04, 9.05840052e-04, 9.38041726e-04,
       9.71061496e-04, 1.00490366e-03, 1.03957151e-03, 1.07506723e-03,
       1.11139185e-03, 1.14854520e-03, 1.18652580e-03, 1.22533080e-03,
       1.26495594e-03, 1.30539545e-03, 1.34664200e-03, 1.38868660e-03,
       1.43151859e-03, 1.47512550e-03, 1.51949306e-03, 1.56460508e-03,
       1.61044343e-03, 1.65698797e-03, 1.70421650e-03, 1.75210468e-03,
       1.80062606e-03, 1.84975199e-03, 1.89945157e-03, 1.94969170e-03,
       2.00043697e-03, 2.05164973e-03, 2.10329004e-03, 2.15531567e-03,
       2.20768216e-03, 2.26034282e-03, 2.31324873e-03, 2.36634884e-03,
       2.41959000e-03, 2.47291703e-03, 2.52627279e-03, 2.57959828e-03,
       2.63283273e-03, 2.68591374e-03, 2.73877736e-03, 2.79135826e-03,
       2.84358987e-03, 2.89540452e-03, 2.94673363e-03, 2.99750788e-03,
       3.04765740e-03, 3.09711196e-03, 3.14580120e-03, 3.19365478e-03,
       3.24060267e-03, 3.28657533e-03, 3.33150395e-03, 3.37532067e-03,
       3.41795884e-03, 3.45935319e-03, 3.49944012e-03, 3.53815791e-03,
       3.57544765e-03, 3.61127173e-03, 3.64564941e-03, 3.67864596e-03,
       3.71034799e-03, 3.74084738e-03, 3.77023169e-03, 3.79857871e-03,
       3.82595385e-03, 3.85240919e-03, 3.87798366e-03, 3.90270391e-03,
       3.92658545e-03, 3.94963408e-03, 3.97184728e-03, 3.99321563e-03,
       4.01372408e-03, 4.03335324e-03, 4.05208040e-03, 4.06988057e-03,
       4.08672734e-03, 4.10259361e-03, 4.11745226e-03, 4.13127670e-03,
       4.14404137e-03, 4.15572209e-03, 4.16629642e-03, 4.17574393e-03,
       4.18404637e-03, 4.19118788e-03, 4.19715509e-03, 4.20193720e-03,
       4.20552605e-03, 4.20791612e-03, 4.20910455e-03, 4.20909111e-03,
       4.20787815e-03, 4.20547056e-03, 4.20187571e-03, 4.19710331e-03,
       4.19116539e-03, 4.18407616e-03, 4.17585191e-03, 4.16651090e-03,
       4.15607325e-03, 4.14456081e-03, 4.13199703e-03, 4.11840686e-03,
       4.10381661e-03, 4.08825384e-03, 4.07174723e-03, 4.05432643e-03,
       4.03602200e-03, 4.01686525e-03, 3.99688814e-03, 3.97612317e-03,
       3.95460327e-03, 3.93236171e-03, 3.90943195e-03, 3.88584765e-03,
       3.86164245e-03, 3.83684999e-03, 3.81150379e-03, 3.78563714e-03,
       3.75928310e-03, 3.73247438e-03, 3.70524329e-03, 3.67762168e-03,
       3.64964092e-03, 3.62133179e-03, 3.59272451e-03, 3.56384864e-03,
       3.53473307e-03, 3.50540599e-03, 3.47589486e-03, 3.44622640e-03,
       3.41642653e-03, 3.38652041e-03, 3.35653238e-03, 3.32648596e-03,
       3.29640389e-03, 3.26630804e-03, 3.23621949e-03, 3.20615847e-03,
       3.17614441e-03, 3.14619590e-03, 3.11633075e-03, 3.08656594e-03,
       3.05691768e-03, 3.02740138e-03, 2.99803171e-03, 2.96882256e-03,
       2.93978710e-03, 2.91093777e-03, 2.88228631e-03, 2.85384377e-03,
       2.82562053e-03, 2.79762632e-03, 2.76987024e-03, 2.74236076e-03,
       2.71510578e-03, 2.68811262e-03, 2.66138803e-03, 2.63493823e-03,
       2.60876894e-03, 2.58288536e-03, 2.55729224e-03, 2.53199384e-03,
       2.50699401e-03, 2.48229616e-03, 2.45790331e-03, 2.43381807e-03,
       2.41004272e-03, 2.38657916e-03, 2.36342897e-03, 2.34059341e-03,
       2.31807345e-03, 2.29586974e-03, 2.27398270e-03, 2.25241247e-03,
       2.23115896e-03, 2.21022184e-03, 2.18960058e-03, 2.16929442e-03,
       2.14930245e-03, 2.12962355e-03, 2.11025645e-03, 2.09119971e-03,
       2.07245176e-03, 2.05401089e-03, 2.03587526e-03, 2.01804291e-03,
       2.00051179e-03, 1.98327974e-03, 1.96634451e-03, 1.94970377e-03,
       1.93335511e-03, 1.91729606e-03, 1.90152408e-03, 1.88603658e-03,
       1.87083092e-03, 1.85590441e-03, 1.84125435e-03, 1.82687796e-03,
       1.81277249e-03, 1.79893511e-03, 1.78536301e-03, 1.77205335e-03,
       1.75900329e-03, 1.74620997e-03, 1.73367054e-03, 1.72138214e-03,
       1.70934192e-03, 1.69754703e-03, 1.68599462e-03, 1.67468189e-03,
       1.66360600e-03, 1.65276416e-03, 1.64215360e-03, 1.63177154e-03,
       1.62161526e-03, 1.61168203e-03, 1.60196917e-03, 1.59247400e-03,
       1.58319390e-03, 1.57412624e-03, 1.56526844e-03, 1.55661797e-03,
       1.54817229e-03, 1.53992892e-03, 1.53188540e-03, 1.52403931e-03,
       1.51638827e-03, 1.50892991e-03, 1.50166193e-03, 1.49458203e-03,
       1.48768797e-03, 1.48097754e-03, 1.47444855e-03, 1.46809887e-03,
       1.46192639e-03, 1.45592904e-03, 1.45010479e-03, 1.44445164e-03,
       1.43896762e-03, 1.43365082e-03, 1.42849933e-03, 1.42351132e-03,
       1.41868495e-03, 1.41401845e-03, 1.40951006e-03, 1.40515806e-03,
       1.40096079e-03, 1.39691659e-03, 1.39302385e-03, 1.38928098e-03,
       1.38568645e-03, 1.38223874e-03, 1.37893637e-03, 1.37577789e-03,
       1.37276187e-03, 1.36988694e-03, 1.36715174e-03, 1.36455493e-03,
       1.36209523e-03, 1.35977137e-03, 1.35758211e-03, 1.35552623e-03,
       1.35360257e-03, 1.35180995e-03, 1.35014726e-03, 1.34861340e-03,
       1.34720729e-03, 1.34592788e-03, 1.34477415e-03, 1.34374509e-03,
       1.34283974e-03, 1.34205715e-03, 1.34139637e-03, 1.34085652e-03,
       1.34043670e-03, 1.34013606e-03, 1.33995375e-03, 1.33988895e-03,
       1.33994087e-03, 1.34010872e-03, 1.34039175e-03, 1.34078920e-03,
       1.34130036e-03, 1.34192453e-03, 1.34266100e-03, 1.34350912e-03,
       1.34446821e-03, 1.34553765e-03, 1.34671681e-03, 1.34800507e-03,
       1.34940183e-03, 1.35090653e-03, 1.35251857e-03, 1.35423741e-03,
       1.35606251e-03])]","[[0, 6.376880005047202e-05, 0.00012384871691641303, 0.0001825152146708144, 0.00024124552681513788, 0.00030103454512701286, 0.00036258495998029225, 0.0004264211508455106, 0.0004929579834902467, 0.0005625428841645264, 0.0006354817791253067, 0.0007120552947456145, 0.000792529046976459, 0.0008771603223918597, 0.0009662025379200143, 0.0010599083175861662, 0.0011585316952308679, 0.0012623297542021079, 0.0013715638957539867, 0.001486500855779947, 0.001607413545693241, 0.00173458176644873, 0.0018682928281189065, 0.002008842097044676, 0.002156533485950389, 0.0023116798980846254, 0.0024746036335450065, 0.0026456367639356914, 0.0028251214800672163, 0.0030134104163418362, 0.00321086695465086, 0.0034178655099662706, 0.003634791799287758, 0.003862043095175547, 0.004100028464737144, 0.004349168994627055, 0.004609898002351566, 0.004882661233937738, 0.005167917047820543, 0.005466136584619685, 0.005777803922314285, 0.006103416216176032, 0.006443483822687204, 0.006798530406546905, 0.007169093029755478, 0.00755572222166173, 0.0079589820287595, 0.008379450042928189, 0.008817717406725592, 0.009274388794260272, 0.009750082366094434, 0.010245429696556715, 0.010761075671777382, 0.011297678356696346, 0.011855908829237207, 0.012436450979788622, 0.013040001274088086, 0.013667268477563027, 0.014318973339150727, 0.014995848232592427, 0.0156986367531789, 0.016428093267915448, 0.017184982417074605, 0.017970078565115684, 0.018784165198972448, 0.019628034271745066, 0.02050248548988038, 0.021408325541987266, 0.02234636726751187, 0.02331742876359221, 0.024322332428524013, 0.025361903940400634, 0.02643697116964079, 0.02754836302428927, 0.02869690822716889, 0.02988343402417766, 0.031108764823263843, 0.032373720763874306, 0.03367911621695861, 0.03502575821592286, 0.03641444481926399, 0.03784596340597635, 0.0393210889052083, 0.04084058196205606, 0.0424051870418152, 0.04401563047546456, 0.045672618449633086, 0.04737683494479405, 0.049128939625941705, 0.05092956569053046, 0.0527793176789923, 0.05467876925369205, 0.056628460952728055, 0.05862889792553334, 0.060680547657776016, 0.06278383769359161, 0.06493915336369911, 0.06714683552845219, 0.06940717834534997, 0.07172042707097329, 0.07408677590771512, 0.07650636590603258, 0.07897928293325483, 0.08150555572023187, 0.08408515399729469, 0.0867179867311147, 0.08940390047409107, 0.09214267783785525, 0.09493403610235675, 0.09777762597177951, 0.10067303048822979, 0.10361976411373265, 0.10661727199057239, 0.10966492938941182, 0.1127620413539277, 0.11590784254990426, 0.1191014973258385, 0.12234209999113231, 0.12562867531688274, 0.1289601792631402, 0.13233549993529178, 0.13575345877095182, 0.13921281195741603, 0.14271225207836674, 0.14625040998712074, 0.14982585763930759, 0.15343712937062945, 0.15708277877710794, 0.16076142473461535, 0.16447177272367938, 0.16821262010742843, 0.17198285179568548, 0.17578143050566597, 0.1796073843557064, 0.18345979354416686, 0.1873377772079655, 0.19124048111651712, 0.19516706656570829, 0.19911670064514495, 0.20308854792808279, 0.20708176355538568, 0.21109548763770972, 0.2151288408737185, 0.21918092126953623, 0.22325080184105014, 0.2273375291828066, 0.2314401227928596, 0.23555757505050798, 0.23968885175237967, 0.2438328931211163, 0.24798861520955254, 0.2521549116315106, 0.2563306555579953, 0.26051470192460596, 0.26470588980236764, 0.26890304488992745, 0.27310498209021083, 0.27731050813921965, 0.28151842425873624, 0.2857275288083259, 0.28993661991525116, 0.29414449806377535, 0.2983499686278807, 0.3025518443336976, 0.3067489476399698, 0.3109401130266981, 0.31512418918373347, 0.3193000410925598, 0.3234665519958266, 0.3276226252503882, 0.33176718606068767, 0.33589918309030004, 0.3400175899503401, 0.3441214065642403, 0.34820966040913276, 0.3522814076347257, 0.35633573406115465, 0.36037175605782057, 0.36438862130569916, 0.36838550944602555, 0.3723616326186285, 0.37631623589350977, 0.3802485975995407, 0.38415802955438383, 0.3880438771999407, 0.39190551964778475, 0.39574236963915915, 0.3995538734242077, 0.4033395105651645, 0.40709879366825685, 0.41083126804907644, 0.41453651133615227, 0.418214133017413, 0.4218637739341612, 0.42548510572709686, 0.42907783023882784, 0.43264167887718946, 0.4361764119435674, 0.4396818179302789, 0.44315771279091964, 0.4466039391874265, 0.45002036571744564, 0.4534068861254263, 0.4567634185006928, 0.4600899044655716, 0.46338630835647876, 0.4666526164006983, 0.4698888358914082, 0.4730949943633423, 0.47627113877130417, 0.4794173346735867, 0.4825336654221886, 0.48562023136156135, 0.4886771490374694, 0.49170455041739825, 0.4947025821238043, 0.49767140468136417, 0.5006111917792525, 0.5035221295493527, 0.5064044158611892, 0.5092582596342561, 0.512083880168316, 0.5148815064921405, 0.5176513767310751, 0.5203937374937201, 0.5231088432779437, 0.5257969558963653, 0.5284583439213786, 0.5310932821497212, 0.5337020510865383, 0.5362849364488341, 0.5388422286881565, 0.5413742225323168, 0.5438812165459065, 0.5463635127093354, 0.5488214160160872, 0.5512552340878593, 0.5536652768072265, 0.5560518559674532, 0.5584152849390531, 0.5607558783526867, 0.5630739517979709, 0.5653698215377652, 0.5676438042374912, 0.5698962167090389, 0.5721273756688046, 0.5743375975094077, 0.5765271980846324, 0.5786964925071377, 0.5808457949584873, 0.5829754185110507, 0.5850856749613319, 0.587176874674289, 0.5892493264382145, 0.5913033373297504, 0.5933392125886259, 0.5953572555017065, 0.5973577672959596, 0.5993410470399455, 0.6013073915534555, 0.6032570953249266, 0.6051904504362758, 0.6071077464948028, 0.6090092705718236, 0.6108953071477078, 0.6127661380630005, 0.6146220424753234, 0.6164632968217577, 0.6182901747864229, 0.6201029472729753, 0.6219018823817614, 0.6236872453913687, 0.6254592987443297, 0.6272183020367423, 0.628964512011578, 0.6306981825554628, 0.6324195646987211, 0.6341289066184809, 0.6358264536446524, 0.6375124482685944, 0.6391871301542941, 0.6408507361518931, 0.6425035003134018, 0.6441456539104462, 0.645777425453907, 0.6473990407153076, 0.6490107227498239, 0.6506126919207873, 0.6522051659255647, 0.6537883598226992, 0.6553624860602072, 0.6569277545049272, 0.6584843724728261, 0.6600325447601687, 0.6615724736754659, 0.6631043590721182, 0.6646283983816756, 0.6661447866476439, 0.6676537165597629, 0.6691553784886962, 0.6706499605210658, 0.672137648494777, 0.6736186260345762, 0.6750930745877911, 0.6765611734602033, 0.6780230998520093, 0.6794790288938246, 0.6809291336826931, 0.6823735853180612, 0.683812552937683, 0.6852462037534223, 0.6866747030869217, 0.6880982144051073, 0.6895168993555038, 0.6909309178013341, 0.6923404278563795, 0.6937455859195787, 0.695146546709345, 0.6965434632975824, 0.6979364871433846, 0.6993257681263969, 0.7007114545798301, 0.7020936933231093, 0.7034726296941459, 0.7048484075812207, 0.7062211694544669, 0.7075910563969429, 0.7089582081352855, 0.7103227630699355, 0.711684858304927, 0.7130446296772336, 0.7144022117856655, 0.7157577380193109, 0.7171113405855158, 0.7184631505373993, 0.719813297800897, 0.7211619112013309, 0.7225091184895016, 0.7238550463672978, 0.7251998205128228, 0.7265435656050336, 0.7278864053478902, 0.7292284624940135, 0.73056985886785, 0.7319107153883408, 0.7332511520910943, 0.7345912881500593, 0.7359312418987003, 0.7372711308506709, 0.7386110717199855, 0.7399511804406887, 0.7412915721860202, 0.7426323613870756, 0.7439736617509622, 0.7453155862784477, 0.7466582472811022, 0.7480017563979329, 0.7493462246115098, 0.7506917622635829, 0.7520384790701884, 0.7533864841362443, 0.7547358859696351, 0.7560867924947829, 0.7574393110657058, 0.7587935484785618, 0.7601496109836768]]"
50.0,80.0,4,120,360,I1-S0,"[[0.01, 0.009218546420913139, 0.008861068736292907, 0.008775059817687893, 0.008868448506442047, 0.009085551566533383, 0.009392519710839639, 0.009768618106596903, 0.01020110377046812, 0.010682152855615005, 0.011207009676816917, 0.01177286737812955, 0.012378187706459737, 0.013022284772614074, 0.01370506796835857, 0.014426881256131473, 0.015188401192253504, 0.015990571077445604, 0.0168345576171233, 0.017721721851298253, 0.01865359933443551, 0.019631886478173908, 0.020658431133167246, 0.021735226189993434, 0.02286440540774768, 0.024048240942694775, 0.025289142213874388, 0.02658965584701696, 0.027952466505943352, 0.029380398465800945, 0.030876417813448295, 0.032443635182121615, 0.03408530894329243, 0.03580484879026034, 0.037605819656707756, 0.03949194591993398, 0.041467115843278474, 0.043535386215672975, 0.04570098714855716, 0.04796832699171964, 0.050341997330103964, 0.052826778023337836, 0.05542764224877126, 0.058149761507196515, 0.06099851054820996, 0.06397947216939123, 0.06709844184014264, 0.07036143209716637, 0.07377467665417158, 0.07734463416350722, 0.08107799156201634, 0.08498166692751001, 0.0890628117658723, 0.09332881264193894, 0.09778729205995494, 0.10244610849162486, 0.10731335544154652, 0.11239735943119208, 0.1177066767736078, 0.12325008900169195, 0.12903659680333995, 0.13507541230698938, 0.14137594955124658, 0.14794781296243764, 0.15480078365423033, 0.16194480335407113, 0.1693899557522503, 0.17714644506115504, 0.18522457156493008, 0.19363470393360624, 0.2023872480710841, 0.2114926122635104, 0.22096116839393692, 0.23080320899112153, 0.24102889988537132, 0.251648228252931, 0.26267094584310885, 0.27410650719967056, 0.2859640027105909, 0.2982520863486486, 0.3109788980001787, 0.32415198032117354, 0.33777819010943316, 0.3518636042391612, 0.3664134202707746, 0.3814318519241621, 0.39692201968847995, 0.41288583693598374, 0.42932389201133897, 0.44623532688110484, 0.4636177130501693, 0.4814669255820547, 0.499777016197119, 0.5185400865652786, 0.537746163056111, 0.5573830743567716, 0.5774363335143278, 0.597889026100694, 0.6187217063316905, 0.6399123030927717, 0.6614360379282389, 0.6832653571334623, 0.7053698801458006, 0.7277163664543884, 0.750268703236647, 0.7729879158753633, 0.7958322034099174, 0.8187570008247805, 0.84171506987461, 0.8646566198860366, 0.8875294596607419, 0.9102791812333323, 0.9328493758131546, 0.9551818817657538, 0.9772170639732355, 0.9988941233614607, 1.0201514348057623, 1.0409269110375814, 1.0611583895854935, 1.0807840392102794, 1.0997427817506285, 1.1179747247998333, 1.1354216002004367, 1.152027202988503, 1.1677378251560486, 1.1825039085606053, 1.1962926109438214, 1.2090931342443558, 1.2209075612135531, 1.2317438966121608, 1.2416118478406186, 1.2505204589721663, 1.258476978135902, 1.2654865245141833, 1.2715522531482764, 1.2766758092240764, 1.28085792970156, 1.2840990969337018, 1.2864001818788806, 1.2877630376227704, 1.2881910200308349, 1.2876894234803167, 1.286265827221646, 1.283930353028937, 1.280695838155194, 1.2765779297335016, 1.2715951080309962, 1.2657686466284377, 1.2591225178473988, 1.251683251707152, 1.2434797564533095, 1.2345431083224572, 1.2249063177352157, 1.214604078575725, 1.2036725066412912, 1.1921488727491105, 1.1800713353809742, 1.1674786771424948, 1.154410048719636, 1.1409047234397478, 1.1270018649932907, 1.1127403103513709, 1.0981583694274668, 1.0832936425827557, 1.0681828566657452, 1.0528617199100847, 1.037364795690195, 1.021725394852654, 1.0059754861012955, 0.9901456237142807, 0.9742648917099644, 0.958360863452803, 0.9424595755980006, 0.9265855152110852, 0.9107616188629437, 0.8950092824888127, 0.879348380808099, 0.8637972951275614, 0.8483729483903399, 0.8330908463847526, 0.8179651240871044, 0.8030085961796081, 0.7882328108557816, 0.7736481060995222, 0.7592636676988255, 0.7450875883294833, 0.7311269271168975, 0.7173877691544784, 0.7038752845242318, 0.6905937864285253, 0.6775467881012845, 0.664737058221739, 0.6521666746042022, 0.6398370759831828, 0.627749111754448, 0.6159030895696082, 0.6042988207145422, 0.5929356632307414, 0.5818125627636601, 0.5709280911436873, 0.5602804827236573, 0.5498676685121833, 0.5396873081547892, 0.5297368198251089, 0.520013408096565, 0.5105140898711837, 0.5012357184467706, 0.49217500580678875, 0.483328543219131, 0.4746928202307547, 0.466264242145008, 0.4580391460675732, 0.4500138156054171, 0.4421844943010921, 0.4345473978822717, 0.42709872540363575, 0.4198346693552072, 0.4127514248080673, 0.4058451976650914, 0.3991122120810019, 0.3925487171126781, 0.38615099265732167, 0.37991535473278454, 0.3738381601511469, 0.3679158106335017, 0.3621447564108764, 0.3565214993533119, 0.35104259566632967, 0.345704658191357, 0.34050435834414966, 0.33543842772285215, 0.33050365941506527, 0.3256969090311531, 0.3210150954890051, 0.3164552015735791, 0.31201427429277756, 0.3076894250495502, 0.30347782964856557, 0.29937672815434846, 0.2953834246164319, 0.2914952866758185, 0.2877097450658795, 0.2840242930197392, 0.2804364855951855, 0.27694393892721886, 0.2735443294174885, 0.27023539286906895, 0.2670149235742897, 0.26388077336265353, 0.2608308506152458, 0.2578631192514598, 0.25497559769332706, 0.25216635781224767, 0.24943352386246273, 0.2467752714051925, 0.24418982622697913, 0.24167546325541978, 0.23923050547515137, 0.23685332284664973, 0.23454233123013218, 0.2322959913166027, 0.2301128075678477, 0.22799132716698123, 0.22593013898094494, 0.22392787253619229, 0.22198319700862595, 0.22009482022871046, 0.21826148770254772, 0.21648198164958196, 0.21475512005748917, 0.21307975575470517, 0.21145477550095518, 0.2098790990960648, 0.208351678507257, 0.20687149701507163, 0.20543756837798358, 0.20404893601573948, 0.20270467221138427, 0.20140387733190396, 0.2001456790673715, 0.19892923168844767, 0.19775371532205674, 0.19661833524502956, 0.1955223211954823, 0.19446492670167695, 0.19344542842809206, 0.19246312553841521, 0.19151733907515542, 0.19060741135556156, 0.18973270538352338, 0.1888926042771236, 0.18808651071150215, 0.1873138463766903, 0.18657405145006653, 0.1858665840830847, 0.18519091990192305, 0.18454655152170144, 0.18393298807391517, 0.18334975474673376, 0.18279639233781506, 0.18227245681928744, 0.1817775189145548, 0.18131116368658268, 0.18087299013732758, 0.18046261081797452, 0.18007965144965332, 0.17972375055430737, 0.17939455909539434, 0.17909174012810208, 0.17881496845876915, 0.17856393031320358, 0.17833832301359914, 0.17813785466375398, 0.17796224384230122, 0.1778112193036671, 0.1776845196864773, 0.17758189322913778, 0.17750309749232196, 0.1774478990881007, 0.17741607341545856, 0.17740740440194286, 0.17742168425119975, 0.1774587131961551, 0.1775182992576034, 0.1776002580079739, 0.17770441234004747, 0.1778305922404023, 0.1779786345673728, 0.1781483828333097, 0.17833968699093405, 0.17855240322358415, 0.1787863937391566, 0.1790415265675495, 0.17931767536141857, 0.17961471920006292, 0.17993254239625997, 0.180271034305875, 0.18063008914007336, 0.18100960577996908, 0.1814094875935467, 0.1818296422546978, 0.18226998156421764, 0.18273042127261122, 0.18321088090456217, 0.18371128358492214, 0.18423155586608164, 0.18477162755658785, 0.18533143155087864, 0.185910903660006, 0.1865099824432258, 0.1871286090403351, 0.18776672700464186, 0.1884242821364565, 0.1891012223169975, 0.1897974973426089, 0.19051305875919036, 0.19124785969674532, 0.19200185470395634, 0.19277499958270178, 0.19356725122243132, 0.19437856743432314, 0.1952089067851493, 0.19605822843078055, 0.19692649194926687, 0.19781365717343424, 0.1987196840229429]]","[[0.01, 0.011673645222856313, 0.01362924433757481, 0.01580189558251425, 0.018156401288824855, 0.020675381554448858, 0.02335204073097279, 0.026185833343105935, 0.029179992396528482, 0.03234008088322872, 0.03567314591716791, 0.03918723130148993, 0.042891103030958264, 0.04679410092483997, 0.050906064715898196, 0.05523730391957146, 0.059798593339722664, 0.06460118353361481, 0.06965681999718705, 0.07497776746280796, 0.08057683725564378, 0.08646741656794384, 0.09266349904336511, 0.09917971637118407, 0.10603137076526364, 0.11323446829982388, 0.12080575312589889, 0.12876274261802312, 0.13712376351143005, 0.14590798909242286, 0.1551354775023661, 0.16482721121108912, 0.1750051377095627, 0.18569221146512363, 0.19691243717557497, 0.20869091435127976, 0.2210538832469018, 0.23402877215666631, 0.24764424607883, 0.26193025674636156, 0.27691809401152157, 0.2926404385619881, 0.3091314159352744, 0.3264266517863131, 0.34456332835012005, 0.36358024202727124, 0.38351786200441845, 0.4044183898051003, 0.4263258196475605, 0.4492859994660351, 0.47334669242989813, 0.4985576387710332, 0.5249706177037108, 0.552639509192982, 0.581620355297035, 0.6119714207760051, 0.643753252624278, 0.6770287381453199, 0.711863161147423, 0.748324255795445, 0.7864822576076315, 0.8264099510379436, 0.8681827130330456, 0.9118785518993093, 0.9575781407590371, 1.0053648448167858, 1.0553247415964655, 1.1075466332481554, 1.1621220499607412, 1.2191452434530974, 1.2787131694532319, 1.3409254580123666, 1.4058843704402224, 1.4736947415898451, 1.5444639061663525, 1.6183016076853094, 1.6953198886645893, 1.7756329606002061, 1.8593570522535736, 1.946610234766961, 2.0375122221277855, 2.132184145523111, 2.230748300165813, 2.3333278632358883, 2.440046581666995, 2.551028428622206, 2.6663972276468084, 2.7862762436624107, 2.910787740177999, 3.0400525023422054, 3.1741893257486735, 3.3133144712345017, 3.4575410862811156, 3.606978594037728, 3.761732051439089, 3.9219014783798647, 4.087581160435006, 4.258858928174857, 4.435815416710316, 4.618523309710283, 4.807046572752884, 5.001439681493668, 5.201746850747152, 5.408001271169971, 5.620224360790729, 5.838425039138246, 6.062599032160725, 6.292728216486702, 6.528780011838375, 6.770706830552763, 7.018445593180975, 7.271917319006982, 7.531026800042962, 7.795662366609569, 8.065695751990534, 8.340982062860027, 8.621359861220276, 8.906651362463206, 9.196662752894937, 9.491184628652595, 9.789992556420653, 10.092847754744845, 10.39949789307569, 10.709678003984347, 11.023111502316553, 11.339512596960962, 11.658601273835039, 11.980114115016772, 12.303799649656344, 12.629413738914568, 12.956716287212345, 13.285468977489021, 13.61543380184468, 13.946372211398177, 14.278044747698347, 14.610211046724231, 14.942630128214503, 15.27506089971842, 15.607262817722148, 15.938996658443934, 16.270025359106118, 16.60011489718764, 16.92903518070704, 17.256560927253723, 17.58247251347241, 17.90655678015662, 18.22860778112655, 18.548427466729837, 18.86582629516432, 19.18062376691788, 19.49264887947895, 19.801740501111478, 20.107747663924552, 20.41052977771106, 20.70995676709126, 21.00590913538564, 21.298277959365915, 21.58696481960383, 21.87188167156477, 22.15295066288849, 22.430103902474524, 22.70328318705725, 22.97243969092798, 23.23753362435148, 23.498533866044326, 23.755417574845154, 24.008169785423096, 24.256782992551887, 24.50125672813313, 24.741597134791878, 24.97781653949979, 25.209933030311635, 25.437970038937248, 25.661955931517006, 25.881923609629535, 26.097910123238318, 26.30995629698216, 26.51810637093407, 26.72240765669586, 26.922910209461534, 27.11966651647174, 27.31273120209354, 27.50216074959405, 27.688013239531816, 27.87034810456547, 28.049225900373273, 28.22470809228885, 28.39685685718589, 28.565734900086568, 28.731405284923394, 28.893931278850868, 29.053376209480046, 29.20980333439512, 29.36327572230466, 29.5138561451806, 29.661606980743944, 29.806590124667032, 29.948866911876806, 30.088498046361252, 30.225543538901604, 30.360062652174914, 30.492113852695223, 30.62175476908599, 30.749042156201455, 30.874031864639786, 30.99677881521608, 31.117336977988078, 31.235759355451947, 31.35209796954911, 31.46640385214824, 31.578727038688672, 31.68911656469276, 31.797620464875042, 31.904285774595447, 32.00915853342217, 32.112283790587185, 32.213705612133715, 32.3134670895706, 32.411610349862784, 32.50817656660086, 32.60320597220532, 32.696737871032994, 32.788810653264186, 32.87946180945947, 32.9687279456845, 33.05664479911024, 33.143247254004145, 33.22856935803556, 33.31264433882552, 33.39550462067796, 33.47718184143489, 33.5577068694042, 33.63710982031342, 33.71542007424778, 33.79266629253508, 33.86887643454389, 33.94407777436538, 34.018296917352274, 34.091559816491525, 34.163891788590284, 34.235317530257035, 34.30586113366242, 34.3755461020661, 34.44439536509835, 34.512431293786406, 34.579675715317656, 34.64614992753288, 34.71187471314433, 34.77687035367448, 34.84115664311247, 34.904752901286244, 34.96767798694923, 35.02995031058123, 35.091587846903934, 35.15260814711209, 35.21302835082191, 35.27286519773884, 35.332135039047245, 35.39085384852507, 35.449037233386576, 35.50670044485701, 35.5638583884829, 35.62052563418218, 35.67671642603843, 35.732444691843675, 35.78772405239428, 35.84256783054477, 35.89698906002427, 35.95100049402041, 36.00461461353569, 36.05784363552107, 36.110699520791854, 36.16319398173082, 36.21533848978336, 36.26714428274972, 36.31862237187908, 36.369783548770386, 36.42063839208458, 36.47119727407313, 36.5214703669273, 36.57146764895296, 36.621198910575195, 36.670673760177415, 36.719901629779095, 36.76889178055656, 36.81765330821088, 36.86619514818707, 36.914526080748516, 36.9626547359106, 37.010589598237296, 37.05833901150451, 37.105911183233744, 37.153314189099696, 37.20055597721521, 37.24764437229689, 37.294587079714724, 37.34139168942885, 37.38806567981659, 37.43461642139263, 37.48105118042545, 37.52737712245263, 37.57360131569786, 37.61973073439235, 37.66577226200308, 37.71173269437046, 37.757618742757806, 37.80343703681488, 37.84919412745785, 37.894896489667715, 37.94055052520938, 37.98616256527335, 38.031738873041974, 38.07728564618222, 38.12280901926658, 38.1683150661241, 38.21380980212294, 38.25929918638625, 38.30478912394289, 38.35028546781434, 38.395794021039315, 38.44132053863748, 38.486870729513434, 38.532450258302305, 38.57806474715809, 38.623719777485874, 38.66942089161905, 38.71517359444242, 38.76098335496238, 38.80685560782482, 38.852795754781916, 38.89880916610834, 38.94490118196793, 38.99107711373129, 39.037342245245334, 39.08370183405499, 39.13016111257812, 39.17672528923385, 39.22339954952503, 39.270189057075235, 39.31709895462078, 39.36413436495811, 39.41130039184695, 39.458602120869614, 39.50604462024664, 39.55363294160912, 39.601372120727966, 39.6492671782002, 39.69732312009258, 39.74554493854263, 39.793937612317215, 39.842506107328674, 39.89125537710872, 39.94019036324, 39.98931599574541, 40.038637193435136, 40.08815886421139, 40.137885905330755, 40.18782320362415, 40.23797563567419, 40.28834806795001, 40.33894535689928, 40.389772348997305, 40.44083388075314, 40.49213477867243, 40.54367985917693, 40.595473928480395]]","[array([6.37688001e-05, 6.00799169e-05, 5.86664978e-05, 5.87303121e-05,
       5.97890183e-05, 6.15504164e-05, 6.38362134e-05, 6.65369712e-05,
       6.95854390e-05, 7.29404731e-05, 7.65773424e-05, 8.04818546e-05,
       8.46467747e-05, 8.90696259e-05, 9.37513225e-05, 9.86953113e-05,
       1.03907021e-04, 1.09393505e-04, 1.15163201e-04, 1.21225774e-04,
       1.27592004e-04, 1.34273710e-04, 1.41283695e-04, 1.48635719e-04,
       1.56344468e-04, 1.64425547e-04, 1.72895477e-04, 1.81771694e-04,
       1.91072562e-04, 2.00817378e-04, 2.11026398e-04, 2.21720850e-04,
       2.32922959e-04, 2.44655970e-04, 2.56944180e-04, 2.69812960e-04,
       2.83288793e-04, 2.97399298e-04, 3.12173268e-04, 3.27640699e-04,
       3.43832827e-04, 3.60782160e-04, 3.78522509e-04, 3.97089027e-04,
       4.16518235e-04, 4.36848060e-04, 4.58117858e-04, 4.80368449e-04,
       5.03642138e-04, 5.27982742e-04, 5.53435610e-04, 5.80047639e-04,
       6.07867289e-04, 6.36944589e-04, 6.67331144e-04, 6.99080127e-04,
       7.32246274e-04, 7.66885861e-04, 8.03056686e-04, 8.40818026e-04,
       8.80230595e-04, 9.21356487e-04, 9.64259103e-04, 1.00900307e-03,
       1.05565414e-03, 1.10427907e-03, 1.15494552e-03, 1.20772182e-03,
       1.26267691e-03, 1.31988005e-03, 1.37940063e-03, 1.44130796e-03,
       1.50567092e-03, 1.57255776e-03, 1.64203567e-03, 1.71417048e-03,
       1.78902625e-03, 1.86666483e-03, 1.94714543e-03, 2.03052404e-03,
       2.11685301e-03, 2.20618039e-03, 2.29854932e-03, 2.39399746e-03,
       2.49255624e-03, 2.59425016e-03, 2.69909607e-03, 2.80710238e-03,
       2.91826824e-03, 3.03258279e-03, 3.15002423e-03, 3.27055908e-03,
       3.39414123e-03, 3.52071119e-03, 3.65019521e-03, 3.78250449e-03,
       3.91753442e-03, 4.05516385e-03, 4.19525445e-03, 4.33765008e-03,
       4.48217635e-03, 4.62864016e-03, 4.77682946e-03, 4.92651306e-03,
       5.07744067e-03, 5.22934300e-03, 5.38193213e-03, 5.53490198e-03,
       5.68792906e-03, 5.84067332e-03, 5.99277933e-03, 6.14387757e-03,
       6.29358599e-03, 6.44151177e-03, 6.58725329e-03, 6.73040226e-03,
       6.87054610e-03, 7.00727044e-03, 7.14016172e-03, 7.26881001e-03,
       7.39281183e-03, 7.51177306e-03, 7.62531190e-03, 7.73306172e-03,
       7.83467562e-03, 7.92986947e-03, 8.01850176e-03, 8.10054825e-03,
       8.17604555e-03, 8.24505447e-03, 8.30763842e-03, 8.36385208e-03,
       8.41373671e-03, 8.45731968e-03, 8.49461670e-03, 8.52563535e-03,
       8.55037933e-03, 8.56885281e-03, 8.58106454e-03, 8.58703164e-03,
       8.58678272e-03, 8.58036051e-03, 8.56782392e-03, 8.54924938e-03,
       8.52473182e-03, 8.49438500e-03, 8.45834148e-03, 8.41675214e-03,
       8.36978540e-03, 8.31762618e-03, 8.26047454e-03, 8.19854424e-03,
       8.13206112e-03, 8.06126133e-03, 7.98638967e-03, 7.90769770e-03,
       7.82544204e-03, 7.73988261e-03, 7.65128095e-03, 7.55989865e-03,
       7.46599582e-03, 7.36982973e-03, 7.27165351e-03, 7.17171500e-03,
       7.07025573e-03, 6.96750999e-03, 6.86370410e-03, 6.75905570e-03,
       6.65377322e-03, 6.54805550e-03, 6.44209140e-03, 6.33605965e-03,
       6.23012865e-03, 6.12445648e-03, 6.01919091e-03, 5.91446949e-03,
       5.81041973e-03, 5.70715929e-03, 5.60479623e-03, 5.50342933e-03,
       5.40314840e-03, 5.30403462e-03, 5.20616090e-03, 5.10959230e-03,
       5.01438637e-03, 4.92059359e-03, 4.82825774e-03, 4.73741630e-03,
       4.64810086e-03, 4.56033746e-03, 4.47414703e-03, 4.38954568e-03,
       4.30654510e-03, 4.22515291e-03, 4.14537293e-03, 4.06720553e-03,
       3.99064791e-03, 3.91569441e-03, 3.84233673e-03, 3.77056420e-03,
       3.70036402e-03, 3.63172147e-03, 3.56462014e-03, 3.49904208e-03,
       3.43496802e-03, 3.37237751e-03, 3.31124909e-03, 3.25156043e-03,
       3.19328846e-03, 3.13640947e-03, 3.08089927e-03, 3.02673326e-03,
       2.97388652e-03, 2.92233390e-03, 2.87205012e-03, 2.82300981e-03,
       2.77518758e-03, 2.72855812e-03, 2.68309616e-03, 2.63877664e-03,
       2.59557463e-03, 2.55346546e-03, 2.51242470e-03, 2.47242820e-03,
       2.43345215e-03, 2.39547304e-03, 2.35846773e-03, 2.32241346e-03,
       2.28728784e-03, 2.25306887e-03, 2.21973497e-03, 2.18726497e-03,
       2.15563812e-03, 2.12483408e-03, 2.09483297e-03, 2.06561530e-03,
       2.03716204e-03, 2.00945456e-03, 1.98247469e-03, 1.95620467e-03,
       1.93062714e-03, 1.90572521e-03, 1.88148235e-03, 1.85788248e-03,
       1.83490990e-03, 1.81254932e-03, 1.79078584e-03, 1.76960495e-03,
       1.74899252e-03, 1.72893479e-03, 1.70941837e-03, 1.69043022e-03,
       1.67195767e-03, 1.65398838e-03, 1.63651036e-03, 1.61951195e-03,
       1.60298179e-03, 1.58690889e-03, 1.57128251e-03, 1.55609224e-03,
       1.54132798e-03, 1.52697990e-03, 1.51303844e-03, 1.49949434e-03,
       1.48633860e-03, 1.47356247e-03, 1.46115745e-03, 1.44911533e-03,
       1.43742808e-03, 1.42608796e-03, 1.41508742e-03, 1.40441915e-03,
       1.39407607e-03, 1.38405128e-03, 1.37433812e-03, 1.36493011e-03,
       1.35582096e-03, 1.34700459e-03, 1.33847509e-03, 1.33022674e-03,
       1.32225397e-03, 1.31455142e-03, 1.30711386e-03, 1.29993624e-03,
       1.29301366e-03, 1.28634137e-03, 1.27991478e-03, 1.27372943e-03,
       1.26778099e-03, 1.26206531e-03, 1.25657832e-03, 1.25131611e-03,
       1.24627488e-03, 1.24145097e-03, 1.23684082e-03, 1.23244099e-03,
       1.22824815e-03, 1.22425909e-03, 1.22047069e-03, 1.21687994e-03,
       1.21348393e-03, 1.21027984e-03, 1.20726497e-03, 1.20443667e-03,
       1.20179241e-03, 1.19932974e-03, 1.19704629e-03, 1.19493977e-03,
       1.19300798e-03, 1.19124878e-03, 1.18966013e-03, 1.18824004e-03,
       1.18698659e-03, 1.18589796e-03, 1.18497235e-03, 1.18420807e-03,
       1.18360346e-03, 1.18315694e-03, 1.18286698e-03, 1.18273212e-03,
       1.18275094e-03, 1.18292207e-03, 1.18324423e-03, 1.18371614e-03,
       1.18433662e-03, 1.18510449e-03, 1.18601865e-03, 1.18707804e-03,
       1.18828163e-03, 1.18962844e-03, 1.19111754e-03, 1.19274802e-03,
       1.19451903e-03, 1.19642974e-03, 1.19847936e-03, 1.20066714e-03,
       1.20299235e-03, 1.20545431e-03, 1.20805236e-03, 1.21078586e-03,
       1.21365422e-03, 1.21665687e-03, 1.21979324e-03, 1.22306282e-03,
       1.22646511e-03, 1.22999963e-03, 1.23366592e-03, 1.23746354e-03,
       1.24139208e-03, 1.24545113e-03, 1.24964031e-03, 1.25395925e-03,
       1.25840759e-03, 1.26298500e-03, 1.26769115e-03, 1.27252572e-03,
       1.27748840e-03, 1.28257889e-03, 1.28779690e-03, 1.29314215e-03,
       1.29861436e-03, 1.30421325e-03, 1.30993856e-03, 1.31579001e-03,
       1.32176734e-03])]","[[0, 6.376880005047202e-05, 0.00012384871691641303, 0.0001825152146708144, 0.00024124552681513788, 0.00030103454514066166, 0.0003625849615619, 0.0004264211749742605, 0.0004929581461314379, 0.0005625435851328236, 0.0006354840581909346, 0.0007120614006067629, 0.0007925432551817795, 0.0008771900299279448, 0.0009662596557802497, 0.0010600109782711684, 0.0011587062895446532, 0.0012626133105498494, 0.0013720068150665907, 0.0014871700158833687, 0.0016083957901612538, 0.0017359877945394787, 0.0018702615041609836, 0.002011545199511445, 0.002160180918377038, 0.0023165253858994576, 0.0024809509327798573, 0.0026538464096365236, 0.0028356181040386156, 0.0030266906656265437, 0.0032275080438679948, 0.0034385344423108447, 0.0036602552926303963, 0.00389317825129515, 0.004137834221269278, 0.004394778400814176, 0.004664591361133075, 0.004947880154311516, 0.005245279452734361, 0.005557452720899791, 0.0058850934202965615, 0.006228926247757151, 0.00658970840744164, 0.00696823091634069, 0.007365319942906755, 0.007781838178126753, 0.008218686238033138, 0.008676804096309974, 0.009157172545282833, 0.009660814683182547, 0.010188797425139793, 0.01074223303489671, 0.011322280673710097, 0.01193014796236476, 0.012567092551612478, 0.013234423695698196, 0.013933503822928095, 0.014665750096470857, 0.01543263595776144, 0.016235692643993594, 0.017076510670241345, 0.01795674126573908, 0.01887809775277401, 0.01984235685550317, 0.020851359924800188, 0.021907014063966623, 0.023011293138810795, 0.024166238654207813, 0.025373960477813293, 0.02663663739011667, 0.027956517438497357, 0.029335918071398875, 0.030777226027176256, 0.0322828969506162, 0.03385545470859692, 0.03549749037486698, 0.03721166085250599, 0.039000687101312624, 0.040867351936181386, 0.04281449736151463, 0.04484502140591189, 0.046961874420829566, 0.04916805480665923, 0.05146660412978513, 0.05386060159470705, 0.056353157836312846, 0.05894740799891765, 0.06164650407081631, 0.0644536064458873, 0.06737187468730134, 0.07040445747268845, 0.0735544817052584, 0.07682504078140254, 0.08021918201227145, 0.08373989320475271, 0.08739008841618427, 0.09117259290703063, 0.09509012732660167, 0.0991452911786656, 0.10334054562642889, 0.10767819570973107, 0.11216037206130408, 0.11678901222341173, 0.12156584168092427, 0.1264923547416645, 0.13156979540942557, 0.13679913840911193, 0.1421810705366733, 0.14771597251853938, 0.15340390157575914, 0.15924457489662944, 0.165237354227887, 0.1713812317981768, 0.17767481778815103, 0.1841163295588909, 0.19070358284411865, 0.19743398510167567, 0.20430453120586037, 0.2113118016444011, 0.218451963362138, 0.22572077336805257, 0.2331135851933769, 0.24062535825650008, 0.24825067015573618, 0.2559837318742988, 0.26381840749091834, 0.27174827695821346, 0.2797667787213615, 0.2878673269725401, 0.2960433725273353, 0.30428842699666825, 0.31259606541602225, 0.3209599174989294, 0.32937365420477915, 0.3378309738844175, 0.3463255905844197, 0.35485122593540125, 0.36340160526713566, 0.3719704580738512, 0.3805515226187316, 0.3891385542616958, 0.39772533697941115, 0.4063056974931273, 0.4148735214084362, 0.4234227707874603, 0.4319475026083929, 0.44044188761287173, 0.4489002290935431, 0.45731698122901115, 0.4656867666288502, 0.474004392805861, 0.48226486734516955, 0.4904634115893336, 0.4985954727048141, 0.5066567340376618, 0.5146431237048452, 0.5225508214022065, 0.5303762634405544, 0.5381161460479258, 0.545767426998669, 0.5533273256488636, 0.5607933214728802, 0.5681631512078058, 0.5754348047212658, 0.5826065197241193, 0.5896767754528592, 0.5966442854476081, 0.6035079895506298, 0.6102670452475804, 0.6169208184695484, 0.6234688739685673, 0.6299109653729571, 0.636247025021799, 0.642477153670284, 0.6486016101497819, 0.654620801058429, 0.660535270549976, 0.6663456902806889, 0.6720528495663775, 0.6776576457942025, 0.683161075126874, 0.6885642235302324, 0.6938682581490463, 0.6990744190501899, 0.7041840113471859, 0.7091983977154235, 0.714118991303168, 0.7189472490397774, 0.7236846653392818, 0.7283327661946721, 0.7328931036558335, 0.7373672506820341, 0.7417567963582058, 0.7460633414628958, 0.7502884943747055, 0.7544338673032297, 0.758501072829935, 0.7624917207440537, 0.7664074151583791, 0.770249751889816, 0.774020316089643, 0.7777206801086501, 0.7813524015826283, 0.7849170217240607, 0.7884160638063172, 0.79185103182714, 0.7952234093387351, 0.7985346584323416, 0.8017862188657136, 0.8049795073225319, 0.8081159167933418, 0.8111968160681866, 0.8142235493316784, 0.8171974358518012, 0.8201197697542829, 0.8229918198748972, 0.8258148296825586, 0.8285900172665593, 0.8313185753817582, 0.8340016715459703, 0.8366404481842246, 0.8392360228149526, 0.841789488273543, 0.8443019129690474, 0.8467743411701559, 0.8492077933168667, 0.8516032663545673, 0.8539617340875125, 0.8562841475489396, 0.858571435385294, 0.860824504252261, 0.8630442392204972, 0.8652315041891501, 0.8673871423054231, 0.8695119763886108, 0.8716068093571722, 0.8736724246575546, 0.8757095866936033, 0.8777190412555116, 0.8797015159473733, 0.8816577206124998, 0.8835883477557548, 0.8854940729622436, 0.8873755553117708, 0.8892334377885505, 0.8910683476857186, 0.8928808970042548, 0.8946716828459751, 0.8964412878003072, 0.8981902803246031, 0.8999192151177865, 0.901628633487166, 0.903319063708285, 0.9049910213777004, 0.9066450097586207, 0.9082815201193489, 0.9099010320645045, 0.9115040138590157, 0.9130909227448943, 0.9146622052508171, 0.9162182974945564, 0.9177596254783132, 0.9192866053770183, 0.9207996438196753, 0.922299138163831, 0.923785476763264, 0.9252590392289887, 0.926720196683681, 0.9281693120096319, 0.9296067400903429, 0.9310328280458795, 0.9324479154621014, 0.93385233461389, 0.9352464106824964, 0.9366304619671337, 0.9380048000909376, 0.9393697302014192, 0.9407255511655375, 0.9420725557595122, 0.9434110308535048, 0.9447412575912861, 0.9460635115650167, 0.9473780629852567, 0.9486851768463277, 0.94998511308714, 0.9512781267476051, 0.9525644681207446, 0.9538443829006071, 0.9551181123261052, 0.9563858933208775, 0.9576479586292829, 0.9589045369486296, 0.9601558530577405, 0.961402127941952, 0.9626435789146445, 0.9638804197353975, 0.9651128607248611, 0.9663411088764331, 0.9675653679648285, 0.9687858386516269, 0.9700027185878789, 0.971216202513852, 0.9724264823559939, 0.9736337473211883, 0.9748381839883763, 0.9760399763976143, 0.9772393061366382, 0.9784363524249988, 0.9796312921958341, 0.9808243001753406, 0.9820155489600038, 0.9832052090916462, 0.9843934491303498, 0.9855804357253061, 0.9867663336836477, 0.9879513060373106, 0.989135514107977, 0.9903191175701447, 0.9915022745123698, 0.9926851414967235, 0.9938678736165074, 0.9950506245522658, 0.9962335466261337, 0.997416790854558, 0.998600506999426, 0.9997848436176363, 1.0009699481091432, 1.0021559667635063, 1.0033430448049738, 1.0045313264361289, 1.0057209548801231, 1.0069120724215261, 1.0081048204458112, 1.0092993394775038, 1.0104957692170107, 1.011694248576152, 1.0128949157124147, 1.0140979080619466, 1.0153033623713053, 1.0165114147279797, 1.0177222005896984, 1.0189358548125378, 1.0201525116778436, 1.0213723049179755, 1.0225953677408877, 1.0238218328535547, 1.0250518324842486, 1.0262854984036796, 1.0275229619450024, 1.0287643540227, 1.0300098051503457, 1.0312594454572481, 1.0325134047039874, 1.0337718122968413, 1.035034797301104, 1.0363024884533034, 1.0375750141723115, 1.0388525025693551, 1.0401350814569212, 1.0414228783565602, 1.042716020505583, 1.0440146348626531, 1.0453188481122686, 1.0466287866681336, 1.0479445766754152, 1.0492663440118817]]"
50.0,80.0,4,120,360,I0-S1,"[[0.01, 0.009218546420913139, 0.008861068736292907, 0.008775059817687893, 0.008868448506442047, 0.009085558548091836, 0.009392621561162358, 0.009769089100878982, 0.010202465489348642, 0.010685197565834173, 0.01121279718423172, 0.011782703299239876, 0.012393588894066809, 0.013044935977265335, 0.013736772566171484, 0.014469507930715251, 0.015243827756250238, 0.016060626104896374, 0.016920960188595933, 0.017826019454651978, 0.01877710378728274, 0.019775607621512845, 0.020823007972311687, 0.021920855115968255, 0.023070765110219917, 0.024274413617339344, 0.025533530667892743, 0.02684989611289868, 0.02822533558316046, 0.029661716821439112, 0.031160946284879195, 0.03272496593719295, 0.03435575016593328, 0.03605530277184826, 0.03782565398613618, 0.039668857478262536, 0.0415869873224171, 0.043582134895054164, 0.04565640567953297, 0.047811915956840756, 0.0500507893638746, 0.05237515330288202, 0.05478713518749342, 0.057288858512385424, 0.05988243873504413, 0.06256997895939312, 0.06535356541224858, 0.06823526270469282, 0.07121710887154258, 0.0743011101831538, 0.07748923572486587, 0.08078341174046545, 0.08418551573715548, 0.08769737035066125, 0.09132073697030525, 0.09505730912514332, 0.09890870563358634, 0.10287646352034033, 0.10696203070598961, 0.11116675847612735, 0.11549189373860799, 0.11993857107926084, 0.12450780462826154, 0.12920047975131174, 0.13401734458182182, 0.138959001412426, 0.1440258979663792, 0.1492183185716828, 0.1545363752631559, 0.15997999884009917, 0.1655489299096792, 0.1712427099486778, 0.17706067241879053, 0.18300193397320075, 0.1890653857946832, 0.19524968510798296, 0.2015532469116461, 0.207974235976826, 0.21451055916282125, 0.2211598581011955, 0.22791950230224786, 0.23478658273931996, 0.2417579059679033, 0.24882998883771665, 0.2559990538568227, 0.26326102526741024, 0.2706115258930468, 0.2780458748169755, 0.28555908595035007, 0.29314586754814903, 0.30080062272884517, 0.3085174510517129, 0.31629015120290227, 0.32411222483807706, 0.33197688162549716, 0.3398770455289003, 0.34780536236441634, 0.35575420866001917, 0.36371570183970714, 0.37168171174771214, 0.3796438735206038, 0.3875936018072045, 0.395522106327814, 0.40342040875540147, 0.41127936089222633, 0.4190896641058558, 0.4268418899788413, 0.43452650211647426, 0.44213387904715606, 0.4496543381400875, 0.45707816045530153, 0.4643956164316467, 0.4715969923092716, 0.47867261717458415, 0.48561289050766066, 0.49240831010477687, 0.49904950024221717, 0.5055272399418963, 0.5118324911946892, 0.5179564269937857, 0.523890459027952, 0.5296262648833349, 0.5351558146024593, 0.5404713964503447, 0.5455656417402641, 0.5504317758942223, 0.5550659147150508, 0.5594681305254502, 0.5636409173282318, 0.5675880603310961, 0.5713139611436372, 0.5748232430571059, 0.5781205277207782, 0.5812103158863902, 0.5840969306005679, 0.5867844971993795, 0.5892769443766134, 0.5915780167460397, 0.5936912931218187, 0.5956202070870887, 0.5973680678608495, 0.5989380803514668, 0.6003333638156138, 0.601556968857467, 0.602611892687322, 0.6035010926628743, 0.6042274981920499, 0.6047940211030746, 0.6052035645974996, 0.6054590309024717, 0.6055633277340724, 0.6055193736766837, 0.6053301025755655, 0.6049984670320218, 0.6045274410831175, 0.6039200221410982, 0.6031792322615209, 0.6023081188036283, 0.6013097545416269, 0.6001872372812097, 0.5989436890318179, 0.5975822547816952, 0.5961061009196926, 0.5945184133449744, 0.5928223953032046, 0.5910212649854253, 0.5891182529236262, 0.587116599214939, 0.585019550604425, 0.5828303574545628, 0.5805522706277542, 0.578188538306448, 0.5757424027738239, 0.5732170971763682, 0.5706158422881185, 0.5679418432948401, 0.5651982866149273, 0.5623883367723966, 0.5595151333359561, 0.5565817879367941, 0.5535913813764338, 0.5505469608347509, 0.547451537187044, 0.5443080824378943, 0.5411195272784396, 0.537888758772631, 0.5346186181770366, 0.5313118988977968, 0.5279713445874382, 0.5245996473834015, 0.5211994462893442, 0.5177733256995369, 0.51432381406598, 0.5108533827072349, 0.5073644447573743, 0.5038593542529246, 0.5003404053551882, 0.49680983170489634, 0.49326980590575614, 0.48972243913310964, 0.4861697808636237, 0.48261381872167136, 0.47905647843784616, 0.47549962391487266, 0.4719450573960283, 0.4683945197310845, 0.46484969073469296, 0.4613121896320959, 0.4577835755870144, 0.45426534830657345, 0.45075894871814887, 0.4472657597130674, 0.44378710695215967, 0.4403242597282482, 0.43687843188075376, 0.4334507827577163, 0.43004241822065054, 0.4266543916877942, 0.4232877052114504, 0.41994331058527795, 0.41662211047754016, 0.4133249595864882, 0.4100526658142189, 0.4068059914555175, 0.4035856543983647, 0.4003923293329605, 0.39722664896628507, 0.3940892052393894, 0.39098055054477354, 0.3879011989413777, 0.38485162736487255, 0.38183227683109455, 0.37884355363062694, 0.37588583051267827, 0.3729594478565558, 0.37006471482917414, 0.36720191052717327, 0.364371285102355, 0.36157306086926944, 0.35880743339390553, 0.3560745725625548, 0.3533746236300262, 0.35070770824649494, 0.3480739254623671, 0.3454733527106342, 0.34290604676628145, 0.3403720446823956, 0.33787136470269585, 0.3354040071502851, 0.3329699552924867, 0.33056917618169446, 0.328201621472224, 0.3258672282132066, 0.3235659196176185, 0.3212976058075841, 0.3190621845361335, 0.3168595418856355, 0.31468955294315987, 0.31255208245305705, 0.3104469854470703, 0.3083741078523221, 0.3063332870775398, 0.3043243525779035, 0.3023471263989205, 0.3004014236997416, 0.298487053256352, 0.2966038179450761, 0.29475151520684834, 0.2929299374927064, 0.29113887269097083, 0.2893781045365774, 0.28764741300303204, 0.2859465746774584, 0.2842753631192088, 0.28263354920250816, 0.2810209014435963, 0.2794371863128343, 0.2778821685322328, 0.27635561135885767, 0.2748572768545624, 0.27338692614248994, 0.27194431965078003, 0.27052921734391167, 0.2691413789421015, 0.2677805641291722, 0.26644653274929536, 0.2651390449930051, 0.26385786157287155, 0.2626027438892102, 0.261373454186199, 0.26016975569876194, 0.25899141279057003, 0.25783819108350137, 0.256709857578892, 0.2556061807709, 0.25452693075229604, 0.2534718793129838, 0.2524408000315454, 0.25143346836009617, 0.25044966170272576, 0.24948915948779227, 0.24855174323432824, 0.2476371966128075, 0.24674530550051443, 0.24587585803174836, 0.2450286446430871, 0.24420345811392655, 0.2434000936025043, 0.24261834867760823, 0.2418580233461635, 0.24111892007688332, 0.24040084382016275, 0.23970360202438667, 0.23902700464881735, 0.23837086417321954, 0.23773499560437533, 0.23711921647963422, 0.23652334686763807, 0.23594720936635497, 0.2353906290985498, 0.2348534337048143, 0.23433545333427408, 0.23383652063308452, 0.23335647073082294, 0.23289514122487948, 0.23245237216294434, 0.23202800602368515, 0.2316218876957028, 0.23123386445485156, 0.23086378594000376, 0.23051150412733612, 0.23017687330321177, 0.22985975003572706, 0.22955999314499023, 0.2292774636721947, 0.22901202484754737, 0.22876354205710892, 0.22853188280860012, 0.22831691669622592, 0.2281185153645659, 0.2279365524715774, 0.22777090365075547, 0.22762144647249094, 0.22748806040466624, 0.2273706267725264, 0.22726902871786034, 0.2271831511575263, 0.22711288074135308, 0.22705810580944674, 0.22701871634893195, 0.22699460395015422, 0.2269856617623691, 0.22699178444894205, 0.22701286814208266, 0.2270488103971339, 0.22709951014643825, 0.2271648676527993, 0.22724478446255836, 0.22733916335830326, 0.22744790831122677, 0.22757092443315044, 0.22770811792822976, 0.22785939604435565, 0.228024667024266, 0.2282038400563821, 0.22839682522538257]]","[[0.01, 0.011673645222856313, 0.01362924433757481, 0.01580189558251425, 0.018156401288824855, 0.020675388899072944, 0.02335215336183126, 0.02618638027382979, 0.029181651229633468, 0.032343968337431236, 0.03568088422511749, 0.03920099268990676, 0.042913634026185025, 0.046828727822792016, 0.05095668118394478, 0.0553083413547259, 0.0598949742951824, 0.06472825824612953, 0.06982028580064961, 0.0751835706566191, 0.08083105680639778, 0.08677612885596715, 0.09303262271780513, 0.09961483624521032, 0.10653753956349249, 0.11381598496079462, 0.12146591626128049, 0.12950357763561765, 0.13794572181974366, 0.14680961771970347, 0.15611305738194145, 0.16587436230719285, 0.17611238908342294, 0.18684653430989534, 0.1980967387808543, 0.2098834908937225, 0.22222782924327003, 0.2351513443599615, 0.248676179547662, 0.2628250307730857, 0.2776211455567975, 0.2930883208132279, 0.30925089958502605, 0.3261337666151524, 0.34376234269840333, 0.3621625777525649, 0.3813609425481188, 0.40138441903437905, 0.42226048919913184, 0.44401712239830493, 0.46668276109190815, 0.4902863049224997, 0.514857093072748, 0.5404248848393067, 0.5670198383612228, 0.5946724874424734, 0.62341371641001, 0.6532747329509008, 0.6842870388748207, 0.7164823987512928, 0.7498928063747359, 0.7845504490145625, 0.8204876694123217, 0.8577369254932107, 0.8963307477652198, 0.9363016943857352, 0.9776823038826327, 1.0205050455247633, 1.0648022673452633, 1.1106061418303397, 1.1579486092960707, 1.2068613189863413, 1.2573755679362664, 1.3095222376573639, 1.3633317287132698, 1.418833893267932, 1.4760579657019404, 1.5350324914068867, 1.595785253882379, 1.6583432002754621, 1.7227323655176805, 1.7889777952307544, 1.857103467587765, 1.9271322143327207, 1.9990856411773388, 2.072984047809666, 2.148846347764682, 2.2266899884221227, 2.3065308714112978, 2.3883832737165007, 2.472259769789562, 2.5581711549880293, 2.646126370668183, 2.7361324312714905, 2.8281943537509417, 2.9223150896898953, 3.018495460470391, 3.1167340958502225, 3.217027376308268, 3.319369379515508, 3.4237518312847177, 3.530164061344864, 3.638592964276746, 3.7490229659342598, 3.8614359956608406, 3.9758114645931357, 4.092126250323748, 4.210354688172055, 4.330468569286698, 4.4524371457754155, 4.576227143027664, 4.701802779363023, 4.829125793103918, 4.958155477134955, 5.088848720973371, 5.221160060336051, 5.355041734148495, 5.4904437489004065, 5.627313950211538, 5.76559810143035, 5.905239969047394, 6.046181414665345, 6.188362493228758, 6.331721557179188, 6.4761953661656975, 6.621719440879793, 6.768230756983917, 6.915669782572232, 7.063979767324283, 7.213106076406012, 7.362995752935476, 7.513597226189528, 7.66486011369774, 7.816735084557877, 7.9691737632945046, 8.12212866108621, 8.275553125895515, 8.429401305999164, 8.583628123288737, 8.738189253900291, 8.893041114491327, 9.048140852972873, 9.203446342823518, 9.358916180323135, 9.514509684186146, 9.67018689717221, 9.82590858932172, 9.981636262514497, 10.13733215608871, 10.292959253287613, 10.448481288326521, 10.603862753893475, 10.759068908915182, 10.914065786435973, 11.068820201472084, 11.223299758716884, 11.377472859985037, 11.5313087112951, 11.684777329500832, 11.837849548391715, 11.990497024192718, 12.142692240402463, 12.294408511917487, 12.445619988398443, 12.596301656841693, 12.746429343327016, 12.895979713918923, 13.044930274705465, 13.193259370964425, 13.340946185452315, 13.487970735816877, 13.634313871138506, 13.779957267610556, 13.924883423372455, 14.069075652513389, 14.212518078267564, 14.355195625425182, 14.497094011985904, 14.638199740083994, 14.778500086216377, 14.917983090806674, 15.056637547139722, 15.194452989702363, 15.331419681967224, 15.467528603657001, 15.602771437527178, 15.737140555705501, 15.870629005626553, 16.00323049559969, 16.13493938004839, 16.265750644458535, 16.395659890072732, 16.524663318366905, 16.652757715344734, 16.779940435684495, 16.906209386771884, 17.031563012651297, 17.156000277926903, 17.279520651643576, 17.402124091176525, 17.52381102615714, 17.644582342461227, 17.764439366284417, 17.88338384832822, 18.001417948118775, 18.11854421847896, 18.234765590173176, 18.350085356742778, 18.464507159548706, 18.57803497303668, 18.69067309023887, 18.802426108524898, 18.91329891561354, 19.023296675855605, 19.132424816797045, 19.240689016030434, 19.348095188341798, 19.45464947315876, 19.560358222305013, 19.665227988065194, 19.769265511563336, 19.872477711457236, 19.974871672950307, 20.076454637121675, 20.17723399057468, 20.277217255403144, 20.37641207947429, 20.474826227026526, 20.572467569579835, 20.66934407715595, 20.765463809805173, 20.860834909436075, 20.9554655919442, 21.04936413963529, 21.142538893938436, 21.234998248404164, 21.3267506419823, 21.417804552574164, 21.508168490853503, 21.597850994350438, 21.68686062179245, 21.775205947696463, 21.86289555720583, 21.94993804116613, 22.03634199143346, 22.122115996408997, 22.207268636793515, 22.291808481555577, 22.37574408410712, 22.459083978680162, 22.541836676898438, 22.624010664537735, 22.705614398468907, 22.786656303777416, 22.86714477105354, 22.947088153847233, 23.02649476628199, 23.105372880821868, 23.183730726186205, 23.26157648540641, 23.338918294019564, 23.41576423839347, 23.492122354178075, 23.568000624878152, 23.643406980542412, 23.71834929656419, 23.792835392589073, 23.866873031524914, 23.940469918649804, 24.013633700813724, 24.086371965729693, 24.15869224135034, 24.230601995326026, 24.30210863454063, 24.37321950472139, 24.44394189011917, 24.514283013255714, 24.58425003473456, 24.653850053112365, 24.72309010482755, 24.791977164183212, 24.86051814338145, 24.92871989260627, 24.996589200152386, 25.064132792597302, 25.13135733501422, 25.198269431223274, 25.264875624078897, 25.33118239579097, 25.39719616827772, 25.462923303548216, 25.52837010411257, 25.593542813417905, 25.658447616308262, 25.72309063950676, 25.78747795211827, 25.851615566151033, 25.915509437055714, 25.979165464280364, 26.042589491839948, 26.10578730889905, 26.16876465036648, 26.23152719750057, 26.29408057852396, 26.35643036924678, 26.41858209369711, 26.48054122475775, 26.54231318480828, 26.603903346371496, 26.66531703276334, 26.726559518745447, 26.787636031179527, 26.848551749682827, 26.909311807283864, 26.96992129107783, 27.030385242880943, 27.090708659883102, 27.150896495298277, 27.210953659012052, 27.27088501822576, 27.330695398096694, 27.390389582373928, 27.449972314029218, 27.509448295882613, 27.568822191222292, 27.628098624418243, 27.68728218152941, 27.74637741090395, 27.805388823772194, 27.864320894832098, 27.92317806282675, 27.981964731113706, 28.040685268225875, 28.09934400842364, 28.157945252238008, 28.21649326700453, 28.274992287387754, 28.333446515895996, 28.391860123386238, 28.450237249558924, 28.5085820034425, 28.56689846386751, 28.62519067993006, 28.683462671444506, 28.741718429385216, 28.799961916317255, 28.858197066815848, 28.916427787874483, 28.974657959301556, 29.032891434105405, 29.091132038867638, 29.149383574104647, 29.20764981461718, 29.265934509827908, 29.32424138410684, 29.382574137084575, 29.440936443953206, 29.499331955754887, 29.557764299657908, 29.61623707922026, 29.67475387464057, 29.733318242996393, 29.791933718469743, 29.850603812559818, 29.9093320142829, 29.968121790359287]]","[array([6.37688001e-05, 6.00799169e-05, 5.86664978e-05, 5.87303121e-05,
       5.97890278e-05, 6.15506870e-05, 6.38379058e-05, 6.65427160e-05,
       6.95996112e-05, 7.29692537e-05, 7.66286325e-05, 8.05650842e-05,
       8.47726419e-05, 8.92497863e-05, 9.39980469e-05, 9.90211199e-05,
       1.04324301e-04, 1.09914116e-04, 1.15798067e-04, 1.21984463e-04,
       1.28482291e-04, 1.35301130e-04, 1.42451075e-04, 1.49942684e-04,
       1.57786932e-04, 1.65995175e-04, 1.74579115e-04, 1.83550772e-04,
       1.92922459e-04, 2.02706758e-04, 2.12916501e-04, 2.23564741e-04,
       2.34664743e-04, 2.46229955e-04, 2.58273990e-04, 2.70810611e-04,
       2.83853702e-04, 2.97417257e-04, 3.11515349e-04, 3.26162114e-04,
       3.41371723e-04, 3.57158361e-04, 3.73536200e-04, 3.90519373e-04,
       4.08121944e-04, 4.26357879e-04, 4.45241018e-04, 4.64785039e-04,
       4.85003426e-04, 5.05909433e-04, 5.27516047e-04, 5.49835952e-04,
       5.72881484e-04, 5.96664595e-04, 6.21196803e-04, 6.46489155e-04,
       6.72552173e-04, 6.99395811e-04, 7.27029405e-04, 7.55461620e-04,
       7.84700397e-04, 8.14752905e-04, 8.45625479e-04, 8.77323570e-04,
       9.09851683e-04, 9.43213323e-04, 9.77410936e-04, 1.01244585e-03,
       1.04831821e-03, 1.08502692e-03, 1.12256960e-03, 1.16094251e-03,
       1.20014047e-03, 1.24015686e-03, 1.28098351e-03, 1.32261067e-03,
       1.36502693e-03, 1.40821920e-03, 1.45217266e-03, 1.49687068e-03,
       1.54229479e-03, 1.58842465e-03, 1.63523802e-03, 1.68271070e-03,
       1.73081650e-03, 1.77952726e-03, 1.82881277e-03, 1.87864083e-03,
       1.92897716e-03, 1.97978548e-03, 2.03102745e-03, 2.08266274e-03,
       2.13464901e-03, 2.18694197e-03, 2.23949538e-03, 2.29226114e-03,
       2.34518933e-03, 2.39822824e-03, 2.45132450e-03, 2.50442312e-03,
       2.55746758e-03, 2.61039996e-03, 2.66316102e-03, 2.71569033e-03,
       2.76792638e-03, 2.81980675e-03, 2.87126820e-03, 2.92224686e-03,
       2.97267837e-03, 3.02249805e-03, 3.07164105e-03, 3.12004254e-03,
       3.16763790e-03, 3.21436287e-03, 3.26015376e-03, 3.30494763e-03,
       3.34868247e-03, 3.39129740e-03, 3.43273287e-03, 3.47293079e-03,
       3.51183480e-03, 3.54939036e-03, 3.58554499e-03, 3.62024841e-03,
       3.65345300e-03, 3.68512149e-03, 3.71524181e-03, 3.74382332e-03,
       3.77088743e-03, 3.79646171e-03, 3.82057640e-03, 3.84326241e-03,
       3.86455020e-03, 3.88446920e-03, 3.90304756e-03, 3.92031215e-03,
       3.93628851e-03, 3.95100106e-03, 3.96447316e-03, 3.97672727e-03,
       3.98778509e-03, 3.99766770e-03, 4.00639565e-03, 4.01398909e-03,
       4.02046787e-03, 4.02585160e-03, 4.03015975e-03, 4.03341169e-03,
       4.03562678e-03, 4.03682437e-03, 4.03702389e-03, 4.03624483e-03,
       4.03450683e-03, 4.03182964e-03, 4.02823315e-03, 4.02373743e-03,
       4.01836272e-03, 4.01212941e-03, 4.00505808e-03, 3.99716946e-03,
       3.98848443e-03, 3.97902404e-03, 3.96880946e-03, 3.95786199e-03,
       3.94620303e-03, 3.93385409e-03, 3.92083674e-03, 3.90717259e-03,
       3.89288332e-03, 3.87799058e-03, 3.86251604e-03, 3.84648135e-03,
       3.82990809e-03, 3.81281777e-03, 3.79523181e-03, 3.77717153e-03,
       3.75865809e-03, 3.73971251e-03, 3.72035562e-03, 3.70060808e-03,
       3.68049031e-03, 3.66002250e-03, 3.63922460e-03, 3.61811628e-03,
       3.59671694e-03, 3.57504568e-03, 3.55312128e-03, 3.53096219e-03,
       3.50858654e-03, 3.48601209e-03, 3.46325627e-03, 3.44033610e-03,
       3.41726827e-03, 3.39406905e-03, 3.37075433e-03, 3.34733960e-03,
       3.32383997e-03, 3.30027012e-03, 3.27664432e-03, 3.25297645e-03,
       3.22927996e-03, 3.20556790e-03, 3.18185290e-03, 3.15814718e-03,
       3.13446255e-03, 3.11081041e-03, 3.08720176e-03, 3.06364719e-03,
       3.04015690e-03, 3.01674070e-03, 2.99340798e-03, 2.97016779e-03,
       2.94702877e-03, 2.92399919e-03, 2.90108697e-03, 2.87829966e-03,
       2.85564445e-03, 2.83312820e-03, 2.81075741e-03, 2.78853828e-03,
       2.76647664e-03, 2.74457806e-03, 2.72284775e-03, 2.70129066e-03,
       2.67991143e-03, 2.65871440e-03, 2.63770367e-03, 2.61688305e-03,
       2.59625608e-03, 2.57582608e-03, 2.55559611e-03, 2.53556898e-03,
       2.51574729e-03, 2.49613343e-03, 2.47672955e-03, 2.45753761e-03,
       2.43855938e-03, 2.41979643e-03, 2.40125016e-03, 2.38292177e-03,
       2.36481233e-03, 2.34692272e-03, 2.32925368e-03, 2.31180579e-03,
       2.29457950e-03, 2.27757513e-03, 2.26079285e-03, 2.24423273e-03,
       2.22789471e-03, 2.21177863e-03, 2.19588422e-03, 2.18021110e-03,
       2.16475880e-03, 2.14952678e-03, 2.13451439e-03, 2.11972091e-03,
       2.10514554e-03, 2.09078742e-03, 2.07664562e-03, 2.06271912e-03,
       2.04900689e-03, 2.03550780e-03, 2.02222070e-03, 2.00914437e-03,
       1.99627757e-03, 1.98361900e-03, 1.97116732e-03, 1.95892116e-03,
       1.94687914e-03, 1.93503982e-03, 1.92340174e-03, 1.91196344e-03,
       1.90072340e-03, 1.88968011e-03, 1.87883203e-03, 1.86817762e-03,
       1.85771531e-03, 1.84744352e-03, 1.83736068e-03, 1.82746520e-03,
       1.81775547e-03, 1.80822991e-03, 1.79888691e-03, 1.78972486e-03,
       1.78074218e-03, 1.77193725e-03, 1.76330847e-03, 1.75485427e-03,
       1.74657304e-03, 1.73846321e-03, 1.73052321e-03, 1.72275145e-03,
       1.71514640e-03, 1.70770649e-03, 1.70043020e-03, 1.69331599e-03,
       1.68636234e-03, 1.67956776e-03, 1.67293076e-03, 1.66644985e-03,
       1.66012358e-03, 1.65395049e-03, 1.64792915e-03, 1.64205813e-03,
       1.63633605e-03, 1.63076150e-03, 1.62533311e-03, 1.62004952e-03,
       1.61490940e-03, 1.60991141e-03, 1.60505425e-03, 1.60033663e-03,
       1.59575727e-03, 1.59131492e-03, 1.58700832e-03, 1.58283626e-03,
       1.57879753e-03, 1.57489094e-03, 1.57111531e-03, 1.56746949e-03,
       1.56395233e-03, 1.56056271e-03, 1.55729953e-03, 1.55416168e-03,
       1.55114811e-03, 1.54825775e-03, 1.54548955e-03, 1.54284250e-03,
       1.54031557e-03, 1.53790779e-03, 1.53561816e-03, 1.53344572e-03,
       1.53138953e-03, 1.52944866e-03, 1.52762217e-03, 1.52590917e-03,
       1.52430877e-03, 1.52282009e-03, 1.52144227e-03, 1.52017446e-03,
       1.51901582e-03, 1.51796554e-03, 1.51702279e-03, 1.51618679e-03,
       1.51545675e-03, 1.51483190e-03, 1.51431147e-03, 1.51389471e-03,
       1.51358089e-03, 1.51336928e-03, 1.51325915e-03, 1.51324981e-03,
       1.51334056e-03, 1.51353070e-03, 1.51381956e-03, 1.51420648e-03,
       1.51469078e-03, 1.51527182e-03, 1.51594895e-03, 1.51672154e-03,
       1.51758896e-03, 1.51855058e-03, 1.51960580e-03, 1.52075399e-03,
       1.52199457e-03])]","[[0, 6.376880005047202e-05, 0.00012384871691641303, 0.0001825152146708144, 0.00024124552681513788, 0.00030103455457093794, 0.0003625852415758157, 0.00042642314734937174, 0.0004929658633840216, 0.0005625654745869369, 0.0006355347283346955, 0.0007121633607965427, 0.0007927284449900837, 0.000877501086896797, 0.0009667508731889168, 0.0010607489201041726, 0.0011597700399722639, 0.0012640943413307314, 0.0013740084574559394, 0.0014898065247264186, 0.0016117909875094816, 0.001740273278816995, 0.0018755744089738557, 0.0020180254838764173, 0.0021679681676174695, 0.002325755099830007, 0.0024917502751529283, 0.0026663293902004924, 0.0028498801619891738, 0.0030428026207341393, 0.003245509379144475, 0.0034584258797402583, 0.003681990621233499, 0.003916655364624601, 0.004162885319343329, 0.004421159309492468, 0.004691969920022156, 0.004975823622465127, 0.005273240879691664, 0.005584756228993376, 0.005910918342673322, 0.00625229006520379, 0.00660944842590994, 0.006982984626045897, 0.007373503999048292, 0.007781625942679787, 0.008207983821710917, 0.008653224839732111, 0.009118009878638684, 0.009603013304289641, 0.010108922736806292, 0.01063643878394894, 0.011186274735989413, 0.011759156220484297, 0.01235582081534851, 0.012977017618631948, 0.013623506773413603, 0.014296058946248327, 0.01499545475763198, 0.015722484162991317, 0.016477945782756576, 0.017262646180137717, 0.018077399085300275, 0.01892302456472466, 0.019800348134633727, 0.02071019981748856, 0.02165341314068192, 0.022630824076703398, 0.02364326992421059, 0.024691588129616637, 0.02577661504899718, 0.02689918465032892, 0.028060127156298072, 0.029260267628160083, 0.03050042449139186, 0.03178140800415453, 0.03310401866987778, 0.034469045595586, 0.03587726479791059, 0.037329437459071864, 0.03882630813546579, 0.04036860292185545, 0.04195702757454187, 0.04359226559727284, 0.045274976294039385, 0.04700579279330535, 0.04878532004861391, 0.05061413282091293, 0.052492773648336315, 0.054421750809567584, 0.05640153628729136, 0.05843256373860563, 0.06051522647961769, 0.06264987549177699, 0.06483681745780377, 0.06707631283535054, 0.06936857397677858, 0.07171376330364165, 0.07411199154463795, 0.07656331604591678, 0.07906773916270425, 0.0816252067412379, 0.08423560669997225, 0.08689876771893137, 0.08961445804593801, 0.09238238442824102, 0.09520219117778976, 0.09807345937806704, 0.10099570623998815, 0.10396838461390467, 0.10699088266421725, 0.11006252371250333, 0.11318256625440647, 0.1163502041548149, 0.11956456702508345, 0.12282472078522795, 0.1261296684131501, 0.12947835088203924, 0.13286964828615191, 0.1363023811541965, 0.13977531194855697, 0.14328714674758472, 0.14683653710717665, 0.15042208209685315, 0.1540423305045568, 0.1576957835061188, 0.16138090499399663, 0.16509614680641002, 0.16883997012976765, 0.17261085756038752, 0.17640731926732062, 0.18022789566577732, 0.1840711580773238, 0.18793570827718156, 0.19182017747256988, 0.19572322503602166, 0.1996435371823092, 0.20357982569488642, 0.20753082675758233, 0.21149529991722607, 0.21547202718520722, 0.21945981227588066, 0.22345747997423127, 0.22746387562248488, 0.23147786471425516, 0.23549833258465802, 0.2395241841851862, 0.24355434393276418, 0.24758775562314828, 0.25162338239961396, 0.2556602067686349, 0.25969723065498146, 0.2637334754893405, 0.26776798232218035, 0.2717998119581548, 0.27582804510586434, 0.279851782538273, 0.28387014525951854, 0.28788227467426486, 0.29188733275611684, 0.2958845022119712, 0.29987298663950024, 0.3038520106752672, 0.3078208201312587, 0.3117786821178826, 0.3157248851517295, 0.3196587392466309, 0.32357957598676673, 0.32748674858077903, 0.3313796318960454, 0.3352576224724446, 0.33912013851511824, 0.34296661986588894, 0.3467965279531449, 0.35060934572013674, 0.3544045775317589, 0.35818174906000644, 0.36194040714840264, 0.36568011965579306, 0.36940047527998904, 0.37310108336182435, 0.37678157367025894, 0.380441596169229, 0.3840808207669955, 0.3876989370487937, 0.39129565399362454, 0.394870699676064, 0.3984238209539936, 0.40195478314317534, 0.40546336967961005, 0.40894938177062834, 0.4124126380356674, 0.41585297413768635, 0.4192702424061688, 0.4226643114526525, 0.42603506577971323, 0.4293824053843146, 0.4327062453564159, 0.4360065154737097, 0.43928315979333554, 0.44253613624139015, 0.44576541620102755, 0.4489709840999111, 0.45215283699774944, 0.455310984174617, 0.45844544672072424, 0.4615562571282726, 0.46464345888599207, 0.46770710607692745, 0.47074726298000313, 0.47376400367586335, 0.4767574116574506, 0.4797275794457506, 0.48267460821110064, 0.48559860740042354, 0.4884996943707203, 0.49137799402912113, 0.49423363847976576, 0.4970667666777553, 0.4998775240903878, 0.5026660623658652, 0.5054325390096303, 0.5081771170684702, 0.510899964822498, 0.5136012554850994, 0.5162811669109141, 0.5189398813118964, 0.5215775849814843, 0.5241944680268849, 0.5267907241094697, 0.5293665501932547, 0.5319221463014282, 0.5344577152808722, 0.5369734625746134, 0.5394695960021268, 0.5419463255474025, 0.5444038631546788, 0.5468424225317354, 0.5492622189606295, 0.5516634691157541, 0.5540463908890884, 0.556411203222505, 0.558758125946996, 0.5610873796286695, 0.5633991854213725, 0.5656937649257852, 0.5679713400548346, 0.57023213290527, 0.5724763656352427, 0.5747042603477321, 0.5769160389796559, 0.5791119231965071, 0.5812921342923562, 0.58345689309506, 0.5856064198765185, 0.5877409342678209, 0.5898606551791261, 0.5919658007241224, 0.5940565881489129, 0.5961332337651777, 0.5981959528874609, 0.6002449597744398, 0.6022804675740305, 0.6043026882721879, 0.6063118326452642, 0.6083081102157881, 0.6102917292115324, 0.6122628965277419, 0.614221817692392, 0.616168696834357, 0.6181037366543664, 0.6200271383986311, 0.6219391018350274, 0.623839825231725, 0.6257295053381526, 0.6276083373681965, 0.6294765149855291, 0.6313342302909692, 0.6331816738117791, 0.6350190344928046, 0.6368464996893692, 0.6386642551618354, 0.6404724850717495, 0.6422713719794878, 0.644061096843328, 0.6458418390198681, 0.6476137762657213, 0.6493770847404162, 0.6511319390104354, 0.6528785120543253, 0.6546169752688171, 0.6563474984758962, 0.6580702499307638, 0.659785396330633, 0.6614931028243081, 0.6631935330224928, 0.6648868490087806, 0.6665732113512772, 0.6682527791148123, 0.6699257098736943, 0.6715921597249679, 0.6732522833021339, 0.6749062337892926, 0.676554162935674, 0.6781962210705205, 0.6798325571182865, 0.6814633186141255, 0.6830886517196306, 0.6847087012388023, 0.6863236106342124, 0.6879335220433394, 0.6895385762950484, 0.6911389129261932, 0.6927346701983128, 0.6943259851144055, 0.6959129934357551, 0.6974958296987914, 0.6990746272319647, 0.7006495181726156, 0.7022206334838237, 0.7037881029712179, 0.7053520552997314, 0.7069126180102894, 0.7084699175364103, 0.7100240792207122, 0.7115752273313066, 0.7131234850780709, 0.7146689746287856, 0.7162118171251257, 0.7177521326984959, 0.7192900404856991, 0.7208256586444286, 0.7223591043685754, 0.7238904939033416, 0.725419942560151, 0.7269475647313502, 0.7284734739046922, 0.7299977826775949, 0.7315206027711693, 0.7330420450440094, 0.7345622195057383, 0.7360812353303055, 0.7375992008690279, 0.7391162236633726, 0.7406324104574725, 0.742147867210374, 0.7436626991080084, 0.7451770105748866, 0.7466909052855094, 0.7482044861754928, 0.7497178554524022, 0.751231114606293, 0.7527443644199543, 0.7542577049788526, 0.7557712356807715, 0.7572850552451463, 0.7587992617220884, 0.7603139525010993, 0.7618292243194702, 0.7633451732703643, 0.7648618948105822, 0.7663794837680041, 0.7678980343487112, 0.7694176401437804, 0.7709383941357535, 0.7724603887047765]]"
50.0,80.0,4,120,360,I1-S1,"[[0.01, 0.009218546420913139, 0.008861068736292907, 0.008775059817687893, 0.008868448506442047, 0.009085558562723616, 0.009392622362260523, 0.00976909715632032, 0.010202505703088609, 0.01068533455670776, 0.011213164216944104, 0.011783537502264336, 0.012395271457571782, 0.013048036287739716, 0.013742095545288073, 0.01447814413333302, 0.015257206019778062, 0.016080568724713733, 0.01694974072684048, 0.017866423381045958, 0.01883249220991802, 0.019849984400906302, 0.020921090530432635, 0.02204814925870372, 0.023233644180914528, 0.024480202293531622, 0.025790593705176394, 0.027167732330285063, 0.028614677374211004, 0.03013463546520631, 0.031730963320511084, 0.0334071708559058, 0.03516692466380705, 0.03701405179633583, 0.03895254379803739, 0.040986560938904903, 0.0431204366025948, 0.0453586817875855, 0.04770598968077549, 0.05016724026382176, 0.05274750491251775, 0.055452050948797536, 0.058286346103606765, 0.0612560628469557, 0.06436708253901186, 0.06762549935313238, 0.07103762391830863, 0.0746099866246187, 0.07834934053097693, 0.08226266380975024, 0.0863571616576932, 0.090640267597155, 0.0951196440856474, 0.09980318234565318, 0.10469900132002415, 0.10981544565149201, 0.11516108257772993, 0.1207446976260982, 0.12657528898473278, 0.13266206041905096, 0.13901441259512393, 0.14564193266378514, 0.15255438195190438, 0.1597616816000719, 0.1672738959791374, 0.17510121371178425, 0.18325392611975816, 0.19174240291270603, 0.2005770649310271, 0.209768353752934, 0.2193266979753301, 0.22926247597941724, 0.23958597499547132, 0.2503073462872963, 0.26143655628585133, 0.2729833335138243, 0.2849571111588895, 0.29736696517345695, 0.3102215478033076, 0.3235290164770321, 0.33729695802306453, 0.3515323082217104, 0.3662412667462759, 0.38142920760052185, 0.3971005852194464, 0.41325883646701134, 0.42990627883794946, 0.4470440052511639, 0.4646717759092695, 0.4827879077921667, 0.501389162451622, 0.5204706328778963, 0.5400256303174888, 0.5600455720318026, 0.5805198710984265, 0.6014358294679558, 0.622778535597704, 0.6445307680868916, 0.666672906833235, 0.6891828533153623, 0.7120359616759809, 0.7352049823338849, 0.7586600198852659, 0.7823685070629156, 0.8062951965023601, 0.8304021720135255, 0.8546488809722337, 0.878992189325169, 0.9033864605429515, 0.9277836596573632, 0.9521334832801479, 0.9763835162227008, 1.000479415019979, 1.0243651183108917, 1.0479830836452744, 1.0712745498795797, 1.0941798238961271, 1.1166385899418259, 1.1385902394404133, 1.1599742186970907, 1.1807303914962188, 1.200799413202163, 1.2201231126212113, 1.2386448775792405, 1.2563100399254095, 1.2730667978146926, 1.2888719665639121, 1.3036935842920954, 1.3175071392658038, 1.3302927462178946, 1.3420335041940112, 1.3527146397158298, 1.3623231582498683, 1.3708478110718196, 1.378279244564165, 1.3846102415707193, 1.3898359945485474, 1.393954371436091, 1.3969661499453956, 1.398875206224892, 1.3996886508515398, 1.399416909848145, 1.3980737515633297, 1.3956762622818852, 1.3922447746943314, 1.3878027540867623, 1.3823766474829597, 1.3759957010959136, 1.3686917514045118, 1.3604989950170012, 1.3514537422522086, 1.3415941590869296, 1.3309600018000471, 1.3195923483024021, 1.307533329784622, 1.29482586594944, 1.2815134067257499, 1.2676396829932848, 1.253248468483476, 1.2383833546674932, 1.223087540100171, 1.2074036353616413, 1.191373484429815, 1.1750380030288186, 1.1584370342330303, 1.1416092213650086, 1.1245918980093654, 1.1074209947740676, 1.0901309622658244, 1.0727547096068113, 1.0553235577052456, 1.0378672064012142, 1.020413714540301, 1.0029894919793847, 0.9856193024997665, 0.9683262765906128, 0.951131933068713, 0.9340562085167393, 0.9171174935496859, 0.9003326749560642, 0.8837171828049786, 0.8672850416607382, 0.8510489251016276, 0.835020212797483, 0.819209049460528, 0.8036244050444343, 0.7882741356268116, 0.7731650444695003, 0.7583029428084614, 0.7436927099801782, 0.7293383525438812, 0.7152430621082607, 0.7014092716174067, 0.6878387098933842, 0.6745324542720418, 0.6614909812043571, 0.6487142147279009, 0.6362015727419351, 0.6239520110453903, 0.6119640651196319, 0.6002358896577128, 0.5887652958588975, 0.577549786521832, 0.5665865889820233, 0.5558726859494785, 0.5454048443106341, 0.5351796419652759, 0.5251934927741808, 0.5154426696968883, 0.5059233262014897, 0.49663151602975586, 0.4875632114014588, 0.47871431974150097, 0.4700806990125694, 0.46165817173458634, 0.4534425377703345, 0.4454295859543682, 0.4376151046397743, 0.42999489123457074, 0.4225647607965964, 0.4153205537526986, 0.40825814280491135, 0.4013734390831759, 0.39466239760101646, 0.38812102206747695, 0.381745369105569, 0.3755315519244991, 0.3694757434900437, 0.36357417923464064, 0.3578231593460705, 0.35221905067101733, 0.34675828826733096, 0.34143737663646395, 0.3362528906653255, 0.3312014763046835, 0.32627985100925194, 0.32148480396271983, 0.3168131961092135, 0.31226196001102235, 0.307828099550867, 0.30350868949553256, 0.29930087493633556, 0.2952018706206249, 0.291208960187341, 0.28731949531855966, 0.28353089481793137, 0.27984064362598077, 0.27624629178135784, 0.2727454533363216, 0.26933580523398876, 0.2660150861541882, 0.2627810953341239, 0.25963169136946057, 0.25656479100090324, 0.25357836789084565, 0.25067045139420063, 0.24783912532710708, 0.24508252673681902, 0.24239884467573, 0.23978631898215907, 0.23724323907022887, 0.23476794273089324, 0.23235881494592403, 0.23001428671643942, 0.2277328339073501, 0.22551297610891013, 0.22335327551638925, 0.22125233582872672, 0.21920880116688582, 0.21722135501250014, 0.21528871916728667, 0.21340965273359583, 0.21158295111637435, 0.20980744504673168, 0.20808199962722373, 0.2064055133988997, 0.20477691743009563, 0.2031951744269044, 0.2016592778652023, 0.20016825114406914, 0.19872114676040134, 0.19731704550448315, 0.19595505567625157, 0.1946343123219655, 0.19335397649096725, 0.19211323451220483, 0.19091129729016865, 0.1897473996198813, 0.18862079952056837, 0.1875307775876295, 0.18647663636252107, 0.1854576997201565, 0.1844733122734267, 0.18352283879444006, 0.1826056636520802, 0.18172119026547984, 0.18086884057300948, 0.18004805451638167, 0.1792582895394737, 0.17849902010147498, 0.17776973720396916, 0.17706994793156497, 0.17639917500569494, 0.17575695635120586, 0.1751428446753708, 0.1745564070589577, 0.1739972245589958, 0.17346489182288785, 0.17295901671352096, 0.17247921994503748, 0.17202513472893177, 0.17159640643014668, 0.17119269223284994, 0.17081366081557686, 0.17045899203543283, 0.17012837662105576, 0.16982151587404495, 0.16953812137856944, 0.1692779147188756, 0.16904062720441984, 0.168825999602359, 0.16863378187713635, 0.1684637329369086, 0.1683156203865641, 0.16818922028708863, 0.16808431692104153, 0.16800070256390995, 0.1679381772611145, 0.16789654861044584, 0.1678756315497157, 0.1678752481494124, 0.1678952274101552, 0.16793540506474638, 0.16799562338462626, 0.16807573099053913, 0.1681755826672243, 0.16829503918194988, 0.16843396710671177, 0.16859223864392442, 0.1687697314554342, 0.1689663284946898, 0.16918191784190909, 0.16941639254208415, 0.1696696504456714, 0.16994159405181658, 0.17023213035396817, 0.17054117068773644, 0.17086863058085844, 0.17121442960513297, 0.17157849123019278, 0.1719607426789841, 0.17236111478482735, 0.1727795418499357, 0.17321596150527127, 0.1736703145716216, 0.1741425449217827, 0.174632599343737, 0.1751404274047184, 0.1756659813160587, 0.1762092157987132, 0.17677008794936624, 0.17734855710701947, 0.17794458471996974, 0.1785581342130854, 0.1791891708552933, 0.17983766162719128]]","[[0.01, 0.011673645222856313, 0.01362924433757481, 0.01580189558251425, 0.018156401288824855, 0.020675388914230236, 0.0233521542238333, 0.0261863892586273, 0.029181697709783558, 0.0323441323470553, 0.03568133914771178, 0.03920206249530971, 0.04291586519146029, 0.04683297603147148, 0.05096421298103031, 0.05532095107199232, 0.05991511671603654, 0.06475919763298359, 0.06986626205188587, 0.07524998349163593, 0.08092466899566379, 0.08690528961957503, 0.09320751251235071, 0.09984773424665834, 0.10684311523462225, 0.11421161516719841, 0.12197202947079508, 0.13014402680331802, 0.13874818762478594, 0.14780604388172386, 0.15734011984356164, 0.1673739741254534, 0.17793224292652227, 0.18904068450618783, 0.20072622491428357, 0.21301700498325227, 0.22594242858285515, 0.23953321212950848, 0.2538214353335073, 0.26884059315792813, 0.2846256489528247, 0.301213088717355, 0.31864097643059447, 0.3369490103789156, 0.3561785803938379, 0.37637282589908116, 0.3975766946490981, 0.41983700202351143, 0.4432024907225572, 0.46772389068773396, 0.49345397904929966, 0.5204476398779533, 0.5487619234919102, 0.5784561050425587, 0.6095917420719036, 0.6422327307030142, 0.6764453600906606, 0.7122983647232145, 0.7498629741287299, 0.7892129594978958, 0.8304246766943517, 0.873577105078739, 0.9187518815269541, 0.9660333289755415, 1.0155084787782198, 1.0672670861074478, 1.1214016375840326, 1.1780073502664545, 1.2371821610803155, 1.2990267057176392, 1.3636442859863425, 1.431140824542749, 1.5016248058954211, 1.5752072025277406, 1.6520013849506803, 1.7321230144672202, 1.8156899174071803, 1.9028219395772843, 1.9936407796675444, 2.088269800363207, 2.186833815933257, 2.2894588551036446, 2.3962718980778743, 2.507400586641257, 2.6229729063799794, 2.7431168401640007, 2.86795999218557, 2.997629182014526, 3.1322500083290756, 3.2719463822077364, 3.416840030125573, 3.5670499670863682, 3.722691940642092, 3.8838778469015662, 4.050715120010514, 4.223306096993483, 4.401747360281889, 4.5861290607081875, 4.7765342242195885, 4.973038046050482, 5.17570717658439, 5.384599003626572, 5.59976093628898, 5.821229696150794, 6.049030621790305, 6.2831769931766255, 6.523669382751271, 6.7704950403087, 7.023627318989657, 7.283025149820522, 7.548632572255044, 7.820378328092234, 8.098175525947369, 8.38192138313552, 8.671497051384181, 8.966767532221388, 9.267581687188857, 9.573772347209896, 9.885156524505799, 10.201535729412393, 10.52269639331359, 10.848410397697483, 11.178435708072259, 11.512517110175299, 11.850387044593525, 12.191767105035959, 12.536375146337036, 12.883930664282321, 13.234153433119488, 13.586762201869583, 13.941474008411326, 14.298003965208476, 14.656065403568949, 15.01537028772451, 15.375629828582618, 15.7365552412389, 16.09785860134842, 16.459253764044217, 16.82045731586242, 17.181189535532248, 17.541175343851954, 17.900145226450036, 18.257836116212708, 18.61399222468406, 18.96836581391783, 19.320717902155017, 19.670818898373984, 20.01844916224817, 20.36339948737766, 20.705471506853353, 21.04447802127834, 21.380243250318816, 21.71260300969192, 22.04140481622444, 22.3665079242378, 22.687783297034596, 23.005113517683593, 23.31839264362818, 23.627526009882097, 23.93242998573192, 24.233031689944006, 24.529268669481414, 24.821088546680667, 25.108448639726582, 25.391315561103312, 25.669664798498605, 25.943480282403666, 26.21275394438963, 26.47748526976069, 26.737680847989097, 26.993353924034583, 27.244523953345475, 27.49121616303492, 27.733461121427844, 27.971294317885263, 28.204755754535523, 28.433889551278913, 28.65874356518475, 28.879369025169556, 29.095820182632256, 29.308153978527706, 29.516429727183475, 29.720708817006503, 29.921054428085387, 30.117531266570246, 30.310205315604467, 30.49914360249008, 30.684413981690497, 30.866084933209244, 31.04422537583063, 31.218904494666596, 31.390191582422176, 31.558155893769452, 31.72286651220503, 31.884392228758394, 32.04280143191696, 32.19816200813731, 32.3505412523203, 32.50000578763988, 32.646621494130535, 32.79045344545601, 32.93156585330176, 33.070022018855035, 33.20588429085865, 33.33921402974822, 33.470071577405946, 33.59851623208807, 33.7246062281072, 33.84839871987384, 33.969949769925286, 34.08931434059201, 34.20654628897431, 34.3216983649228, 34.43482221173704, 34.54596836931603, 34.655186279513295, 34.762524293466754, 34.868029680690746, 34.97174863973358, 35.07372631021895, 35.17400678610392, 35.27263312999949, 35.369647388412446, 35.46509060777859, 35.55900285116895, 35.65142321556023, 35.74238984957079, 35.83193997157196, 35.92010988809285, 36.00693501244447, 36.092449883495995, 36.17668818454251, 36.25968276220968, 36.34146564534622, 36.42206806386036, 36.501520467460935, 36.579852544268356, 36.65709323926447, 36.73327077255405, 36.80841265741399, 36.8825457181093, 36.95569610745784, 37.02788932412817, 37.0991502296573, 37.16950306517721, 37.23897146784089, 37.30757848694037, 37.37534659971087, 37.442297726816534, 37.50845324751445, 37.57383401449504, 37.63846036839755, 37.70235215200074, 37.765528724089314, 37.82800897299763, 37.889811329832796, 37.95095378137976, 38.01145388269166, 38.07132876936906, 38.13059516953208, 38.189269415489804, 38.247367455111664, 38.3049048629056, 38.36189685080829, 38.41835827869252, 38.47430366459735, 38.52974719468641, 38.584702732940116, 38.63918383058738, 38.69320373528259, 38.74677540003363, 38.79991149188659, 38.852624400373074, 38.90492624572561, 38.95682888686703, 39.008343929179276, 39.05948273205741, 39.110256416254074, 39.160675871020054, 39.21075176104618, 39.26049453321185, 39.30991442314532, 39.359021461600996, 39.40782548065846, 39.45633611974832, 39.50456283150963, 39.55251488748344, 39.60020138364724, 39.64763124579458, 39.694813234764425, 39.7417559515243, 39.78846784211153, 39.8349572024366, 39.88123218295246, 39.927300793193815, 39.97317090618992, 40.01885026275469, 40.06434647565752, 40.10966703367836, 40.1548193055503, 40.19981054379291, 40.24464788843954, 40.28933837066154, 40.33388891629242, 40.378306349254785, 40.42259739489281, 40.466768683213, 40.51082675203574, 40.554778050060335, 40.59862893984572, 40.64238570070942, 40.68605453154699, 40.72964155357407, 40.77315281299319, 40.81659428358755, 40.85997186924352, 40.90329140640395, 40.946558666454045, 40.98977935804166, 41.0329591293337, 41.07610357021023, 41.11921821439801, 41.16230854154483, 41.20537997923627, 41.2484379049562, 41.29148764799245, 41.33453449128889, 41.37758367324522, 41.42064038946564, 41.4637097944576, 41.506797003281676, 41.54990709315365, 41.59304510499979, 41.63621604496631, 41.67942488588391, 41.72267656868822, 41.7659760037971, 41.80932807244543, 41.85273762797827, 41.89620949710295, 41.939748481100956, 41.983359357, 42.027046878707075, 42.07081577810295, 42.114670766098584, 42.158616533654104, 42.20265775276055, 42.246799077385106, 42.29104514437992, 42.33540057435507, 42.3798699725159, 42.424457929465056, 42.4691690219695, 42.514007813692665, 42.55897885589208, 42.60408668808257, 42.64933583866518, 42.69473082552204, 42.74027615657718, 42.785976330323415, 42.83183583631542, 42.87785915562896, 42.924050761286296, 42.970415118647814, 43.01695668576984, 43.06367991372856]]","[array([6.37688001e-05, 6.00799169e-05, 5.86664978e-05, 5.87303121e-05,
       5.97890278e-05, 6.15506886e-05, 6.38379283e-05, 6.65428547e-05,
       6.96001502e-05, 7.29708348e-05, 7.66324692e-05, 8.05732140e-05,
       8.47882080e-05, 8.92773426e-05, 9.40438832e-05, 9.90936041e-05,
       1.04434239e-04, 1.10075128e-04, 1.16026981e-04, 1.22301732e-04,
       1.28912427e-04, 1.35873163e-04, 1.43199039e-04, 1.50906132e-04,
       1.59011476e-04, 1.67533062e-04, 1.76489837e-04, 1.85901709e-04,
       1.95789563e-04, 2.06175275e-04, 2.17081734e-04, 2.28532857e-04,
       2.40553622e-04, 2.53170088e-04, 2.66409427e-04, 2.80299946e-04,
       2.94871126e-04, 3.10153644e-04, 3.26179409e-04, 3.42981588e-04,
       3.60594642e-04, 3.79054352e-04, 3.98397849e-04, 4.18663645e-04,
       4.39891654e-04, 4.62123226e-04, 4.85401160e-04, 5.09769735e-04,
       5.35274719e-04, 5.61963390e-04, 5.89884543e-04, 6.19088497e-04,
       6.49627098e-04, 6.81553716e-04, 7.14923229e-04, 7.49792012e-04,
       7.86217911e-04, 8.24260209e-04, 8.63979583e-04, 9.05438052e-04,
       9.48698917e-04, 9.93826679e-04, 1.04088696e-03, 1.08994637e-03,
       1.14107246e-03, 1.19433348e-03, 1.24979833e-03, 1.30753633e-03,
       1.36761703e-03, 1.43011003e-03, 1.49508469e-03, 1.56260993e-03,
       1.63275390e-03, 1.70558370e-03, 1.78116499e-03, 1.85956170e-03,
       1.94083554e-03, 2.02504565e-03, 2.11224810e-03, 2.20249543e-03,
       2.29583608e-03, 2.39231388e-03, 2.49196747e-03, 2.59482967e-03,
       2.70092682e-03, 2.81027817e-03, 2.92289515e-03, 3.03878067e-03,
       3.15792836e-03, 3.28032190e-03, 3.40593420e-03, 3.53472665e-03,
       3.66664843e-03, 3.80163569e-03, 3.93961087e-03, 4.08048200e-03,
       4.22414202e-03, 4.37046818e-03, 4.51932144e-03, 4.67054603e-03,
       4.82396900e-03, 4.97939987e-03, 5.13663046e-03, 5.29543471e-03,
       5.45556872e-03, 5.61677093e-03, 5.77876232e-03, 5.94124695e-03,
       6.10391251e-03, 6.26643114e-03, 6.42846033e-03, 6.58964413e-03,
       6.74961439e-03, 6.90799228e-03, 7.06438999e-03, 7.21841249e-03,
       7.36965958e-03, 7.51772799e-03, 7.66221365e-03, 7.80271405e-03,
       7.93883072e-03, 8.07017171e-03, 8.19635421e-03, 8.31700707e-03,
       8.43177409e-03, 8.54033435e-03, 8.64243897e-03, 8.73790166e-03,
       8.82657563e-03, 8.90833892e-03, 8.98308627e-03, 9.05072519e-03,
       9.11117484e-03, 9.16436643e-03, 9.21024456e-03, 9.24876902e-03,
       9.27991651e-03, 9.30368242e-03, 9.32008217e-03, 9.32915230e-03,
       9.33095126e-03, 9.32555969e-03, 9.31308046e-03, 9.29363836e-03,
       9.26737945e-03, 9.23447020e-03, 9.19509637e-03, 9.14946168e-03,
       9.09778639e-03, 9.04030564e-03, 8.97726785e-03, 8.90893290e-03,
       8.83557039e-03, 8.75745783e-03, 8.67487887e-03, 8.58812156e-03,
       8.49747661e-03, 8.40323586e-03, 8.30569064e-03, 8.20513036e-03,
       8.10184115e-03, 7.99610463e-03, 7.88819674e-03, 7.77838676e-03,
       7.66693637e-03, 7.55409889e-03, 7.44011858e-03, 7.32523007e-03,
       7.20965795e-03, 7.09361631e-03, 6.97730859e-03, 6.86092731e-03,
       6.74465405e-03, 6.62865937e-03, 6.51310292e-03, 6.39813351e-03,
       6.28388931e-03, 6.17049805e-03, 6.05807730e-03, 5.94673475e-03,
       5.83656857e-03, 5.72766770e-03, 5.62011230e-03, 5.51397407e-03,
       5.40931671e-03, 5.30619627e-03, 5.20466157e-03, 5.10475463e-03,
       5.00651105e-03, 4.90996042e-03, 4.81512671e-03, 4.72202862e-03,
       4.63068000e-03, 4.54109019e-03, 4.45326432e-03, 4.36720371e-03,
       4.28290613e-03, 4.20036616e-03, 4.11957539e-03, 4.04052277e-03,
       3.96319485e-03, 3.88757597e-03, 3.81364856e-03, 3.74139330e-03,
       3.67078933e-03, 3.60181447e-03, 3.53444533e-03, 3.46865753e-03,
       3.40442581e-03, 3.34172418e-03, 3.28052605e-03, 3.22080435e-03,
       3.16253162e-03, 3.10568013e-03, 3.05022193e-03, 2.99612898e-03,
       2.94337321e-03, 2.89192656e-03, 2.84176106e-03, 2.79284891e-03,
       2.74516246e-03, 2.69867434e-03, 2.65335742e-03, 2.60918491e-03,
       2.56613032e-03, 2.52416756e-03, 2.48327092e-03, 2.44341509e-03,
       2.40457518e-03, 2.36672675e-03, 2.32984580e-03, 2.29390881e-03,
       2.25889270e-03, 2.22477488e-03, 2.19153322e-03, 2.15914607e-03,
       2.12759228e-03, 2.09685115e-03, 2.06690248e-03, 2.03772651e-03,
       2.00930400e-03, 1.98161613e-03, 1.95464457e-03, 1.92837144e-03,
       1.90277930e-03, 1.87785118e-03, 1.85357051e-03, 1.82992118e-03,
       1.80688750e-03, 1.78445418e-03, 1.76260636e-03, 1.74132955e-03,
       1.72060967e-03, 1.70043304e-03, 1.68078632e-03, 1.66165656e-03,
       1.64303117e-03, 1.62489789e-03, 1.60724483e-03, 1.59006041e-03,
       1.57333340e-03, 1.55705287e-03, 1.54120821e-03, 1.52578911e-03,
       1.51078555e-03, 1.49618781e-03, 1.48198644e-03, 1.46817227e-03,
       1.45473639e-03, 1.44167015e-03, 1.42896515e-03, 1.41661325e-03,
       1.40460653e-03, 1.39293731e-03, 1.38159814e-03, 1.37058179e-03,
       1.35988123e-03, 1.34948964e-03, 1.33940043e-03, 1.32960718e-03,
       1.32010367e-03, 1.31088385e-03, 1.30194188e-03, 1.29327208e-03,
       1.28486893e-03, 1.27672710e-03, 1.26884140e-03, 1.26120681e-03,
       1.25381847e-03, 1.24667164e-03, 1.23976175e-03, 1.23308436e-03,
       1.22663517e-03, 1.22041001e-03, 1.21440484e-03, 1.20861575e-03,
       1.20303893e-03, 1.19767073e-03, 1.19250757e-03, 1.18754600e-03,
       1.18278270e-03, 1.17821442e-03, 1.17383803e-03, 1.16965051e-03,
       1.16564892e-03, 1.16183041e-03, 1.15819225e-03, 1.15473177e-03,
       1.15144640e-03, 1.14833366e-03, 1.14539115e-03, 1.14261653e-03,
       1.14000755e-03, 1.13756206e-03, 1.13527795e-03, 1.13315319e-03,
       1.13118583e-03, 1.12937398e-03, 1.12771581e-03, 1.12620957e-03,
       1.12485356e-03, 1.12364613e-03, 1.12258572e-03, 1.12167080e-03,
       1.12089991e-03, 1.12027163e-03, 1.11978460e-03, 1.11943753e-03,
       1.11922914e-03, 1.11915824e-03, 1.11922365e-03, 1.11942426e-03,
       1.11975900e-03, 1.12022684e-03, 1.12082678e-03, 1.12155789e-03,
       1.12241924e-03, 1.12340997e-03, 1.12452925e-03, 1.12577628e-03,
       1.12715030e-03, 1.12865057e-03, 1.13027640e-03, 1.13202713e-03,
       1.13390211e-03, 1.13590075e-03, 1.13802246e-03, 1.14026670e-03,
       1.14263294e-03, 1.14512069e-03, 1.14772948e-03, 1.15045884e-03,
       1.15330837e-03, 1.15627764e-03, 1.15936628e-03, 1.16257393e-03,
       1.16590023e-03, 1.16934486e-03, 1.17290751e-03, 1.17658789e-03,
       1.18038572e-03, 1.18430073e-03, 1.18833267e-03, 1.19248131e-03,
       1.19674642e-03])]","[[0, 6.376880005047202e-05, 0.00012384871691641303, 0.0001825152146708144, 0.00024124552681513788, 0.0003010345545845874, 0.0003625852431577342, 0.0004264231714884927, 0.0004929660261479204, 0.000562566176372663, 0.0006355370111887704, 0.0007121694803388406, 0.0007927426943867141, 0.0008775309024345906, 0.0009668082450842133, 0.0010608521282768643, 0.0011599457323703494, 0.0012643799716433718, 0.0013744550993518272, 0.0014904820807945436, 0.0016127838126167718, 0.0017416962394459395, 0.0018775694021277408, 0.002020768441245573, 0.002171674572823575, 0.0023306860486666677, 0.0024982191107952886, 0.0026747089473515033, 0.002860610655859088, 0.003056400218610844, 0.0032625754941052075, 0.003479657227780456, 0.0037081900847458485, 0.003948743706749401, 0.004201913795227172, 0.004468323221931099, 0.00474862316831845, 0.005043494294595402, 0.005353647939031996, 0.005679827347898866, 0.00602280893611187, 0.006383403578404091, 0.006762457930571109, 0.007160855780050907, 0.007579519424800676, 0.008019411079115555, 0.008481534304695833, 0.00896693546490631, 0.009476705199781311, 0.010011979918908676, 0.010573943308872902, 0.011163827851449312, 0.011782916348214623, 0.012432543446672875, 0.013114097162386483, 0.013829020390948635, 0.014578812402933267, 0.015365030314210815, 0.01618929052322071, 0.017053270105944023, 0.017958708158421502, 0.018907407075713086, 0.019901233755196097, 0.020942120711051164, 0.02203206708569046, 0.02317313954274452, 0.024367473025046098, 0.025617271359837632, 0.026924807692189315, 0.02829242472635599, 0.029722534753532797, 0.03121761944320343, 0.03278022937402467, 0.03441298327897258, 0.03611856697830725, 0.03789973197281548, 0.03975929366878677, 0.041700129205294215, 0.043725174853616544, 0.04583742295808247, 0.04803991838727772, 0.05033575446446582, 0.05272806834627528, 0.05522003581923987, 0.057814865484689164, 0.0605157923038179, 0.06332607047656157, 0.06624896563021719, 0.06928774629661832, 0.07244567466014465, 0.07572599656295974, 0.07913193075866158, 0.08266665741102863, 0.08633330584077306, 0.09013494153018407, 0.09407455240326043, 0.09815503440738144, 0.10237917643172197, 0.10674964460743776, 0.11126896604506807, 0.1159395120755431, 0.12076348107253733, 0.12574288094555106, 0.13087951140487997, 0.13617494611137518, 0.14163051483540517, 0.14724728576049445, 0.15302604807749431, 0.15896729502458976, 0.1650712075367054, 0.1713376386746726, 0.17776609900959825, 0.18435574314097114, 0.19110535752791236, 0.19801334981140012, 0.20507773980108585, 0.21229615229331755, 0.21966581187709264, 0.22718353987182807, 0.23484575352507267, 0.24264846757967184, 0.2505872982985796, 0.25865747001171535, 0.2668538242232741, 0.27517083129008074, 0.28360260538237037, 0.29214293973436667, 0.30078537870104466, 0.3095232803598358, 0.3183498559909528, 0.3272581949147353, 0.336241281181627, 0.345292006371924, 0.354403181211758, 0.3635675476368428, 0.3727777921991734, 0.38202656121558093, 0.391306477730081, 0.4006101601536888, 0.40993024231967146, 0.4192593946233873, 0.4285903458857633, 0.43791590557530846, 0.44722898603642003, 0.45652262439541547, 0.46579000384592856, 0.47502447404911735, 0.48421957041953895, 0.49336903210319843, 0.5024668184892556, 0.5115071241305486, 0.5204843919800486, 0.529393324880308, 0.5382288952707018, 0.5469863531026795, 0.5556612319762374, 0.5642493535313722, 0.5727468301463605, 0.5811500660103535, 0.5894557566510238, 0.5976608870089305, 0.6057627281589548, 0.6137588327857361, 0.6216470295246169, 0.6294254162823446, 0.6370923526528204, 0.6446464515427088, 0.6520865701198844, 0.6594118001946715, 0.6666214581397991, 0.6737150744501121, 0.6806923830375127, 0.687553310350509, 0.6942979644012581, 0.7009266237762461, 0.7074397266998673, 0.7138378602132515, 0.720121749523844, 0.7262922475745417, 0.7323503248747059, 0.7382970596291613, 0.7441336281953953, 0.7498612958936327, 0.7554814081892958, 0.7609953822625897, 0.7664046989755848, 0.7717108952432014, 0.7769155568109345, 0.7820203114389808, 0.7870268224896215, 0.7919367829122778, 0.7967519096185427, 0.801473938237715, 0.8061046182418604, 0.8106457084282164, 0.8150989727457815, 0.819466176452192, 0.8237490825864504, 0.8279494487427134, 0.8320690241301528, 0.8361095469038513, 0.8400727417517623, 0.8439603177229398, 0.8477739662825091, 0.8515153595791876, 0.855186148911566, 0.8587879633798124, 0.8623224087099479, 0.8657910662383619, 0.8691954920447733, 0.8725372162223956, 0.875817742274619, 0.8790385466280852, 0.882201078252583, 0.8853067583787382, 0.8883569803050114, 0.8913531092860354, 0.8942964824948297, 0.8971884090519215, 0.9000301701148655, 0.9028230190221087, 0.9055681814855727, 0.9082668558267336, 0.9109202132513651, 0.9135293981584792, 0.9160955284793412, 0.9186196960427602, 0.921102966963166, 0.9235463820482644, 0.9259509572233343, 0.9283176839694791, 0.9306475297733804, 0.9329414385863164, 0.935200331290412, 0.9374251061702764, 0.9396166393883545, 0.9417757854624832, 0.9439033777442916, 0.9460002288972207, 0.9480671313730673, 0.950104857886071, 0.9521141618836746, 0.954095778013182, 0.9560504225836343, 0.9579787940223017, 0.9598815733252707, 0.9617594245016715, 0.9636129950111553, 0.9654429161942902, 0.9672498036955954, 0.9690342578789821, 0.9707968642354127, 0.9725381937826296, 0.9742588034568407, 0.975959236496279, 0.9776400228165858, 0.9793016793779898, 0.9809447105442805, 0.9825696084335919, 0.9841768532610358, 0.9857669136732348, 0.9873402470748242, 0.9888972999470036, 0.9904385081582288, 0.9919642972671463, 0.9934750828178806, 0.9949712706277918, 0.9964532570678274, 0.9979214293355964, 0.9993761657213002, 1.0008178358666573, 1.00224680101696, 1.0036634142664072, 1.0050680207968534, 1.006460958110124, 1.007842556254035, 1.009213138042267, 1.0105730192682372, 1.011922508913112, 1.013261909348106, 1.0145915165312054, 1.0159116201984624, 1.0172225040499925, 1.0185244459308171, 1.0198177180066836, 1.0211025869349972, 1.0223793140309934, 1.0236481554292813, 1.0249093622408827, 1.02616318070589, 1.0274098523418635, 1.0286496140880868, 1.0298826984457956, 1.031109333614493, 1.0323297436244596, 1.033544148465569, 1.0347527642125103, 1.0359558031465221, 1.0371534738737365, 1.0383459814402283, 1.0395335274438675, 1.0407163101430632, 1.0418945245624884, 1.0430683625958748, 1.0442380131059579, 1.0454036620216576, 1.0465654924325702, 1.0477236846808522, 1.0488784164505656, 1.0500298628545621, 1.0511781965189726, 1.0523235876653716, 1.05346620419068, 1.054606211744872, 1.0557437738065474, 1.0568790517564266, 1.0580122049488276, 1.0591433907811798, 1.0602727647616295, 1.0614004805747852, 1.0625266901456578, 1.0636515437018397, 1.0647751898339706, 1.0658977755545362, 1.0670194463550404, 1.0681403462615937, 1.0692606178889592, 1.0703804024930923, 1.0714998400222115, 1.0726190691664372, 1.0737382274060314, 1.0748574510582714, 1.0759768753229868, 1.0770966343267958, 1.0782168611660603, 1.079337687948596, 1.0804592458341584, 1.0815816650737318, 1.0827050750476441, 1.0838296043025317, 1.0849553805871746, 1.086082530887222, 1.08721118145883, 1.088341457861227, 1.0894734849882268, 1.0906073870987039, 1.0917432878460462, 1.0928813103066028, 1.0940215770071362, 1.0951642099512944, 1.0963093306451135, 1.0974570601215632, 1.0986075189641433, 1.0997608273295414, 1.1009171049693613, 1.1020764712509281, 1.103239045177179, 1.1044049454056435, 1.1055742902665213, 1.106747197779861, 1.1079237856718445, 1.1091041713901792, 1.1102884721186048, 1.1114768047905115, 1.1126692861016756, 1.1138660325221126]]"
