efficacy,coverage,vacc_start,vacc_window,durability,vacc_type,infected,death
0,0,0,1,0,none,"[[0.01, 0.009218546420913139, 0.008861068736292907, 0.008775059817687893, 0.008868449567113188, 0.009085566642598953, 0.009392725835453884, 0.009769579362513532, 0.01020392074925149, 0.010688557960127241, 0.011219427672209735, 0.011794454821549486, 0.01241286036989116, 0.01307473923798244, 0.013780801593045011, 0.014532213342499456, 0.015330497248638431, 0.016177471404884368, 0.017075211011260007, 0.018026024912779593, 0.019032441690730168, 0.020097202103860835, 0.021223255891617485, 0.022413761690599995, 0.023672089267678893, 0.025001823552230237, 0.026406770123903474, 0.0278909619222187, 0.029458667014792144, 0.031114397307029994, 0.032862918106752514, 0.03470925847791946, 0.03665872233179582, 0.038716900213603696, 0.04088968174924401, 0.04318326872085063, 0.04560418874227044, 0.04815930950636851, 0.05085585357554032, 0.053701413685096885, 0.05670396852634194, 0.05987189897221747, 0.06321400470335627, 0.06673952118623344, 0.07045813694781788, 0.07438001108264218, 0.07851579091847727, 0.08287662975574639, 0.08747420458336572, 0.09232073365977261, 0.09742899383240862, 0.1028123374517711, 0.10848470871724297, 0.11446065927116116, 0.1207553628349035, 0.1273846286560802, 0.13436491350913746, 0.14171333196276228, 0.14944766459638129, 0.15758636381476449, 0.16614855687429467, 0.17515404569691106, 0.18462330300818783, 0.1945774642946363, 0.2050383150323613, 0.21602827259497728, 0.2275703622036132, 0.23968818623643465, 0.252405886170032, 0.2657480963810605, 0.2797398889946173, 0.29440670892712834, 0.30977429823730734, 0.325868608870567, 0.34271570286184566, 0.36034163905114663, 0.3787723453673779, 0.39803347575178816, 0.4181502508251113, 0.4391472814553657, 0.46104837445921193, 0.483876319772124, 0.5076526585547252, 0.5323974318678898, 0.5581289097509348, 0.5848633007785741, 0.6126144424561186, 0.6413934731410165, 0.6712084865539151, 0.7020641703647744, 0.7339614308088129, 0.7668970058015088, 0.800863069578128, 0.8358468324760239, 0.8718301400997959, 0.9087890767504644, 0.946693578647668, 0.9855070631133946, 1.0251860804990294, 1.065679996204002, 1.106930710631034, 1.148872425324841, 1.191431463821475, 1.2345261558668352, 1.278066793617858, 1.321955668192331, 1.3660871944594901, 1.4103481312437067, 1.4546179031332624, 1.4987690288378521, 1.5426676595228732, 1.586174228776141, 1.6291442138544567, 1.671429005645828, 1.7128768824119087, 1.7533340798994037, 1.7926459478938694, 1.8306581808082114, 1.8672181075311234, 1.9021760235910312, 1.935386546802119, 1.9667099760303823, 1.9960136316215034, 2.023173155429467, 2.0480737483211686, 2.070611323535916, 2.0906935553576638, 2.1082408041987026, 2.12318690136117, 2.1354797793813076, 2.145081936895972, 2.1519707303108233, 2.1561384880920067, 2.1575924471376347, 2.1563545142987675, 2.152460859600987, 2.145961350963073, 2.136918843126095, 2.125408336016599, 2.111516019811372, 2.0953382255076067, 2.0769803008104746, 2.0565554316289667, 2.034183429437966, 2.009989504253715, 1.9841030420290013, 1.9566564039621153, 1.9277837635960693, 1.8976199957322244, 1.8662996291668172, 1.833955873149822, 1.8007197253287437, 1.7667191668348519, 1.7320784481479181, 1.6969174674810488, 1.6613512416939675, 1.6254894681963257, 1.5894361749587202, 1.5532894546164613, 1.517141277730836, 1.4810773795595658, 1.4451772141720802, 1.409513969411874, 1.3741546360403463, 1.3391601243750202, 1.3045854218397133, 1.270479785054709, 1.2368869603912607, 1.2038454272778496, 1.171388658957834, 1.1395453958434485, 1.108339927075308, 1.0777923763673307, 1.0479189886838818, 1.0187324147503918, 0.9902419908338749, 0.9624540116404602, 0.9353719945594636, 0.9089969338352, 0.8833275435672557, 0.858360488726882, 0.8340906036318226, 0.8105110975452112, 0.7876137472575374, 0.765389076675884, 0.7438265235836422, 0.7229145938488977, 0.7026410034528541, 0.682992808783261, 0.6639565256940307, 0.6455182378731679, 0.6276636950888019, 0.6103784018993708, 0.5936476974205789, 0.5774568267402193, 0.5617910045637317, 0.5466354716597347, 0.5319755446568452, 0.5177966597218749, 0.5040844106258225, 0.4908245816786988, 0.47800317598776654, 0.4656064394667579, 0.4536208809965056, 0.44203328911053286, 0.4308307455527922, 0.420000636029144, 0.40953065844949793, 0.39940882893393864, 0.38962348583370404, 0.38016329199664367, 0.3710172354867865, 0.3621746289488994, 0.35362510779141043, 0.3453586273447844, 0.33736545913733385, 0.32963618641648523, 0.32216169903064945, 0.31493318777501067, 0.30794213829369693, 0.3011803246208657, 0.29463980243417637, 0.28831290208586563, 0.28219222146913914, 0.27627061877078674, 0.27054120515476565, 0.2649973374159296, 0.25963261063805887, 0.2544408508858266, 0.2494161079562749, 0.244552648211733, 0.23984494751284843, 0.23528768426749222, 0.23087573260870226, 0.22660415571252168, 0.22246819926453928, 0.21846328508212615, 0.21458500489776075, 0.21082911430742446, 0.2071915268868116, 0.2036683084770149, 0.2002556716404022, 0.19694997028658204, 0.19374769446764542, 0.19064546534126411, 0.18764003029970505, 0.18472825826237974, 0.18190713512917764, 0.17917375939152416, 0.17652533789785171, 0.17395918176996822, 0.17147270246664764, 0.16906340799064337, 0.16672889923523743, 0.1644668664663773, 0.16227508593641785, 0.16015141662547322, 0.15809379710638974, 0.15610024252937424, 0.15416884172234857, 0.15229775440315058, 0.1504852084997604, 0.14872949757479903, 0.14702897835061973, 0.145382068331394, 0.14378724351867794, 0.14224303621703321, 0.1407480329263682, 0.13930087231775712, 0.13790024328958952, 0.13654488310099708, 0.13523357557959945, 0.13396514940070547, 0.13273847643519998, 0.1315524701634392, 0.13040608415256952, 0.1292983105947738, 0.12822817890403934, 0.12719475436912578, 0.12619713686049824, 0.12523445958907162, 0.12430588791469313, 0.12341061820236843, 0.12254787672431164, 0.12171691860597415, 0.1209170268142778, 0.12014751118634699, 0.1194077074971015, 0.11869697656413544, 0.11801470338837092, 0.11736029632903429, 0.1167331863115611, 0.11613282606709159, 0.11555868940227208, 0.1150102704981295, 0.11448708323683579, 0.113988660555227, 0.11351455382398709, 0.11306433225145157, 0.11263758231102743, 0.11223390719126704, 0.11185292626767264, 0.11149427459534485, 0.11115760242162534, 0.1108425747179173, 0.11054887072990074, 0.11027618354539108, 0.11002421967911925, 0.10979269867374121, 0.10958135271641149, 0.10938992627028252, 0.10921817572031627, 0.10906586903281926, 0.10893278542813496, 0.1088187150659495, 0.10872345874268803, 0.10864682760049892, 0.10858864284734229, 0.10854873548771787, 0.1085269460635843, 0.10852312440503913, 0.10853712939034431, 0.10856882871489744, 0.10861809866876307, 0.10868482392239265, 0.10876889732017421, 0.10887021968146583, 0.10898869960877852, 0.10912425330278525, 0.10927680438384389, 0.10944628371973184, 0.10963262925929944, 0.10983578587175885, 0.11005570519133341, 0.11029234546700063, 0.11054567141706993, 0.1108156540883433, 0.11110227071961401, 0.11140550460926502, 0.1117253449867349, 0.11206178688762448, 0.11241483103222337, 0.11278448370724004, 0.11317075665052419, 0.11357366693857447, 0.11399323687662863, 0.114429493891137, 0.11488247042442425, 0.11535220383134659, 0.11583873627775604, 0.1163421146405848, 0.11686239040936633, 0.11739961958901153, 0.11795386260366096, 0.11852518420143544, 0.11911365335990969, 0.11971934319213486, 0.12034233085303736, 0.12098269744602251, 0.12164052792961279, 0.1223159110239512, 0.12300893911700135, 0.12371970817027607, 0.12444831762392773, 0.12519487030103296, 0.12595947231090565]]","[[0, 6.376880005047202e-05, 0.00012384871691641303, 0.0001825152146708144, 0.00024124551299550023, 0.00030103455005925893, 0.0003625855199138157, 0.0004264251756720361, 0.0004929739623078232, 0.0005625889920522516, 0.0006355906618758741, 0.0007122793937595005, 0.0007929463918747008, 0.0008778807609041452, 0.0009673744003980305, 0.0010617255322944257, 0.0011612413835287083, 0.0012662403438432925, 0.0013770537970989255, 0.0014940277506151109, 0.0016175243421784067, 0.0017479232768733244, 0.0018856232289237514, 0.0020310432331460742, 0.0021846240839191967, 0.0023468297552701254, 0.002518148852848274, 0.0026990961066648204, 0.0028902139121674206, 0.0030920739262966803, 0.0033052787244985385, 0.0035304635241632507, 0.0037682979795729686, 0.0040194880531299335, 0.004284777967380887, 0.004564952242132271, 0.004860837820751237, 0.005173306289558225, 0.005503276194028542, 0.005851715455324442, 0.006219643890468175, 0.006608135839232694, 0.007018322900563024, 0.007451396781040398, 0.007908612257555524, 0.008391290255959092, 0.008900821046998693, 0.00943866756032318, 0.010006368816728962, 0.010605543478128483, 0.011237893513928723, 0.011905207981606492, 0.012609366918246002, 0.01335234533865083, 0.014136217334344281, 0.014963160266316186, 0.015835459042746657, 0.016755510471124176, 0.01772582767216222, 0.01874904454069086, 0.01982792023624282, 0.020965343683353278, 0.022164338058635234, 0.023428065238465086, 0.024759830177604643, 0.02616308518528643, 0.027641434061191975, 0.029198636049353657, 0.03083860956330956, 0.03256543563084231, 0.03438336100134772, 0.036296800853324485, 0.03831034103367772, 0.04042873975452168, 0.04265692866699687, 0.045000013225341376, 0.04746327224814872, 0.050052156577492, 0.05277228673050193, 0.055629449432177756, 0.058629592912829334, 0.0617788208487601, 0.06508338482079204, 0.06854967516221401, 0.07218421006593698, 0.07599362282031664, 0.0799846470445303, 0.0841640997978612, 0.08853886244305512, 0.09311585915238325, 0.09790203295648771, 0.10290431925080783, 0.10812961669267955, 0.11358475544432732, 0.11927646274314847, 0.1252113258110872, 0.13139575214959529, 0.1378359273056784, 0.14453777023771422, 0.15150688645686072, 0.15874851917056323, 0.16626749870836802, 0.1740681905662392, 0.18215444246295112, 0.19052953085980795, 0.19919610745165975, 0.2081561461915093, 0.2174108914613603, 0.22696080804665308, 0.23680553360890214, 0.24694383437920178, 0.2573735648123507, 0.26809163194581176, 0.2790939651981044, 0.2903754923163004, 0.30193012214118164, 0.3137507348008266, 0.325829179868904, 0.3381562829332576, 0.3507218609145043, 0.3635147463549256, 0.3765228207670646, 0.389733056991777, 0.40313157037013453, 0.41670367838598277, 0.4304339682898167, 0.44430637207377444, 0.4583042480357674, 0.47241046805170267, 0.4866075095717488, 0.5008775512725472, 0.5152025712345265, 0.5295644464737322, 0.5439450526418242, 0.5583263627163577, 0.5726905435356364, 0.5870200490870765, 0.6012977095332578, 0.615506815053207, 0.6296311936850357, 0.6436552824765787, 0.6575641913796999, 0.6713437594578949, 0.6849806031122601, 0.6984621561645037, 0.7117767017644079, 0.7249133962103397, 0.7378622848827973, 0.7506143105907541, 0.7631613147174128, 0.7754960316250364, 0.7876120768374013, 0.7995039295631122, 0.8111669101539416, 0.8225971531101994, 0.833791576250875, 0.8447478466610834, 0.8554643440144969, 0.8659401218453338, 0.876174867314524, 0.8861688599792816, 0.8959229300358311, 0.9054384164627316, 0.9147171254482778, 0.9237612894408723, 0.932573527116968, 0.9411568045179423, 0.9495143975657357, 0.9576498561277546, 0.9655669697648116, 0.9732697352620077, 0.9807623260116335, 0.9880490632894681, 0.9951343894412726, 1.0020228429747886, 1.008719035534012, 1.015227630716816, 1.0215533246839263, 1.027700828496648, 1.0336748521123587, 1.0394800899604357, 1.0451212080167307, 1.0506028322917538, 1.0559295386461558, 1.0611058438467276, 1.0661361977767703, 1.0710249767161766, 1.0757764776087402, 1.080394913236939, 1.0848844082276061, 1.0892489958153793, 1.0934926152945443, 1.0976191100937367, 1.1016322264119027, 1.1055356123578761, 1.1093328175398323, 1.1130272930547365, 1.1166223918316316, 1.120121369286222, 1.1235273842476632, 1.1268435001217598, 1.1300726862578978, 1.1332178194899691, 1.1362816858243157, 1.1392669822502934, 1.1421763186514617, 1.145012219797632, 1.1477771274000703, 1.1504734022140481, 1.1531033261746844, 1.1556691045536187, 1.1581728681255257, 1.1606166753348068, 1.1630025144540173, 1.1653323057266785, 1.1676079034881326, 1.1698310982589841, 1.1720036188064926, 1.1741271341700028, 1.1762032556471531, 1.1782335387381846, 1.1802194850461936, 1.1821625441316324, 1.1840641153197708, 1.1859255494601955, 1.1877481506377385, 1.1895331778345113, 1.1912818465429593, 1.1929953303300695, 1.1946747623530403, 1.1963212368268905, 1.1979358104446107, 1.1995195037505806, 1.201073302468068, 1.20259815878171, 1.2040949925759359, 1.2055646926303503, 1.2070081177731324, 1.2084260979935386, 1.209819435514619, 1.211188905827274, 1.2125352586867815, 1.2138592190729312, 1.2151614881148964, 1.2164427439819685, 1.2177036427412655, 1.2189448191835148, 1.2201668876179899, 1.2213704426376637, 1.2225560598556187, 1.2237242966137327, 1.2248756926646318, 1.2260107708278822, 1.2271300376213614, 1.2282339838687286, 1.229323085283883, 1.230397803033274, 1.2314585842769024, 1.2325058626888217, 1.2335400589579255, 1.2345615812697783, 1.2355708257702231, 1.2365681770114747, 1.2375540083813783, 1.2385286825164958, 1.2394925516996518, 1.2404459582425527, 1.2413892348540672, 1.242322704994736, 1.2432466832180562, 1.244161475499066, 1.2450673795507348, 1.245964685128645, 1.2468536743244327, 1.2477346218484342, 1.2486077953019732, 1.2494734554397002, 1.2503318564223833, 1.2511832460605328, 1.2520278660492268, 1.25286595219449, 1.2536977346315654, 1.2545234380354011, 1.2553432818236665, 1.2561574803525972, 1.2569662431059543, 1.2577697748773737, 1.2585682759463728, 1.2593619422482643, 1.260150965538224, 1.2609355335497436, 1.2617158301476952, 1.2624920354762197, 1.263264326101648, 1.2640328751506522, 1.2647978524438142, 1.2655594246247983, 1.2663177552852984, 1.2670730050859296, 1.2678253318732242, 1.268574890792888, 1.2693218343994603, 1.2700663127625256, 1.2708084735696086, 1.271548462225885, 1.2722864219508319, 1.27302249387194, 1.2737568171156017, 1.2744895288952844, 1.275220764597097, 1.27595065786285, 1.276679340670707, 1.2774069434135222, 1.2781335949749495, 1.278859422803414, 1.2795845529840268, 1.2803091103085191, 1.2810332183432749, 1.2817569994955331, 1.2824805750778288, 1.2832040653707397, 1.2839275896840023, 1.2846512664160579, 1.285375213112087, 1.286099546520589, 1.2868243826485588, 1.2875498368153115, 1.2882760237050075, 1.2890030574179177, 1.2897310515204814, 1.2904601190941916, 1.291190372783355, 1.2919219248417588, 1.2926548871782875, 1.2933893714015172, 1.2941254888633287, 1.294863350701563, 1.2956030678817547, 1.2963447512379682, 1.2970885115127642, 1.2978344593963216, 1.2985827055647394, 1.299333360717538, 1.3000865356143825, 1.3008423411110481, 1.3016008881946426, 1.3023622880181052, 1.3031266519339955, 1.3038940915275874, 1.30466471864928, 1.3054386454463365, 1.3062159843939625, 1.3069968483257324, 1.3077813504633706, 1.308569604445895, 1.309361724358128, 1.3101578247585797, 1.3109580207067053, 1.3117624277895397, 1.3125711621477094, 1.3133843405008219, 1.3142020801722303, 1.315024499113172, 1.3158517159262766, 1.3166838498884372, 1.3175210209730428]]"
40.0,40.0,3,30,90,I0-S0,"[[0.01, 0.009218546420913139, 0.008861068736292907, 0.008775057932921297, 0.008868421596769224, 0.009085173159346135, 0.00939089217056202, 0.009764205678727668, 0.010191686770041357, 0.010664784757439295, 0.011177973507122291, 0.011727630620481662, 0.012311355414229464, 0.012927550753490218, 0.013575163961279136, 0.014253524032144835, 0.014962237506683376, 0.015701120392071603, 0.01647015250196713, 0.017269445967522154, 0.018099222893259645, 0.01895979906558012, 0.01985157178625156, 0.020775010607869307, 0.02173065017761623, 0.022719084659881265, 0.023740963373160045, 0.024796987381432732, 0.025887906848373072, 0.0270145190083605, 0.02817766663980344, 0.029378236948849064, 0.030617160788264212, 0.0318954121490383, 0.033214087157340345, 0.03457520899752686, 0.03598217974059681, 0.03743933698110114, 0.038951598664851914, 0.04052423636389933, 0.042162733303251904, 0.04387269872269633, 0.04565981980774865, 0.047529838665760694, 0.04948854591229075, 0.05154178514558589, 0.05369546440838485, 0.05595557197245189, 0.05832819462800117, 0.06081953724419729, 0.0634359427714255, 0.06618391213642383, 0.06907012367508131, 0.0721014518803518, 0.07528498533206875, 0.07862804373392084, 0.08213819401926596, 0.08582326550809308, 0.08969136410678194, 0.09375088554358317, 0.09801052762826255, 0.10247930151578474, 0.10716654194243626, 0.11208191638924835, 0.11723543311256297, 0.12263744796550431, 0.128298669917251, 0.1342301651595498, 0.14044335967199653, 0.14695004009933713, 0.15376235277548328, 0.1608928007101644, 0.16835423833522517, 0.17615986378861334, 0.1843232084951934, 0.1928581237848056, 0.20177876426963395, 0.21109956768516083, 0.2208352308820185, 0.2310006816402011, 0.24161104596272495, 0.2526816104933294, 0.26422777969266487, 0.27626502740015, 0.2888088424048945, 0.30187466764944126, 0.3154778326953129, 0.3296334790902462, 0.3443564782944187, 0.3596613418478239, 0.3755621234941909, 0.3920723130194504, 0.40920472161572946, 0.4269713586462039, 0.44538329976281354, 0.46445054641875705, 0.4841818769216303, 0.5045846892917212, 0.5256648363238025, 0.5474264534000041, 0.569871779765944, 0.5930009741618268, 0.6168119258938376, 0.6413000626375522, 0.6664581564823477, 0.692276129951473, 0.7187408639633542, 0.7458360099320366, 0.7735418084338171, 0.8018349170878165, 0.8306882505044467, 0.8600708353408076, 0.8899476836587364, 0.9202796879018442, 0.9510235408844288, 0.9821316842095688, 1.0135522884980657, 1.045229268706735, 1.0771023376371445, 1.1091071004786275, 1.141175192888144, 1.1732344646819652, 1.2052092107001167, 1.2370204498063209, 1.2685862523089908, 1.2998221153406067, 1.3306413849246954, 1.3609557226056574, 1.3906756136338307, 1.4197109128059944, 1.4479714231816734, 1.475367502051446, 1.5018106877491755, 1.527214340200007, 1.5514942875036832, 1.5745694703900717, 1.5963625760700724, 1.6168006528560652, 1.635815696953263, 1.6533452030333735, 1.6693326705960059, 1.6837280586968169, 1.6964881823642726, 1.7075770449234033, 1.716966101474304, 1.7246344499102242, 1.7305689470762453, 1.7347642489335806, 1.737222774873948, 1.7379545975905049, 1.736977261124812, 1.7343155308435358, 1.730001080127634, 1.7240721194579811, 1.7165729743368379, 1.707553619081286, 1.6970691739550656, 1.6851793733667106, 1.6719480129570454, 1.6574423833352068, 1.6417326980106273, 1.6248915227235607, 1.6069932129160622, 1.5881133655280548, 1.5683282906695164, 1.5477145080305261, 1.5263482721661992, 1.5043051300527392, 1.4816595135718158, 1.4584843688592406, 1.4348508237643707, 1.4108278940203576, 1.3864822281314992, 1.3618778904493474, 1.337076181438448, 1.3121354937280716, 1.287111202208589, 1.2620555861591243, 1.2370177811842447, 1.2120437585880677, 1.1871763297197022, 1.1624551727792307, 1.1379168795728871, 1.1135950197439133, 1.089520220075969, 1.0657202565632864, 1.0422201570605552, 1.0190423124607506, 0.9962065944961125, 0.9737304784120685, 0.9516291689223566, 0.9299157280127347, 0.908601203317748, 0.8876947559477946, 0.8672037867903738, 0.8471340604485103, 0.827489826109866, 0.8082739347612795, 0.7894879522749578, 0.7711322679941209, 0.7532061985375659, 0.7357080866245771, 0.718635394794182, 0.7019847939563593, 0.6857522467679749, 0.6699330858734912, 0.6545220870904758, 0.6395135376532383, 0.6249012996551547, 0.6106788688520115, 0.5968394290055947, 0.583375901959329, 0.570280993646562, 0.5575472362375857, 0.5451670266341503, 0.5331326615204701, 0.521436369177937, 0.5100703382672774, 0.49902674377703554, 0.4882977703313022, 0.47787563304278774, 0.4677525960898565, 0.45792098918820345, 0.4483732221195976, 0.4391017974716951, 0.4300993217344386, 0.4213585148901141, 0.4128722186258011, 0.40463340328879893, 0.3966351736976887, 0.3888707739140325, 0.38133359107235826, 0.37401715835904026, 0.36691515722398776, 0.3600214189026923, 0.3533299253201753, 0.34683480944271017, 0.34053035513786356, 0.3344109965984124, 0.32847131738101715, 0.322706049106181, 0.3171100698619634, 0.31167840235014893, 0.3064062118100764, 0.3012888037520949, 0.2963216215296224, 0.29150024377602124, 0.2868203817299607, 0.2822778764705955, 0.2778686960817392, 0.27358893276223784, 0.2694347998979407, 0.2654026291090118, 0.261488867284812, 0.25769007361720425, 0.25400291664187324, 0.25042417129611, 0.24695071600046709, 0.243579529770748, 0.2403076893659359, 0.23713236647689176, 0.23405082495995125, 0.23106041811891573, 0.22815858603836323, 0.2253428529706918, 0.22261082477884664, 0.2199601864362703, 0.2173886995852444, 0.21489420015446342, 0.2124745960363864, 0.21012786482465257, 0.20785205161161646, 0.2056452668458544, 0.20350568424931592, 0.20143153879363673, 0.199421124734995, 0.19747279370677304, 0.19558495286918684, 0.19375606311495785, 0.1919846373300297, 0.19026923870827, 0.18860847911904832, 0.18700101752653972, 0.18544555845957184, 0.18394085053080908, 0.1824856850040497, 0.1810788944084006, 0.1797193511980885, 0.17840596645666496, 0.17713768864436608, 0.1759135023873936, 0.1747324273078947, 0.17359351689343067, 0.1724958574047384, 0.1714385668206078, 0.17042079381871497, 0.16944171679127318, 0.1685005428943836, 0.16759650712999205, 0.16672887145937967, 0.16589692394714073, 0.16509997793462425, 0.16433737124184172, 0.16360846539686735, 0.16291264489178278, 0.16224931646424298, 0.16161790840376497, 0.16101786988186573, 0.16044867030520013, 0.15990979869087352, 0.15940076306312806, 0.15892108987062464, 0.15847032342356535, 0.15804802534992424, 0.1576537740700757, 0.15728716428913156, 0.15694780650631884, 0.15663532654075057, 0.1563493650729621, 0.15608957720160424, 0.15585563201470415, 0.15564721217492214, 0.15546401351825098, 0.15530574466562125, 0.1551721266468927, 0.1550628925367278, 0.15497778710185894, 0.1549165664592761, 0.15487899774487598, 0.15486485879212777, 0.15487393782032394, 0.1549060331319976, 0.1549609528191008, 0.1550385144775492, 0.15513854492975188, 0.15526087995475407, 0.15540536402563337, 0.155571850053799, 0.15576019913985426, 0.15597028033069169, 0.15620197038249975, 0.1564551535293685, 0.15672972125719073, 0.15702557208256226, 0.15734261133639424, 0.15768075095195677, 0.1580399092570808, 0.15842001077025278, 0.15882098600034208, 0.15924277124970915, 0.15968530842044726, 0.16014854482351787, 0.16063243299054444, 0.1611369304880362, 0.1616619997338177, 0.16220760781544624, 0.1627737263104036, 0.16336033110785428, 0.16396740223176617, 0.1645949236651955, 0.16524288317554173, 0.16591127214058268, 0.16660008537510498, 0.16730932095794881, 0.16803898005929052, 0.16878906676799102]]","[[0.01, 0.011673645222856313, 0.01362924433757481, 0.015801894642058518, 0.018156372996544497, 0.020674961940861623, 0.023350140421880015, 0.02618041302569256, 0.02916784781617603, 0.032316618873895316, 0.035632148664019564, 0.039120607746290656, 0.042788626684394954, 0.046643133471278936, 0.05069126482520653, 0.05494032067337825, 0.059397743657452734, 0.06407111295526427, 0.06896814614864677, 0.07409670549718816, 0.07946480653129438, 0.08508062779106387, 0.09095252107037277, 0.09708902183336623, 0.10349885964557796, 0.11019096855902626, 0.11717449744239561, 0.12445882027304292, 0.13205354641839515, 0.13996853093696332, 0.1482138849275373, 0.15679998595135525, 0.1657374885474032, 0.17503733485616815, 0.18471084874216923, 0.1947706571409028, 0.2052314685184968, 0.21610992941156698, 0.2274244605158229, 0.2391951476160516, 0.25144367069441026, 0.2641932606517787, 0.2774686767634091, 0.2912962002736859, 0.30570364097048974, 0.32072035449895503, 0.33637726877608437, 0.35270691827141293, 0.36974348519718764, 0.3875228468485181, 0.40608262847685794, 0.42546226118590263, 0.44570304441821784, 0.46684821266050436, 0.4889430060398621, 0.512034744515757, 0.5361729053946975, 0.5614092039083575, 0.5877976766020807, 0.6153947672801426, 0.6442594152473761, 0.674453145574206, 0.7060401610940813, 0.7390874358189341, 0.7736648094298008, 0.8098450824661667, 0.8477041117990186, 0.8873209059290001, 0.9287777196024918, 0.9721601471848448, 1.0175572141714007, 1.0650614661533226, 1.114769054486678, 1.1667798178397144, 1.2211973587149652, 1.2781291139598707, 1.337686418192262, 1.3999845589756228, 1.4651428224839904, 1.5332845282981815, 1.6045370518744528, 1.679031833124548, 1.7569043694433555, 1.8382941914183155, 1.9233448193546665, 2.012203698654274, 2.105022111994997, 2.2019550661744938, 2.3031611514094426, 2.4088023708210673, 2.5190439377935934, 2.634054038867077, 2.7540035598234796, 2.8790657726486986, 3.00941598110751, 3.145231122757216, 3.286689325353528, 3.433969415773215, 3.5872503797966027, 3.746710771363325, 3.912528070240659, 4.0848779874288335, 4.263933718074744, 4.4498651421767095, 4.642837973939362, 4.843012861279596, 5.050544437690148, 5.265580329434103, 5.4882601218663805, 5.718714289550472, 5.9570630957513515, 6.203415467827347, 6.457867856001251, 6.720503083948147, 6.991389200576034, 7.270578343274891, 7.558105623748125, 7.8539880482934, 8.158223485042814, 8.470789691179814, 8.791643413496923, 9.120719575820097, 9.457930566779885, 9.803165641137044, 10.156290447354849, 10.51714669334084, 10.885551961251263, 11.261299680962622, 11.644159270273542, 12.033876448121639, 12.43017372510573, 12.832751073423546, 13.241286776005111, 13.655438452185297, 14.074844254763745, 14.49912423079888, 14.927881836030226, 15.360705590475643, 15.797170860563062, 16.23684175118229, 16.67927308933011, 17.124012479613377, 17.570602410804806, 18.018582391940576, 18.46749109612385, 18.91686849025949, 19.366257929388315, 19.815208195099025, 20.26327545864824, 20.71002515088093, 21.155033722774444, 21.59789028238362, 22.038198096091314, 22.475575944316248, 22.909659324144513, 23.340101493680702, 23.766574355209674, 24.18876917647505, 24.606397151474784, 25.01918980411338, 25.426899239805866, 25.829298251679482, 26.22618028935008, 26.617359299353787, 27.002669447188353, 27.38196473156655, 27.755118501914744, 28.122022890375792, 28.482588169613116, 28.83674204758042, 29.184428910139612, 29.525609021999124, 29.86025769592753, 30.18836443959452, 30.509932088722962, 30.824975934521635, 31.133522852625322, 31.43561044001381, 31.73128616562755, 32.02060653965754, 32.30363630577065, 32.58044765984711, 32.85111949816098, 33.11573669733182, 33.374389427819516, 33.62717250222701, 33.87418475921717, 34.11552848344116, 34.351308861514724, 34.58163347376406, 34.806611821192696, 35.02635488689158, 35.24097473092432, 35.45058411756469, 35.655296173640764, 35.855224076646856, 36.05048077121681, 36.24117871250812, 36.42742963502197, 36.60934434537753, 36.787032537567036, 36.96060262923875, 37.13016161758607, 37.295814953460706, 37.457666432374154, 37.61581810110348, 37.77037017867279, 37.92142099054021, 38.06906691487996, 38.21340233991, 38.35451963127641, 38.49250910856617, 38.62745903007887, 38.759455585046084, 38.88858289254271, 39.01492300638867, 39.13855592539105, 39.25955960832596, 39.378009993106275, 39.4939810196258, 39.60754465581219, 39.718770926460266, 39.82772794445431, 39.93448194402249, 40.039097315698555, 40.141636642696135, 40.24216073842857, 40.340728684933126, 40.43739787198225, 40.53222403668652, 40.62526130341416, 40.7165622238707, 40.806177817199504, 40.89415760997949, 40.98054967601076, 41.06540067579205, 41.14875589560567, 41.23065928613676, 41.31115350056341, 41.390279932063095, 41.46807875068935, 41.54458893957957, 41.61984833046172, 41.69389363843367, 41.766760495994156, 41.8384834863093, 41.909096175702906, 41.97863114536258, 42.04712002225717, 42.11459350926406, 42.18108141450755, 42.24661267991191, 42.31121540897483, 42.37491689376875, 42.437743641179075, 42.49972139838989, 42.56087517762861, 42.6212292801823, 42.680807319699014, 42.739632244788325, 42.797726360935755, 42.85511135174618, 42.91180829953177, 42.9678377052601, 43.023219507878466, 43.077973103030246, 43.13211736117952, 43.18567064515981, 43.238650827163, 43.29107530518413, 43.342961018937906, 43.394324465262244, 43.44518171302422, 43.49554841754341, 43.54543983454743, 43.59487083367407, 43.64385591153433, 43.692409204350206, 43.740544500180775, 43.788275250749884, 43.83561458288837, 43.882575309603354, 43.92916994078702, 43.97541069357666, 44.02130950237772, 44.06687802856105, 44.1121276698454, 44.15706956937567, 44.20171462450737, 44.246073495307115, 44.29015661277908, 44.33397418682649, 44.377536213957505, 44.42085248474414, 44.46393259104268, 44.50678593298399, 44.549421725741446, 44.591849006084345, 44.63407663872407, 44.67611332246023, 44.717967596133754, 44.75964784439344, 44.80116230328257, 44.84251906565168, 44.88372608640355, 44.924791187576105, 44.96572206326887, 45.00652628441828, 45.047211303427034, 45.08778445865246, 45.12825297875868, 45.16862398693717, 45.20890450500017, 45.24910145735118, 45.2892216748367, 45.329271898483064, 45.36925878312227, 45.40918890091035, 45.449068744741865, 45.48890473156381, 45.52870320559219, 45.56847044143438, 45.6082126471202, 45.64793596704453, 45.687646484824306, 45.72735022607232, 45.76705316109051, 45.806761207485025, 45.846480232705346, 45.8862160565097, 45.925974453358805, 45.965761154739965, 46.00558185142339, 46.045442195652555, 46.08534780327029, 46.125304255782275, 46.16531710235946, 46.20539186178086, 46.245534024318154, 46.28574905356338, 46.32604238820092, 46.36641944372505, 46.406885614104034, 46.447446273391826, 46.488106777288365, 46.52887246464936, 46.5697486589463, 46.610740669677625, 46.651853793731554, 46.69309331670142, 46.73446451415399, 46.77597265285129, 46.81762299192645, 46.85942078401405, 46.9013712763352, 46.94347971173781, 46.985751329692214, 47.02819136724245, 47.07080505991331, 47.113597642573325, 47.15657435025374, 47.199740418923525, 47.243101086220406, 47.28666159213787, 47.330427179668064, 47.37440309540042]]","[array([6.37688001e-05, 6.00799169e-05, 5.86665223e-05, 5.87302517e-05,
       5.97879839e-05, 6.15444018e-05, 6.38171194e-05, 6.64923039e-05,
       6.94980018e-05, 7.27880790e-05, 7.63325187e-05, 8.01115362e-05,
       8.41119857e-05, 8.83251467e-05, 9.27453449e-05, 9.73690782e-05,
       1.02194452e-04, 1.07220807e-04, 1.12448464e-04, 1.17878548e-04,
       1.23512859e-04, 1.29353781e-04, 1.35404206e-04, 1.41667487e-04,
       1.48147388e-04, 1.54848056e-04, 1.61773995e-04, 1.68930044e-04,
       1.76321360e-04, 1.83953412e-04, 1.91831967e-04, 1.99963085e-04,
       2.08353116e-04, 2.17008802e-04, 2.25939911e-04, 2.35164692e-04,
       2.44709186e-04, 2.54604401e-04, 2.64884400e-04, 2.75585095e-04,
       2.86743494e-04, 2.98397273e-04, 3.10584536e-04, 3.23343726e-04,
       3.36713618e-04, 3.50733377e-04, 3.65442648e-04, 3.80881669e-04,
       3.97091404e-04, 4.14113665e-04, 4.31991256e-04, 4.50768096e-04,
       4.70489352e-04, 4.91201557e-04, 5.12952729e-04, 5.35792483e-04,
       5.59772131e-04, 5.84944782e-04, 6.11365435e-04, 6.39091062e-04,
       6.68180687e-04, 6.98695457e-04, 7.30698709e-04, 7.64256023e-04,
       7.99435277e-04, 8.36306685e-04, 8.74942828e-04, 9.15418680e-04,
       9.57811614e-04, 1.00220141e-03, 1.04867023e-03, 1.09730262e-03,
       1.14818540e-03, 1.20140769e-03, 1.25706078e-03, 1.31523802e-03,
       1.37603474e-03, 1.43954806e-03, 1.50587675e-03, 1.57512102e-03,
       1.64738225e-03, 1.72276278e-03, 1.80136557e-03, 1.88329384e-03,
       1.96865075e-03, 2.05753892e-03, 2.15005994e-03, 2.24631392e-03,
       2.34639885e-03, 2.45041001e-03, 2.55843926e-03, 2.67057435e-03,
       2.78689807e-03, 2.90748746e-03, 3.03241286e-03, 3.16173694e-03,
       3.29551372e-03, 3.43378745e-03, 3.57659155e-03, 3.72394734e-03,
       3.87586293e-03, 4.03233192e-03, 4.19333214e-03, 4.35882436e-03,
       4.52875101e-03, 4.70303487e-03, 4.88157781e-03, 5.06425958e-03,
       5.25093660e-03, 5.44144085e-03, 5.63557889e-03, 5.83313091e-03,
       6.03384997e-03, 6.23746139e-03, 6.44366232e-03, 6.65212146e-03,
       6.86247907e-03, 7.07434722e-03, 7.28731022e-03, 7.50092545e-03,
       7.71472443e-03, 7.92821415e-03, 8.14087884e-03, 8.35218191e-03,
       8.56156839e-03, 8.76846749e-03, 8.97229564e-03, 9.17245970e-03,
       9.36836049e-03, 9.55939654e-03, 9.74496804e-03, 9.92448096e-03,
       1.00973513e-02, 1.02630092e-02, 1.04209037e-02, 1.05705065e-02,
       1.07113163e-02, 1.08428630e-02, 1.09647113e-02, 1.10764642e-02,
       1.11777663e-02, 1.12683067e-02, 1.13478213e-02, 1.14160947e-02,
       1.14729622e-02, 1.15183102e-02, 1.15520770e-02, 1.15742529e-02,
       1.15848797e-02, 1.15840496e-02, 1.15719036e-02, 1.15486302e-02,
       1.15144626e-02, 1.14696760e-02, 1.14145851e-02, 1.13495404e-02,
       1.12749252e-02, 1.11911516e-02, 1.10986567e-02, 1.09978992e-02,
       1.08893555e-02, 1.07735155e-02, 1.06508794e-02, 1.05219538e-02,
       1.03872485e-02, 1.02472729e-02, 1.01025333e-02, 9.95352976e-03,
       9.80075384e-03, 9.64468591e-03, 9.48579329e-03, 9.32452831e-03,
       9.16132679e-03, 8.99660670e-03, 8.83076710e-03, 8.66418726e-03,
       8.49722606e-03, 8.33022157e-03, 8.16349082e-03, 7.99732974e-03,
       7.83201327e-03, 7.66779562e-03, 7.50491062e-03, 7.34357221e-03,
       7.18397501e-03, 7.02629497e-03, 6.87069010e-03, 6.71730120e-03,
       6.56625268e-03, 6.41765343e-03, 6.27159757e-03, 6.12816542e-03,
       5.98742426e-03, 5.84942923e-03, 5.71422414e-03, 5.58184231e-03,
       5.45230734e-03, 5.32563390e-03, 5.20182843e-03, 5.08088991e-03,
       4.96281048e-03, 4.84757611e-03, 4.73516719e-03, 4.62555912e-03,
       4.51872285e-03, 4.41462536e-03, 4.31323016e-03, 4.21449772e-03,
       4.11838587e-03, 4.02485016e-03, 3.93384427e-03, 3.84532026e-03,
       3.75922889e-03, 3.67551992e-03, 3.59414231e-03, 3.51504445e-03,
       3.43817439e-03, 3.36347998e-03, 3.29090909e-03, 3.22040970e-03,
       3.15193007e-03, 3.08541883e-03, 3.02082511e-03, 2.95809861e-03,
       2.89718968e-03, 2.83804942e-03, 2.78062968e-03, 2.72488318e-03,
       2.67076349e-03, 2.61822510e-03, 2.56722346e-03, 2.51771496e-03,
       2.46965698e-03, 2.42300791e-03, 2.37772710e-03, 2.33377495e-03,
       2.29111285e-03, 2.24970319e-03, 2.20950937e-03, 2.17049576e-03,
       2.13262774e-03, 2.09587165e-03, 2.06019477e-03, 2.02556534e-03,
       1.99195253e-03, 1.95932642e-03, 1.92765797e-03, 1.89691902e-03,
       1.86708227e-03, 1.83812126e-03, 1.81001034e-03, 1.78272467e-03,
       1.75624017e-03, 1.73053353e-03, 1.70558219e-03, 1.68136427e-03,
       1.65785865e-03, 1.63504482e-03, 1.61290300e-03, 1.59141400e-03,
       1.57055928e-03, 1.55032090e-03, 1.53068150e-03, 1.51162430e-03,
       1.49313307e-03, 1.47519212e-03, 1.45778626e-03, 1.44090082e-03,
       1.42452161e-03, 1.40863493e-03, 1.39322752e-03, 1.37828656e-03,
       1.36379967e-03, 1.34975487e-03, 1.33614060e-03, 1.32294569e-03,
       1.31015932e-03, 1.29777105e-03, 1.28577081e-03, 1.27414885e-03,
       1.26289575e-03, 1.25200241e-03, 1.24146005e-03, 1.23126017e-03,
       1.22139459e-03, 1.21185537e-03, 1.20263488e-03, 1.19372571e-03,
       1.18512074e-03, 1.17681308e-03, 1.16879608e-03, 1.16106331e-03,
       1.15360858e-03, 1.14642589e-03, 1.13950948e-03, 1.13285376e-03,
       1.12645336e-03, 1.12030308e-03, 1.11439791e-03, 1.10873302e-03,
       1.10330375e-03, 1.09810560e-03, 1.09313424e-03, 1.08838549e-03,
       1.08385531e-03, 1.07953984e-03, 1.07543532e-03, 1.07153815e-03,
       1.06784485e-03, 1.06435210e-03, 1.06105666e-03, 1.05795544e-03,
       1.05504547e-03, 1.05232386e-03, 1.04978788e-03, 1.04743487e-03,
       1.04526228e-03, 1.04326767e-03, 1.04144869e-03, 1.03980310e-03,
       1.03832872e-03, 1.03702349e-03, 1.03588542e-03, 1.03491262e-03,
       1.03410326e-03, 1.03345560e-03, 1.03296797e-03, 1.03263880e-03,
       1.03246657e-03, 1.03244981e-03, 1.03258717e-03, 1.03287732e-03,
       1.03331903e-03, 1.03391110e-03, 1.03465240e-03, 1.03554188e-03,
       1.03657853e-03, 1.03776139e-03, 1.03908956e-03, 1.04056220e-03,
       1.04217850e-03, 1.04393773e-03, 1.04583918e-03, 1.04788220e-03,
       1.05006618e-03, 1.05239055e-03, 1.05485478e-03, 1.05745841e-03,
       1.06020098e-03, 1.06308209e-03, 1.06610136e-03, 1.06925847e-03,
       1.07255311e-03, 1.07598501e-03, 1.07955396e-03, 1.08325973e-03,
       1.08710215e-03, 1.09108108e-03, 1.09519640e-03, 1.09944800e-03,
       1.10383584e-03, 1.10835985e-03, 1.11302001e-03, 1.11781632e-03,
       1.12274881e-03])]","[[0, 6.376880005047202e-05, 0.00012384871691641303, 0.00018251523919836924, 0.00024124549090325371, 0.00030103347484455807, 0.00036257787665761016, 0.00042639499602506204, 0.0004928872998996019, 0.0005623853017261303, 0.0006351733806986303, 0.0007115058993716621, 0.000791617435588714, 0.0008757294212412654, 0.000964054567894218, 0.0010567999127593093, 0.0011541689909290742, 0.001256363443199809, 0.0013635842505631067, 0.0014760327150562592, 0.0015939112633255768, 0.001717424122739837, 0.0018467779034836668, 0.0019821821097531656, 0.002123849596570433, 0.0022719969843933746, 0.0024268450407593637, 0.0025886190361457174, 0.0027575490797408313, 0.0029338704397039676, 0.0031178238516294493, 0.0033096558182469124, 0.003509618902834777, 0.003717972018367007, 0.003934980820385164, 0.004160920730996776, 0.004396085422802596, 0.0046407946085835275, 0.004895399009116129, 0.005160283409146811, 0.00543586850366645, 0.005722611998157983, 0.006021009271575596, 0.006331593807998058, 0.006654937533979194, 0.006991651152035561, 0.007342384529031155, 0.007707827176596389, 0.008088708845952895, 0.008485800249462877, 0.008899913914426814, 0.00933190517011633, 0.009782673266055492, 0.010253162617666298, 0.010744364174228398, 0.011257316903424314, 0.011793109386374845, 0.012352881516889984, 0.012937826298579189, 0.01354919173341713, 0.014188282795301647, 0.014856463482036914, 0.015555158939003765, 0.016285857647524306, 0.017050113670577603, 0.017849548948069154, 0.018685855633292666, 0.019560798461544165, 0.020476217141051824, 0.02143402875546773, 0.022436230166127724, 0.023484900401120994, 0.024582203016920854, 0.025730388416911717, 0.026931796109604462, 0.02818885688766403, 0.02950409490708125, 0.0308801296439081, 0.032319677703947315, 0.033825554458648835, 0.035400675478226694, 0.037048057730681, 0.03877082051300495, 0.0405721860783939, 0.04245547992077329, 0.04442413067545019, 0.04648166959219958, 0.04863172953465577, 0.05087804345753308, 0.05322444231099332, 0.05567485231946498, 0.05823329158045782, 0.06090386592747402, 0.0636907640000648, 0.06659825146349864, 0.06963066432047949, 0.0727924012579714, 0.07608791497354532, 0.07952170242786498, 0.0830982939730733, 0.0868222413110316, 0.09069810424070152, 0.09473043616054308, 0.09892376829971843, 0.10328259266122124, 0.10781134367086041, 0.11251437853835836, 0.11739595635070313, 0.12246021593331345, 0.12771115253149765, 0.1331525933830366, 0.13878817227237775, 0.14462130317772773, 0.15065515314405992, 0.1568926145374444, 0.16333627685883967, 0.1699883983181835, 0.17685087739186156, 0.1839252246079396, 0.19121253482340758, 0.19871346027555287, 0.20642818470488672, 0.21435639885921495, 0.22249727769690208, 0.23084945961158093, 0.23941102800000622, 0.24817949548900198, 0.25715179112615516, 0.26632425082181094, 0.27569261130690015, 0.28525200784218363, 0.2949969758797951, 0.3049214568378168, 0.31501880810351435, 0.32528181733143047, 0.33570272104957977, 0.3462732275314329, 0.35698454383427514, 0.36782740684700815, 0.3787921181337384, 0.3898685823047822, 0.40104634859523564, 0.41231465528417, 0.42366247654590095, 0.435078571289599, 0.4465515335155657, 0.4580698436964177, 0.46962192067962216, 0.4811961736045274, 0.4927810533322191, 0.5043651028999907, 0.5159370065335089, 0.5274856367782776, 0.5390000993469682, 0.5504697753196801, 0.5618843603792057, 0.5732339008118081, 0.5845088260547622, 0.5956999776238376, 0.606798634305927, 0.6177965335531235, 0.6286858890637905, 0.6394594045827021, 0.650110283995474, 0.6606322378316586, 0.6710194863256116, 0.6812667592142485, 0.691369292475924, 0.7013228222348395, 0.7111235760706806, 0.7207682619837731, 0.7302540552721762, 0.7395785835791182, 0.7487399103674076, 0.7577365170723256, 0.7665672841764567, 0.7752314714393962, 0.7837286975027197, 0.7920589190764501, 0.800222409897909, 0.8082197396376878, 0.816051752910855, 0.8237195485347567, 0.8312244591581284, 0.838568031369963, 0.8457520063808768, 0.8527783013547181, 0.8596489914540375, 0.8663662926498348, 0.8729325453338187, 0.8793501987602694, 0.8856217963345164, 0.8917499617560157, 0.8977373860160239, 0.9035868152428681, 0.9093010393817762, 0.9148828816910904, 0.9203351890323865, 0.9256608229284948, 0.930862651360609, 0.9359435412734937, 0.9409063517562132, 0.9457539278647252, 0.9504890950520618, 0.9551146541715899, 0.9596333770189615, 0.9640480023787621, 0.9683612325425194, 0.97257573026558, 0.9766941161313768, 0.980718966292749, 0.9846528105612171, 0.9884981308164241, 0.9922573597093123, 0.9959328796339892, 0.9995270219446293, 1.0030420663951465, 1.0064802407807456, 1.009843720761799, 1.0131346298518058, 1.0163550395524528, 1.0195069696200112, 1.0225923884484707, 1.0256132135559195, 1.0285713121617368, 1.0314685018431613, 1.0343065512607394, 1.0370871809430477, 1.0398120641219084, 1.0424828276101004, 1.0451010527142899, 1.0476682761765812, 1.0501859911387141, 1.05265564812352, 1.0550786560287815, 1.05745638312914, 1.059790158082155, 1.0620812709350365, 1.0643309741289613, 1.066540483498236, 1.0687109792619007, 1.0708436070056524, 1.072939478652249, 1.0749996734187952, 1.0770252387595345, 1.079017191292979, 1.0809765177123867, 1.0829041756787694, 1.0848010946957551, 1.0866681769657744, 1.0885062982271507, 1.090316308571791, 1.0920990332432676, 1.0938552734151665, 1.095585806949658, 1.097291389136311, 1.0989727534112326, 1.10063061205667, 1.1022656568812526, 1.1038785598811, 1.1054699738820475, 1.1070405331632778, 1.1085908540626705, 1.1101215355642, 1.1116331598677334, 1.1131262929415937, 1.1146014850582653, 1.1160592713136244, 1.1175001721300912, 1.1189246937440966, 1.1203333286782657, 1.121726556198717, 1.1231048427578791, 1.1244686424232229, 1.125818397292306, 1.127154537894521, 1.128477483579936, 1.1297876428956102, 1.1310854139497608, 1.1323711847641516, 1.133645333615067, 1.1349082293632282, 1.136160231772999, 1.1374016918212229, 1.1386329519960234, 1.139854346585896, 1.1410662019594024, 1.1422688368357812, 1.1434625625467711, 1.1446476832899413, 1.1458244963738098, 1.1469932924550281, 1.148154355767898, 1.1493079643464776, 1.150454390239534, 1.1515938997185782, 1.152726753479225, 1.1538532068361025, 1.154973509911534, 1.1560879078182036, 1.1571966408360155, 1.1582999445833455, 1.1593980501828758, 1.1604911844222028, 1.1615795699093965, 1.1626634252236845, 1.163742965061431, 1.164818400377569, 1.1658899385226447, 1.1669577833756253, 1.1680221354726115, 1.1690831921315983, 1.170141147573418, 1.1711961930389934, 1.1722485169030288, 1.1732983047842576, 1.1743457396523618, 1.1753910019316773, 1.176434269601789, 1.1774757182951214, 1.1785155213916223, 1.1795538501106346, 1.1805908736000499, 1.1816267590228282, 1.1826616716409712, 1.1836957748970278, 1.1847292304932113, 1.185762198468201, 1.1867948372717003, 1.1878273038368197, 1.1888597536503498, 1.1898923408209858, 1.1909252181455658, 1.1919585371733765, 1.1929924482685852, 1.1940271006708447, 1.1950626425541255, 1.19609922108382, 1.1971369824721638, 1.1981760720320178, 1.1992166342290498, 1.2002588127323552, 1.201302750463554, 1.2023485896443962, 1.2033964718429082, 1.2044465380181142, 1.2054989285633562, 1.2065537833482431, 1.207611241759252, 1.2086714427390053, 1.2097345248242477, 1.2108006261825393, 1.2118698846476854, 1.2129424377539217, 1.2140184227688664, 1.2150979767252554, 1.216181236451475, 1.217268338600898, 1.2183594196800396, 1.2194546160755353, 1.2205540640799526, 1.2216578999164394, 1.2227662597622149, 1.2238792797709064, 1.2249970960937338, 1.226119844899543]]"
40.0,40.0,3,30,90,I1-S0,"[[0.01, 0.009218546420913139, 0.008861068736292907, 0.008775057932921297, 0.008868421621270309, 0.009085174383064614, 0.009390904396641286, 0.009764266358445453, 0.010191892283722182, 0.010665332158198704, 0.011179210220964362, 0.011730109703224594, 0.012315894383649433, 0.012935292506125401, 0.013587638740917013, 0.01427271180031969, 0.01499063036603178, 0.015741784937520688, 0.016526792134682947, 0.017346463315752073, 0.01820178255509071, 0.01909389093172885, 0.020024075224711682, 0.02099375980300778, 0.022004500918865785, 0.023057982872899715, 0.02415601568151596, 0.02530053398103742, 0.026493596970929182, 0.02773738924454327, 0.029034222387951582, 0.030386537250647654, 0.031796906809157754, 0.03326803955774855, 0.03480286919166466, 0.03640543285746438, 0.03808137288921589, 0.0398374599421193, 0.04168120325683132, 0.04362060049224733, 0.045663983436117966, 0.04781992939394215, 0.050097217228902625, 0.05250481339272009, 0.05505187773590505, 0.057747782007855006, 0.06060213615315161, 0.06362481905486216, 0.06682601145906356, 0.07021622957054219, 0.07380635833184132, 0.07760768375344229, 0.08163192389964405, 0.0858912582868504, 0.09039835554300035, 0.0951663992263496, 0.10020911172129014, 0.10554077612732357, 0.1111762560410212, 0.11713101310426577, 0.1234211221583862, 0.13006328380511617, 0.13707483413310131, 0.1444737513239556, 0.15227865880531707, 0.16050882457047586, 0.1691841562353278, 0.17832519135399025, 0.1879530824647489, 0.19808957628848511, 0.20875698645283755, 0.21997815906766685, 0.23177643043163595, 0.244175576106766, 0.25719975055872896, 0.2708734165266311, 0.2852212632585759, 0.30026811273004156, 0.3160388129529586, 0.332558117486458, 0.34985055027794604, 0.36794025499801825, 0.38685082808754917, 0.4066051348130346, 0.42722510773001177, 0.4487315270872918, 0.47114378286996506, 0.4944796183797167, 0.5187548554897528, 0.5439831019910297, 0.570175441768438, 0.5973401089113061, 0.6254821472723548, 0.654603057442145, 0.6847004335998408, 0.7157675932318464, 0.7477932032717085, 0.7807609067997191, 0.8146489550386418, 0.8494298499802471, 0.8850700035606857, 0.9215294198534472, 0.9587614072467091, 0.9967123279951127, 1.035321392860601, 1.074520508758018, 1.1142341873734751, 1.1543795226024496, 1.1948662443372953, 1.2355968556004076, 1.2764668592540167, 1.3173650795105099, 1.358174082215298, 1.3987706963827744, 1.4390266377493872, 1.4788092331907707, 1.51798224276718, 1.5564067739583034, 1.5939422803796817, 1.6304476350016486, 1.6657822656876693, 1.6998073388062447, 1.732386974824521, 1.7633894782360073, 1.7926885629776632, 1.8201645537127045, 1.845705543042453, 1.8692084848961916, 1.890580205047892, 1.90973831091975, 1.9266119845322294, 1.9411426446072546, 1.9532844663661517, 1.9630047504122348, 1.97028413516267, 1.975116650499858, 1.9775096135491794, 1.9774833706576682, 1.9750708926514307, 1.9703172332012249, 1.9632788625501247, 1.9540228908937523, 1.9426261973078214, 1.9291744812627953, 1.9137612544420906, 1.8964867907960683, 1.8774570525420877, 1.8567826091975062, 1.8345775657548273, 1.8109585148313803, 1.7860435261101697, 1.75995118469642, 1.732799688208003, 1.704706010556918, 1.6757851385182267, 1.646149385371209, 1.6159077841767375, 1.585165561659017, 1.5540236922149622, 1.5225785302989097, 1.490921518335017, 1.459138966398818, 1.4273118991813836, 1.3955159651977858, 1.363821402815501, 1.332293057444463, 1.3009904441329014, 1.2699678498349092, 1.2392744697392757, 1.2089545722570172, 1.179047687540301, 1.1495888147322006, 1.1206086435102793, 1.0921337858742406, 1.064187014527249, 1.0367875046021042, 1.0099510758789516, 0.9836904330238818, 0.9580154017423358, 0.9329331590837004, 0.9084484564510871, 0.8845638341612606, 0.8612798266631728, 0.8385951577594171, 0.8165069253836307, 0.7950107756693796, 0.7741010662036711, 0.7537710184925361, 0.7340128597788333, 0.714817954445419, 0.6961769253119713, 0.6780797651929429, 0.6605159391291622, 0.6434744777382708, 0.6269440621511144, 0.610913101013932, 0.5953698000411346, 0.5803022246018977, 0.5656983558168778, 0.5515461406301257, 0.5378335363066236, 0.5245485497885943, 0.5116792723245398, 0.49921390976441227, 0.48714080889294326, 0.47544848015134256, 0.46412561707569977, 0.45316111275874443, 0.44254407362038534, 0.43226383075182806, 0.4223099490781996, 0.41267223456559327, 0.4033407396803547, 0.3943057672913035, 0.3855578731894526, 0.3770878673846502, 0.36888681432442155, 0.3609460321671106, 0.35325709122918464, 0.3458118117152378, 0.33860226082876604, 0.33162074935215285, 0.3248598277754485, 0.3183122820454054, 0.31197112899880225, 0.3058296115372999, 0.2998811935948862, 0.2941195549433336, 0.2885385858759757, 0.28313238180546857, 0.27789523780699715, 0.27282164313458657, 0.26790627573474524, 0.26314399677857286, 0.25852984523068107, 0.25405903247077133, 0.24972693698146886, 0.24552909911399973, 0.24146121594149764, 0.23751913620812154, 0.2336988553807336, 0.22999651080861258, 0.22640837699554942, 0.2229308609876698, 0.21956049787944545, 0.21629394643957683, 0.21312798485774606, 0.21005950661264033, 0.2070855164611236, 0.20420312654798092, 0.20140955263526802, 0.1987021104499612, 0.19607821214831536, 0.19353536289509427, 0.19107115755563164, 0.18868327749851346, 0.18636948750653126, 0.18412763279344607, 0.18195563612401508, 0.17985149503466707, 0.17781327915216694, 0.17583912760757828, 0.17392724654281783, 0.17207590670709283, 0.17028344114052, 0.16854824294224247, 0.16686876312038712, 0.1652435085212368, 0.16367103983503167, 0.16214996967585718, 0.1606789607331236, 0.15925672399219482, 0.157882017021777, 0.15655364232573502, 0.1552704457570618, 0.15403131499178602, 0.15283517806066274, 0.15168100193655293, 0.15056779117545827, 0.14949458660923787, 0.14846046408809505, 0.1474645332709809, 0.14650593646212098, 0.14558384749192987, 0.1446974706406354, 0.14384603960299072, 0.14302881649250693, 0.14224509088369372, 0.14149417889084703, 0.1407754222819746, 0.14008818762649955, 0.13943186547543146, 0.13880586957274, 0.13820963609671352, 0.13764262293012763, 0.13710430895809286, 0.136594193392491, 0.13611179512195024, 0.1356566520863479, 0.13522832067486631, 0.13482637514666446, 0.1344504070732614, 0.13410002480176206, 0.13377485293808736, 0.13347453184940233, 0.13319871718496484, 0.1329470794146471, 0.13271930338440893, 0.13251508788802854, 0.13233414525442214, 0.1321762009499073, 0.13204099319478965, 0.13192827259367335, 0.13183780177891846, 0.13176935506668866, 0.1317227181250516, 0.13169768765361448, 0.13169407107419417, 0.13171168623203938, 0.13175036110713811, 0.13180993353516013, 0.13189025093759887, 0.13199117006069142, 0.13211255672270925, 0.13225428556922555, 0.13241623983597708, 0.1325983111189508, 0.13280039915133648, 0.13302241158699804, 0.13326426379012538, 0.13352587863073961, 0.1338071862857334, 0.13410812404513633, 0.13442863612330463, 0.13476867347474225, 0.13512819361426742, 0.13550716044124686, 0.13590554406762562, 0.13632332064948818, 0.1367604722218915, 0.13721698653671746, 0.1376928569032969, 0.13818808203156313, 0.13870266587749788, 0.13923661749063693, 0.13978995086340737, 0.1403626847820727, 0.14095484267906602, 0.14156645248649535, 0.14219754649060845, 0.14284816118700863, 0.14351833713641576, 0.14420811882077028, 0.14491755449948032, 0.14564669606561614, 0.14639559890185785, 0.1471643217360056, 0.1479529264958638, 0.14876147816331411, 0.14959004462739361, 0.1504386965361979, 0.15130750714743083, 0.15219655217742545, 0.1531059096484628, 0.15403565973421837, 0.15498588460316798]]","[[0.01, 0.011673645222856313, 0.01362924433757481, 0.015801894642058518, 0.01815637302170594, 0.020674963257876607, 0.02335015406194664, 0.026180483190108652, 0.029168094019893537, 0.032317297973973126, 0.03563373663405511, 0.039123900524609144, 0.04279485927601849, 0.04665411652907538, 0.050709538070669816, 0.05496932268661774, 0.059441997740045216, 0.06413642893441066, 0.06906183814069367, 0.07422782578170643, 0.07964439580458536, 0.08532198217227314, 0.09127147632673337, 0.09750425537579396, 0.10403221092396084, 0.11086777855980934, 0.11802396806084008, 0.1255143943998948, 0.13335330964641792, 0.14155563585741907, 0.15013699905059816, 0.15911376434778396, 0.16850307237172057, 0.17832287697387664, 0.18859207461985156, 0.19933153326971037, 0.2105649749873344, 0.22231885328123574, 0.23462219947145282, 0.24750652753379096, 0.26100578368552574, 0.27515633101186315, 0.2899969621028619, 0.3055689345068615, 0.3219160250969965, 0.3390846003725369, 0.3571237003913319, 0.37608513452788517, 0.3960235876226663, 0.4169967353653093, 0.43906536796019835, 0.46229352127364004, 0.486748614768849, 0.5125015956066665, 0.5396270883323973, 0.5682035495869054, 0.598313427276499, 0.6300433236136038, 0.6634841614005864, 0.6987313528736161, 0.7358849703530522, 0.7750499178621229, 0.8163361027770082, 0.8598586064590942, 0.9057378526942649, 0.9540997726247511, 1.00507596470634, 1.0588038480578301, 1.1154268073907136, 1.175094327515589, 1.2379621152182922, 1.3041922060840432, 1.373953053623109, 1.4474195978181181, 1.5247733099730583, 1.6062022104996028, 1.6919008560306157, 1.7820702920070912, 1.8769179666475795, 1.9766576019833868, 2.0815090174342536, 2.191697901214515, 2.307455524706443, 2.429018394824045, 2.5566278393263784, 2.6905295200347283, 2.830972868973742, 2.9782104426046385, 3.132497189561129, 3.2940896276482667, 3.4632449263337604, 3.640219891562568, 3.8252698504704616, 4.018647434471005, 4.220601260251575, 4.4313745094437875, 4.6512034091348315, 4.880315616958042, 5.11892851623776, 5.367247428554424, 5.6254637531237845, 5.893753044525372, 6.172273042538996, 6.4611616701156125, 6.760535017774277, 7.070485334926787, 7.391079050725773, 7.722354848944511, 8.064321823057204, 8.416957739024008, 8.780207434222403, 9.153981381434697, 9.538154446734943, 9.932564869460148, 10.337013491155112, 10.751263258417204, 11.17503902192452, 11.608027650616519, 12.049878476040911, 12.500204077338884, 12.958581412290224, 13.424553294381738, 13.89763021011751, 14.377292464896968, 14.862992639898037, 15.354158336677486, 15.850195180800224, 16.35049005089083, 16.854414495209806, 17.361328294322973, 17.870583125761375, 18.381526284839715, 18.89350441506257, 19.40586720181455, 19.917970984286246, 20.429182242782122, 20.938880921611194, 21.446463551570563, 21.951346140471077, 22.452966805081857, 22.9507881231367, 23.444299189497336, 23.933017366056113, 24.416489720342362, 24.89429415294365, 25.366040218653623, 25.83136965061918, 26.28995660061024, 26.74150761182471, 27.185761343341166, 27.622488067432847, 28.05148896246835, 28.472595225071714, 28.885667025635232, 29.29059233122063, 29.687285619403262, 30.075686505769855, 30.455758306634728, 30.827486557154206, 31.190877503453525, 31.545956585690927, 31.892766927221018, 32.23136784322945, 32.561833380433264, 32.88425089770899, 33.19871969585131, 33.50534970310004, 33.80426022161798, 34.09557873876799, 34.37943980583052, 34.65598398572554, 34.92535687035455, 35.18770816735571, 35.44319085536291, 35.69196040627066, 35.93417407252283, 36.16999023705594, 36.39956782322745, 36.62306576183708, 36.84064251219571, 37.05245563410244, 37.25866140754845, 37.45941449696743, 37.6548676568904, 37.84517147593051, 38.03047415611519, 38.21092132469332, 38.38665587566996, 38.55781783845555, 38.72454427115798, 38.886969176190895, 39.045223436017736, 39.19943476699653, 39.34972768943348, 39.496223512092385, 39.63904032954174, 39.778293030849866, 39.91409331826148, 40.046549734605335, 40.17576769829223, 40.301849544865604, 40.42489457416305, 40.54499910223674, 40.66225651726373, 40.776757338754, 40.88858927943503, 40.9978373092568, 41.10458372102106, 41.208908197193246, 41.31088787750563, 41.410597427005605, 41.508109104244554, 41.6034928293402, 41.69681625167938, 41.78814481705893, 41.87754183408993, 41.96506853971579, 42.0507841637166, 42.134745992092846, 42.21700942923883, 42.297628058832956, 42.37665370338562, 42.45413648239866, 42.53012486910118, 42.60466574573686, 42.67780445738631, 42.749584864315906, 42.82004939285127, 42.88923908477936, 42.95719364528832, 43.02395148945852, 43.089549787322156, 43.15402450751187, 43.217410459521616, 43.279741334605276, 43.34104974534038, 43.40136726388587, 43.46072445896402, 43.51915093159759, 43.57667534963384, 43.63332548108786, 43.689128226337566, 43.74410964920312, 43.798295006943285, 43.85170877920142, 43.90437469593313, 43.95631576434769, 44.00755429489456, 44.058111926326106, 44.10800964986691, 44.15726783251959, 44.20590623953629, 44.253944056084535, 44.30139990813515, 44.34829188259964, 44.394637546743304, 44.44045396690003, 44.48575772651358, 44.530564943529825, 44.57489128716332, 44.61875199406123, 44.66216188388659, 44.70513537434235, 44.7476864956569, 44.78982890455115, 44.831575897706415, 44.87294042475189, 44.91393510078971, 44.954572218475, 44.994863759667766, 45.03482140667271, 45.07445655308278, 45.113780314241296, 45.1528035373373, 45.19153681114801, 45.22999047544196, 45.268174630055555, 45.30609914365574, 45.34377366220066, 45.38120761710982, 45.41841023315501, 45.455390536082454, 45.49215735997668, 45.528719354375816, 45.56508499114791, 45.60126257113738, 45.63726023059034, 45.673085947367305, 45.70874754695127, 45.74425270825912, 45.77960896926364, 45.814823732433545, 45.84990426999823, 45.88485772904401, 45.91969113644817, 45.95441140365694, 45.98902533131328, 46.023539613740084, 46.05796084328429, 46.092295514526995, 46.12655002836463, 46.160730695965974, 46.194843742609514, 46.22889531140572, 46.26289146690831, 46.296838198618566, 46.33074142438671, 46.364606993713906, 46.398440690958566, 46.432248238450306, 46.4660352995149, 46.49980748141327, 46.5335703381976, 46.5673293734874, 46.60109004316824, 46.634857758015926, 46.668637886248355, 46.70243575600772, 46.73625665777522, 46.77010584672042, 46.80398854498744, 46.83790994391991, 46.87187520622656, 46.90588946808924, 46.93995784121513, 46.97408541483466, 47.008277257646746, 47.0425384197128, 47.0768739343008, 47.111288819680816, 47.1457880808731, 47.18037671135002, 47.21505969469274, 47.2498420062038, 47.284728614476464, 47.319724482921664, 47.35483457125342, 47.39006383693343, 47.425417236575484, 47.460899727310384, 47.49651626811184, 47.532271821083924, 47.568171352710436, 47.604219835066644, 47.64042224699365, 47.6767835752357, 47.71330881554066, 47.750002973723745, 47.786871066694786, 47.823918123448856, 47.86114918602049, 47.898569310401314, 47.93618356742105, 47.97399704359178, 48.01201484191522, 48.05024208265283, 48.08868390405848, 48.127345463073276, 48.166231935982296, 48.205348519032675, 48.24470042901273, 48.28429290379151, 48.324131202818265, 48.36422060758128, 48.404566422025376, 48.445173972927435]]","[array([6.37688001e-05, 6.00799169e-05, 5.86665223e-05, 5.87302517e-05,
       5.97879863e-05, 6.15444361e-05, 6.38173290e-05, 6.64931144e-05,
       6.95003657e-05, 7.27937817e-05, 7.63445301e-05, 8.01343915e-05,
       8.41521852e-05, 8.83915664e-05, 9.28496508e-05, 9.75261425e-05,
       1.02422769e-04, 1.07542909e-04, 1.12891337e-04, 1.18474046e-04,
       1.24298130e-04, 1.30371685e-04, 1.36703752e-04, 1.43304271e-04,
       1.50184044e-04, 1.57354719e-04, 1.64828780e-04, 1.72619539e-04,
       1.80741141e-04, 1.89208573e-04, 1.98037674e-04, 2.07245155e-04,
       2.16848620e-04, 2.26866702e-04, 2.37321948e-04, 2.48246797e-04,
       2.59682889e-04, 2.71677997e-04, 2.84283918e-04, 2.97555148e-04,
       3.11548087e-04, 3.26320604e-04, 3.41931850e-04, 3.58442240e-04,
       3.75913533e-04, 3.94408984e-04, 4.13993539e-04, 4.34734044e-04,
       4.56699471e-04, 4.79961139e-04, 5.04592932e-04, 5.30671516e-04,
       5.58276531e-04, 5.87490791e-04, 6.18400456e-04, 6.51095200e-04,
       6.85668362e-04, 7.22217088e-04, 7.60842452e-04, 8.01649569e-04,
       8.44747685e-04, 8.90250249e-04, 9.38274974e-04, 9.88943864e-04,
       1.04238323e-03, 1.09872365e-03, 1.15809995e-03, 1.22065112e-03,
       1.28652016e-03, 1.35585396e-03, 1.42880307e-03, 1.50552146e-03,
       1.58616620e-03, 1.67089708e-03, 1.75987622e-03, 1.85326750e-03,
       1.95123601e-03, 2.05394739e-03, 2.16156703e-03, 2.27425929e-03,
       2.39218647e-03, 2.51550780e-03, 2.64437827e-03, 2.77894731e-03,
       2.91935744e-03, 3.06574268e-03, 3.21822696e-03, 3.37692233e-03,
       3.54192705e-03, 3.71332361e-03, 3.89117657e-03, 4.07553040e-03,
       4.26640711e-03, 4.46380389e-03, 4.66769064e-03, 4.87800752e-03,
       5.09466245e-03, 5.31752860e-03, 5.54644201e-03, 5.78119925e-03,
       6.02155520e-03, 6.26722106e-03, 6.51786252e-03, 6.77309825e-03,
       7.03249873e-03, 7.29558538e-03, 7.56183021e-03, 7.83065591e-03,
       8.10143649e-03, 8.37349848e-03, 8.64612278e-03, 8.91854708e-03,
       9.18996905e-03, 9.45955014e-03, 9.72642005e-03, 9.98968192e-03,
       1.02484181e-02, 1.05016966e-02, 1.07485778e-02, 1.09881222e-02,
       1.12193976e-02, 1.14414878e-02, 1.16535000e-02, 1.18545738e-02,
       1.20438885e-02, 1.22206716e-02, 1.23842059e-02, 1.25338370e-02,
       1.26689790e-02, 1.27891210e-02, 1.28938311e-02, 1.29827613e-02,
       1.30556494e-02, 1.31123220e-02, 1.31526946e-02, 1.31767718e-02,
       1.31846460e-02, 1.31764952e-02, 1.31525798e-02, 1.31132387e-02,
       1.30588841e-02, 1.29899966e-02, 1.29071187e-02, 1.28108483e-02,
       1.27018319e-02, 1.25807577e-02, 1.24483479e-02, 1.23053521e-02,
       1.21525398e-02, 1.19906938e-02, 1.18206035e-02, 1.16430587e-02,
       1.14588436e-02, 1.12687319e-02, 1.10734816e-02, 1.08738308e-02,
       1.06704941e-02, 1.04641590e-02, 1.02554833e-02, 1.00450934e-02,
       9.83358165e-03, 9.62150606e-03, 9.40938886e-03, 9.19771635e-03,
       8.98693879e-03, 8.77747066e-03, 8.56969124e-03, 8.36394538e-03,
       8.16054453e-03, 7.95976791e-03, 7.76186383e-03, 7.56705112e-03,
       7.37552067e-03, 7.18743694e-03, 7.00293964e-03, 6.82214528e-03,
       6.64514881e-03, 6.47202519e-03, 6.30283099e-03, 6.13760583e-03,
       5.97637392e-03, 5.81914537e-03, 5.66591763e-03, 5.51667666e-03,
       5.37139818e-03, 5.23004878e-03, 5.09258698e-03, 4.95896419e-03,
       4.82912566e-03, 4.70301128e-03, 4.58055636e-03, 4.46169239e-03,
       4.34634763e-03, 4.23444775e-03, 4.12591633e-03, 4.02067538e-03,
       3.91864579e-03, 3.81974767e-03, 3.72390075e-03, 3.63102470e-03,
       3.54103937e-03, 3.45386508e-03, 3.36942279e-03, 3.28763435e-03,
       3.20842258e-03, 3.13171150e-03, 3.05742639e-03, 2.98549390e-03,
       2.91584216e-03, 2.84840081e-03, 2.78310108e-03, 2.71987584e-03,
       2.65865960e-03, 2.59938856e-03, 2.54200059e-03, 2.48643529e-03,
       2.43263393e-03, 2.38053946e-03, 2.33009654e-03, 2.28125144e-03,
       2.23395210e-03, 2.18814807e-03, 2.14379045e-03, 2.10083194e-03,
       2.05922673e-03, 2.01893052e-03, 1.97990045e-03, 1.94209509e-03,
       1.90547440e-03, 1.86999969e-03, 1.83563357e-03, 1.80233994e-03,
       1.77008392e-03, 1.73883186e-03, 1.70855126e-03, 1.67921075e-03,
       1.65078008e-03, 1.62323002e-03, 1.59653241e-03, 1.57066006e-03,
       1.54558675e-03, 1.52128719e-03, 1.49773698e-03, 1.47491261e-03,
       1.45279138e-03, 1.43135143e-03, 1.41057166e-03, 1.39043173e-03,
       1.37091204e-03, 1.35199368e-03, 1.33365842e-03, 1.31588870e-03,
       1.29866757e-03, 1.28197870e-03, 1.26580634e-03, 1.25013533e-03,
       1.23495102e-03, 1.22023932e-03, 1.20598662e-03, 1.19217981e-03,
       1.17880627e-03, 1.16585381e-03, 1.15331068e-03, 1.14116557e-03,
       1.12940757e-03, 1.11802615e-03, 1.10701119e-03, 1.09635289e-03,
       1.08604185e-03, 1.07606899e-03, 1.06642554e-03, 1.05710307e-03,
       1.04809345e-03, 1.03938884e-03, 1.03098169e-03, 1.02286472e-03,
       1.01503090e-03, 1.00747349e-03, 1.00018596e-03, 9.93162041e-04,
       9.86395682e-04, 9.79881057e-04, 9.73612555e-04, 9.67584769e-04,
       9.61792494e-04, 9.56230716e-04, 9.50894607e-04, 9.45779521e-04,
       9.40880985e-04, 9.36194692e-04, 9.31716502e-04, 9.27442428e-04,
       9.23368637e-04, 9.19491443e-04, 9.15807303e-04, 9.12312811e-04,
       9.09004693e-04, 9.05879807e-04, 9.02935134e-04, 9.00167776e-04,
       8.97574953e-04, 8.95153998e-04, 8.92902355e-04, 8.90817574e-04,
       8.88897308e-04, 8.87139313e-04, 8.85541438e-04, 8.84101630e-04,
       8.82817925e-04, 8.81688451e-04, 8.80711420e-04, 8.79885127e-04,
       8.79207951e-04, 8.78678348e-04, 8.78294852e-04, 8.78056070e-04,
       8.77960684e-04, 8.78007444e-04, 8.78195171e-04, 8.78522749e-04,
       8.78989131e-04, 8.79593329e-04, 8.80334421e-04, 8.81211540e-04,
       8.82223879e-04, 8.83370689e-04, 8.84651274e-04, 8.86064991e-04,
       8.87611251e-04, 8.89289516e-04, 8.91099294e-04, 8.93040145e-04,
       8.95111674e-04, 8.97313530e-04, 8.99645411e-04, 9.02107052e-04,
       9.04698235e-04, 9.07418781e-04, 9.10268550e-04, 9.13247441e-04,
       9.16355392e-04, 9.19592377e-04, 9.22958403e-04, 9.26453515e-04,
       9.30077789e-04, 9.33831335e-04, 9.37714293e-04, 9.41726835e-04,
       9.45869162e-04, 9.50141503e-04, 9.54544115e-04, 9.59077281e-04,
       9.63741311e-04, 9.68536539e-04, 9.73463322e-04, 9.78522041e-04,
       9.83713098e-04, 9.89036915e-04, 9.94493937e-04, 1.00008463e-03,
       1.00580946e-03, 1.01166893e-03, 1.01766357e-03, 1.02379388e-03,
       1.03006042e-03])]","[[0, 6.376880005047202e-05, 0.00012384871691641303, 0.00018251523919836924, 0.0002412454909204058, 0.00030103347726784377, 0.0003625779133845545, 0.0004263952423808623, 0.0004928883567836715, 0.0005623887224876473, 0.0006351825042361233, 0.0007115270343216766, 0.0007916614257758195, 0.0008758136109857134, 0.0009642051773961763, 0.0010570548282155335, 0.0011545809707535952, 0.0012570037401789598, 0.0013645466495067718, 0.0014774379861286844, 0.001595912032454406, 0.0017202101620920592, 0.0018505818468057577, 0.0019872855992931473, 0.0021305898702622087, 0.0022807739139457037, 0.0024381286332291973, 0.0026029574134768148, 0.002775576952610097, 0.0029563180938409293, 0.0031455266665622473, 0.003343564340185357, 0.0035508094951315003, 0.0037676581147046235, 0.003994524816316541, 0.00423184676395444, 0.0044800935609900895, 0.004739776450366659, 0.0050114544471330244, 0.005295738364715417, 0.005593293512971628, 0.005904841600465479, 0.0062311622045184215, 0.0065730940549127625, 0.006931536295093284, 0.007307449827654075, 0.0077018588113813066, 0.008115852349948651, 0.008550586393859813, 0.009007285864799148, 0.009487247003333952, 0.009991839935589556, 0.010522511451148185, 0.011080787982332892, 0.011668278773750576, 0.012286679230144315, 0.012937774430005433, 0.013623442791851442, 0.014345659879469234, 0.015106502331671446, 0.015908151901160166, 0.016752899585896288, 0.017643149834906682, 0.01858142480870491, 0.019570368672440216, 0.020612751897513656, 0.021711475544701632, 0.02286957549880105, 0.024090226621453645, 0.025376746785119593, 0.026732600747154684, 0.028161403818607187, 0.02966692527770061, 0.031253091473022146, 0.032923988556216366, 0.034683864778518765, 0.03653713227979327, 0.038488368292910406, 0.04054231568037979, 0.042703882714205964, 0.04497814200405996, 0.04737032847315578, 0.04988583627581546, 0.05253021454574055, 0.05530916185964591, 0.058228519297336044, 0.0612942619767215, 0.06451248894090708, 0.06788941127458123, 0.07143133832875943, 0.07514466193676164, 0.07903583851042241, 0.08311136891423657, 0.08737777602672366, 0.0918415799130321, 0.09650927055095955, 0.10138727807436688, 0.10648194052359287, 0.11179946912205507, 0.11734591113179685, 0.12312711037826235, 0.1291486655758942, 0.1354158866309685, 0.14193374914598703, 0.14870684740035525, 0.1557393461342538, 0.1630349315156442, 0.1705967617231705, 0.17842741762908862, 0.18652885411489878, 0.19490235259658148, 0.20354847537465423, 0.21246702245505575, 0.22165699150850324, 0.23111654164690196, 0.24084296169419306, 0.2508326436144764, 0.2610810617313822, 0.2715827583288631, 0.2823313361646035, 0.2933194583533131, 0.3045388559889738, 0.3159803437738438, 0.32763384380937555, 0.3394884175823473, 0.35153230605103325, 0.3637529776040979, 0.3761371835323283, 0.388671020523686, 0.4013399995689148, 0.41412912055140627, 0.4270229516943495, 0.44000571295315355, 0.45306136237408606, 0.46617368439282003, 0.47932637902031844, 0.49250315085875346, 0.5056877969068282, 0.5188642921511594, 0.5320168719968992, 0.5451301106645859, 0.5581889947689238, 0.571178991396059, 0.5840861101059622, 0.5968969584026375, 0.609598790333962, 0.622179548002002, 0.6346278958808499, 0.6469332479498667, 0.6590857877535007, 0.6710764815927966, 0.6828970851369331, 0.6945401438146418, 0.7059989874046314, 0.7172677192909713, 0.7283412008839493, 0.7392150317296913, 0.7498855258435249, 0.7603496848036165, 0.770605168133886, 0.7806502614897639, 0.7904838431382389, 0.8001053491960537, 0.8095147380580644, 0.8187124544128178, 0.8276993932053724, 0.8364768638692761, 0.8450465551112485, 0.8534105004942523, 0.8615710450278831, 0.8695308129398762, 0.8772926767694116, 0.884859727892089, 0.8922352485581472, 0.8994226854998287, 0.9064256251407979, 0.9132477704201815, 0.9198929192260668, 0.9263649444180454, 0.9326677754055067, 0.9388053812376974, 0.9447817551529141, 0.9506009005273836, 0.9562668181592465, 0.9617834948193996, 0.9671548929985925, 0.972384941778952, 0.9774775287578553, 0.9824364929526421, 0.9872656186159109, 0.9919686298929592, 0.9965491862551895, 1.001010878645906, 1.0053572262777979, 1.009591674024449, 1.0137175903513722, 1.0177382657352925, 1.0216569115236263, 1.0254766591893112, 1.029200559939276, 1.032831584637896, 1.0363726240097264, 1.0398264890886288, 1.0431959118830996, 1.0464835462301578, 1.0496919688125637, 1.0528236803163926, 1.0558811067081124, 1.0588666006122824, 1.0617824427728264, 1.0646308435825305, 1.0674139446669866, 1.0701338205106459, 1.0727924801139768, 1.075391868671935, 1.0779338692650728, 1.0804203045556204, 1.0828529384818055, 1.0852334779445112, 1.087563574481133, 1.0898448259221876, 1.0920787780268442, 1.09426692609411, 1.096410716546904, 1.0985115484867036, 1.1005707752168583, 1.1025897057330145, 1.104569606179428, 1.1065117012702188, 1.1084171756748804, 1.1102871753675732, 1.112122808939938, 1.1139251488773292, 1.1156952327985221, 1.117434064659082, 1.1191426159186926, 1.120821826672843, 1.122472606749353, 1.1240958367702898, 1.1256923691798901, 1.1272630292391475, 1.1288086159877664, 1.1303299031742238, 1.1318276401546925, 1.1333025527616107, 1.1347553441426907, 1.1361866955711686, 1.137597267228103, 1.138987698957533, 1.140358610995298, 1.1417106046723209, 1.1430442630931525, 1.1443601517905524, 1.145658819356886, 1.1469407980530923, 1.1482066043959698, 1.1494567397245077, 1.150691690745979, 1.15191193006249, 1.1531179166786678, 1.1543100964911461, 1.1554889027604955, 1.1566547565662233, 1.1578080672454512, 1.1589492328158622, 1.1600786403834866, 1.1611966665358848, 1.1623036777212605, 1.1634000306140266, 1.1644860724673236, 1.1655621414529778, 1.1666285669893672, 1.1676856700576512, 1.1687337635067951, 1.1697731523478183, 1.1708041340376683, 1.1718269987531156, 1.1728420296550455, 1.1738495031435132, 1.1748496891039126, 1.1758428511445966, 1.1768292468262735, 1.1778091278834966, 1.1787827404385438, 1.1797503252079826, 1.1807121177021933, 1.1816683484181272, 1.18261924302555, 1.1835650225470256, 1.1845059035318755, 1.185442098224343, 1.1863738147261864, 1.1873012571539103, 1.1882246257908402, 1.189144117234236, 1.1900599245376338, 1.1909722373485931, 1.1918812420420306, 1.1927871218492985, 1.1936900569831734, 1.1945902247589095, 1.1954877997115, 1.1963829537092934, 1.1972758560640955, 1.1981666736378946, 1.1990555709463282, 1.1999427102590157, 1.2008282516968711, 1.2017123533265084, 1.2025951712518423, 1.2034768597029881, 1.2043575711225591, 1.2052374562494539, 1.2061166642002212, 1.2069953425480935, 1.2078736373997643, 1.2087516934699944, 1.209629654154119, 1.2105076615985255, 1.2113858567691773, 1.2122643795182422, 1.2131433686488924, 1.2140229619783356, 1.2149032963991322, 1.2157845079388563, 1.216666731818149, 1.2175501025072166, 1.2184347537808184, 1.2193208187717883, 1.220208430023136, 1.221097719538764, 1.2219888188328398, 1.2228818589778607, 1.2237769706514423, 1.2246742841818636, 1.2255739295924006, 1.2264760366444727, 1.227380734879632, 1.2282881536604162, 1.2291984222100913, 1.2301116696513026, 1.2310280250436534, 1.2319476174202315, 1.2328705758230958, 1.2337970293377416, 1.2347271071265542, 1.235660938461263, 1.2365986527544082, 1.2375403795898268, 1.2384862487521633, 1.239436390255416, 1.2403909343705175, 1.241350011651956, 1.2423137529634372, 1.2432822895025877, 1.2442557528247011, 1.2452342748655194, 1.2462179879630506, 1.2472070248784162, 1.2482015188157227, 1.24920160344095, 1.2502074128998473, 1.251219081834828, 1.2522367454008536, 1.253260539280291, 1.2542905996967353]]"
40.0,40.0,3,30,90,I0-S1,"[[0.01, 0.009218546420913139, 0.008861068736292907, 0.008775057932921297, 0.008868437721315573, 0.009085408300343826, 0.009391984596516785, 0.009767390739449471, 0.010198892020821398, 0.010678681929606691, 0.011202001937437181, 0.011766001763956958, 0.01236904499502567, 0.01301028307969032, 0.013689391521609386, 0.014406404490541787, 0.015161609491532035, 0.01595547896310871, 0.01678862481512356, 0.01766176740663619, 0.01857571376777644, 0.01953134186253695, 0.020529588896127535, 0.02157144240468586, 0.022657933314773497, 0.02379013043789583, 0.024969136038914937, 0.026196082227350054, 0.027472127991692685, 0.028798456743823288, 0.030176274272404553, 0.031606807026240816, 0.03309130066441991, 0.034631018821699305, 0.03622727345279435, 0.037881744186406996, 0.03959666694918215, 0.041374679968240055, 0.04321870856878439, 0.045131898957776063, 0.047117581324500175, 0.049179250507633075, 0.05132055718022684, 0.05354530532698243, 0.05585745348297568, 0.05826111821997252, 0.06076057897600746, 0.06336028368846039, 0.06606485490811409, 0.06887909620034463, 0.07180799871501692, 0.07485674785007368, 0.0780307299579896, 0.08133553905687942, 0.08477698351369384, 0.08836109266835523, 0.09209412336650676, 0.09598256636573715, 0.10003315257625925, 0.10425285909238421, 0.10864891496592505, 0.11322880666697419, 0.11800028317137744, 0.12297136060768754, 0.12815032638942794, 0.1335457427511283, 0.13916644959880214, 0.145021566577323, 0.15112049424851648, 0.15747291426473314, 0.16408878841321384, 0.1709783563967285, 0.17815213220580028, 0.18562089892736117, 0.1933957018239892, 0.20148783950702304, 0.20990885301593576, 0.21867051260548792, 0.2277848020315065, 0.23726390011581294, 0.2471201593610349, 0.257366081376999, 0.2680142888723614, 0.2790774939583672, 0.29056846250645496, 0.30249997429818454, 0.31488477870505627, 0.3277355456376296, 0.34106481150840134, 0.3548849199616703, 0.36920795713662163, 0.3840456812476816, 0.39940944628940295, 0.41531011970235, 0.43175799387227803, 0.4487626913779497, 0.4663330639538003, 0.4844770851929157, 0.503201737083924, 0.5225128905528619, 0.542415180268189, 0.5629118740640827, 0.5840047374439971, 0.6056938937430546, 0.6279776806537649, 0.6508525039541878, 0.6743126894200089, 0.6983503340507876, 0.7229551578942026, 0.7481143579083861, 0.7738124654589347, 0.8000312092009859, 0.8267493852445141, 0.8539427366389565, 0.8815838443372819, 0.9096420319051479, 0.938083286323094, 0.9668701972838223, 0.9959619174074935, 1.0253141457806414, 1.0548791371640427, 1.0846057391073098, 1.114439459049358, 1.1443225632712481, 1.1741942092993032, 1.2039906130310372, 1.2336452514750333, 1.2630891015606442, 1.2922509149882115, 1.3210575285611694, 1.3494342088754256, 1.377305029648237, 1.404593279359441, 1.4312218962650072, 1.4571139272402955, 1.482193006332941, 1.5063838483683023, 1.5296127524692817, 1.5518081099420231, 1.5729009106535188, 1.5928252417989555, 1.611518772836158, 1.628923220359663, 1.6449847868027965, 1.659654567094424, 1.6728889177561652, 1.6846497834006613, 1.694904976173404, 1.7036284043578365, 1.7108002471211978, 1.716407073199716, 1.7204419021871116, 1.722904207979607, 1.72379986482271, 1.7231410372790505, 1.7209460162724077, 1.7172390041420285, 1.7120498523467838, 1.7054137560764095, 1.6973709105457437, 1.6879661341593084, 1.6772484640328542, 1.6652707295439049, 1.6520891096563508, 1.6377626797290898, 1.6223529533825423, 1.6059234247686975, 1.5885391162810973, 1.570266136362995, 1.5511712516378988, 1.5313214771101855, 1.5107836876778078, 1.4896242536771898, 1.4679087026543474, 1.4457014090371554, 1.4230653128813253, 1.4000616683855134, 1.3767498224259946, 1.3531870229539855, 1.3294282567329667, 1.3055261155718476, 1.2815306899338104, 1.2574894885702967, 1.2334473826439656, 1.209446572661765, 1.185526576437087, 1.161724236235252, 1.138073743225915, 1.1146066773657068, 1.0913520608607092, 1.0683364234074004, 1.0455838774787223, 1.0231162020053166, 1.0009529328973408, 0.9791114589564806, 0.9576071218379383, 0.9364533188357734, 0.9156616073797319, 0.8952418102457164, 0.8752021205936859, 0.8555492060546953, 0.836288311191921, 0.8174233577580575, 0.7989570422628034, 0.780890930448893, 0.7632255483530411, 0.7459604696991788, 0.729094399435516, 0.7126252532844164, 0.696550233225057, 0.680865898873651, 0.665568234764996, 0.6506527135726452, 0.6361143553334803, 0.6219477827663102, 0.608147272793736, 0.594706804392313, 0.5816201029084049, 0.5688806809864344, 0.5564818762628496, 0.5444168859833864, 0.5326787987034148, 0.5212606232316159, 0.5101553149761984, 0.4993557998505698, 0.4888549958920556, 0.47864583274308325, 0.4687212691394135, 0.4590743085446376, 0.4496980130644181, 0.4405855157679338, 0.43173003153781064, 0.42312486656354975, 0.41476342658718784, 0.40663922400369484, 0.3987458839124848, 0.39107714921042463, 0.3836268848109098, 0.3763890810679553, 0.3693578564788492, 0.3625274597337447, 0.3558922711756353, 0.34944680372947506, 0.34318570335476295, 0.3371037490717249, 0.33119585260727535, 0.32545705770323247, 0.3198825391257855, 0.3144676014119589, 0.3092076773857834, 0.30409832647405705, 0.29913523284894666, 0.29431420342224074, 0.28963116571380015, 0.28508216561465843, 0.2806633650632884, 0.2763710396517642, 0.27220157617690466, 0.26815147014996604, 0.2642173232770628, 0.2603958409212163, 0.2566838295557609, 0.2530781942177649, 0.2495759359691432, 0.2461741493722448, 0.24287001998588106, 0.23966082188701826, 0.23654391522268198, 0.23351674379600698, 0.23057683268980952, 0.2277217859305555, 0.224949284195141, 0.22225708256249244, 0.2196430083116204, 0.21710495876743058, 0.2146408991952939, 0.2122488607451114, 0.20992693844536978, 0.20767328924746958, 0.20548613012041939, 0.20336373619582074, 0.20130443896292075, 0.19930662451337836, 0.19736873183527695, 0.19548925115581595, 0.19366672233202806, 0.1918997332887954, 0.19018691850337394, 0.18852695753558282, 0.18691857360277073, 0.185360532198635, 0.18385163975493982, 0.18239074234515731, 0.18097672442903748, 0.17960850763710176, 0.17828504959404712, 0.17700534278004376, 0.17576841342891042, 0.17457332046215385, 0.17341915445786546, 0.1723050366534763, 0.17123011798138246, 0.17019357813646485, 0.16919462467454155, 0.16823249214080624, 0.16730644122732238, 0.16641575795865998, 0.16555975290478037, 0.16473776042029245, 0.1639491379092234, 0.16319326511446633, 0.16246954343108663, 0.1617773952426894, 0.16111626328006962, 0.16048561000138703, 0.1598849169931272, 0.15931368439113053, 0.15877143032098978, 0.15825769035713652, 0.15777201699995563, 0.15731397917028583, 0.15688316172068248, 0.156479164962837, 0.156101604210565, 0.15575010933779182, 0.1554243243509824, 0.1551239069754772, 0.1548485282552127, 0.1545978721653211, 0.15437163523711783, 0.15416952619500104, 0.15399126560480111, 0.15383658553313245, 0.1537052292173126, 0.15359695074542756, 0.1535115147461339, 0.1534486960878012, 0.15340827958660955, 0.1533900597232281, 0.15339384036771272, 0.15341943451226941, 0.1534666640115428, 0.15353535933009632, 0.1536253592967625, 0.15373651086554915, 0.153868668882797, 0.1540216958602925, 0.15419546175404805, 0.15438984374846884, 0.15460472604563416, 0.15483999965942769, 0.15509556221425833, 0.15537131774812002, 0.15566717651974551, 0.1559830548196149, 0.15631887478458648, 0.1566745642159224, 0.15705005640048805, 0.1574452899349085, 0.15786020855247168, 0.1582947609525719, 0.15874890063249267, 0.15922258572133255, 0.159715778815882, 0.16022844681826384, 0.16076056077515374]]","[[0.01, 0.011673645222856313, 0.01362924433757481, 0.015801894642058518, 0.018156389953443052, 0.020675221955760246, 0.023351408529373733, 0.026184289157248786, 0.029177028511473194, 0.032335134329128615, 0.03566558066610601, 0.03917629210861587, 0.04287584277697559, 0.04677328281471161, 0.05087804028052125, 0.05519986742231213, 0.05974881289428057, 0.06453520898632623, 0.06956966741031723, 0.07486307985093857, 0.0804266210704413, 0.08627175329313379, 0.09241023114772078, 0.09885410676930052, 0.10561573485086073, 0.11270777754183434, 0.12014320915164763, 0.12793532064881016, 0.13609772396257835, 0.14464435610144788, 0.15358948310473824, 0.16294770384269452, 0.1727339536782177, 0.18296350800033134, 0.19365201866497053, 0.20481587942668542, 0.21647254501541768, 0.2286405011208146, 0.24133923636255372, 0.2545892404668778, 0.26841201884649696, 0.2828301177222894, 0.29786715626561266, 0.31354786364681125, 0.3298981197216456, 0.346944998596346, 0.36471681461785316, 0.3832431705190512, 0.4025550075577889, 0.42268465755234014, 0.44366589675216567, 0.4655340015019546, 0.48832580566527095, 0.512079759775511, 0.536835991878553, 0.5626363700247917, 0.5895245663589694, 0.6175461227447747, 0.6467485178477951, 0.6771812355851797, 0.7088958348332949, 0.7419460202657036, 0.7763877141729006, 0.812279129092289, 0.8496808410517961, 0.8886558632031855, 0.9292697195914114, 0.9715905187741715, 1.0156890269710452, 1.0616387403841405, 1.1095159562919379, 1.159399842474937, 1.211372504485709, 1.2655190502270284, 1.321927651249859, 1.3806896001281683, 1.4418993632098644, 1.5056546279827454, 1.5720563442313515, 1.641208758095276, 1.713219438072098, 1.7881992919390355, 1.8662625734971658, 1.947526877971158, 2.032113124826625, 2.120145526697214, 2.211751543045344, 2.307061817115156, 2.406210094674983, 2.5093331229908657, 2.6165705284238805, 2.7280646710040366, 2.8439604743041453, 2.9644052289204157, 3.089548367864824, 3.2195412121899545, 3.354536685202487, 3.4946889936795213, 3.6401532745851335, 3.7910852058958016, 3.9476405802853067, 4.109974840595179, 4.278242576228268, 4.452596979852923, 4.633189264095661, 4.820168038232756, 5.01367864526702, 5.213862460195682, 5.420856150738646, 5.63479090230212, 5.855791609498899, 6.083976037129982, 6.31945395414836, 6.562326244768946, 6.812684001551443, 7.0706076059569245, 7.336165802553824, 7.60941477371337, 7.890397222275357, 8.179141470268327, 8.475660582318683, 8.77995152286486, 9.091994356689217, 9.411751502575227, 9.739167050074673, 10.074166149413886, 10.41665448446541, 10.766517838450287, 11.123621761606667, 11.487811349456578, 11.858911139521366, 12.236725133378867, 12.621036949827094, 13.011610113630349, 13.408188482888725, 13.810496816510478, 14.218241481602261, 14.631111298852764, 15.048778522201754, 15.470899947293322, 15.897118141444707, 16.32706278615755, 16.760352121593346, 17.196594480964432, 17.635389901489688, 18.07633179745904, 18.5190086800691, 18.96300590805311, 19.40790745274658, 19.853297661113093, 20.29876300040442, 20.743893768539706, 21.188285754948588, 21.631541837515254, 22.07327350236141, 22.513102274488936, 22.950661048736517, 23.385595312055287, 23.817564249741707, 24.246241729945968, 24.6713171624667, 25.092496229514257, 25.509501487744718, 25.922072842407296, 26.329967895885222, 26.732962174223978, 27.130849236415973, 27.52344067223529, 27.91056599528362, 28.292072438615282, 28.66782466085668, 29.037704371127226, 29.401609881312314, 29.7594555943434, 30.11117143711744, 30.456702246550513, 30.79600711702242, 31.129058717144765, 31.45584258338868, 31.776356397654656, 32.09060925536894, 32.39862093016193, 32.70042114063562, 32.99604882416995, 33.285551422162044, 33.56898418054499, 33.846409468901975, 34.11789612098272, 34.3835187989464, 34.643357383202805, 34.897496389303505, 35.14602441294864, 35.38903360382396, 35.626619168666736, 35.858878903677336, 36.085912756145476, 36.307822414943985, 36.5247109293579, 36.73668235555975, 36.943841429911906, 37.14629326817134, 37.34414308958869, 37.53749596483064, 37.72645658660933, 37.91112906187368, 38.09161672440227, 38.26802196663491, 38.4404460895874, 38.60898916971085, 38.773749941580924, 38.934825695332194, 39.09231218778843, 39.246303566278044, 39.39689230416604, 39.5441691471775, 39.688223069633075, 39.829141239762656, 39.96700899330964, 40.1019098146841, 40.23392532496811, 40.36313527612101, 40.48961755077494, 40.61344816705308, 40.73470128788249, 40.85344923431208, 40.96976250238274, 41.08370978313121, 41.19535798534238, 41.30477226069574, 41.412016030980794, 41.517151017084, 41.62023726947527, 41.72133319994636, 41.8204956143757, 41.91777974631529, 42.0132392912145, 42.106926441113735, 42.19889191965747, 42.28918501729154, 42.377853626523724, 42.46494427713978, 42.55050217127888, 42.63457121828364, 42.717194069249786, 42.79841215120985, 42.87826570089362, 42.956793798015724, 43.034034398047844, 43.11002436443911, 43.18479950025435, 43.25839457920464, 43.3308433760497, 43.40217869635564, 43.472432405595505, 43.541635457583425, 43.60981792223624, 43.677009012659354, 43.74323711155568, 43.808529796959064, 43.87291386729523, 43.936415365775105, 43.99905960412675, 44.06087118567354, 44.121874027767255, 44.18209138358568, 44.24154586330523, 44.30025945465979, 44.35825354289739, 44.415548930147004, 44.47216585420807, 44.52812400677555, 44.58344255111367, 44.63814013919163, 44.692234928294546, 44.745744597123185, 44.79868636139569, 44.851076988964806, 44.902932814463796, 44.9542697534942, 45.00510331636852, 45.055448621420545, 45.105320407896144, 45.15473304843682, 45.203700561168354, 45.25223662140657, 45.30035457299181, 45.34806743926387, 45.39538793368847, 45.44232847014623, 45.48890117289507, 45.53511788621626, 45.5809901837544, 45.62652937756126, 45.67174652685307, 45.71665244649066, 45.761257715191554, 45.805572683482815, 45.84960748140332, 45.89337202596363, 45.936876028371714, 45.980129001032175, 46.023140264326656, 46.065918953182724, 46.108474023438355, 46.150814258008864, 46.19294827286292, 46.234884522814134, 46.276631307134345, 46.3181967749947, 46.35958893074025, 46.40081563900369, 46.441884629663704, 46.48280350265308, 46.52357973262159, 46.564220673458706, 46.60473356268051, 46.64512552568566, 46.68540357988454, 46.725574638705936, 46.76564551548516, 46.80562292723769, 46.84551349832191, 46.88532376399467, 46.925060173863194, 46.96472909523652, 47.00433681637988, 47.043889549675, 47.083393434689334, 47.122854541157146, 47.162278871875095, 47.20167236551506, 47.24104089935664, 47.28039029194191, 47.319726305654605, 47.359054649226046, 47.398380980169975, 47.437710907148315, 47.477049992269784, 47.51640375332333, 47.5557776659481, 47.595177165741674, 47.63460765030823, 47.67407448124816, 47.71358298609063, 47.75313846017047, 47.792746168450826, 47.832411347292705, 47.872139206172704, 47.91193492935007, 47.951803677484094, 47.99175058920296, 48.03178078262487, 48.07189935683247, 48.112111393301284, 48.15242195728308, 48.19283609914478, 48.23335885566361, 48.27399525127918, 48.31475029930297, 48.3556290030858, 48.396636357143755, 48.43777734824294, 48.479056956443536, 48.5204801561034, 48.56205191684153, 48.603777204461664]]","[array([6.37688001e-05, 6.00799169e-05, 5.86665223e-05, 5.87302733e-05,
       5.97886084e-05, 6.15483189e-05, 6.38305061e-05, 6.65256642e-05,
       6.95666470e-05, 7.29123722e-05, 7.65379641e-05, 8.04287646e-05,
       8.45766741e-05, 8.89778967e-05, 9.36315370e-05, 9.85387135e-05,
       1.03701990e-04, 1.09125002e-04, 1.14812204e-04, 1.20768698e-04,
       1.27000107e-04, 1.33512489e-04, 1.40312263e-04, 1.47406160e-04,
       1.54801184e-04, 1.62504572e-04, 1.70523774e-04, 1.78866430e-04,
       1.87540348e-04, 1.96553493e-04, 2.05913974e-04, 2.15630031e-04,
       2.25710030e-04, 2.36162494e-04, 2.46997144e-04, 2.58227086e-04,
       2.69868652e-04, 2.81940432e-04, 2.94462694e-04, 3.07457039e-04,
       3.20946226e-04, 3.34954075e-04, 3.49505435e-04, 3.64626180e-04,
       3.80343224e-04, 3.96684552e-04, 4.13679252e-04, 4.31357554e-04,
       4.49750875e-04, 4.68891862e-04, 4.88814432e-04, 5.09553820e-04,
       5.31146624e-04, 5.53630848e-04, 5.77045948e-04, 6.01432874e-04,
       6.26834114e-04, 6.53293737e-04, 6.80857434e-04, 7.09572555e-04,
       7.39488149e-04, 7.70654997e-04, 8.03125649e-04, 8.36954446e-04,
       8.72197553e-04, 9.08912975e-04, 9.47160577e-04, 9.87002092e-04,
       1.02850113e-03, 1.07172316e-03, 1.11673554e-03, 1.16360743e-03,
       1.21240984e-03, 1.26321554e-03, 1.31609899e-03, 1.37113635e-03,
       1.42840533e-03, 1.48798511e-03, 1.54995625e-03, 1.61440054e-03,
       1.68140083e-03, 1.75104088e-03, 1.82340518e-03, 1.89857866e-03,
       1.97664650e-03, 2.05769382e-03, 2.14180538e-03, 2.22906524e-03,
       2.31955636e-03, 2.41336021e-03, 2.51055632e-03, 2.61122177e-03,
       2.71543068e-03, 2.82325363e-03, 2.93475706e-03, 3.05000261e-03,
       3.16904642e-03, 3.29193842e-03, 3.41872150e-03, 3.54943077e-03,
       3.68409264e-03, 3.82272395e-03, 3.96533110e-03, 4.11190902e-03,
       4.26244028e-03, 4.41689407e-03, 4.57522520e-03, 4.73737316e-03,
       4.90326108e-03, 5.07279480e-03, 5.24586192e-03, 5.42233093e-03,
       5.60205037e-03, 5.78484803e-03, 5.97053031e-03, 6.15888162e-03,
       6.34966390e-03, 6.54261632e-03, 6.73745506e-03, 6.93387326e-03,
       7.13154126e-03, 7.33010685e-03, 7.52919589e-03, 7.72841303e-03,
       7.92734274e-03, 8.12555056e-03, 8.32258452e-03, 8.51797688e-03,
       8.71124609e-03, 8.90189895e-03, 9.08943307e-03, 9.27333940e-03,
       9.45310511e-03, 9.62821658e-03, 9.79816246e-03, 9.96243696e-03,
       1.01205432e-02, 1.02719965e-02, 1.04163279e-02, 1.05530874e-02,
       1.06818471e-02, 1.08022049e-02, 1.09137868e-02, 1.10162504e-02,
       1.11092869e-02, 1.11926238e-02, 1.12660269e-02, 1.13293017e-02,
       1.13822952e-02, 1.14248964e-02, 1.14570374e-02, 1.14786930e-02,
       1.14898812e-02, 1.14906621e-02, 1.14811375e-02, 1.14614490e-02,
       1.14317770e-02, 1.13923385e-02, 1.13433851e-02, 1.12852002e-02,
       1.12180971e-02, 1.11424154e-02, 1.10585188e-02, 1.09667918e-02,
       1.08676365e-02, 1.07614699e-02, 1.06487206e-02, 1.05298261e-02,
       1.04052293e-02, 1.02753765e-02, 1.01407143e-02, 1.00016869e-02,
       9.85873413e-03, 9.71228926e-03, 9.56277677e-03, 9.41061078e-03,
       9.25619340e-03, 9.09991340e-03, 8.94214495e-03, 8.78324672e-03,
       8.62356105e-03, 8.46341329e-03, 8.30311141e-03, 8.14294566e-03,
       7.98318843e-03, 7.82409425e-03, 7.66589987e-03, 7.50882451e-03,
       7.35307015e-03, 7.19882191e-03, 7.04624856e-03, 6.89550302e-03,
       6.74672296e-03, 6.60003140e-03, 6.45553739e-03, 6.31333667e-03,
       6.17351236e-03, 6.03613567e-03, 5.90126660e-03, 5.76895462e-03,
       5.63923938e-03, 5.51215139e-03, 5.38771266e-03, 5.26593733e-03,
       5.14683233e-03, 5.03039795e-03, 4.91662840e-03, 4.80551237e-03,
       4.69703356e-03, 4.59117112e-03, 4.48790017e-03, 4.38719220e-03,
       4.28901548e-03, 4.19333547e-03, 4.10011513e-03, 4.00931529e-03,
       3.92089494e-03, 3.83481151e-03, 3.75102117e-03, 3.66947900e-03,
       3.59013927e-03, 3.51295563e-03, 3.43788127e-03, 3.36486913e-03,
       3.29387200e-03, 3.22484270e-03, 3.15773418e-03, 3.09249964e-03,
       3.02909262e-03, 2.96746710e-03, 2.90757757e-03, 2.84937910e-03,
       2.79282739e-03, 2.73787882e-03, 2.68449052e-03, 2.63262038e-03,
       2.58222709e-03, 2.53327017e-03, 2.48570997e-03, 2.43950772e-03,
       2.39462552e-03, 2.35102635e-03, 2.30867406e-03, 2.26753341e-03,
       2.22757003e-03, 2.18875044e-03, 2.15104204e-03, 2.11441309e-03,
       2.07883272e-03, 2.04427091e-03, 2.01069845e-03, 1.97808701e-03,
       1.94640901e-03, 1.91563772e-03, 1.88574715e-03, 1.85671210e-03,
       1.82850811e-03, 1.80111147e-03, 1.77449915e-03, 1.74864885e-03,
       1.72353895e-03, 1.69914849e-03, 1.67545715e-03, 1.65244526e-03,
       1.63009374e-03, 1.60838414e-03, 1.58729857e-03, 1.56681971e-03,
       1.54693078e-03, 1.52761557e-03, 1.50885834e-03, 1.49064389e-03,
       1.47295749e-03, 1.45578489e-03, 1.43911231e-03, 1.42292639e-03,
       1.40721423e-03, 1.39196333e-03, 1.37716161e-03, 1.36279738e-03,
       1.34885932e-03, 1.33533649e-03, 1.32221832e-03, 1.30949457e-03,
       1.29715534e-03, 1.28519105e-03, 1.27359245e-03, 1.26235058e-03,
       1.25145680e-03, 1.24090272e-03, 1.23068026e-03, 1.22078159e-03,
       1.21119915e-03, 1.20192562e-03, 1.19295394e-03, 1.18427728e-03,
       1.17588902e-03, 1.16778279e-03, 1.15995243e-03, 1.15239196e-03,
       1.14509564e-03, 1.13805789e-03, 1.13127334e-03, 1.12473681e-03,
       1.11844327e-03, 1.11238788e-03, 1.10656596e-03, 1.10097300e-03,
       1.09560463e-03, 1.09045665e-03, 1.08552500e-03, 1.08080574e-03,
       1.07629512e-03, 1.07198946e-03, 1.06788525e-03, 1.06397911e-03,
       1.06026775e-03, 1.05674802e-03, 1.05341689e-03, 1.05027142e-03,
       1.04730879e-03, 1.04452630e-03, 1.04192131e-03, 1.03949133e-03,
       1.03723393e-03, 1.03514677e-03, 1.03322763e-03, 1.03147435e-03,
       1.02988487e-03, 1.02845721e-03, 1.02718947e-03, 1.02607981e-03,
       1.02512649e-03, 1.02432785e-03, 1.02368226e-03, 1.02318820e-03,
       1.02284420e-03, 1.02264885e-03, 1.02260083e-03, 1.02269885e-03,
       1.02294169e-03, 1.02332820e-03, 1.02385727e-03, 1.02452786e-03,
       1.02533897e-03, 1.02628966e-03, 1.02737904e-03, 1.02860626e-03,
       1.02997054e-03, 1.03147112e-03, 1.03310730e-03, 1.03487841e-03,
       1.03678384e-03, 1.03882300e-03, 1.04099537e-03, 1.04330044e-03,
       1.04573775e-03, 1.04830687e-03, 1.05100741e-03, 1.05383900e-03,
       1.05680134e-03, 1.05989411e-03, 1.06311705e-03, 1.06646994e-03,
       1.06995256e-03])]","[[0, 6.376880005047202e-05, 0.00012384871691641303, 0.00018251523919836924, 0.00024124551252279142, 0.0003010341209199067, 0.00036258243981446595, 0.0004264129459168651, 0.0004929386101467997, 0.0005625052571304394, 0.0006354176293160733, 0.0007119555933677637, 0.0007923843579727253, 0.0008769610320784751, 0.0009659389288029055, 0.0010595704657602686, 0.0011581091792921697, 0.0012618111694342215, 0.0013709361713037317, 0.0014857483751766851, 0.0016065170727964898, 0.0017335171800155025, 0.0018670296688725518, 0.0020073419315484327, 0.0021547480918464217, 0.002309549275426974, 0.002472053847083966, 0.0026425776213366264, 0.0028214440511918357, 0.0030089843988993403, 0.003205537891748928, 0.0034114518653624347, 0.003627081896462281, 0.0038527919267177164, 0.004088954421095485, 0.004335951564682557, 0.004594178651071053, 0.004864047302664274, 0.0051459877349031, 0.005440450428807838, 0.0057479074681038135, 0.0060688536938871785, 0.006403807768451581, 0.006753313203112437, 0.007117939382822597, 0.007498282607178532, 0.007894967159528461, 0.008308646411184176, 0.00874000396492662, 0.009189754840311572, 0.009658646702263605, 0.01014746113381509, 0.01065701495343588, 0.011188161577107317, 0.011741792425061282, 0.01231883837289446, 0.012920271246557478, 0.013547105360494487, 0.014200399097961973, 0.014881256532280406, 0.015590829087464154, 0.016330317236330636, 0.0171009722338058, 0.017904097882716925, 0.01874105232889268, 0.01961324988187162, 0.020522162856950892, 0.02146932343368438, 0.022456325525260494, 0.023484826652452145, 0.0245565498150318, 0.025673285352680743, 0.02683689278649114, 0.02804930263116019, 0.02931251816690571, 0.030628617158990786, 0.031999753511530615, 0.03342815884096773, 0.03491614395324273, 0.03646610020725879, 0.0380805007457419, 0.03976190157303991, 0.04151294245778713, 0.04333634763669587, 0.045234926294030385, 0.047211572789585175, 0.04926926660624124, 0.05141107198642925, 0.053640137225106015, 0.055959693585173914, 0.058373053799669075, 0.060883610123541695, 0.06349483189648683, 0.06621026257709263, 0.06903351620759861, 0.07196827326784429, 0.07501827587658928, 0.0781873222983534, 0.08147926071431713, 0.08489798221669974, 0.0884474129874576, 0.09213150562418433, 0.09595422957881226, 0.09991956067817842, 0.1040314696997895, 0.10829390998126154, 0.11271080404797433, 0.11728602925051676, 0.12202340241154401, 0.12692666349074636, 0.13199945828675233, 0.13724532020594793, 0.14266765114035962, 0.14826970150986987, 0.15405454953803016, 0.1600250798455007, 0.16618396146053846, 0.17253362536180647, 0.17907624168487962, 0.18581369673993994, 0.1927475700040167, 0.19987911126642993, 0.2072092181205159, 0.21473841400789564, 0.22246682703312662, 0.23039416977617802, 0.23851972033741253, 0.2468423048542766, 0.2553602817303497, 0.26407152781546533, 0.2729734267700246, 0.2820628598371594, 0.29133619923292625, 0.30078930434715195, 0.3104175209259335, 0.32021568338123496, 0.33017812034373945, 0.3402986635424284, 0.3505706600586946, 0.36098698796467055, 0.37154007531547434, 0.3822219224239326, 0.39302412730477126, 0.40393791413406877, 0.41495416452974737, 0.42606345142085406, 0.43725607523814136, 0.4485221021267457, 0.4598514038542532, 0.47123369906472473, 0.4826585955118108, 0.49411563289227545, 0.5055943258952985, 0.5170842070829236, 0.5285748692229187, 0.5400560067069231, 0.5515174557037532, 0.5629492327197017, 0.574341571264034, 0.585684956348058, 0.596970156579413, 0.6081882536488679, 0.6193306690441772, 0.6303891878636612, 0.6413559796404192, 0.652223616125752, 0.6629850860168127, 0.6736338066481612, 0.6841636326992373, 0.6945688619994129, 0.7048442385388703, 0.7149849528168685, 0.7249866396788349, 0.7348453738101057, 0.7445576630670208, 0.7541204398355636, 0.763531050613946, 0.7727872440186697, 0.7818871574138885, 0.7908293023616026, 0.7996125490856392, 0.808236110135796, 0.8166995234302687, 0.8250026348448313, 0.8331455805065014, 0.8411287689378684, 0.8489528631861495, 0.8566187630586193, 0.8641275875735254, 0.8714806577231722, 0.878679479633666, 0.8857257281940247, 0.8926212312160696, 0.8993679541758294, 0.9059679855771661, 0.9124235229690278, 0.9187368596391752, 0.9249103719994338, 0.9309465076704952, 0.9368477742680066, 0.9426167288861473, 0.9482559682700467, 0.9537681196642236, 0.9591558323206897, 0.9644217696473976, 0.9695686019753051, 0.9745989999204089, 0.9795156283156334, 0.9843211406864012, 0.9890181742430099, 0.9936093453625598, 0.9980972455330764, 1.0024844377326079, 1.00677345321643, 1.0109667886860048, 1.0150669038140088, 1.0190762191005283, 1.0229971140363956, 1.0268319255505884, 1.030582946719617, 1.03425242571786, 1.0378425649888705, 1.041355520618739, 1.0447934018936695, 1.048158271024974, 1.0514521430257318, 1.0546769857243665, 1.0578347199013753, 1.060927219536392, 1.0639563121536717, 1.0669237792549622, 1.0698313568295437, 1.0726807359320203, 1.0754735633191816, 1.0782114421379632, 1.0808959326571947, 1.0835285530364491, 1.0861107801258842, 1.0886440502915213, 1.0911297602609056, 1.093569267984572, 1.095963893509175, 1.0983149198585493, 1.1006235939193507, 1.1028911273282624, 1.1051186973580862, 1.1073074478003238, 1.1094584898421305, 1.1115729029357695, 1.1136517356589233, 1.1156960065644301, 1.1177067050182008, 1.1196847920242439, 1.1216312010358882, 1.1235468387524352, 1.1254325859005958, 1.1272892980001967, 1.1291178061137341, 1.130918917579457, 1.1326934167277445, 1.1344420655806202, 1.1361656045343111, 1.1378647530248251, 1.1395402101765741, 1.141192655434115, 1.1428227491771257, 1.144431133318773, 1.1460184318876545, 1.147585251593532, 1.1491321823770975, 1.1506597979440254, 1.1521686562835975, 1.1536593001721847, 1.1551322576618936, 1.1565880425546944, 1.1580271548623473, 1.159450081252459, 1.1608572954809975, 1.162249258811603, 1.1636264204220281, 1.1649892177980443, 1.1663380771151481, 1.1676734136084004, 1.1689956319307286, 1.1703051265000188, 1.1716022818353182, 1.172887472882469, 1.1741610653294823, 1.175423415911964, 1.1766748727088903, 1.1779157754290286, 1.1791464556882971, 1.1803672372783398, 1.1815784364265978, 1.1827803620481439, 1.1839733159895451, 1.1851575932650067, 1.186333482285049, 1.18750126507796, 1.1886612175042552, 1.1898136094643812, 1.1909587050998767, 1.1920967629882138, 1.1932280363315269, 1.1943527731394292, 1.1954712164061188, 1.1965836042819595, 1.197690170239728, 1.198791143235698, 1.1998867478657398, 1.200977204516602, 1.2020627295125343, 1.2031435352574114, 1.2042198303725058, 1.205291819830059, 1.206359705082788, 1.207423684189467, 1.2084839519367143, 1.2095406999571103, 1.2105941168437702, 1.2116443882614898, 1.212691697054576, 1.2137362233514748, 1.2147781446663006, 1.2158176359973683, 1.2168548699228272, 1.2178900166934927, 1.2189232443229627, 1.2199547186751107, 1.2209846035490368, 1.2220130607615582, 1.223040250227319, 1.2240663300365902, 1.2250914565308375, 1.2261157843761188, 1.2271394666343844, 1.2281626548327396, 1.2291854990307307, 1.2302081478857159, 1.2312307487163725, 1.232253447564399, 1.233276389254458, 1.234299717452416, 1.2353235747219171, 1.236348102579347, 1.2373734415472202, 1.2383997312060353, 1.239427110244639, 1.240455716509131, 1.2414856870503481, 1.2425171581699603, 1.2435502654652093, 1.2445851438723192, 1.2456219277086098, 1.2466607507133352, 1.247701746087276, 1.248745046531107, 1.2497907842825615, 1.2508390911524152, 1.2518900985593053, 1.2529439375634053, 1.2540007388989707, 1.2550606330057696, 1.2561237500594142, 1.2571902200006024, 1.258260172563284]]"
40.0,40.0,3,30,90,I1-S1,"[[0.01, 0.009218546420913139, 0.008861068736292907, 0.008775057932921297, 0.008868437745820851, 0.009085409524789992, 0.009391996838798789, 0.009767451560685952, 0.010199098276286322, 0.010679232149995176, 0.011203247247603017, 0.011768503166834705, 0.012373635263472717, 0.013018131975839667, 0.013702073499720918, 0.014425968397699378, 0.015190650054620308, 0.01599721004822415, 0.01684695458011406, 0.017741375552821778, 0.018682131145810955, 0.01967103271046906, 0.02071003599342161, 0.021801235420625505, 0.022946860617909588, 0.0241492746182319, 0.025410973378482173, 0.026734586339041407, 0.028122877831447644, 0.029578749187819213, 0.031105241438876764, 0.032705538510799735, 0.03438297084802454, 0.036141019401481116, 0.03798335390870957, 0.03991418320379958, 0.04193845592995408, 0.044061675661506344, 0.04628975345835423, 0.048628917849214304, 0.05108566401499794, 0.053666729437758715, 0.056379087129028525, 0.059229950276928414, 0.06222678407699526, 0.06537732186641435, 0.06868958362876397, 0.0721718955934151, 0.07583291010420032, 0.07968162523596996, 0.08372740383825154, 0.08797999181322297, 0.09244953551256208, 0.09714659818004097, 0.1020821753850018, 0.10726770939379923, 0.11271510241728212, 0.11843672865609137, 0.12444544504446213, 0.13075460056898977, 0.13737804401252451, 0.14433012994567937, 0.15162572275978486, 0.15928019850575403, 0.16730944427338135, 0.17572985481519202, 0.18455832608817357, 0.1938122453556639, 0.203509477460475, 0.2136683468491922, 0.22430761489675619, 0.23544645205024076, 0.24710440428159608, 0.2593013533115525, 0.27205747004148373, 0.2853931606075452, 0.2993290044526848, 0.3138856837981428, 0.32908390388793674, 0.34494430337880244, 0.36148735425553097, 0.37873325066911273, 0.39670178612422824, 0.4154122184851669, 0.4348831223270723, 0.45513222823442745, 0.47617624874287484, 0.4980306907357637, 0.5207096542451162, 0.5442256177697664, 0.5685892104127883, 0.5938089713572262, 0.6198910974444041, 0.6468391798930072, 0.674653931499341, 0.7033329059885199, 0.7328702115407304, 0.7632562208929834, 0.7944772808105369, 0.8265154241277283, 0.859348087968164, 0.8929478421604438, 0.9272821322576853, 0.9623130419354405, 0.9979970798701067, 1.0342849964744096, 1.071121636072768, 1.1084458302215345, 1.1461903379013376, 1.1842818382154432, 1.2226409810047605, 1.261182500424074, 1.2998153960050882, 1.3384431850530607, 1.3769642293823967, 1.4152721383947027, 1.4532562493480652, 1.490802184372347, 1.5277924823719988, 1.5641073024515704, 1.5996251939321342, 1.6342239264372256, 1.6677813719572625, 1.7001764292979364, 1.7312899799288246, 1.7610058630218497, 1.7892118564517618, 1.8158006497654198, 1.8406707946502825, 1.8637276182745295, 1.8848840850514799, 1.9040615929086497, 1.9211906910143797, 1.9362117071179692, 1.9490752741663004, 1.959742747633539, 1.9681865069933278, 1.9743901369195993, 1.9783484860614364, 1.9800676035346798, 1.9795645555427133, 1.9768671267174198, 1.9720134127993507, 1.9650513131008864, 1.9560379327732422, 1.9450389061930096, 1.932127653772745, 1.9173845851702271, 1.9008962622207002, 1.8827545349544001, 1.8630556638059532, 1.841899440598894, 1.8193883201300864, 1.7956265732224128, 1.7707194709999126, 1.744772508909009, 1.7178906777036216, 1.6901777872701844, 1.6617358478272755, 1.6326645117263323, 1.60306057783284, 1.5730175593046745, 1.5426253145240654, 1.511969739995056, 1.4811325231977353, 1.4501909526978183, 1.4192177822453893, 1.3882811451564379, 1.3574445149490315, 1.3267667079942753, 1.2963019238306008, 1.2660998187673798, 1.236205608458713, 1.2066601952486975, 1.1775003162638917, 1.1487587084459578, 1.1204642869671073, 1.092642333743492, 1.0653146930484603, 1.038499971521143, 1.0122137401596605, 0.9864687361769273, 0.9612750628761627, 0.9366403859692815, 0.9125701250117207, 0.8890676388600661, 0.8661344042728877, 0.8437701869698548, 0.8219732046393424, 0.8007402815406368, 0.7800669944841055, 0.7599478100921315, 0.7403762133462879, 0.7213448275132817, 0.7028455256148717, 0.6848695336665425, 0.6674075259574767, 0.6504497126815719, 0.6339859202571144, 0.6180056646924064, 0.6024982183672384, 0.5874526706066125, 0.5728579824244765, 0.5587030358122791, 0.5449766779406545, 0.5316677606331633, 0.5187651754593737, 0.5062578847811711, 0.4941349490715011, 0.4823855508091791, 0.47099901523726234, 0.4599648282560772, 0.44927265170554936, 0.4389123362751975, 0.42887393226417975, 0.419147698398251, 0.40972410889549216, 0.400593858958288, 0.39174786885530427, 0.3831772867441853, 0.3748734903733764, 0.3668280877898856, 0.3590329171689192, 0.35148004587116494, 0.3441617688240176, 0.33707060631423685, 0.3301993012713622, 0.32354081611366314, 0.3170883292214336, 0.31083523109602984, 0.3047751202571566, 0.29890179892550345, 0.29320926853288704, 0.2876917250975336, 0.2823435544980149, 0.2771593276755937, 0.2721337957913218, 0.2672618853611328, 0.2625386933893636, 0.257959482518594, 0.2535196762113982, 0.24921485397752693, 0.24504074665817416, 0.2409932317773016, 0.2370683289684876, 0.2332621954844161, 0.2295711217949131, 0.22599152727835964, 0.22251995601034844, 0.21915307265259823, 0.21588765844438093, 0.2127206072980479, 0.20964892199964968, 0.20666971051512462, 0.2037801824020761, 0.20097764532676166, 0.1982595016855712, 0.1956232453299747, 0.19306645839366252, 0.19058680822038387, 0.1881820443908038, 0.18584999584654469, 0.18358856810945054, 0.1813957405940083, 0.17926956401077768, 0.1772081578586179, 0.17520970800345134, 0.17327246434127264, 0.17139473854309173, 0.16957490187949098, 0.16781138312247815, 0.16610266652232766, 0.16444728985711943, 0.16284384255270912, 0.1612909638708935, 0.15978734116356816, 0.15833170819071335, 0.15692284350008548, 0.15555956886653496, 0.1542407477889188, 0.15296528404262275, 0.1517321202857585, 0.1505402367171504, 0.14938864978427824, 0.14827641093939262, 0.14720260544207153, 0.1461663512065377, 0.14516679769210655, 0.14420312483518596, 0.14327454202129802, 0.14238028709564207, 0.1415196254107672, 0.1406918489099687, 0.13989627524507015, 0.13913224692729786, 0.1383991305099983, 0.13769631580199304, 0.13702321511040694, 0.13637926251184646, 0.1357639131508453, 0.13517664256453166, 0.13461694603251037, 0.134084337950988, 0.13357835123020495, 0.13309853671427177, 0.13264446262254034, 0.13221571401167134, 0.13181189225759077, 0.13143261455655705, 0.13107751344458912, 0.13074623633453264, 0.13043844507006888, 0.1301538154959947, 0.12989203704412752, 0.1296528123342125, 0.129435856789231, 0.129240898264532, 0.12906767669022806, 0.128915943726318, 0.12878546243001746, 0.12867600693479636, 0.1285873621406411, 0.1285193234150746, 0.12847169630448502, 0.12844429625532838, 0.12843694834478558, 0.12844948702046866, 0.12848175584878413, 0.12853360727157495, 0.12860490237067437, 0.12869551064001727, 0.12880530976496563, 0.12893418540851564, 0.12908203100406437, 0.12924874755442334, 0.12943424343677648, 0.1296384342132879, 0.12986124244707425, 0.1301025975232638, 0.13036243547487292, 0.13064069881323692, 0.13093733636274016, 0.1312523030995962, 0.13158555999443552, 0.13193707385846384, 0.13230681719296028, 0.13269476804188945, 0.13310090984740686, 0.1335252313080418, 0.1339677262393466, 0.13442839343680502, 0.134907236540797, 0.13540426390342103, 0.13591948845697832, 0.1364529275839273, 0.13700460298811948, 0.1375745405671316, 0.13816277028551113, 0.13876932604875578, 0.13939424557784943, 0.14003757028418068, 0.14069934514467103, 0.1413796185769438, 0.14207844231436548, 0.14279587128079452, 0.1435319634648741]]","[[0.01, 0.011673645222856313, 0.01362924433757481, 0.015801894642058518, 0.018156389978608786, 0.02067522327354663, 0.023351422187093324, 0.02618435948024282, 0.02917727556997678, 0.032335816769719444, 0.035667179103667686, 0.039179612812055425, 0.0428821412895336, 0.04678440723683567, 0.05089659410847219, 0.05522939202520601, 0.05979398989863064, 0.06460208300744352, 0.06966588971937958, 0.07499817369473744, 0.08061226946954288, 0.08652211023614727, 0.09274225717746533, 0.09928793002365235, 0.10617503867935114, 0.11342021587066531, 0.12104085081629945, 0.1290551239560757, 0.13748204278359152, 0.14634147883472323, 0.15565420588382367, 0.16544193939698232, 0.17572737728782817, 0.18653424201670585, 0.19788735980229258, 0.2098130964847192, 0.22233973553035427, 0.2354974605950924, 0.2493183301534275, 0.26383627950978983, 0.27908714425955794, 0.2951087007951911, 0.3119407205549163, 0.3296250355260978, 0.3482056131212186, 0.3677286389962587, 0.38824260671828736, 0.40979841343954043, 0.4324494609197613, 0.4562517613723703, 0.48126404770438974, 0.5075478877834247, 0.5351678024036939, 0.5641913866418257, 0.5946894342953989, 0.626736065085609, 0.6604088542818769, 0.6957889643720656, 0.7329612783581748, 0.7720145342046132, 0.8130414599048037, 0.8561389085622118, 0.901407992804015, 0.9489542177595883, 0.9988876117417571, 1.0513228536663264, 1.1063793961347281, 1.1641815829857398, 1.2248587599952188, 1.2885453772678286, 1.3553810817221275, 1.4255107979205628, 1.499084795339535, 1.5762587400125754, 1.6571937283129403, 1.742056300471927, 1.831018431257683, 1.9242574950682603, 2.021956202524647, 2.1243025054873854, 2.2314894672675494, 2.3437150946631817, 2.4611821283302393, 2.5840977878975857, 2.712673468164203, 2.847124382679612, 2.987669151012152, 3.1345293260613984, 3.287928857878109, 3.448093490625634, 3.615250089558741, 3.7896258952174864, 3.971447702443105, 4.160940962327508, 4.358328805814859, 4.563830988388757, 4.7776627561065474, 5.000033634185877, 5.231146140408747, 5.471194426782891, 5.720362854184429, 5.9788245060908025, 6.246739648986736, 6.52425414857133, 6.811497852490495, 7.108582951939393, 7.415602336093917, 7.732627954902959, 8.059709207264918, 8.3968713729792, 8.744114108060538, 9.101410023982755, 9.468703372131225, 9.84590885514232, 10.232910586849595, 10.629561222200772, 11.03568127772402, 11.451058661882655, 11.875448432950728, 12.308572799866997, 12.750121378894006, 13.199751715849585, 13.65709008023227, 14.121732533787128, 14.593246272025347, 15.071171233003817, 15.555021963383897, 16.044289727524024, 16.5384448412252, 17.03693920784916, 17.539209030970653, 18.04467767460508, 18.552758639457238, 19.06285862163884, 19.57438061895672, 20.08672704921652, 20.599302845033108, 21.111518490383176, 21.62279296555032, 22.132556569151838, 22.6402535885354, 23.1453447929138, 23.647309727076234, 24.145648787277537, 24.639885064858902, 25.129565947193214, 25.614264469574756, 26.093580415594325, 26.56714116727222, 27.034602309690897, 27.495647998016224, 27.949991097575182, 28.39737311003643, 28.83756390069981, 29.27036124343619, 29.695590200936213, 30.11310235864194, 30.522774931074466, 30.9245097592648, 31.31823221768218, 31.703890048473298, 32.08145214002017, 32.450907265835184, 32.81226279868114, 33.165543413570376, 33.51078979199726, 33.848057338425, 34.17741491870996, 34.498943628830105, 34.81273560100903, 35.11889285311076, 35.417526186036646, 35.70875413279315, 35.992701961925576, 36.26950073713067, 36.5392864340727, 36.802199114731415, 37.05838215900436, 37.30798155276635, 37.55114523115038, 37.788022475451896, 38.018763361765274, 38.24351825923202, 38.462437375607784, 38.6756703477332, 38.88336587441652, 39.08567138919681, 39.28273277045131, 39.474694086332214, 39.661697372064076, 39.84388243719721, 40.02138670049197, 40.19434505020034, 40.36288972761071, 40.52715023182834, 40.68725324387341, 40.8433225682907, 40.995479090576914, 41.14384074884286, 41.28852251823679, 41.42963640676103, 41.56729146121678, 41.70159378210992, 41.83264654644439, 41.960550037419, 42.08540168012692, 42.20729608243676, 42.32632508030764, 42.442577786860326, 42.55614064459049, 42.66709748017001, 42.775529561337585, 42.881515655430924, 42.98513208915961, 43.08645280926118, 43.18554944372215, 43.28249136328217, 43.377345742972366, 43.47017762346902, 43.561049972070855, 43.65002374313341, 43.73715793781586, 43.8225096630164, 43.906134189390215, 43.98808500836077, 44.06841388804964, 44.14717092806366, 44.22440461308971, 44.30016186525819, 44.37448809524552, 44.447427252094386, 44.51902187173783, 44.589313124219686, 44.65834085960976, 44.72614365261691, 44.79275884590777, 44.85822259214245, 44.922569894741976, 44.98583464740485, 45.04804967239264, 45.10924675760634, 45.169456692477105, 45.22870930269606, 45.2870334838093, 45.34445723370471, 45.40100768401812, 45.45671113048675, 45.51159306227801, 45.56567819032213, 45.61899047467695, 45.671553150953095, 45.7233887558278, 45.77451915167509, 45.824965550339925, 45.87474853608342, 45.92388808772577, 45.97240360001316, 46.020313904234285, 46.06763728811161, 46.114391514991915, 46.16059384236004, 46.20626103969934, 46.25140940572131, 46.296054784986765, 46.34021258393989, 46.383897786376075, 46.427124968363806, 46.469908312640186, 46.512261622499125, 46.554198335190655, 46.5957315348491, 46.636873964967386, 46.677638040434175, 46.718035859149886, 46.758079213237174, 46.79777959986086, 46.83714823167184, 46.87619604688897, 46.914933719032355, 46.95337166632112, 46.991520060748144, 47.02938883684392, 47.066987700141134, 47.104326135351165, 47.14141341426342, 47.17825860337775, 47.21487057128017, 47.25125799577133, 47.28742937075716, 47.3233930129106, 47.35915706811295, 47.394729517683245, 47.43011818440345, 47.46533073834728, 47.50037470251992, 47.5352574583158, 47.569986250801115, 47.60456819382781, 47.63901027498518, 47.67331936039523, 47.70750219935753, 47.741565428849235, 47.77551557788566, 47.80935907174645, 47.843102236072426, 47.87675130083786, 47.91031240420272, 47.943791596249284, 47.977194842607396, 48.0105280279724, 48.04379695951962, 48.07700737021916, 48.110164922054615, 48.14327520914914, 48.17634376080213, 48.20937604443981, 48.242377468482566, 48.27535338513223, 48.3083090930818, 48.34124984015056, 48.37418082584689, 48.40710720386152, 48.440034084493305, 48.472966537009995, 48.50590959194601, 48.53886824333937, 48.57184745090969, 48.6048521421791, 48.63788721453803, 48.67095753725742, 48.70406795344896, 48.7372232819751, 48.770428319310135, 48.80368784135383, 48.8370066051989, 48.87038935085367, 48.90384080292096, 48.93736567223451, 48.97096865745388, 49.00465444661884, 49.03842771866425, 49.07229314489628, 49.10625539043072, 49.1403191155943, 49.174488977289585, 49.208769630324156, 49.24316572870471, 49.27768192689658, 49.3123228810492, 49.34709325018796, 49.38199769737284, 49.41704089082419, 49.452227505015934, 49.4875622217365, 49.52304973111763, 49.558694732631274, 49.59450193605469, 49.63047606240377, 49.666621844834715, 49.70294402951394, 49.73944737645626, 49.77613666033121, 49.81301667123731, 49.85009221544421, 49.88736811610243, 49.924849213920396]]","[array([6.37688001e-05, 6.00799169e-05, 5.86665223e-05, 5.87302733e-05,
       5.97886108e-05, 6.15483532e-05, 6.38307161e-05, 6.65264773e-05,
       6.95690215e-05, 7.29181100e-05, 7.65500724e-05, 8.04518540e-05,
       8.46173827e-05, 8.90453337e-05, 9.37377407e-05, 9.86991225e-05,
       1.03935925e-04, 1.09456161e-04, 1.15269169e-04, 1.21385459e-04,
       1.27816603e-04, 1.34575160e-04, 1.41674634e-04, 1.49129440e-04,
       1.56954888e-04, 1.65167174e-04, 1.73783381e-04, 1.82821489e-04,
       1.92300382e-04, 2.02239865e-04, 2.12660687e-04, 2.23584560e-04,
       2.35034186e-04, 2.47033332e-04, 2.59607984e-04, 2.72788736e-04,
       2.86610528e-04, 3.01111474e-04, 3.16332077e-04, 3.32314768e-04,
       3.49103665e-04, 3.66744469e-04, 3.85284463e-04, 4.04772566e-04,
       4.25259431e-04, 4.46797557e-04, 4.69441422e-04, 4.93247610e-04,
       5.18274943e-04, 5.44584616e-04, 5.72240314e-04, 6.01308336e-04,
       6.31857703e-04, 6.63960271e-04, 6.97690825e-04, 7.33127173e-04,
       7.70350230e-04, 8.09444093e-04, 8.50496112e-04, 8.93596942e-04,
       9.38840590e-04, 9.86324453e-04, 1.03614933e-03, 1.08841943e-03,
       1.14324237e-03, 1.20072912e-03, 1.26099396e-03, 1.32415441e-03,
       1.39033111e-03, 1.45964770e-03, 1.53223062e-03, 1.60820897e-03,
       1.68771417e-03, 1.77087978e-03, 1.85784108e-03, 1.94873473e-03,
       2.04369830e-03, 2.14286980e-03, 2.24638710e-03, 2.35438730e-03,
       2.46700600e-03, 2.58437658e-03, 2.70662928e-03, 2.83389030e-03,
       2.96628074e-03, 3.10391553e-03, 3.24690216e-03, 3.39533944e-03,
       3.54931608e-03, 3.70890925e-03, 3.87418298e-03, 4.04518652e-03,
       4.22195266e-03, 4.40449589e-03, 4.59281060e-03, 4.78686915e-03,
       4.98661997e-03, 5.19198562e-03, 5.40286086e-03, 5.61911074e-03,
       5.84056877e-03, 6.06703514e-03, 6.29827506e-03, 6.53401730e-03,
       6.77395280e-03, 7.01773362e-03, 7.26497207e-03, 7.51524012e-03,
       7.76806923e-03, 8.02295045e-03, 8.27933497e-03, 8.53663513e-03,
       8.79422582e-03, 9.05144643e-03, 9.30760328e-03, 9.56197259e-03,
       9.81380387e-03, 1.00623240e-02, 1.03067415e-02, 1.05462516e-02,
       1.07800417e-02, 1.10072966e-02, 1.12272051e-02, 1.14389659e-02,
       1.16417942e-02, 1.18349282e-02, 1.20176356e-02, 1.21892200e-02,
       1.23490271e-02, 1.24964508e-02, 1.26309386e-02, 1.27519965e-02,
       1.28591939e-02, 1.29521670e-02, 1.30306223e-02, 1.30943386e-02,
       1.31431692e-02, 1.31770422e-02, 1.31959607e-02, 1.32000018e-02,
       1.31893151e-02, 1.31641207e-02, 1.31247055e-02, 1.30714197e-02,
       1.30046730e-02, 1.29249292e-02, 1.28327017e-02, 1.27285474e-02,
       1.26130616e-02, 1.24868717e-02, 1.23506318e-02, 1.22050164e-02,
       1.20507153e-02, 1.18884271e-02, 1.17188551e-02, 1.15427010e-02,
       1.13606614e-02, 1.11734225e-02, 1.09816570e-02, 1.07860199e-02,
       1.05871457e-02, 1.03856460e-02, 1.01821067e-02, 9.97708654e-03,
       9.77111556e-03, 9.56469394e-03, 9.35829136e-03, 9.15234650e-03,
       8.94726699e-03, 8.74342951e-03, 8.54118021e-03, 8.34083525e-03,
       8.14268162e-03, 7.94697803e-03, 7.75395597e-03, 7.56382083e-03,
       7.37675318e-03, 7.19290999e-03, 7.01242597e-03, 6.83541495e-03,
       6.66197118e-03, 6.49217067e-03, 6.32607255e-03, 6.16372034e-03,
       6.00514319e-03, 5.85035713e-03, 5.69936620e-03, 5.55216359e-03,
       5.40873270e-03, 5.26904811e-03, 5.13307656e-03, 5.00077783e-03,
       4.87210554e-03, 4.74700795e-03, 4.62542868e-03, 4.50730733e-03,
       4.39258014e-03, 4.28118054e-03, 4.17303961e-03, 4.06808662e-03,
       3.96624941e-03, 3.86745478e-03, 3.77162886e-03, 3.67869737e-03,
       3.58858597e-03, 3.50122045e-03, 3.41652698e-03, 3.33443227e-03,
       3.25486379e-03, 3.17774990e-03, 3.10301995e-03, 3.03060443e-03,
       2.96043504e-03, 2.89244478e-03, 2.82656801e-03, 2.76274050e-03,
       2.70089947e-03, 2.64098365e-03, 2.58293327e-03, 2.52669006e-03,
       2.47219733e-03, 2.41939989e-03, 2.36824410e-03, 2.31867782e-03,
       2.27065045e-03, 2.22411286e-03, 2.17901741e-03, 2.13531790e-03,
       2.09296956e-03, 2.05192903e-03, 2.01215431e-03, 1.97360475e-03,
       1.93624101e-03, 1.90002503e-03, 1.86492000e-03, 1.83089034e-03,
       1.79790164e-03, 1.76592064e-03, 1.73491522e-03, 1.70485433e-03,
       1.67570798e-03, 1.64744721e-03, 1.62004405e-03, 1.59347150e-03,
       1.56770348e-03, 1.54271481e-03, 1.51848120e-03, 1.49497920e-03,
       1.47218617e-03, 1.45008027e-03, 1.42864042e-03, 1.40784626e-03,
       1.38767819e-03, 1.36811724e-03, 1.34914516e-03, 1.33074431e-03,
       1.31289768e-03, 1.29558885e-03, 1.27880200e-03, 1.26252185e-03,
       1.24673366e-03, 1.23142321e-03, 1.21657680e-03, 1.20218118e-03,
       1.18822360e-03, 1.17469174e-03, 1.16157371e-03, 1.14885807e-03,
       1.13653375e-03, 1.12459009e-03, 1.11301680e-03, 1.10180395e-03,
       1.09094197e-03, 1.08042163e-03, 1.07023401e-03, 1.06037051e-03,
       1.05082285e-03, 1.04158303e-03, 1.03264333e-03, 1.02399632e-03,
       1.01563480e-03, 1.00755187e-03, 9.99740835e-04, 9.92195266e-04,
       9.84908951e-04, 9.77875900e-04, 9.71090338e-04, 9.64546697e-04,
       9.58239610e-04, 9.52163899e-04, 9.46314578e-04, 9.40686837e-04,
       9.35276042e-04, 9.30077727e-04, 9.25087590e-04, 9.20301486e-04,
       9.15715421e-04, 9.11325552e-04, 9.07128176e-04, 9.03119729e-04,
       8.99296780e-04, 8.95656029e-04, 8.92194301e-04, 8.88908541e-04,
       8.85795814e-04, 8.82853298e-04, 8.80078281e-04, 8.77468157e-04,
       8.75020428e-04, 8.72732692e-04, 8.70602648e-04, 8.68628089e-04,
       8.66806897e-04, 8.65137048e-04, 8.63616602e-04, 8.62243703e-04,
       8.61016577e-04, 8.59933530e-04, 8.58992945e-04, 8.58193278e-04,
       8.57533060e-04, 8.57010892e-04, 8.56625445e-04, 8.56375454e-04,
       8.56259722e-04, 8.56277114e-04, 8.56426557e-04, 8.56707037e-04,
       8.57117601e-04, 8.57657349e-04, 8.58325439e-04, 8.59121083e-04,
       8.60043544e-04, 8.61092138e-04, 8.62266228e-04, 8.63565228e-04,
       8.64988599e-04, 8.66535848e-04, 8.68206525e-04, 8.70000226e-04,
       8.71916589e-04, 8.73955293e-04, 8.76116059e-04, 8.78398645e-04,
       8.80802849e-04, 8.83328507e-04, 8.85975491e-04, 8.88743706e-04,
       8.91633096e-04, 8.94643636e-04, 8.97775334e-04, 9.01028229e-04,
       9.04402394e-04, 9.07897929e-04, 9.11514964e-04, 9.15253658e-04,
       9.19114198e-04, 9.23096797e-04, 9.27201692e-04, 9.31429149e-04,
       9.35779455e-04, 9.40252921e-04, 9.44849882e-04, 9.49570693e-04,
       9.54415731e-04])]","[[0, 6.376880005047202e-05, 0.00012384871691641303, 0.00018251523919836924, 0.00024124551253994626, 0.0003010341233443281, 0.00036258247657907874, 0.0004264131927157628, 0.000492939669965986, 0.0005625086914214097, 0.0006354268014562253, 0.0007119768739018372, 0.0007924287279496335, 0.0008770461106752211, 0.0009660914443831503, 0.0010598291851300428, 0.0011585283076366323, 0.001262464232706997, 0.0013719203932276765, 0.0014871895621276804, 0.0016085750213956352, 0.001736391624043591, 0.001870966784001137, 0.002012641418260439, 0.0021617708587387432, 0.002318725746816454, 0.002483892920462788, 0.0026576763017411528, 0.002840497790964778, 0.0030327981726468597, 0.0032350380375310906, 0.0034476987243164327, 0.0036712832841507463, 0.003906317470525321, 0.004153350802430731, 0.004412958786517396, 0.00468574752208832, 0.004972358050223019, 0.005273469524547362, 0.005589801601573394, 0.005922116369988575, 0.0062712200352579885, 0.006637964504568517, 0.007023248967510897, 0.007428021533616196, 0.007853280964411548, 0.00830007852180581, 0.00876951994405521, 0.009262767553650941, 0.009781042497049367, 0.010325627113406196, 0.01089786742779746, 0.011499175763406033, 0.012131033466539872, 0.012794993737932404, 0.01349268456342364, 0.014225811736742732, 0.01499616196664869, 0.01580560606009644, 0.016656102172353863, 0.01754969911408518, 0.018488539704325527, 0.019474864156993, 0.02051101348711259, 0.021599432921256524, 0.02274267529483467, 0.023943404416793636, 0.025204398380001984, 0.026528552793110238, 0.02791888390697758, 0.029378531605853807, 0.030910762230397983, 0.03251897119631011, 0.034206685368857744, 0.03597756514990797, 0.037835406230243694, 0.039784140955974, 0.0418278392537693, 0.043970709055498984, 0.04621709615866452, 0.048571483454857636, 0.05103848945439141, 0.05362286603132497, 0.05632949530941349, 0.05916338560615926, 0.06212966634922559, 0.06523358187712411, 0.0684804840344321, 0.07187582347098687, 0.0754251395546979, 0.07913404880898582, 0.08300823178857822, 0.0870534183116546, 0.09127537097232474, 0.09567986686533816, 0.10027267746494127, 0.10505954661209921, 0.11004616657903626, 0.11523815219735617, 0.12064101305597835, 0.12626012379782514, 0.1321006925696198, 0.13816772770724814, 0.14446600276976343, 0.1510000200680621, 0.1577739728692204, 0.16479170649405586, 0.17205667856315393, 0.17957191868476835, 0.18733998791594178, 0.19536293836508517, 0.20364227333918655, 0.21217890847080878, 0.22097313428803272, 0.23002458071343374, 0.23933218399496284, 0.24889415658119365, 0.25870796045481326, 0.2687702844306164, 0.2790770259068942, 0.2896232775314772, 0.3004033192055159, 0.3114106157993509, 0.3226378208958232, 0.334076786807702, 0.34571858103849273, 0.35755350927096463, 0.369571144876847, 0.38176036484610193, 0.39410939193700356, 0.4066058427511476, 0.41923678134276465, 0.4319887778816329, 0.4448479718057371, 0.4578001388257254, 0.47083076108007765, 0.48392509968934516, 0.4970682689211321, 0.5102453111555557, 0.5234412718342121, 0.536641273584226, 0.5498305887323737, 0.5629947094617374, 0.5761194149136792, 0.5891908345996275, 0.6021955075584469, 0.6151204367740782, 0.6279531384525741, 0.6406816858454941, 0.6532947473957533, 0.6657816190703968, 0.6781322508305531, 0.6903372672702948, 0.7023879825318804, 0.7142764096736695, 0.7259952647279793, 0.7375379657386576, 0.7488986271117994, 0.7600720496477279, 0.7710537066482038, 0.7818397265101418, 0.7924268722263765, 0.8028125182158733, 0.8129946249009372, 0.8229717114382503, 0.8327428269947909, 0.8423075209397304, 0.8516658123000916, 0.8608181588021061, 0.8697654257925913, 0.8785088553059784, 0.8870500355134877, 0.8953908707619338, 0.9035335523812179, 0.9114805304121243, 0.9192344863799156, 0.9267983072146575, 0.9341750603963864, 0.941367970382283, 0.9483803963540064, 0.9552158113062921, 0.9618777824828143, 0.9683699531521003, 0.9746960257048962, 0.9808597460447139, 0.9868648892352326, 0.9927152463616605, 0.9984146125579602, 1.003966776147867, 1.009375508844765, 1.0146445569535874, 1.0197776335168791, 1.0247784113468585, 1.0296505168856476, 1.0343975248367137, 1.039022953511867, 1.0435302608398243, 1.047922840984295, 1.052204021521708, 1.0563770611310233, 1.0604451477504884, 1.0644113971587061, 1.0682788519398818, 1.0720504807956395, 1.075729178168269, 1.0793177641426954, 1.0828189845968155, 1.0862355115721163, 1.089569943838671, 1.0928248076306837, 1.096002557530721, 1.0991055774826368, 1.1021361819149451, 1.1050966169580374, 1.1079890617401826, 1.1108156297486733, 1.1135783702438102, 1.116279269714652, 1.1189202533665905, 1.121503186631862, 1.124029876695066, 1.126502074026649, 1.1289214739181164, 1.131289718013482, 1.1336083958321235, 1.1358790462788415, 1.1381031591374622, 1.1402821765448323, 1.1424174944425132, 1.144510464003883, 1.1465623930347335, 1.148574547345775, 1.1505481520957612, 1.152484393104214, 1.1543844181329588, 1.1562493381359011, 1.1580802284766532, 1.1598781301137886, 1.1616440507536496, 1.1633789659707552, 1.1650838202959732, 1.166759528272717, 1.1684069754815043, 1.1700270195332994, 1.1716204910321102, 1.1731881945073697, 1.1747309093166718, 1.1762493905194722, 1.1777443697223848, 1.1792165558967371, 1.180666636169058, 1.1820952765851889, 1.1835031228487132, 1.1848908010344108, 1.186258918277438, 1.1876080634389354, 1.1889388077487688, 1.1902517054260864, 1.1915472942783887, 1.1928260962797803, 1.1940886181290715, 1.1953353517883847, 1.1965667750029056, 1.1977833518024095, 1.1989855329851717, 1.2001737565848691, 1.2013484483210484, 1.2025100220337381, 1.2036588801027543, 1.2047954138522385, 1.205920003940952, 1.2070330207388333, 1.2081348246903139, 1.2092257666648627, 1.210306188295229, 1.2113764223038266, 1.2124367928176925, 1.2134876156724395, 1.2145291987056066, 1.2155618420397984, 1.2165858383559884, 1.2176014731573557, 1.2186090250240005, 1.219608765858881, 1.2206009611253001, 1.2215858700762523, 1.2225637459759395, 1.223534836313747, 1.2244993830109614, 1.2254576226205023, 1.226409786519931, 1.2273561010979874, 1.2282967879348967, 1.2292320639766818, 1.2301621417037056, 1.2310872292936583, 1.2320075307791991, 1.2329232462004531, 1.2338345717525554, 1.2347416999284269, 1.235644819656962, 1.236544116436799, 1.2374397724658364, 1.2383319667666564, 1.2392208753080045, 1.2401066711224764, 1.2409895244205473, 1.2418696027010836, 1.242747070858464, 1.2436220912864373, 1.244494823978834, 1.2453654266272498, 1.2462340547158093, 1.2471008616131183, 1.2479659986615055, 1.2488296152636522, 1.249691858966703, 1.2505528755439488, 1.2514128090741692, 1.2522718020187162, 1.253129995296419, 1.2539875283563873, 1.254844539248786, 1.2557011646936502, 1.2565575401478106, 1.25741379986999, 1.2582700769841362, 1.2591265035410475, 1.2599832105783502, 1.260840328178877, 1.2616979855275052, 1.2625563109664972, 1.2634154320493929, 1.2642754755935006, 1.265136567731026, 1.265998833958881, 1.266862399187213, 1.2677273877866875, 1.2685939236345622, 1.2694621301595843, 1.2703321303857413, 1.2712040469748978, 1.2720780022683416, 1.2729541183272701, 1.2738325169722378, 1.27471331982159, 1.275596648328905, 1.2764826238194595, 1.277371367525745, 1.2782630006220426, 1.2791576442580797, 1.2800554195917773, 1.280956447821105, 1.2818608502150532, 1.2827687481437333, 1.2836802631076152, 1.2845955167659113, 1.2855146309641114, 1.286437727760675, 1.2873649294528864, 1.2882963586018732, 1.2892321380567942, 1.2901723909781924, 1.2911172408605165, 1.2920668115538099, 1.29302122728456]]"
40.0,40.0,3,30,180,I0-S0,"[[0.01, 0.009218546420913139, 0.008861068736292907, 0.008775057932921297, 0.008868421584687687, 0.00908517279412267, 0.00939088955265931, 0.009764195197450858, 0.01019165620288841, 0.010664711707757436, 0.011177821214704698, 0.011727343152264811, 0.012310852227037846, 0.012926720612521984, 0.013573858194003662, 0.01425154909588233, 0.014959346848322739, 0.015697005579468255, 0.01646443360809469, 0.01726166119014018, 0.018088817394526065, 0.018946113017578675, 0.019833827609766867, 0.020752299392901515, 0.02170191727507841, 0.02268311443467226, 0.02369636310936627, 0.024742170330801862, 0.02582107441344098, 0.026933642051721884, 0.0280804659110203, 0.02926216262041414, 0.03047937109190489, 0.0317327511034869, 0.03302306054135749, 0.03435195088078459, 0.03572241297164758, 0.0371383366304938, 0.038604157142286884, 0.040124628652664036, 0.04170468127883727, 0.0433493338511746, 0.04506364372756702, 0.0468526812898492, 0.048721520773700955, 0.05067524176645085, 0.05271893750952765, 0.054857727366243156, 0.05709677165444048, 0.059441287622547995, 0.061896565749018674, 0.06446798582383372, 0.06716103246375958, 0.06998130984575092, 0.07293455553289362, 0.0760266533269316, 0.07926364511945966, 0.08265174173652891, 0.0861973327831714, 0.08990699549842272, 0.09378750263012181, 0.0978458293337611, 0.10208915909214229, 0.10652488864341385, 0.11116063189483033, 0.11600422278870248, 0.12106371707579526, 0.1263473929400816, 0.13186375040741236, 0.13762150945941484, 0.14362960676285577, 0.14989719091385542, 0.15643361608577117, 0.1632484339593333, 0.17035138380377457, 0.1777523805683203, 0.18546150083458346, 0.19348896647224464, 0.20184512583301165, 0.2105404323113968, 0.2195854200954848, 0.22899067692678785, 0.23876681368571065, 0.24892443061832, 0.2594740800212999, 0.2704262252054636, 0.2817911955643075, 0.29357913758316173, 0.3057999616368808, 0.318463284440088, 0.3315783670341332, 0.3451540482195209, 0.35919867337200856, 0.3737200186152307, 0.3887252103629287, 0.40422064028997695, 0.42021187584366243, 0.4367035664653086, 0.4536993457574628, 0.4712017299035208, 0.4892120127247542, 0.5077301578440094, 0.5267546885154799, 0.5462825757753321, 0.5663091256678409, 0.5868278664050455, 0.6078304364235564, 0.6293064744085305, 0.6512435124602508, 0.6736268736811771, 0.696439575558515, 0.7196622406067656, 0.7432730158136339, 0.767247502498158, 0.791558698238925, 0.8161769525596061, 0.8410699380656174, 0.8662026387064304, 0.891537356789997, 0.9170337402962978, 0.942648831923957, 0.9683371411554459, 0.9940507404415907, 1.0197393863845448, 1.045350666540667, 1.070830172172346, 1.0961216969532808, 1.1211674612787101, 1.1459083614552774, 1.1702842426504807, 1.1942341940757903, 1.2176968644683128, 1.240610795531841, 1.2629147706084145, 1.2845481754855546, 1.3054513679117428, 1.325566052102815, 1.3448356542836322, 1.3632056951307054, 1.3806241548693257, 1.3970418267387046, 1.412412654574561, 1.4266940503724925, 1.4398471878874013, 1.4518372685921512, 1.4626337566583898, 1.4722105800279746, 1.480546295106702, 1.4876242131234454, 1.4934324867463924, 1.4979641561218409, 1.5012171540873103, 1.5031942708966552, 1.503903079367669, 1.5033558219100878, 1.5015692614026412, 1.4985644983517112, 1.4943667571726396, 1.4890051447808472, 1.4825123849586193, 1.474924532171506, 1.4662806686445495, 1.4566225885735802, 1.4459944733429944, 1.434442561552598, 1.422014817527563, 1.4087606018036176, 1.3947303468514718, 1.3799752410379427, 1.3645469235243266, 1.348497192483443, 1.331877728683372, 1.3147398361458433, 1.2971342012475593, 1.2791106712998312, 1.2607180533213993, 1.242003933415963, 1.2230145168836881, 1.2037944889378078, 1.1843868956656007, 1.1648330446688904, 1.1451724246434076, 1.1254426430088944, 1.105679380582074, 1.085916362191507, 1.066185342065378, 1.046516102778625, 1.0269364665224734, 1.0074723174552087, 0.9881476339056179, 0.9689845292276813, 0.9500033001445403, 0.9312224814693325, 0.9126589061481059, 0.8943277696337862, 0.8762426976683105, 0.8584158166209709, 0.8408578256033272, 0.8235780696535172, 0.8065846133543647, 0.7898843143194841, 0.773482896048869, 0.7573850197196792, 0.7415943545386479, 0.7261136463394142, 0.7109447841609411, 0.6960888645918808, 0.6815462537102811, 0.6673166464884133, 0.6533991235688423, 0.6397922053502935, 0.6264939033505619, 0.6135017688388787, 0.6008129387519849, 0.5884241789269294, 0.5763319246995189, 0.5645323189306473, 0.5530212475336651, 0.5417943725847333, 0.5308471631049695, 0.5201749236083469, 0.5097728205129466, 0.49963590651547707, 0.489759143030136, 0.4801374207930571, 0.4707655787329037, 0.46163842120677673, 0.4527507336986126, 0.4440972970747686, 0.43567290048862495, 0.42747235302285164, 0.4194904941545826, 0.4117222031251618, 0.40416240729243874, 0.3968060895398462, 0.38964829481272234, 0.3826841358485913, 0.37590879816440875, 0.3693175443601428, 0.36290571779451386, 0.35666874568527507, 0.35060214168309145, 0.3447015079648771, 0.33896253688938655, 0.3333810122549296, 0.32795281019629124, 0.3226738997552936, 0.31754034315692914, 0.3125482958206283, 0.3076940061339903, 0.30297381501420695, 0.2983841552804374, 0.29392155085854066, 0.2895826158378457, 0.28536405339802057, 0.28126265462259437, 0.27727529721428207, 0.27339894412595483, 0.269630642119884, 0.2659675202667618, 0.26240678839495646, 0.2589457354994945, 0.255581728119368, 0.2523122086909409, 0.24913469388446655, 0.2460467729300274, 0.24304610593856232, 0.240130422223053, 0.23729751862439608, 0.23454525784598687, 0.231871566800583, 0.2292744349725952, 0.22675191279857035, 0.22430211006828005, 0.2219231943485095, 0.21961338943134928, 0.2173709738085286, 0.21519427917308726, 0.21308168894946566, 0.2110316368528946, 0.2090426054787871, 0.20711312492267456, 0.20524177143108246, 0.20342716608361192, 0.2016679735063749, 0.19996290061682703, 0.19831069539994778, 0.19671014571563522, 0.19516007813710842, 0.19365935682004543, 0.1922068824021282, 0.19080159093261492, 0.18944245283151737, 0.18812847187792284, 0.18685868422696844, 0.1856321574549477, 0.18444798963200698, 0.18330530842186987, 0.18220327020801275, 0.18114105924570253, 0.18011788683929802, 0.17913299054421056, 0.1781856333929146, 0.17727510314439748, 0.17640071155643675, 0.17556179368009528, 0.17475770717582695, 0.17398783165059023, 0.1732515680153715, 0.17254833786252724, 0.17187758286236027, 0.17123876417835407, 0.1706313619004966, 0.17005487449613504, 0.16950881827781158, 0.1689927268875406, 0.16850615079699727, 0.16804865682309825, 0.1676198276584654, 0.16721926141627397, 0.1668465711889976, 0.16650138462057262, 0.16618334349151523, 0.16589210331653573, 0.1656273329542038, 0.16538871422823023, 0.16517594155994, 0.16498872161152206, 0.16482677293965087, 0.16468982565908538, 0.1645776211158592, 0.16448991156968684, 0.1644264598852191, 0.1643870392317894, 0.164371432791303, 0.164379433473928, 0.1644108436412565, 0.16446547483661197, 0.16454314752218682, 0.16464369082270158, 0.16476694227528557, 0.16491274758528468, 0.16508096038770997, 0.16527144201404761, 0.1654840612641566, 0.16571869418298776, 0.16597522384186353, 0.166253540124064, 0.16655353951447038, 0.16687512489302364, 0.16721820533175974, 0.16758269589519048, 0.16796851744380234, 0.16837559644045155, 0.1688038647594386, 0.1692532594980497, 0.16972372279035783, 0.17021520162308013, 0.17072764765329315, 0.1712610170278117, 0.17181527020404114, 0.17239037177211725, 0.17298629027815193, 0.17360299804840715, 0.17424047101422294, 0.1748986885375304]]","[[0.01, 0.011673645222856313, 0.01362924433757481, 0.015801894642058518, 0.018156372983880276, 0.020674961543680006, 0.023350137459416588, 0.026180400696733303, 0.02916781048842839, 0.03231652638108694, 0.03563194898074739, 0.039120217888181444, 0.04278792166561953, 0.04664193313996982, 0.05068931838853415, 0.05493728871719947, 0.059393177460052266, 0.06406443089039159, 0.0689586069695226, 0.07408337829020113, 0.07944653712556599, 0.08505600140780618, 0.0909198209939037, 0.09704618388370843, 0.10344342223069135, 0.11012001808286462, 0.11708460884309699, 0.1243459924636333, 0.13191313240038352, 0.1397951623551197, 0.14800139083196737, 0.15654130553071677, 0.16542457759475848, 0.17466106572655074, 0.18426090267937575, 0.19423539997257802, 0.20459781063696908, 0.21536317892072213, 0.2265481689253176, 0.23817094674134515, 0.25025109961828, 0.2628095817119227, 0.2758686795867177, 0.289451992901962, 0.3035844271273844, 0.3182921960411814, 0.33360283235812854, 0.34954520523480026, 0.36614954367470137, 0.38344746505185057, 0.4014720081139339, 0.42025766993231356, 0.43984044634654174, 0.4602578755124422, 0.4815490842097966, 0.5037548366012857, 0.5269175851607115, 0.5510815235072104, 0.5762926408942833, 0.6025987781088691, 0.630049684537032, 0.6586970761496329, 0.6885946941540098, 0.7197983640465325, 0.7523660547861762, 0.7863579377911842, 0.8218364454396393, 0.8588663287304762, 0.8975147137342617, 0.9378511564330696, 0.9799476955160744, 1.0238789026622062, 1.0697219298034482, 1.1175565528222713, 1.1674652110944161, 1.2195330422439612, 1.2738479114315475, 1.3305004344490439, 1.3895839938451329, 1.451194747256634, 1.5154316270702965, 1.5823963304897808, 1.6521932990331714, 1.7249296864383041, 1.800715313907171, 1.8796626115775568, 1.961886545070793, 2.0475045259301456, 2.13663630473605, 2.2294038456634273, 2.325931181234055, 2.426344246014886, 2.530770688022905, 2.639339656620234, 2.7521815657215045, 2.869427831190757, 2.9912105813791725, 3.1176623398495615, 3.2489156794505445, 3.385102847044433, 3.526355358359576, 3.672803562631722, 3.8245761769209885, 3.9817997902421087, 4.144598337926307, 4.313092546943393, 4.487399353252042, 4.667631292613587, 4.853895866698282, 5.046294886730359, 5.244923797355969, 5.449870983872111, 5.6612170664198365, 5.879034185215353, 6.103385281361272, 6.334323378239356, 6.5718908689271, 6.816118815494091, 7.067026266410253, 7.324619598626627, 7.588891891159542, 7.859822337210404, 8.137375701975504, 8.421501833333611, 8.712135232534672, 9.00919469184331, 9.312583005809666, 9.622186762443585, 9.937876220053969, 10.259505274883843, 10.586911523926462, 10.919916426454357, 11.258325566840456, 11.601929020209889, 11.950501821347146, 12.303804536112835, 12.661583933416415, 13.023573754567156, 13.389495575607269, 13.759059757042019, 14.131966474244942, 14.50790682075498, 14.886563975718186, 15.267614425879843, 15.650729231821055, 16.03557532757202, 16.421816842333904, 16.80911643281037, 17.19713661459242, 17.585541081156236, 17.973995999319246, 18.362171270446858, 18.749741747299836, 19.136388397145733, 19.521799402609755, 19.905671192691923, 20.287709397407102, 20.667629720591094, 21.04515872653709, 21.42003453726072, 21.792007438317953, 22.1608403921982, 22.526309459367965, 22.888204128032047, 23.246327554596693, 23.60049671765126, 23.950542489023707, 24.296309626105163, 24.637656690176414, 24.974455895904242, 25.3065928975088, 25.633966517338596, 25.95648842273168, 26.274082757096576, 26.58668573112191, 26.894245179927516, 27.196720091810484, 27.494080114026403, 27.786305040787298, 28.07338428836258, 28.355316361845777, 28.63210831780588, 28.903775226685017, 29.170339638440552, 29.431831054565375, 29.688285409260367, 29.939744562182124, 30.186255804850823, 30.427871382480383, 30.664648032688472, 30.896646542258875, 31.12393132286465, 31.346570006418023, 31.56463306049225, 31.77819342406187, 31.987326163630147, 32.1921081496556, 32.39261775305257, 32.58893456142218, 32.781139114569676, 32.96931265877945, 33.15353691925001, 33.33389389003579, 33.5104656407996, 33.683334139648125, 33.852581091301104, 34.0182877898324, 34.180534985216, 34.33940276291213, 34.49497043573607, 34.64731644726512, 34.79651828605552, 34.942652409961596, 35.085794179871684, 35.226017802200765, 35.363396279505835, 35.498001368617906, 35.62990354571277, 35.7591719777714, 35.885874499909754, 36.01007759808626, 36.131846396723674, 36.251244650809525, 36.368334742066466, 36.48317767880993, 36.59583309913577, 36.706359277104774, 36.814813131614194, 36.92125023766854, 37.025724839783024, 37.12828986727301, 37.228996951201694, 37.32789644277611, 37.42503743299841, 37.5204677733951, 37.61423409766167, 37.70638184407408, 37.79695527853121, 37.885997518104844, 37.973550554984605, 38.05965528071599, 38.144351510639076, 38.22767800844483, 38.309672510773794, 38.39037175178995, 38.46981148766964, 38.548026520951616, 38.62505072470076, 38.700917066443154, 38.775657631835486, 38.84930364803631, 38.92188550675095, 38.99343278692568, 39.06397427707053, 39.13353799719292, 39.20215122032772, 39.269840493651685, 39.336631659172596, 39.402549873985926, 39.467619630093466, 39.53186477378036, 39.5953085245485, 39.657973493605574, 39.7198817019106, 39.781054597777526, 39.841513074039895, 39.90127748478014, 39.960367661628, 40.01880292963328, 40.07660212271865, 40.13378359871873, 40.19036525401229, 40.246364537754516, 40.30179846571683, 40.35668363374187, 40.41103623082157, 40.464872051806275, 40.51820650975307, 40.57105464792167, 40.623431151426, 40.67535035854986, 40.726826271735064, 40.77787256825014, 40.82850261054808, 40.87872945632113, 40.928565868260826, 40.97802432353121, 41.02711702296317, 41.07585589997769, 41.12425262924562, 41.17231863509149, 41.220065099648835, 41.26750297077409, 41.31464296972633, 41.36149559861961, 41.40807114765483, 41.45437970213756, 41.50043114928843, 41.5462351848523, 41.59180131951232, 41.63713888511488, 41.68225704071124, 41.72716477842147, 41.77187092912619, 41.81638416799146, 41.86071301983195, 41.90486586431743, 41.94885094102745, 41.99267635435893, 42.03635007829118, 42.079879961012885, 42.12327372941522, 42.16653899345531, 42.20968325039409, 42.25271388891229, 42.29563819310847, 42.33846334638266, 42.38119643520899, 42.42384445280095, 42.46641430267222, 42.50891280209647, 42.55134668546901, 42.59372260757328, 42.63604714675494, 42.67832680800631, 42.720568025963715, 42.76277716782029, 42.80496053615659, 42.847124371691415, 42.88927485595486, 42.931418113886004, 42.97356021635706, 43.01570718262595, 43.05786498271934, 43.100039539747684, 43.14223673215419, 43.1844623958992, 43.22672232658164, 43.269022281498856, 43.31136798164649, 43.35376511365948, 43.39621933169557, 43.438736259262576, 43.48132149099043, 43.523980594349105, 43.566719111313475, 43.60954255997601, 43.65245643610819, 43.69546621467146, 43.738577351278536, 43.78179528360568, 43.82512543275676, 43.86857320457945, 43.91214399093443, 43.95584317091782, 43.9996761120374, 44.04364817134307, 44.0877646965118, 44.13203102688738, 44.176452494475406, 44.22103442489338, 44.26578213827646, 44.31070095013867, 44.355796172189905, 44.40107311310861, 44.44653707927017]]","[array([6.37688001e-05, 6.00799169e-05, 5.86665223e-05, 5.87302517e-05,
       5.97879831e-05, 6.15443937e-05, 6.38170803e-05, 6.64921763e-05,
       6.94976724e-05, 7.27873531e-05, 7.63310901e-05, 8.01089533e-05,
       8.41076127e-05, 8.83181212e-05, 9.27345306e-05, 9.73530127e-05,
       1.02171291e-04, 1.07188261e-04, 1.12403733e-04, 1.17818250e-04,
       1.23432952e-04, 1.29249480e-04, 1.35269899e-04, 1.41496635e-04,
       1.47932434e-04, 1.54580314e-04, 1.61443543e-04, 1.68525607e-04,
       1.75830190e-04, 1.83361159e-04, 1.91122545e-04, 1.99118535e-04,
       2.07353458e-04, 2.15831884e-04, 2.24561220e-04, 2.33557106e-04,
       2.42842718e-04, 2.52445961e-04, 2.62397566e-04, 2.72729877e-04,
       2.83476091e-04, 2.94669818e-04, 3.06344825e-04, 3.18534928e-04,
       3.31273972e-04, 3.44595859e-04, 3.58534624e-04, 3.73124523e-04,
       3.88400140e-04, 4.04396492e-04, 4.21149136e-04, 4.38694280e-04,
       4.57068878e-04, 4.76310728e-04, 4.96458561e-04, 5.17552124e-04,
       5.39632253e-04, 5.62740944e-04, 5.86921416e-04, 6.12218164e-04,
       6.38677011e-04, 6.66345149e-04, 6.95271178e-04, 7.25505130e-04,
       7.57098496e-04, 7.90104243e-04, 8.24576816e-04, 8.60572144e-04,
       8.98147627e-04, 9.37362124e-04, 9.78275922e-04, 1.02095070e-03,
       1.06544948e-03, 1.11183658e-03, 1.16017752e-03, 1.21053893e-03,
       1.26298850e-03, 1.31759481e-03, 1.37442719e-03, 1.43355564e-03,
       1.49505056e-03, 1.55898264e-03, 1.62542261e-03, 1.69444099e-03,
       1.76610786e-03, 1.84049255e-03, 1.91766335e-03, 1.99768714e-03,
       2.08062904e-03, 2.16655203e-03, 2.25551646e-03, 2.34757966e-03,
       2.44279541e-03, 2.54121344e-03, 2.64287885e-03, 2.74783155e-03,
       2.85610566e-03, 2.96772884e-03, 3.08272165e-03, 3.20109684e-03,
       3.32285868e-03, 3.44800217e-03, 3.57651237e-03, 3.70836358e-03,
       3.84351866e-03, 3.98192822e-03, 4.12352991e-03, 4.26824769e-03,
       4.41599114e-03, 4.56665477e-03, 4.72011744e-03, 4.87624175e-03,
       5.03487356e-03, 5.19584157e-03, 5.35895695e-03, 5.52401312e-03,
       5.69078561e-03, 5.85903202e-03, 6.02849217e-03, 6.19888834e-03,
       6.36992563e-03, 6.54129261e-03, 6.71266196e-03, 6.88369140e-03,
       7.05402477e-03, 7.22329323e-03, 7.39111668e-03, 7.55710539e-03,
       7.72086165e-03, 7.88198176e-03, 8.04005798e-03, 8.19468076e-03,
       8.34544099e-03, 8.49193237e-03, 8.63375383e-03, 8.77051203e-03,
       8.90182387e-03, 9.02731897e-03, 9.14664212e-03, 9.25945572e-03,
       9.36544204e-03, 9.46430543e-03, 9.55577435e-03, 9.63960325e-03,
       9.71557423e-03, 9.78349848e-03, 9.84321754e-03, 9.89460425e-03,
       9.93756345e-03, 9.97203244e-03, 9.99798112e-03, 1.00154119e-02,
       1.00243595e-02, 1.00248899e-02, 1.00171000e-02, 1.00011160e-02,
       9.97709258e-03, 9.94521087e-03, 9.90567716e-03, 9.85872088e-03,
       9.80459266e-03, 9.74356227e-03, 9.67591646e-03, 9.60195684e-03,
       9.52199759e-03, 9.43636330e-03, 9.34538681e-03, 9.24940701e-03,
       9.14876684e-03, 9.04381124e-03, 8.93488529e-03, 8.82233241e-03,
       8.70649271e-03, 8.58770140e-03, 8.46628745e-03, 8.34257225e-03,
       8.21686854e-03, 8.08947934e-03, 7.96069716e-03, 7.83080323e-03,
       7.70006691e-03, 7.56874521e-03, 7.43708245e-03, 7.30530999e-03,
       7.17364610e-03, 7.04229590e-03, 6.91145140e-03, 6.78129160e-03,
       6.65198270e-03, 6.52367829e-03, 6.39651973e-03, 6.27063642e-03,
       6.14614622e-03, 6.02315585e-03, 5.90176134e-03, 5.78204850e-03,
       5.66409336e-03, 5.54796271e-03, 5.43371453e-03, 5.32139853e-03,
       5.21105659e-03, 5.10272330e-03, 4.99642639e-03, 4.89218720e-03,
       4.79002114e-03, 4.68993813e-03, 4.59194302e-03, 4.49603597e-03,
       4.40221288e-03, 4.31046571e-03, 4.22078288e-03, 4.13314957e-03,
       4.04754805e-03, 3.96395798e-03, 3.88235666e-03, 3.80271935e-03,
       3.72501944e-03, 3.64922875e-03, 3.57531770e-03, 3.50325552e-03,
       3.43301043e-03, 3.36454982e-03, 3.29784038e-03, 3.23284829e-03,
       3.16953928e-03, 3.10787884e-03, 3.04783226e-03, 2.98936474e-03,
       2.93244152e-03, 2.87702792e-03, 2.82308942e-03, 2.77059176e-03,
       2.71950094e-03, 2.66978333e-03, 2.62140569e-03, 2.57433520e-03,
       2.52853954e-03, 2.48398684e-03, 2.44064580e-03, 2.39848566e-03,
       2.35747621e-03, 2.31758783e-03, 2.27879152e-03, 2.24105885e-03,
       2.20436202e-03, 2.16867386e-03, 2.13396780e-03, 2.10021790e-03,
       2.06739883e-03, 2.03548590e-03, 2.00445502e-03, 1.97428272e-03,
       1.94494611e-03, 1.91642292e-03, 1.88869148e-03, 1.86173067e-03,
       1.83551996e-03, 1.81003940e-03, 1.78526956e-03, 1.76119157e-03,
       1.73778711e-03, 1.71503835e-03, 1.69292799e-03, 1.67143924e-03,
       1.65055577e-03, 1.63026176e-03, 1.61054183e-03, 1.59138108e-03,
       1.57276504e-03, 1.55467966e-03, 1.53711135e-03, 1.52004691e-03,
       1.50347352e-03, 1.48737880e-03, 1.47175070e-03, 1.45657757e-03,
       1.44184812e-03, 1.42755139e-03, 1.41367677e-03, 1.40021399e-03,
       1.38715308e-03, 1.37448442e-03, 1.36219864e-03, 1.35028671e-03,
       1.33873987e-03, 1.32754962e-03, 1.31670777e-03, 1.30620635e-03,
       1.29603768e-03, 1.28619429e-03, 1.27666899e-03, 1.26745479e-03,
       1.25854493e-03, 1.24993290e-03, 1.24161236e-03, 1.23357720e-03,
       1.22582152e-03, 1.21833958e-03, 1.21112586e-03, 1.20417501e-03,
       1.19748187e-03, 1.19104142e-03, 1.18484886e-03, 1.17889949e-03,
       1.17318882e-03, 1.16771249e-03, 1.16246629e-03, 1.15744615e-03,
       1.15264816e-03, 1.14806851e-03, 1.14370356e-03, 1.13954977e-03,
       1.13560375e-03, 1.13186220e-03, 1.12832196e-03, 1.12497998e-03,
       1.12183332e-03, 1.11887914e-03, 1.11611470e-03, 1.11353739e-03,
       1.11114467e-03, 1.10893411e-03, 1.10690336e-03, 1.10505017e-03,
       1.10337238e-03, 1.10186791e-03, 1.10053476e-03, 1.09937102e-03,
       1.09837485e-03, 1.09754448e-03, 1.09687823e-03, 1.09637449e-03,
       1.09603171e-03, 1.09584840e-03, 1.09582316e-03, 1.09595464e-03,
       1.09624155e-03, 1.09668266e-03, 1.09727680e-03, 1.09802287e-03,
       1.09891981e-03, 1.09996662e-03, 1.10116234e-03, 1.10250608e-03,
       1.10399699e-03, 1.10563426e-03, 1.10741714e-03, 1.10934491e-03,
       1.11141692e-03, 1.11363252e-03, 1.11599113e-03, 1.11849221e-03,
       1.12113526e-03, 1.12391978e-03, 1.12684536e-03, 1.12991158e-03,
       1.13311809e-03, 1.13646453e-03, 1.13995060e-03, 1.14357603e-03,
       1.14734057e-03, 1.15124398e-03, 1.15528609e-03, 1.15946670e-03,
       1.16378568e-03])]","[[0, 6.376880005047202e-05, 0.00012384871691641303, 0.00018251523919836924, 0.000241245490888119, 0.0003010334740144761, 0.0003625778677079811, 0.00042639494803331014, 0.0004928871242997395, 0.0005623847967098569, 0.0006351721497673424, 0.0007115032398939383, 0.0007916121932099137, 0.0008757198059077358, 0.000964037927130662, 0.001056772457696549, 0.0011541254704345333, 0.001256296761322684, 0.001363485022374751, 0.0014758887558457391, 0.0015937070060010369, 0.0017171399581877274, 0.0018463894385490087, 0.0019816593374235563, 0.0021231559728730636, 0.002271088406446555, 0.002425668720356642, 0.0025871122631904273, 0.0027556378697907156, 0.0029314680598285154, 0.003114829218725899, 0.003305951763903966, 0.0035050702987754192, 0.0037124237564432187, 0.003928255639948528, 0.004152816859527103, 0.004386373965333028, 0.004629216682863076, 0.004881662643715086, 0.005144060210095615, 0.0054167900867387745, 0.0057002661782012505, 0.005994935996341576, 0.006301280821093838, 0.006619815749446322, 0.0069510897214215715, 0.007295685580483138, 0.007654220204378104, 0.008027344727798981, 0.008415744868293568, 0.008820141360127664, 0.009241290496324148, 0.009679984776176157, 0.01013705365368029, 0.010613364381218257, 0.011109822942191015, 0.011627375066006541, 0.012167007318719001, 0.012729748262626288, 0.013316669678193416, 0.01392888784173793, 0.014567564852360309, 0.015233910001606947, 0.015929181179301782, 0.016654686308866126, 0.017411784805259265, 0.018201889048411534, 0.019026465864685576, 0.019887038008489597, 0.020785185635679347, 0.021722547759823862, 0.022700823681775343, 0.023721774382277322, 0.024787223866569813, 0.02589906044910757, 0.02705923796560106, 0.02826977689862244, 0.029532765401994787, 0.03085036020810705, 0.032224787401174994, 0.033658343038306796, 0.035153393599038775, 0.03671237624279119, 0.03833779885246712, 0.040032239841191454, 0.04179834769797644, 0.0436388402469217, 0.04555650359342815, 0.04755419072984855, 0.04963481977203479, 0.05180137179740056, 0.05405688825442506, 0.056404467913010285, 0.05884726332480526, 0.06138847676256039, 0.06403135560781244, 0.06677918715676646, 0.06963529281517537, 0.07260302165436573, 0.07568574330236133, 0.07888684014635897, 0.08220969882565483, 0.08565770099754563, 0.08923421336277337, 0.09294257694177828, 0.09678609559839858, 0.10076802381372685, 0.10489155371961181, 0.10915980140877998, 0.11357579254673196, 0.11814244731941435, 0.1228625647601388, 0.12773880650925196, 0.13277368007057644, 0.13796952163954146, 0.14332847858908437, 0.14885249171068782, 0.15454327731916, 0.1604023093407859, 0.1664308015150735, 0.17262968985027496, 0.17899961548194698, 0.18554090809179, 0.1922535700506251, 0.19913726145438973, 0.20619128622521982, 0.21341457945081513, 0.22080569613415255, 0.2283628015220439, 0.23608366317489252, 0.24396564493118625, 0.2520057029087284, 0.26020038367035364, 0.26854582466497334, 0.27703775703536604, 0.2856715108623661, 0.29444202289126237, 0.30334384676061105, 0.312371165726664, 0.32151780784864137, 0.3307772635715906, 0.3401427056150758, 0.34960701104794006, 0.359162785402401, 0.3688023886552961, 0.3785179628808734, 0.3883014613585955, 0.39814467890139393, 0.4080392831550383, 0.4179768466080479, 0.4279488790440885, 0.43794686016518314, 0.44796227211436845, 0.4579866316305991, 0.46801152157661474, 0.4780286215919294, 0.48802973763780233, 0.4980068302186612, 0.5079520410845777, 0.5178577182416131, 0.527716439120687, 0.5375210317806144, 0.5472645940466073, 0.5569405105114038, 0.5665424673517946, 0.5760644649382778, 0.5855008282394828, 0.5948462150455502, 0.6040956220555446, 0.6132443888929847, 0.6222882001305285, 0.631223085419616, 0.6400454178333983, 0.6487519105415329, 0.6573396119434307, 0.6658058993923667, 0.674148471646611, 0.6823653401855251, 0.6904548195285581, 0.698415516693428, 0.7062463199266724, 0.7139463868353889, 0.7215151320435357, 0.7289522144898306, 0.7362575244772435, 0.7434311705764933, 0.750473466478013, 0.7573849178786585, 0.7641662094811734, 0.7708181921761781, 0.7773418704683427, 0.7837383902005224, 0.790009026622044, 0.7961551728401077, 0.8021783286864439, 0.8080800900249828, 0.8138621385203801, 0.8195262318817985, 0.8250741945913939, 0.8305079091224759, 0.835829307648311, 0.8410403642389909, 0.8461430875406785, 0.8511395139288562, 0.8560317011249019, 0.8608217222633813, 0.865511660395858, 0.8701036034157335, 0.8745996393876295, 0.8790018522640844, 0.8833123179718141, 0.8875331008494799, 0.8916662504187722, 0.8957137984706418, 0.8996777564486712, 0.9035601131118526, 0.9073628324594096, 0.9110878519007563, 0.9147370806541995, 0.918312398358566, 0.9218156538825434, 0.9252486643171619, 0.9286132141375079, 0.9319110545204242, 0.9351439028056331, 0.9383134420883862, 0.9414213209324157, 0.9444691531926128, 0.9474585179375009, 0.9503909594621925, 0.9532679873831215, 0.9560910768064188, 0.9588616685623624, 0.9615811694988564, 0.9642509528274091, 0.9668723585155572, 0.9694466937201427, 0.9719752332562807, 0.9744592200972649, 0.9768998659010415, 0.9792983515592395, 0.9816558277650909, 0.9839734155968825, 0.9862522071138812, 0.9884932659619491, 0.9906976279863212, 0.9928663018492556, 0.9950002696504896, 0.9971004875486376, 0.9991678863818575, 1.001203372286289, 1.0032078273109228, 1.0051821100277185, 1.0071270561359142, 1.0090434790596081, 1.010932170537796, 1.0127939012061669, 1.0146294211700433, 1.0164394605679499, 1.0182247301253697, 1.0199859216983231, 1.0217237088064686, 1.0234387471554869, 1.0251316751485635, 1.0268031143868337, 1.0284536701586988, 1.030083931917964, 1.031694473750779, 1.033285854831401, 1.034858619866824, 1.036413299530343, 1.0379504108841495, 1.039470457791065, 1.0409739313155482, 1.0424613101141147, 1.043933060815332, 1.0453896383895533, 1.0468314865085724, 1.0482590378953833, 1.0496727146642377, 1.0510729286511982, 1.0524600817353882, 1.053834566151146, 1.0551967647912865, 1.0565470515016837, 1.0578857913673785, 1.0592133409904243, 1.0605300487596783, 1.0618362551127445, 1.0631322927902767, 1.0644184870828426, 1.0656951560705532, 1.0669626108556531, 1.068221155788272, 1.069471088685525, 1.0707127010441546, 1.0719462782468991, 1.0731720997627694, 1.0743904393414119, 1.0756015652017321, 1.0768057402149522, 1.0780032220822626, 1.0791942635072371, 1.0803791123631654, 1.081558011855457, 1.0827312006792709, 1.0838989131725112, 1.085061379464336, 1.086218825619315, 1.0873714737773694, 1.0885195422896259, 1.08966324585031, 1.090802795624802, 1.0919383993739746, 1.0930702615749233, 1.0941985835382078, 1.0953235635217071, 1.0964453968411938, 1.0975642759777287, 1.0986803906819744, 1.0997939280755205, 1.1009050727493115, 1.1020140068592679, 1.1031209102191806, 1.104225960390965, 1.1053293327723515, 1.1064312006820882, 1.1075317354427305, 1.108631106461086, 1.109729481306385, 1.110827025786239, 1.1119239040204527, 1.1130202785127479, 1.1141163102204574, 1.1152121586222452, 1.1163079817839043, 1.1174039364222859, 1.1185001779674049, 1.1195968606227722, 1.120694137423996, 1.1217921602956946, 1.122891080106762, 1.123991046724024, 1.125092209064323, 1.1261947151450649, 1.1272987121332607, 1.128404346393096, 1.1295117635320564, 1.1306211084456372, 1.1317325253606636, 1.1328461578772457, 1.1339621490093923, 1.1350806412243035, 1.1362017764803642, 1.1373256962638554, 1.1384525416244002, 1.1395824532091632, 1.1407155712958126, 1.1418520358242639, 1.142991986427212, 1.1441355624594651, 1.1452829030260885, 1.1464341470093657, 1.147589433094586, 1.148748899794661, 1.1499126854735768]]"
40.0,40.0,3,30,180,I1-S0,"[[0.01, 0.009218546420913139, 0.008861068736292907, 0.008775057932921297, 0.008868421609203102, 0.009085174019875478, 0.009390901809706793, 0.009764256085867435, 0.010191862616119813, 0.010665262033503597, 0.011179065764477, 0.011729840463462735, 0.012315429285515248, 0.012934535522599912, 0.013586464270464792, 0.01427095972773138, 0.014988100778207959, 0.01573823246166668, 0.016521919863754918, 0.01733991628419969, 0.01819314072658262, 0.019082661659357188, 0.02000968514297924, 0.02097554610960202, 0.021981702002759132, 0.023029728243656605, 0.024121315152825295, 0.025258266059427145, 0.026442496398368112, 0.027676033641209026, 0.028961017938860138, 0.03029970337711892, 0.03169445976325376, 0.033147774874888035, 0.034662342334031204, 0.036241932802948656, 0.03789189232059652, 0.03961866885846877, 0.04142942463918535, 0.04333178650457511, 0.04533369112097764, 0.04744329514903009, 0.049668929572429854, 0.05201908367504056, 0.05450240855472758, 0.05712773315039527, 0.05990408793166197, 0.06284073292976698, 0.06594718786179819, 0.0692332628499327, 0.0727090887561572, 0.07638514650702745, 0.08027229501968028, 0.08438179749336923, 0.08872534592452971, 0.09331508375520167, 0.0981636265870043, 0.10328408089465899, 0.10869006066059989, 0.11439570182994536, 0.12041567445614085, 0.1267651923740824, 0.1334600202009787, 0.14051647742662507, 0.14795143931485447, 0.1557823342971949, 0.16402713749858974, 0.17270435999374917, 0.18183303335162132, 0.19143268898494847, 0.20152333178231552, 0.21212540746199973, 0.2232597630508854, 0.2349475998584376, 0.24721041828608414, 0.2600699537873437, 0.27354810327482004, 0.287666841258091, 0.3024481249930598, 0.317913787930184, 0.33408542076800235, 0.35098423945155083, 0.36863093950475034, 0.38704553615393067, 0.4062471897886832, 0.42625401641859695, 0.4470828829224981, 0.468749187052839, 0.4912666223539542, 0.514646928380782, 0.5388996268657056, 0.5640317447761779, 0.5900475255348451, 0.6169481300361495, 0.6447313294870172, 0.6733911925210876, 0.7029177694815154, 0.7332967772305525, 0.7645092883170902, 0.7965314288064805, 0.829334089538766, 0.8628826560185774, 0.8971367625373213, 0.9320500764691806, 0.9675701189489752, 1.003638128313261, 1.0401889727470783, 1.0771511185087277, 1.1144466598862006, 1.1519914166558034, 1.1896951042533783, 1.2274615811226421, 1.2651891767697212, 1.302771102930052, 1.3400959489521698, 1.377048261038564, 1.4135092033804029, 1.4493572975119167, 1.4844692344302972, 1.5187207522235684, 1.5519875701729244, 1.5841463686024435, 1.615075802194861, 1.6446575331340714, 1.6727772693274743, 1.6993257921534006, 1.7241999577122127, 1.7473036554660766, 1.7685487084517681, 1.787855699949921, 1.8051547125853367, 1.8203859672944809, 1.833500351392293, 1.8444598270523451, 1.853237713822816, 1.8598188412676724, 1.864199570374294, 1.866387684929293, 1.8664021565579358, 1.8642727894775153, 1.8600397531660853, 1.853753013039038, 1.8454716708120087, 1.8352632274768519, 1.8232027827083124, 1.8093721850460116, 1.793859147365557, 1.776756341981469, 1.758160489240727, 1.7381714527046364, 1.7168913530201158, 1.694423711395032, 1.6708726322634075, 1.6463420333026928, 1.6209349294925486, 1.5947527764252338, 1.5678948766298737, 1.5404578512895493, 1.5125351784385266, 1.484216797548389, 1.4555887793617708, 1.4267330589206944, 1.3977272289678595, 1.36864439027372, 1.3395530549559884, 1.310517098504261, 1.2815957559911424, 1.2528436578311615, 1.2243109004272121, 1.1960431471079798, 1.1680817548953348, 1.1404639228348834, 1.113222857863147, 1.0863879544595485, 1.05998498462983, 1.0340362950802302, 1.0085610087604375, 0.9835752282709409, 0.9590922389410862, 0.935122709683173, 0.9116748900116459, 0.8887548018821213, 0.866366425250796, 0.8445118764795756, 0.8231915789155556, 0.8024044251553147, 0.7821479306653051, 0.7624183785702348, 0.7432109555427929, 0.724519878831595, 0.7063385145511788, 0.6886594874296835, 0.6714747822679326, 0.6547758374094588, 0.6385536305559426, 0.6227987572879159, 0.6075015026676757, 0.5926519063113157, 0.578239821320706, 0.5642549674650988, 0.5506869789967135, 0.5375254474759237, 0.5247599599702569, 0.5123801329779111, 0.500375642411445, 0.4887362499611573, 0.4774518261408211, 0.46651237030123005, 0.45590802787968976, 0.44562910513640164, 0.4356660816118014, 0.42600962052248126, 0.4166505772974561, 0.4075800064413094, 0.3987891668962329, 0.3902695260612016, 0.3820127626135123, 0.37401076826568136, 0.3662556485792317, 0.3587397229461965, 0.35145552383920026, 0.3443957954217318, 0.33755349160165943, 0.3309217736031324, 0.32449400712472826, 0.3182637591450038, 0.3122247944304641, 0.3063710717953313, 0.3006967401573496, 0.2951961344291625, 0.2898637712805189, 0.284694344802669, 0.27968272210277145, 0.274823938852924, 0.2701131948155211, 0.265545849364013, 0.26111741701576313, 0.2568235629915592, 0.2526600988144014, 0.24862297795845745, 0.2447082915575116, 0.24091226418083977, 0.23723124968318982, 0.23366172713442704, 0.23020029683340779, 0.22684367640975475, 0.2235886970164183, 0.22043229961520702, 0.21737153135685244, 0.2144035420566254, 0.21152558076604158, 0.20873499244077195, 0.2060292147045058, 0.2034057747081939, 0.20086228608382237, 0.19839644599162845, 0.19600603225946667, 0.19368890061285882, 0.19144298199411752, 0.18926627996881068, 0.18715686821773586, 0.18511288811249357, 0.18313254637268656, 0.1812141128027245, 0.17935591810618084, 0.17755635177562598, 0.1758138600558505, 0.17412694397838988, 0.1724941574652676, 0.17091410549988784, 0.16938544236302566, 0.16790686993188897, 0.16647713604025313, 0.16509503289770208, 0.1637593955660452, 0.16246910049101645, 0.16122306408740272, 0.16002024137578974, 0.15885962466915723, 0.15774024230759803, 0.15666115743948178, 0.15562146684742761, 0.15462029981749625, 0.1536568170500569, 0.15273020961082942, 0.1518396979206468, 0.15098453078252747, 0.15016398444469076, 0.14937736169819119, 0.14862399100789064, 0.14790322567552794, 0.14721444303368633, 0.14655704366949932, 0.14593045067697366, 0.1453341089368463, 0.14476748442292842, 0.14423006353392612, 0.14372135244976164, 0.14324087651145218, 0.1427881796236373, 0.14236282367887604, 0.14196438800286673, 0.14159246881977114, 0.14124667873685404, 0.14092664624767579, 0.14063201525310368, 0.1403624445994319, 0.1401176076329259, 0.13989719177013027, 0.13970089808330233, 0.1395284409003558, 0.1393795474187201, 0.1392539573325412, 0.13915142247266976, 0.139071706458901, 0.13901458436394876, 0.1389798423886541, 0.13896727754794444, 0.13897669736707624, 0.13900791958770903, 0.13906077188337307, 0.13913509158390733, 0.13923072540845774, 0.1393475292066384, 0.13948536770747091, 0.13964411427572843, 0.13982365067532274, 0.14002386683938284, 0.14024466064668392, 0.1404859377040956, 0.14074761113472725, 0.14102960137145742, 0.1413318359555425, 0.14165424934000823, 0.14199678269753505, 0.14235938373255552, 0.1427420064972896, 0.14314461121144942, 0.1435671640853521, 0.1440096371461852, 0.14447200806717436, 0.1449542599994095, 0.14545638140608988, 0.145978365898954, 0.14652021207666494, 0.14708192336492631, 0.14766350785810803, 0.14826497816216577, 0.1488863512386416, 0.14952764824953715, 0.15018889440285446, 0.15087011879860324, 0.1515713542750764, 0.15229263725519976, 0.15303400759276398, 0.1537955084183511, 0.1545771859847704, 0.15537908951182183, 0.1562012710302078, 0.15704378522441778, 0.15790668927441248, 0.15879004269593824, 0.15969390717930443, 0.16061834642646025, 0.16156342598621076, 0.16252921308741425]]","[[0.01, 0.011673645222856313, 0.01362924433757481, 0.015801894642058518, 0.01815637300905629, 0.020674962862862682, 0.02335015113354858, 0.026180471097947904, 0.02916805774455499, 0.032317209008155684, 0.03563354668499163, 0.039123533984456074, 0.04279420440694019, 0.04665301529219122, 0.05070777451240265, 0.054966609781941796, 0.05943796257933502, 0.06413059612868963, 0.06905361130874141, 0.07421646697142122, 0.07962900268997365, 0.08530146285626003, 0.09124452156850396, 0.09746930804946762, 0.10398743250297195, 0.11081101240834637, 0.11795269930001734, 0.12542570610195017, 0.13324383509510598, 0.14142150659686883, 0.1499737884282047, 0.15891642623918395, 0.16826587475755228, 0.1780393300188394, 0.18825485225551145, 0.19893238196470248, 0.21009461166264315, 0.2217668594203404, 0.23397691081547362, 0.24675491816149706, 0.2601333434330347, 0.27414693529122625, 0.28883273324755177, 0.30423009381582744, 0.3203807347746245, 0.3373287945746562, 0.3551209045910806, 0.37380627241258424, 0.39343677472603383, 0.41406705863013005, 0.43575465041642475, 0.4585600710071398, 0.4825469573478269, 0.5077821891273158, 0.534336020243719, 0.5622822144580362, 0.5916981846795156, 0.6226651353119259, 0.6552682070591433, 0.6895966235433733, 0.7257438390309056, 0.7638076864892982, 0.8038905251168049, 0.8460993863900986, 0.8905461175701597, 0.9373475214888385, 0.9866254913102793, 1.0385071388223674, 1.0931249146639694, 1.1506167187344185, 1.2111259988630552, 1.2748018356394817, 1.3417990111205504, 1.4122780589393398, 1.4864052931461338, 1.5643528129137751, 1.646298480042215, 1.7324258660026035, 1.8229241650733998, 1.9179880699438037, 2.0178176059980832, 2.122617920353458, 2.2325990216101537, 2.3479754661918526, 2.468965987115395, 2.595793061038395, 2.7286824095009736, 2.8678624304123583, 3.0135635560440424, 3.166017534088403, 3.325456628734704, 3.492112739212817, 3.666216433867467, 3.8479958985603004, 4.037675799059944, 4.235476058076088, 4.4416105487246025, 4.656285707476094, 4.879699071035801, 5.112037743120015, 5.353476798720485, 5.60417763516542, 5.864286281070655, 6.133931676098032, 6.413223936265581, 6.70225262134525, 7.001085022593294, 7.3097644906359704, 7.628308824725266, 7.95670874573028, 8.29492647608281, 8.642894450395513, 9.000514180565414, 9.367655298818322, 9.744154801302228, 10.129816513472285, 10.524410796611132, 10.92767451239572, 11.339311259471486, 11.758991892559889, 12.18635533075754, 12.62100965745327, 13.062533509778923, 13.510477750820334, 13.96436741305863, 14.423703896808497, 14.88796740289345, 15.356619574572163, 15.82910631992294, 16.304860782614327, 16.78330642633296, 17.263860196181398, 17.745935719153724, 18.22894650537657, 18.712309112174268, 19.195446234160976, 19.677789684437037, 20.158783234508, 20.63788528366893, 21.114571332206125, 21.588336236753264, 22.058696230383937, 22.525190694409414, 22.987383673263867, 23.444865128190113, 23.897251929587906, 24.344188591766915, 24.78534775738578, 25.220430442000186, 25.64916605184681, 26.071312190231666, 26.486654269662317, 26.89500494816789, 27.29620340910645, 27.690114504193136, 28.076627779529815, 28.455656404119715, 28.827136019753507, 29.191023530304363, 29.547295847416144, 29.895948608357802, 30.236994880492357, 30.570463865411586, 30.89639961435441, 31.214859765090786, 31.525914309041184, 31.829644396037807, 32.12614118283627, 32.415504730269426, 32.697842952809246, 32.97327062327432, 33.2419084344936, 33.50388211891215, 33.759321626400386, 34.00836035990191, 34.25113446802107, 34.487782193204986, 34.71844327380874, 34.94325839804059, 35.16236870755867, 35.37591534832461, 35.58403906620665, 35.786879844756875, 35.98457658255946, 36.17726680755192, 36.365086425754825, 36.54816950190154, 36.726648069534484, 36.90065196822328, 37.07030870566046, 37.23574334249823, 37.39707839790287, 37.55443377391946, 37.70792669685668, 37.85767167401773, 38.00378046421857, 38.14636206064593, 38.285522684716085, 38.42136578969908, 38.553992072972164, 38.68349949586039, 38.80998331011112, 38.933536090132826, 39.05424777020672, 39.17220568595304, 39.287494619401514, 39.40019684707879, 39.51039219058366, 39.618158069174754, 39.723569553944856, 39.82669942320111, 39.92761821871228, 40.02639430252173, 40.123093914059766, 40.217781227320245, 40.31051840789496, 40.40136566968534, 40.490381331134365, 40.57762187084274, 40.66314198245267, 40.74699462869945, 40.82923109454685, 40.90990103933593, 40.98905254788922, 41.06673218052358, 41.142985021934415, 41.21785472892325, 41.29138357694785, 41.36361250548138, 41.43458116217284, 41.50432794580656, 41.572890048062945, 41.640303494086915, 41.706603181873874, 41.77182292048608, 41.83599546711505, 41.89915256300749, 41.96132496827455, 42.02254249560535, 42.08283404290725, 42.14222762489638, 42.200750403662475, 42.258428718233105, 42.31528811316246, 42.37135336617037, 42.42664851485732, 42.48119688252136, 42.53502110310256, 42.58814314528076, 42.640584335752, 42.692365381708775, 42.743506392548895, 42.794026900837395, 42.84394588254548, 42.89328177659003, 42.94205250369667, 42.990275484609, 43.03796765766591, 43.08514549576852, 43.131825022757624, 43.17802182922191, 43.22375108775692, 43.26902756769382, 43.313865649316725, 43.35827933758671, 43.40228227539002, 43.44588775632756, 43.48910873706205, 43.5319578492389, 43.57444741099621, 43.616589438078705, 43.65839565457022, 43.6998775032585, 43.741046155645854, 43.78191252161863, 43.82248725878808, 43.86278078151462, 43.90280326962731, 43.94256467684964, 43.982074738942586, 44.02134298157534, 44.060378727933795, 44.0991911060765, 44.13778905604744, 44.176181336754595, 44.214376532623064, 44.25238306003092, 44.290209173536034, 44.327862971901396, 44.365352403926586, 44.40268527409231, 44.43986924802514, 44.47691185778883, 44.51382050700879, 44.550602475835696, 44.5872649257542, 44.62381490424234, 44.660259349287145, 44.69660509376162, 44.73285886966811, 44.76902731225294, 44.805116963996916, 44.841134278486095, 44.877085624167144, 44.91297728799141, 44.94881547895156, 44.9846063315146, 45.02035590895491, 45.056070206590746, 45.0917551549275, 45.12741662271099, 45.16306041989376, 45.19869230051731, 45.234317965513114, 45.26994306542509, 45.305573203056, 45.341213936040326, 45.37687077934595, 45.41254920770678, 45.44825465798858, 45.48399253148992, 45.51976819618023, 45.55558698887685, 45.59145421736267, 45.627375162446214, 45.663355079965605, 45.69939920273792, 45.73551274245544, 45.771700891529996, 45.80796882488676, 45.84432170170863, 45.880764667132325, 45.917302853897205, 45.95394138394783, 45.99068536999109, 46.027539917008866, 46.06451012372679, 46.10160108404006, 46.13881788839674, 46.176165625139255, 46.21364938180459, 46.25127424638362, 46.289045308540004, 46.326967660789045, 46.36504639963673, 46.403286626679304, 46.44169344966344, 46.4802719835073, 46.51902735128245, 46.55796468515675, 46.597089127298155, 46.63640583073948, 46.675919960203835, 46.715636692890776, 46.75556121922286, 46.795698743552414, 46.83605448482815, 46.876633677221434, 46.91744157071168, 46.958483431630604, 46.9997645431647, 47.04129020581566, 47.083065737817954, 47.12509647551322, 47.167387773680666, 47.20994500582296]]","[array([6.37688001e-05, 6.00799169e-05, 5.86665223e-05, 5.87302517e-05,
       5.97879855e-05, 6.15444281e-05, 6.38172906e-05, 6.64929900e-05,
       6.95000480e-05, 7.27930895e-05, 7.63431844e-05, 8.01319896e-05,
       8.41481727e-05, 8.83852071e-05, 9.28399951e-05, 9.75119934e-05,
       1.02402646e-04, 1.07515007e-04, 1.12853487e-04, 1.18423670e-04,
       1.24232188e-04, 1.30286629e-04, 1.36595468e-04, 1.43168015e-04,
       1.50014381e-04, 1.57145454e-04, 1.64572880e-04, 1.72309056e-04,
       1.80367124e-04, 1.88760975e-04, 1.97505256e-04, 2.06615380e-04,
       2.16107536e-04, 2.25998825e-04, 2.36310110e-04, 2.47071953e-04,
       2.58323928e-04, 2.70111574e-04, 2.82484298e-04, 2.95494043e-04,
       3.09194489e-04, 3.23640611e-04, 3.38888480e-04, 3.54995223e-04,
       3.72019096e-04, 3.90019616e-04, 4.09057736e-04, 4.29196036e-04,
       4.50498933e-04, 4.73032880e-04, 4.96866567e-04, 5.22071112e-04,
       5.48720242e-04, 5.76890459e-04, 6.06661205e-04, 6.38114997e-04,
       6.71337567e-04, 7.06417974e-04, 7.43448709e-04, 7.82525789e-04,
       8.23748819e-04, 8.67221060e-04, 9.13049456e-04, 9.61344657e-04,
       1.01222101e-03, 1.06579654e-03, 1.12219286e-03, 1.18153513e-03,
       1.24395191e-03, 1.30957500e-03, 1.37853925e-03, 1.45098233e-03,
       1.52704444e-03, 1.60686794e-03, 1.69059699e-03, 1.77837708e-03,
       1.87035449e-03, 1.96667572e-03, 2.06748680e-03, 2.17293255e-03,
       2.28315573e-03, 2.39829614e-03, 2.51848956e-03, 2.64386668e-03,
       2.77455188e-03, 2.91066187e-03, 3.05230433e-03, 3.19957637e-03,
       3.35256291e-03, 3.51133497e-03, 3.67594786e-03, 3.84643932e-03,
       4.02282754e-03, 4.20510912e-03, 4.39325704e-03, 4.58721854e-03,
       4.78691301e-03, 4.99222993e-03, 5.20302679e-03, 5.41912714e-03,
       5.64031870e-03, 5.86635167e-03, 6.09693717e-03, 6.33174591e-03,
       6.57040716e-03, 6.81250797e-03, 7.05759279e-03, 7.30516345e-03,
       7.55467959e-03, 7.80555955e-03, 8.05718175e-03, 8.30888661e-03,
       8.55997902e-03, 8.80973134e-03, 9.05738702e-03, 9.30216470e-03,
       9.54326290e-03, 9.77986520e-03, 1.00111459e-02, 1.02362759e-02,
       1.04544293e-02, 1.06647901e-02, 1.08665587e-02, 1.10589591e-02,
       1.12412457e-02, 1.14127101e-02, 1.15726876e-02, 1.17205634e-02,
       1.18557785e-02, 1.19778346e-02, 1.20862991e-02, 1.21808088e-02,
       1.22610730e-02, 1.23268758e-02, 1.23780778e-02, 1.24146161e-02,
       1.24365048e-02, 1.24438332e-02, 1.24367640e-02, 1.24155309e-02,
       1.23804346e-02, 1.23318391e-02, 1.22701668e-02, 1.21958935e-02,
       1.21095428e-02, 1.20116805e-02, 1.19029083e-02, 1.17838581e-02,
       1.16551856e-02, 1.15175646e-02, 1.13716811e-02, 1.12182275e-02,
       1.10578977e-02, 1.08913818e-02, 1.07193618e-02, 1.05425071e-02,
       1.03614712e-02, 1.01768879e-02, 9.98936878e-03, 9.79950076e-03,
       9.60784396e-03, 9.41493026e-03, 9.22126202e-03, 9.02731133e-03,
       8.83351949e-03, 8.64029687e-03, 8.44802299e-03, 8.25704688e-03,
       8.06768768e-03, 7.88023539e-03, 7.69495177e-03, 7.51207141e-03,
       7.33180288e-03, 7.15432996e-03, 6.97981293e-03, 6.80838991e-03,
       6.64017821e-03, 6.47527568e-03, 6.31376205e-03, 6.15570027e-03,
       6.00113782e-03, 5.85010793e-03, 5.70263082e-03, 5.55871487e-03,
       5.41835771e-03, 5.28154729e-03, 5.14826285e-03, 5.01847589e-03,
       4.89215102e-03, 4.76924678e-03, 4.64971643e-03, 4.53350860e-03,
       4.42056799e-03, 4.31083595e-03, 4.20425100e-03, 4.10074938e-03,
       4.00026547e-03, 3.90273221e-03, 3.80808148e-03, 3.71624445e-03,
       3.62715184e-03, 3.54073422e-03, 3.45692226e-03, 3.37564692e-03,
       3.29683963e-03, 3.22043251e-03, 3.14635842e-03, 3.07455120e-03,
       3.00494565e-03, 2.93747773e-03, 2.87208459e-03, 2.80870460e-03,
       2.74727746e-03, 2.68774423e-03, 2.63004731e-03, 2.57413053e-03,
       2.51993911e-03, 2.46741972e-03, 2.41652045e-03, 2.36719079e-03,
       2.31938167e-03, 2.27304542e-03, 2.22813575e-03, 2.18460777e-03,
       2.14241791e-03, 2.10152394e-03, 2.06188495e-03, 2.02346130e-03,
       1.98621461e-03, 1.95010771e-03, 1.91510464e-03, 1.88117062e-03,
       1.84827197e-03, 1.81637617e-03, 1.78545174e-03, 1.75546827e-03,
       1.72639635e-03, 1.69820757e-03, 1.67087450e-03, 1.64437061e-03,
       1.61867029e-03, 1.59374881e-03, 1.56958227e-03, 1.54614762e-03,
       1.52342257e-03, 1.50138564e-03, 1.48001605e-03, 1.45929378e-03,
       1.43919947e-03, 1.41971447e-03, 1.40082076e-03, 1.38250094e-03,
       1.36473823e-03, 1.34751643e-03, 1.33081993e-03, 1.31463363e-03,
       1.29894298e-03, 1.28373394e-03, 1.26899296e-03, 1.25470697e-03,
       1.24086334e-03, 1.22744991e-03, 1.21445494e-03, 1.20186709e-03,
       1.18967543e-03, 1.17786942e-03, 1.16643888e-03, 1.15537399e-03,
       1.14466529e-03, 1.13430364e-03, 1.12428023e-03, 1.11458656e-03,
       1.10521443e-03, 1.09615593e-03, 1.08740343e-03, 1.07894959e-03,
       1.07078729e-03, 1.06290971e-03, 1.05531025e-03, 1.04798253e-03,
       1.04092044e-03, 1.03411806e-03, 1.02756968e-03, 1.02126982e-03,
       1.01521318e-03, 1.00939466e-03, 1.00380935e-03, 9.98452496e-04,
       9.93319551e-04, 9.88406117e-04, 9.83707963e-04, 9.79221016e-04,
       9.74941356e-04, 9.70865210e-04, 9.66988946e-04, 9.63309075e-04,
       9.59822237e-04, 9.56525206e-04, 9.53414878e-04, 9.50488273e-04,
       9.47742530e-04, 9.45174901e-04, 9.42782747e-04, 9.40563541e-04,
       9.38514856e-04, 9.36634369e-04, 9.34919855e-04, 9.33369182e-04,
       9.31980312e-04, 9.30751298e-04, 9.29680277e-04, 9.28765473e-04,
       9.28005191e-04, 9.27397816e-04, 9.26941811e-04, 9.26635713e-04,
       9.26478134e-04, 9.26467754e-04, 9.26603326e-04, 9.26883668e-04,
       9.27307662e-04, 9.27874256e-04, 9.28582459e-04, 9.29431340e-04,
       9.30420025e-04, 9.31547698e-04, 9.32813599e-04, 9.34217020e-04,
       9.35757306e-04, 9.37433854e-04, 9.39246109e-04, 9.41193563e-04,
       9.43275758e-04, 9.45492278e-04, 9.47842753e-04, 9.50326856e-04,
       9.52944301e-04, 9.55694844e-04, 9.58578277e-04, 9.61594435e-04,
       9.64743186e-04, 9.68024435e-04, 9.71438124e-04, 9.74984225e-04,
       9.78662747e-04, 9.82473727e-04, 9.86417235e-04, 9.90493369e-04,
       9.94702256e-04, 9.99044052e-04, 1.00351894e-03, 1.00812712e-03,
       1.01286882e-03, 1.01774431e-03, 1.02275386e-03, 1.02789776e-03,
       1.03317633e-03, 1.03858992e-03, 1.04413888e-03, 1.04982357e-03,
       1.05564440e-03, 1.06160175e-03, 1.06769606e-03, 1.07392776e-03,
       1.08029727e-03])]","[[0, 6.376880005047202e-05, 0.00012384871691641303, 0.00018251523919836924, 0.00024124549090527743, 0.00030103347644122586, 0.00036257790451537086, 0.00042639519511897283, 0.00049288818515416, 0.000562388233107846, 0.0006351813226107692, 0.0007115245070387877, 0.000791656496660388, 0.0008758046693400338, 0.00096418987641397, 0.0010570298715379327, 0.0011545418649643391, 0.0012569445108317648, 0.001364459518051597, 0.0014773130048628964, 0.0015957366743737926, 0.0017199688622572163, 0.00185025549157207, 0.001986850959477028, 0.002130018974031501, 0.0022800333549270065, 0.0024371788090179745, 0.002601751689416182, 0.0027740607453698137, 0.002954427868978176, 0.003143188843879078, 0.0033406941003133756, 0.0035473094803713887, 0.0037634170167260084, 0.0039894158421163685, 0.004225725952253344, 0.004472797904988222, 0.004731121832775885, 0.005001233407176317, 0.005283717705374594, 0.005579211748365116, 0.005888406237459639, 0.006212046848704464, 0.006550935328332126, 0.006905930551166154, 0.007277949647383401, 0.007667969263881004, 0.008077026999553696, 0.008506223035434695, 0.008956721968316818, 0.009429754848318641, 0.009926621415587337, 0.010448692528003812, 0.010997412769712901, 0.011574303229069856, 0.01218096443383986, 0.012819079430974325, 0.013490416997851092, 0.01419683497139074, 0.014940283680868256, 0.015722809469474408, 0.016546558288706905, 0.017413779348463023, 0.018326828804246072, 0.019288173461176766, 0.02030039447251023, 0.021366191008095843, 0.022488383865678408, 0.023669918995125938, 0.024913870902583648, 0.026223445898201043, 0.02760198514746708, 0.029052967482328978, 0.0305800119241793, 0.03218687986649482, 0.033877476860426824, 0.035655853942010284, 0.03752620843492243, 0.03949288415793094, 0.04156037096139274, 0.04373330351246966, 0.046016459244205395, 0.04841475537936116, 0.050933244936049955, 0.05357711161887567, 0.05635166349661815, 0.05926232536567471, 0.062314629697649865, 0.06551420606987243, 0.06886676897941872, 0.0723781039446493, 0.07605405180354906, 0.07990049112552264, 0.08392331866296494, 0.08812842778111497, 0.0925216848196104, 0.0971089033569633, 0.10189581637001409, 0.10688804630438212, 0.11209107309905289, 0.11751020023848624, 0.12315051893887904, 0.12901687061125544, 0.1351138077825676, 0.14144555369653525, 0.14801596085797378, 0.1548284688271745, 0.16188606161369468, 0.16919122506075504, 0.1767459046512852, 0.184551464203362, 0.19260864595513963, 0.20091753256612205, 0.20947751158151368, 0.2182872429181835, 0.2273446299333436, 0.23664679462936974, 0.24619005752944956, 0.2559699227283427, 0.26598106858016435, 0.2762173444307694, 0.28667177373638525, 0.29733656383335244, 0.30820312253730575, 0.31926208165535497, 0.33050332739363913, 0.34191603753717525, 0.3534887251715869, 0.3652092886096411, 0.37706506708219256, 0.38904290165578265, 0.4011292007503098, 0.4133100095522453, 0.4255710825538762, 0.43789795839873924, 0.4502760361790471, 0.46269065231331835, 0.4751271571319148, 0.4875709903145716, 0.5000077543565876, 0.5124232852879791, 0.5248037199310367, 0.5371355590544784, 0.5494057258645981, 0.561601619363164, 0.5737111621958938, 0.585722842711724, 0.597625751049463, 0.6094096091625838, 0.621064794782914, 0.6325823594080926, 0.6439540404744754, 0.6551722679455714, 0.6662301656052928, 0.6771215473948208, 0.6878409091715478, 0.6983834162984377, 0.7087448874925706, 0.718921775373139, 0.7289111441524095, 0.7387106449089881, 0.7483184888719915, 0.7577334191284087, 0.7669546811449532, 0.7759819924710339, 0.7848155119619981, 0.793455808832381, 0.8019038318183146, 0.8101608786972003, 0.8182285663818509, 0.8261088017760773, 0.8338037535495768, 0.8413158249623115, 0.8486476278426188, 0.8558019577992744, 0.8627817707257358, 0.8695901606349231, 0.8762303388451373, 0.8827056145220649, 0.8890193765681944, 0.8951750768392974, 0.9011762146577795, 0.907026322584573, 0.912728953404672, 0.918287668276269, 0.9237060259895973, 0.9289875732788628, 0.9341358361289411, 0.9391543120176746, 0.9440464630345157, 0.9488157098168062, 0.9534654262460563, 0.9579989348480914, 0.9624195028427847, 0.9667303387912151, 0.9709345897904065, 0.9750353391682663, 0.9790356046338903, 0.982938336840997, 0.9867464183248591, 0.9904626627756802, 0.9940898146139017, 0.9976305488353919, 1.0010874710968527, 1.0044631180140677, 1.0077599576478018, 1.0109803901542331, 1.0141267485787644, 1.0172012997738977, 1.0202062454235963, 1.0231437231581642, 1.02601580774519, 1.028824512343488, 1.0315717898082721, 1.0342595340369878, 1.036889581346332, 1.0394637118719963, 1.0419836509836027, 1.0444510707081438, 1.046867591156013, 1.0492347819444228, 1.05155416361364, 1.0538272090320595, 1.0560553447866525, 1.0582399525558153, 1.0603823704620636, 1.0624838944024109, 1.0645457793546116, 1.0665692406577676, 1.06855545526607, 1.0705055629747031, 1.0724206676171508, 1.0743018382333553, 1.0761501102083373, 1.0779664863810545, 1.0797519381234046, 1.0815074063893966, 1.0832338027346242, 1.0849320103062592, 1.0866028848038656, 1.0882472554114, 1.0898659257008225, 1.091459674507791, 1.0930292567799498, 1.0945754043983635, 1.096098826972665, 1.097600212610519, 1.0990802286620103, 1.100539522439583, 1.1019787219141666, 1.1033984363881237, 1.1047992571456662, 1.1061817580813744, 1.1075464963074626, 1.1088940127404217, 1.110224832667664, 1.1115394662947935, 1.1128384092741055, 1.11412214321492, 1.1153911361763331, 1.116645843142966, 1.1178867064842712, 1.1191141563979519, 1.1203286113380262, 1.1215304784280657, 1.1227201538601141, 1.1238980232797846, 1.125064462158017, 1.1262198361499647, 1.1273645014414628, 1.128498805083524, 1.1296230853152813, 1.1307376718757987, 1.1318428863051468, 1.1329390422351322, 1.1340264456700535, 1.1351053952578498, 1.1361761825519874, 1.1372390922644278, 1.1382944025099995, 1.1393423850424897, 1.1403833054827628, 1.141417423539195, 1.142444993220711, 1.143466263042695, 1.1444814762260367, 1.1454908708895686, 1.1464946802361384, 1.1474931327325506, 1.1484864522836022, 1.149474858400436, 1.1504585663634146, 1.1514377873797232, 1.1524127287358916, 1.1533835939454251, 1.1543505828917218, 1.155313891966453, 1.156273714203569, 1.1572302394090959, 1.15818365428687, 1.159134142560366, 1.1600818850907553, 1.1610270599913337, 1.1619698427384497, 1.1629104062790587, 1.1638489211350256, 1.164785555504291, 1.1657204753590136, 1.1666538445407961, 1.167585824853097, 1.1685165761509266, 1.1694462564279242, 1.170375021900904, 1.1713030270919604, 1.1722304249082136, 1.173157366719275, 1.1740840024325119, 1.175010480566183, 1.1759369483205129, 1.1768635516467771, 1.1777904353144568, 1.1787177429765292, 1.1796456172329464, 1.1805741996923655, 1.1815036310321763, 1.182434051056881, 1.1833655987548737, 1.1842984123536648, 1.1852326293735935, 1.18616838668007, 1.187105820534388, 1.1880450666431401, 1.1889862602062775, 1.18992953596384, 1.1908750282413916, 1.1918228709941903, 1.1927731978501173, 1.193726142151393, 1.1946818369951013, 1.1956404152725477, 1.1966020097074659, 1.1975667528930969, 1.198534777328154, 1.1995062154516911, 1.2004811996768854, 1.2014598624237507, 1.2024423361507885, 1.2034287533855885, 1.204419246754385, 1.205413949010577, 1.2064129930622158, 1.2074165119984646, 1.208424639115033, 1.2094375079385868, 1.210455252250133, 1.211478006107379, 1.2125059038660626, 1.2135390802002504, 1.2145776701215976, 1.2156218089975641, 1.2166716325685798, 1.2177272769641494, 1.2187888787178878, 1.2198565747814751, 1.2209305025375192, 1.2220107998113137]]"
40.0,40.0,3,30,180,I0-S1,"[[0.01, 0.009218546420913139, 0.008861068736292907, 0.008775057932921297, 0.008868437709233897, 0.00908540793509873, 0.009391981978217966, 0.009767380255029316, 0.010198861437737398, 0.010678608819246227, 0.011201849455761371, 0.011765713786838682, 0.01236854058795858, 0.01300945027091352, 0.013688080341569965, 0.014404419237453534, 0.015158700181581237, 0.015951331923936326, 0.016782852382130255, 0.01765389668312115, 0.018565174411748854, 0.019517452865117472, 0.02051154431871914, 0.021548296044499888, 0.02262858227082518, 0.023753297552220415, 0.024923351190492913, 0.02613966245906238, 0.027403156453550574, 0.028714760438729375, 0.030075400593801486, 0.031485999080188565, 0.032947471371914665, 0.03446072380040589, 0.03602668236738092, 0.03764660802628131, 0.0393222835290102, 0.04105586098025699, 0.04284974708203381, 0.044706536396711356, 0.04662897331334608, 0.0486199311776802, 0.05068240166178918, 0.05281949022131821, 0.055034415152983254, 0.05733050876436087, 0.0597112197673, 0.062180116365025795, 0.06474088971706551, 0.0673973575932015, 0.07015346810246145, 0.07301330342658069, 0.0759810835119814, 0.07906116968765832, 0.08225806818297471, 0.08557643352196631, 0.08902107177094513, 0.09259694361494929, 0.09630916723646463, 0.10016302096717908, 0.10416394568050932, 0.10831754688936708, 0.11262959651016752, 0.11710603425045306, 0.12175296857372886, 0.1265766771911878, 0.13158360702594873, 0.136780373591247, 0.1421737597197067, 0.1477707135764032, 0.15357834588390276, 0.15960392628286504, 0.16585487874713903, 0.17233877596760255, 0.179063332614328, 0.18603639738204752, 0.19326594371939143, 0.20076005913804468, 0.20852693299387962, 0.21657484262835677, 0.22491213775513177, 0.23354722297396516, 0.24248853829181846, 0.2517445375295563, 0.2613236644921013, 0.27123432678035453, 0.28148486712485943, 0.2920835321242334, 0.3030384382759929, 0.3143575351937657, 0.32604856591321074, 0.3381190241994769, 0.3505761087819366, 0.363426674457456, 0.3766771800218283, 0.3903336330104124, 0.40440153125369444, 0.41888580128160674, 0.43379073364216486, 0.4491199152354509, 0.46487615880327315, 0.4810614297580163, 0.49767677058125076, 0.5147222230735115, 0.5321967487911278, 0.5500981480638373, 0.5684229780477922, 0.5871664703320078, 0.6063224486817174, 0.625883247568779, 0.6458396322063573, 0.6661807208716048, 0.6868939103648267, 0.7079648055153727, 0.7293771537018264, 0.7511127854054219, 0.7731515618593581, 0.7954713308910667, 0.8180478920777223, 0.8408549723455463, 0.8638642131389513, 0.887045170264557, 0.910365327475971, 0.9337901248065237, 0.9572830025776622, 0.9808054619095578, 1.0043171424371, 1.0277759177887427, 1.0511380092179894, 1.074358117588561, 1.097389573705952, 1.1201845067622234, 1.1426940304201763, 1.1648684458108094, 1.1866574604580162, 1.208010421881251, 1.2288765643652146, 1.249205267130716, 1.2689463218982118, 1.2880502076107212, 1.3064683698814097, 1.3241535025585374, 1.3410598286616802, 1.3571433778427067, 1.3723622574667513, 1.3866769143954065, 1.400050384588625, 1.4124485277244219, 1.4238402441662648, 1.434197671785797, 1.4434963603707973, 1.4517154216114991, 1.458837652957907, 1.4648496339710657, 1.4697417941459097, 1.4735084515554397, 1.4761478220480675, 1.4776619991144202, 1.4780569049190753, 1.477342213359127, 1.4755312463581947, 1.472640844925013, 1.4686912167944526, 1.4637057627209513, 1.4577108837061235, 1.4507357716110714, 1.4428121857280547, 1.433974217965168, 1.424258049332078, 1.4137017004062058, 1.4023447784094059, 1.3902282234383618, 1.3773940562713973, 1.3638851300244803, 1.3497448877545202, 1.3350171279134588, 1.3197457793470515, 1.3039746873124416, 1.2877474117633327, 1.2711070389251076, 1.2540960069586775, 1.236755946294744, 1.2191275350126498, 1.2012503694427379, 1.1831628499902211, 1.16490208201366, 1.146503791443366, 1.128002254695111, 1.109430242322683, 1.0908189757590077, 1.0721980964193059, 1.053595646380393, 1.0350380598067963, 1.0165501642657784, 0.998155191058341, 0.979874793690532, 0.9617290736174818, 0.9437366124101814, 0.9259145095206694, 0.9082784248537076, 0.8908426253908881, 0.873620035155249, 0.8566222878497529, 0.8398597815504049, 0.8233417348834303, 0.8070762441650136, 0.7910703410308969, 0.7753300501310764, 0.7598604465113963, 0.7446657123486361, 0.7297491927483731, 0.7151134503552539, 0.7007603185631318, 0.686690953147723, 0.6729058821769272, 0.6594050540837528, 0.6461878838138951, 0.6332532969844987, 0.6205997720125925, 0.6082253801912034, 0.5961278237083711, 0.5843044716193344, 0.5727523937951723, 0.5614683928823206, 0.5504490343167844, 0.5396906744446792, 0.5291894868071106, 0.5189414866524659, 0.5089425537430952, 0.4991884535262195, 0.4896748567408393, 0.48039735753354756, 0.471351490156575, 0.4625327443212119, 0.4539365792790421, 0.4455584367022832, 0.43739375243301004, 0.4294379671692249, 0.4216865361536771, 0.4141349379290861, 0.4067786822210235, 0.399613317007211, 0.3926344348294209, 0.38583767840155625, 0.37921874556486795, 0.37277339363865497, 0.3664974432122125, 0.3603867814212571, 0.35443736474957704, 0.3486452213942496, 0.34300645323043, 0.3375172374094694, 0.33217382762195535, 0.32697255505519773, 0.321909829072704, 0.3169821376413045, 0.312186047529797, 0.3075182043012826, 0.3029753321197602, 0.29855423339002946, 0.2942517882485255, 0.2900649539213628, 0.28599076396460577, 0.2820263274005987, 0.2781688277630801, 0.27441552206277187, 0.27076373968416384, 0.26721088122331516, 0.263754417275652, 0.26039188718196055, 0.25712089774004715, 0.25393912188886575, 0.25084429737128505, 0.24783422538109226, 0.24490676919929266, 0.2420598528242719, 0.23929145959992915, 0.2365996308454705, 0.23398246449016258, 0.23143811371599016, 0.22896478561083397, 0.2265607398344829, 0.22422428729951935, 0.22195378886886308, 0.21974765407152766, 0.21760433983793195, 0.215522349255916, 0.21350023034843468, 0.21153657487374244, 0.2096300171487371, 0.20777923289599784, 0.205982938114934, 0.20423988797735226, 0.2025488757476528, 0.2009087317277767, 0.19931832222694834, 0.1977765485561855, 0.19628234604748693, 0.19483468309755067, 0.1934325602358268, 0.19207500921666337, 0.1907610921352665, 0.18948990056716067, 0.18826055473080597, 0.18707220267300334, 0.18592401947669737, 0.1848152064907665, 0.1837449905813762, 0.18271262340445676, 0.18171738069885743, 0.18075856159972029, 0.17983548797161114, 0.1789475037609404, 0.17809397436720392, 0.17727428603257292, 0.1764878452493618, 0.17573407818490377, 0.17501243012336684, 0.17432236492404532, 0.17366336449566633, 0.1730349282862549, 0.17243657278810698, 0.17186783105742506, 0.17132825224817735, 0.1708174011597479, 0.17033485779795252, 0.16988021694900135, 0.16945308776599743, 0.1690530933675674, 0.16867987044822838, 0.16833306890010263, 0.16801235144559973, 0.16771739328069316, 0.1674478817284266, 0.1672035159022927, 0.16698400637913485, 0.16678907488123004, 0.1666184539672188, 0.16647188673155508, 0.16634912651215708, 0.16624993660594664, 0.16617408999197203, 0.16612136906181652, 0.16609156535700104, 0.1660844793130969, 0.16609992001027016, 0.16613770492998664, 0.1661976597176119, 0.16627961795064727, 0.1663834209123483, 0.16650891737047901, 0.1666559633609591, 0.16682442197616862, 0.16701416315767906, 0.16722506349318453, 0.167457006017413, 0.16770988001680165, 0.1679835808377251, 0.16827800969807055, 0.1685930735019577, 0.16892868465740668, 0.16928476089676, 0.16966122509967074, 0.17005800511847138, 0.17047503360574295, 0.1709122478439075]]","[[0.01, 0.011673645222856313, 0.01362924433757481, 0.015801894642058518, 0.01815638994077869, 0.020675221558555067, 0.023351405566475428, 0.026184276824750774, 0.0291769911653198, 0.03233504176441493, 0.03566538075293347, 0.03917590161713993, 0.042875136203375595, 0.04677207900248143, 0.050876086616549285, 0.05519682137408141, 0.05974422064279543, 0.0645284808987995, 0.06956005008705439, 0.07484962447211475, 0.08040814776051651, 0.0862468112134538, 0.09237705402139613, 0.09881056353674407, 0.10555927514940855, 0.11263537169869062, 0.1200512823760001, 0.12781968110637842, 0.13595348441410374, 0.14446584878572966, 0.15337016754678887, 0.1626800672684465, 0.1724094037189903, 0.1825722573729786, 0.19318296118879533, 0.2042564541412071, 0.2158085897682931, 0.22785609905257753, 0.24041655446602828, 0.25350835923349035, 0.26715075216773804, 0.2813638222972689, 0.29616852980419806, 0.31158673117025154, 0.3276412072596263, 0.3443556935675398, 0.3617549121641375, 0.37986460504404235, 0.3987115686997093, 0.4183236898004805, 0.43872998189603546, 0.45996062308318575, 0.4820469945849251, 0.5050217201940924, 0.5289187065332067, 0.5537731840783551, 0.5796217488892632, 0.6065024049803431, 0.6344546072588536, 0.6635193049464949, 0.6937389853898497, 0.7251577181531138, 0.7578211992735359, 0.7917767955458834, 0.827073588687054, 0.8637624192156192, 0.9018959298636053, 0.9415286083191359, 0.9827168290786719, 1.0255188941664628, 1.0699950724564489, 1.1162076373082348, 1.1642209022038885, 1.2141012540462315, 1.2659171837520096, 1.3197393137449225, 1.3756404219240244, 1.433695461652568, 1.493981577281097, 1.5565781146866244, 1.6215666262772723, 1.6890308698789946, 1.7590568008882348, 1.8317325570418663, 1.907148435123895, 1.9853968588975497, 2.0665723375220075, 2.150771413685597, 2.2380926006624597, 2.328636307477951, 2.4225047513502007, 2.5198018565620015, 2.620633138909318, 2.7251055748711175, 2.833327454650794, 2.945408218253204, 3.0614582737842273, 3.181588797192891, 3.3059115127204857, 3.4345384533778875, 3.567581700842471, 3.705153104250679, 3.8473639774624115, 3.9943247744898764, 4.146144742917147, 4.302931555288094, 4.464790918610053, 4.631826162308783, 4.804137805177041, 4.981823102084047, 5.164975571455686, 5.353684504794443, 5.548034459782335, 5.748104738797652, 5.953968854974733, 6.165693988242458, 6.383340434088182, 6.60696104810562, 6.836600689693224, 7.072295668569028, 7.314073198053362, 7.5619508593364895, 7.815936081188141, 8.076025639773619, 8.342205183410508, 8.614448787224417, 8.892718542735613, 9.176964187424977, 9.46712277928201, 9.763118421225188, 10.064862040101863, 10.37225122471852, 10.68517012702112, 11.003489430139137, 11.32706638652742, 11.655744928889902, 11.989355855953193, 12.327717094482473, 12.670634038204767, 13.017899963535028, 13.369296521199491, 13.7245943020304, 14.083553474379611, 14.445924489779612, 14.811448852683206, 15.179859949351878, 15.550883930251603, 15.924240639666932, 16.29964458567183, 16.676805943110015, 17.055431581847678, 17.435226112275057, 17.815892939855328, 18.197135320453327, 18.57865740822279, 18.960165287988037, 19.341367984320115, 19.721978439872384, 20.101714455998426, 20.480299589216163, 20.85746399769491, 21.2329452326147, 21.606488969966055, 21.977849679110417, 22.346791225192494, 22.713087403272837, 23.076522402818995, 23.436891201944405, 23.793999891505155, 24.147665929845775, 24.497718329618017, 24.84399777867458, 25.186356697556985, 25.524659236550235, 25.8587812156635, 26.188610011215463, 26.514044392955192, 26.83499431583647, 27.15138067068762, 27.46313499808386, 27.770199169739374, 28.072525041696004, 28.37007408350052, 28.662816987437836, 28.950733261728974, 29.233810811415637, 29.512045510443354, 29.785440768227314, 30.05400709374437, 30.317761659945578, 30.576727871030364, 30.830934934869596, 31.08041744261374, 31.325214957276955, 31.565371612850477, 31.80093572527129, 32.031959416356216, 32.25849825160859, 32.48061089261525, 32.698358764576454, 32.911805739350726, 33.1210178342505, 33.32606292669281, 33.52701048469155, 33.7239313130738, 33.91689731521174, 34.10598126998273, 34.29125662360297, 34.47279729592386, 34.65067750073343, 34.824971579568086, 34.995753848510745, 35.16309845742995, 35.32707926109975, 35.48776970163134, 35.6452427016441, 35.79957056760433, 35.950824902765774, 36.09907652915394, 36.24439541804794, 36.386850628427396, 36.52651025286773, 36.66344137038434, 36.797710005745174, 36.92938109479012, 37.058518455316324, 37.18518476310841, 37.30944153271385, 37.43134910258372, 37.55096662422007, 37.668352054990805, 37.78356215429306, 37.89665248276495, 38.00767740426446, 38.11669009035205, 38.22374252703089, 38.32888552351534, 38.43216872281401, 38.533640613928995, 38.63334854548711, 38.73133874063277, 38.82765631302492, 38.9223452837926, 39.015448599315356, 39.107008149705315, 39.19706478787803, 39.28565834910853, 39.37282767097815, 39.45861061362567, 39.54304408022439, 39.62616403761362, 39.70800553702012, 39.788602734810986, 39.8679889132253, 39.94619650103725, 40.023257094108516, 40.09920147579183, 40.174059637152396, 40.24786079697727, 40.32063342154669, 40.39240524414433, 40.4632032842868, 40.53305386665512, 40.601982639713654, 40.67001459400415, 40.7371740801048, 40.80348482624587, 40.86896995557547, 40.93365200307038, 40.99755293208844, 41.06069415056017, 41.12309652681852, 41.18478040506665, 41.24576562048457, 41.30607151397636, 41.365716946560354, 41.42472031340532, 41.483099557516354, 41.54087218307465, 41.59805526843564, 41.65466547879063, 41.710719078497185, 41.76623194308381, 41.821219570934886, 41.87569709466177, 41.92967929216634, 41.98318059740332, 42.03621511084765, 42.08879660967358, 42.14093855765189, 42.19265411477186, 42.24395614659446, 42.2948572333434, 42.345369678740454, 42.395505518591584, 42.445276529130254, 42.49469423512421, 42.54376991775209, 42.59251462225593, 42.64093916537574, 42.68905414257198, 42.736869935042016, 42.784396716536065, 42.831644459978534, 42.87862294390005, 42.92534175868573, 42.97181031264499, 43.01803783790787, 43.0640333961532, 43.1098058841733, 43.15536403928008, 43.20071644455722, 43.24587153396298, 43.290837597288004, 43.33562278497248, 43.38023511278683, 43.424682466379934, 43.46897260569888, 43.51311316928403, 43.557111678443164, 43.6009755413082, 43.64471205677813, 43.68832841835134, 43.73183171785078, 43.77522894904504, 43.81852701116837, 43.861732712342715, 43.904852772904505, 43.947893828639025, 43.990862433925, 44.033765064792036, 44.07660812189328, 44.11939793339585, 44.16214075779115, 44.204842786627495, 44.24751014716705, 44.290148904969165, 44.33276506640212, 44.37536458108516, 44.417953344262656, 44.46053719911213, 44.5031219389878, 44.54571330960137, 44.5883170111414, 44.630938700333004, 44.67358399243899, 44.71625846320403, 44.75896765074296, 44.801717057374624, 44.84451215140218, 44.887358368841184, 44.930261115096414, 44.973225766588385, 45.016257672330525, 45.05936215545797, 45.10254451470863, 45.14581002585749, 45.189163943104745, 45.232611500418514, 45.27615791283274, 45.31980837770084, 45.36356807590575, 45.407442173026645, 45.45143582046305, 45.495554156516526, 45.53980230743044]]","[array([6.37688001e-05, 6.00799169e-05, 5.86665223e-05, 5.87302733e-05,
       5.97886076e-05, 6.15483108e-05, 6.38304671e-05, 6.65255366e-05,
       6.95663173e-05, 7.29116455e-05, 7.65365333e-05, 8.04261762e-05,
       8.45722887e-05, 8.89708453e-05, 9.36206717e-05, 9.85225539e-05,
       1.03678663e-04, 1.09092175e-04, 1.14767015e-04, 1.20707677e-04,
       1.26919091e-04, 1.33406529e-04, 1.40175527e-04, 1.47231828e-04,
       1.54581332e-04, 1.62230053e-04, 1.70184090e-04, 1.78449593e-04,
       1.87032737e-04, 1.95939704e-04, 2.05176655e-04, 2.14749718e-04,
       2.24664967e-04, 2.34928448e-04, 2.45547202e-04, 2.56531432e-04,
       2.67894333e-04, 2.79651151e-04, 2.91818583e-04, 3.04414442e-04,
       3.17457461e-04, 3.30967195e-04, 3.44963969e-04, 3.59468861e-04,
       3.74503706e-04, 3.90091106e-04, 4.06254449e-04, 4.23017930e-04,
       4.40406577e-04, 4.58446275e-04, 4.77163789e-04, 4.96586790e-04,
       5.16743881e-04, 5.37664619e-04, 5.59379538e-04, 5.81920170e-04,
       6.05319071e-04, 6.29609835e-04, 6.54827116e-04, 6.81006642e-04,
       7.08185235e-04, 7.36400818e-04, 7.65692429e-04, 7.96100229e-04,
       8.27665504e-04, 8.60430670e-04, 8.94439270e-04, 9.29735964e-04,
       9.66366525e-04, 1.00437782e-03, 1.04381778e-03, 1.08473539e-03,
       1.12718064e-03, 1.17120450e-03, 1.21685884e-03, 1.26419641e-03,
       1.31327076e-03, 1.36413615e-03, 1.41684747e-03, 1.47146017e-03,
       1.52803009e-03, 1.58661339e-03, 1.64726641e-03, 1.71004548e-03,
       1.77500679e-03, 1.84220619e-03, 1.91169899e-03, 1.98353976e-03,
       2.05778208e-03, 2.13447826e-03, 2.21367914e-03, 2.29543371e-03,
       2.37978884e-03, 2.46678894e-03, 2.55647560e-03, 2.64888720e-03,
       2.74405853e-03, 2.84202034e-03, 2.94279894e-03, 3.04641569e-03,
       3.15288656e-03, 3.26222162e-03, 3.37442453e-03, 3.48949202e-03,
       3.60741333e-03, 3.72816970e-03, 3.85173380e-03, 3.97806921e-03,
       4.10712982e-03, 4.23885934e-03, 4.37319077e-03, 4.51004586e-03,
       4.64933465e-03, 4.79095501e-03, 4.93479225e-03, 5.08071869e-03,
       5.22859338e-03, 5.37826183e-03, 5.52955581e-03, 5.68229321e-03,
       5.83627803e-03, 5.99130038e-03, 6.14713666e-03, 6.30354976e-03,
       6.46028947e-03, 6.61709286e-03, 6.77368492e-03, 6.92977923e-03,
       7.08507879e-03, 7.23927695e-03, 7.39205848e-03, 7.54310074e-03,
       7.69207501e-03, 7.83864784e-03, 7.98248262e-03, 8.12324116e-03,
       8.26058534e-03, 8.39417893e-03, 8.52368934e-03, 8.64878949e-03,
       8.76915969e-03, 8.88448951e-03, 8.99447964e-03, 9.09884372e-03,
       9.19731012e-03, 9.28962365e-03, 9.37554718e-03, 9.45486311e-03,
       9.52737480e-03, 9.59290780e-03, 9.65131089e-03, 9.70245705e-03,
       9.74624415e-03, 9.78259552e-03, 9.81146032e-03, 9.83281366e-03,
       9.84665658e-03, 9.85301585e-03, 9.85194350e-03, 9.84351625e-03,
       9.82783471e-03, 9.80502248e-03, 9.77522502e-03, 9.73860844e-03,
       9.69535819e-03, 9.64567754e-03, 9.58978615e-03, 9.52791839e-03,
       9.46032175e-03, 9.38725511e-03, 9.30898712e-03, 9.22579444e-03,
       9.13796014e-03, 9.04577198e-03, 8.94952092e-03, 8.84949949e-03,
       8.74600039e-03, 8.63931508e-03, 8.52973247e-03, 8.41753776e-03,
       8.30301124e-03, 8.18642735e-03, 8.06805375e-03, 7.94815049e-03,
       7.82696929e-03, 7.70475298e-03, 7.58173492e-03, 7.45813865e-03,
       7.33417747e-03, 7.21005430e-03, 7.08596140e-03, 6.96208037e-03,
       6.83858208e-03, 6.71562672e-03, 6.59336389e-03, 6.47193276e-03,
       6.35146225e-03, 6.23207127e-03, 6.11386900e-03, 5.99695517e-03,
       5.88142039e-03, 5.76734649e-03, 5.65480686e-03, 5.54386688e-03,
       5.43458423e-03, 5.32700930e-03, 5.22118557e-03, 5.11715002e-03,
       5.01493348e-03, 4.91456100e-03, 4.81605224e-03, 4.71942184e-03,
       4.62467972e-03, 4.53183147e-03, 4.44087865e-03, 4.35181912e-03,
       4.26464732e-03, 4.17935458e-03, 4.09592937e-03, 4.01435758e-03,
       3.93462277e-03, 3.85670637e-03, 3.78058796e-03, 3.70624539e-03,
       3.63365508e-03, 3.56279209e-03, 3.49363038e-03, 3.42614293e-03,
       3.36030187e-03, 3.29607864e-03, 3.23344412e-03, 3.17236872e-03,
       3.11282253e-03, 3.05477535e-03, 2.99819686e-03, 2.94305664e-03,
       2.88932427e-03, 2.83696941e-03, 2.78596181e-03, 2.73627145e-03,
       2.68786851e-03, 2.64072345e-03, 2.59480706e-03, 2.55009047e-03,
       2.50654520e-03, 2.46414316e-03, 2.42285672e-03, 2.38265868e-03,
       2.34352234e-03, 2.30542144e-03, 2.26833027e-03, 2.23222357e-03,
       2.19707665e-03, 2.16286529e-03, 2.12956583e-03, 2.09715511e-03,
       2.06561051e-03, 2.03490992e-03, 2.00503177e-03, 1.97595501e-03,
       1.94765908e-03, 1.92012396e-03, 1.89333012e-03, 1.86725854e-03,
       1.84189070e-03, 1.81720853e-03, 1.79319449e-03, 1.76983147e-03,
       1.74710283e-03, 1.72499241e-03, 1.70348447e-03, 1.68256371e-03,
       1.66221526e-03, 1.64242467e-03, 1.62317790e-03, 1.60446130e-03,
       1.58626163e-03, 1.56856602e-03, 1.55136198e-03, 1.53463736e-03,
       1.51838040e-03, 1.50257967e-03, 1.48722406e-03, 1.47230282e-03,
       1.45780550e-03, 1.44372197e-03, 1.43004240e-03, 1.41675725e-03,
       1.40385729e-03, 1.39133354e-03, 1.37917731e-03, 1.36738018e-03,
       1.35593396e-03, 1.34483075e-03, 1.33406286e-03, 1.32362285e-03,
       1.31350351e-03, 1.30369786e-03, 1.29419912e-03, 1.28500073e-03,
       1.27609635e-03, 1.26747982e-03, 1.25914518e-03, 1.25108665e-03,
       1.24329865e-03, 1.23577576e-03, 1.22851276e-03, 1.22150456e-03,
       1.21474625e-03, 1.20823310e-03, 1.20196049e-03, 1.19592399e-03,
       1.19011929e-03, 1.18454223e-03, 1.17918879e-03, 1.17405508e-03,
       1.16913733e-03, 1.16443192e-03, 1.15993531e-03, 1.15564413e-03,
       1.15155509e-03, 1.14766502e-03, 1.14397087e-03, 1.14046967e-03,
       1.13715858e-03, 1.13403486e-03, 1.13109584e-03, 1.12833896e-03,
       1.12576177e-03, 1.12336188e-03, 1.12113700e-03, 1.11908493e-03,
       1.11720353e-03, 1.11549077e-03, 1.11394468e-03, 1.11256336e-03,
       1.11134500e-03, 1.11028784e-03, 1.10939022e-03, 1.10865051e-03,
       1.10806718e-03, 1.10763874e-03, 1.10736377e-03, 1.10724092e-03,
       1.10726887e-03, 1.10744639e-03, 1.10777228e-03, 1.10824541e-03,
       1.10886470e-03, 1.10962912e-03, 1.11053767e-03, 1.11158943e-03,
       1.11278350e-03, 1.11411903e-03, 1.11559524e-03, 1.11721135e-03,
       1.11896666e-03, 1.12086048e-03, 1.12289217e-03, 1.12506114e-03,
       1.12736680e-03, 1.12980865e-03, 1.13238617e-03, 1.13509890e-03,
       1.13794641e-03])]","[[0, 6.376880005047202e-05, 0.00012384871691641303, 0.00018251523919836924, 0.00024124551250765671, 0.0003010341200897748, 0.00036258243086382993, 0.0004264128979148427, 0.0004929384344826594, 0.0005625047518225633, 0.000635416397329145, 0.0007119529306571751, 0.0007923791068939483, 0.0008769513956251407, 0.0009659222409085538, 0.0010595429126396853, 0.001158065466525044, 0.0012617441292172257, 0.0013708363040240037, 0.0014856033191946395, 0.0016063109960718874, 0.0017332300869697752, 0.0018666366156539483, 0.0020068121426556934, 0.0021540439708722958, 0.00230862530250572, 0.0024708553554677196, 0.0026410394453848327, 0.0028194890379364458, 0.0030065217752467607, 0.0032024614792983738, 0.003407638134759946, 0.0036223878531707948, 0.0038470528200668227, 0.004081981268088685, 0.004327528470517552, 0.004584059902319034, 0.004851954235644687, 0.005131605386597257, 0.005423423969786465, 0.0057278384118023854, 0.0060452958732360685, 0.006376263068633995, 0.00672122703763463, 0.007080695898873845, 0.007455199605277374, 0.007845290711606168, 0.008251545160493935, 0.00867456309045828, 0.009114969667721531, 0.009573415942690231, 0.010050579731340388, 0.010547166521375159, 0.01106391040276452, 0.011601575022083945, 0.012160954559906198, 0.012742874730345922, 0.01334819380169854, 0.013977803636945167, 0.0146326307527095, 0.015313637395047798, 0.016021822630227184, 0.01675822344839917, 0.01752391587780338, 0.018320016106839608, 0.019147681611024182, 0.02000811228149756, 0.02090255155137372, 0.02183228751581726, 0.02279865404130023, 0.02380303185902715, 0.024846849637022567, 0.02593158502485061, 0.027058765664379952, 0.02822997015942028, 0.02944682899643829, 0.030711025407912523, 0.03202429616920838, 0.03338843231914849, 0.03480527979372122, 0.03627673996161403, 0.03780477004948127, 0.03939138344406275, 0.041038649857462584, 0.04274869534108554, 0.04452370213291415, 0.04636590832200384, 0.048277607313282164, 0.05026114707497316, 0.05231892915023857, 0.05445340741394778, 0.05666708655487075, 0.05896252026304885, 0.06134230910165353, 0.06380909804231077, 0.06636557364266987, 0.06901446084494887, 0.07175851937431904, 0.07460053971632001, 0.0775433386530503, 0.08058975433868047, 0.08374264089591332, 0.0870048625163938, 0.09037928704977574, 0.0938687790682083, 0.09747619239543524, 0.10120436209252624, 0.10505609589550065, 0.10903416510377467, 0.11314129492247453, 0.11738015426621635, 0.12175334503695685, 0.1262633908939613, 0.13091272553979952, 0.1357036805525431, 0.14063847280096203, 0.145719191486463, 0.1509477848627157, 0.15632604669131175, 0.16185560249931125, 0.16753789571206262, 0.17337417374212816, 0.17936547412239406, 0.18551261077836614, 0.19181616054111295, 0.19827645000817823, 0.20489354286489653, 0.21166722778275943, 0.21859700701464999, 0.22568208580874372, 0.2329213627635303, 0.24031342124561822, 0.24785652198963504, 0.2555485969955411, 0.26338724483297166, 0.2713697274547702, 0.2794929686126748, 0.2877535539571886, 0.2961477328910795, 0.30467142223180027, 0.31332021172254765, 0.32208937141485366, 0.33097386092773856, 0.33996834056978986, 0.3490671842913366, 0.3582644944144539, 0.3675541180691684, 0.37692966524526017, 0.3863845283507941, 0.39591190315127855, 0.40550481094745167, 0.4151561218354173, 0.4248585788804527, 0.4346048230255135, 0.4443874185474517, 0.45419887886837945, 0.464031692526547, 0.47387834911059673, 0.48373136496310026, 0.4935833084638193, 0.5034268247100449, 0.5132546594205116, 0.5230596819005614, 0.5328349069192072, 0.5425735153632826, 0.5522688735496565, 0.5619145510932715, 0.5715043372462142, 0.5810322556408595, 0.5904925773880411, 0.5998798324989253, 0.6091888196165256, 0.6184146140593664, 0.6275525741954746, 0.6365983461794545, 0.6455478670987539, 0.6543973665872249, 0.6631433669746506, 0.6717826820499818, 0.6803124145236044, 0.6887299522800185, 0.6970329635169162, 0.7052193908698152, 0.7132874446232498, 0.7212355951100979, 0.7290625644000518, 0.7367673173766235, 0.7443490522995382, 0.7518071909460183, 0.7591413684204309, 0.7663514227171708, 0.7734373841166032, 0.7803994644884926, 0.7872380465717195, 0.7939536732933029, 0.8005470371839164, 0.8070189699412663, 0.8133704321869721, 0.8196025034570026, 0.8257163724603315, 0.8317133276353208, 0.8375947480284484, 0.8433620945154043, 0.8490169013802896, 0.854560768264685, 0.8599953524947204, 0.8653223617909569, 0.8705435473629065, 0.8756606973873369, 0.8806756308671375, 0.8855901918654471, 0.8904062441079348, 0.8951256659445925, 0.8997503456610914, 0.9042821771286861, 0.9087230557807882, 0.9130748749036475, 0.9173395222280849, 0.921518876808866, 0.9256148061780968, 0.9296291637589357, 0.9335637865259322, 0.9374204928984199, 0.9412010808535805, 0.9449073262460607, 0.9485409813213413, 0.9521037734104234, 0.9555974037938021, 0.9590235467231331, 0.9623838485894506, 0.9656799272272719, 0.968913371344403, 0.9720857400677502, 0.9751985625959287, 0.9782533379499484, 0.9812515348137301, 0.9841945914566839, 0.9870839157310334, 0.9899208851370211, 0.9927068469495588, 0.9954431184003049, 0.9981309869095506, 1.0007717103626796, 1.0033665174263322, 1.005916607899752, 1.0084231530971266, 1.0108872962570474, 1.0133101529755042, 1.01569281165912, 1.0180363339955887, 1.0203417554385248, 1.0226100857041733, 1.0248423092776378, 1.0270393859264966, 1.0292022512198589, 1.031331817051097, 1.0334289721626508, 1.035494582671458, 1.0375294925937022, 1.039534524367706, 1.0415104793739176, 1.043458138451051, 1.0453782624075467, 1.0472715925276126, 1.0491388510711974, 1.0509807417673263, 1.0527979503003049, 1.0545911447883687, 1.0563609762544095, 1.058108079088481, 1.0598330715018223, 1.0615365559721996, 1.0632191196804, 1.0648813349377535, 1.0665237596046002, 1.0681469374996395, 1.069751398800141, 1.071337660433011, 1.0729062264567408, 1.0744575884342775, 1.075992225796879, 1.0775106061990325, 1.0790131858645284, 1.0805004099237943, 1.0819727127426049, 1.0834305182422976, 1.0848742402116223, 1.0863042826103706, 1.0877210398649322, 1.0891248971559275, 1.0905162306980758, 1.0918954080124565, 1.0932627881913273, 1.0946187221556587, 1.095963552905555, 1.0972976157637238, 1.0986212386121579, 1.099934742122199, 1.1012384399781414, 1.102532639094545, 1.1038176398274127, 1.1050937361793978, 1.106361215999194, 1.1076203611752673, 1.1088714478240806, 1.1101147464729637, 1.1113505222377738, 1.1125790349954952, 1.1138005395519173, 1.115015285804533, 1.1162235189007907, 1.1174254793918363, 1.1186214033818735, 1.1198115226732699, 1.1209960649075326, 1.1221752537022744, 1.1233493087842892, 1.1245184461188473, 1.1256828780353272, 1.1268428133492883, 1.1279984574810922, 1.129150012571172, 1.1302976775920524, 1.1314416484572132, 1.1325821181268934, 1.1337192767109228, 1.1348533115686708, 1.135984407406198, 1.13711274637069, 1.1382385081422568, 1.13936187002317, 1.1404830070246181, 1.141602091951046, 1.1427192954821515, 1.1438347862526055, 1.1449487309295592, 1.146061294288001, 1.1471726392840262, 1.1482829271260706, 1.1493923173441718, 1.1505009678573064, 1.1516090350388557, 1.1527166737802508, 1.1538240375528444, 1.1549312784680523, 1.1560385473358135, 1.1571459937214061, 1.158253766000661, 1.1593620114136125, 1.1604708761166216, 1.1615805052330082, 1.1626910429022226, 1.163802632327593, 1.1649154158226742, 1.166029534856231, 1.1671451300958786, 1.1682623414504103, 1.1693813081108346, 1.1705021685901444, 1.1716250607618415, 1.1727501218972352, 1.173877488701535, 1.1750072973487553, 1.1761396835154465, 1.17727478241327, 1.1784127288204325]]"
40.0,40.0,3,30,180,I1-S1,"[[0.01, 0.009218546420913139, 0.008861068736292907, 0.008775057932921297, 0.008868437733753507, 0.009085409161580543, 0.009391994251512669, 0.009767441285491507, 0.010199068596264101, 0.010679161980898945, 0.011203102660653974, 0.011768233595216032, 0.012373169409620398, 0.013017373415864682, 0.01370089596694406, 0.01442421071759406, 0.015188110697083913, 0.015993641258977776, 0.016842056050365702, 0.0177347875845395, 0.01867342726863629, 0.019659711705186544, 0.020695513275814585, 0.021782833738387672, 0.022923800011988148, 0.024120661598525293, 0.025375789262196417, 0.026691674698230108, 0.028070930994334966, 0.029516293736451288, 0.031030622643486133, 0.032616903639023295, 0.03427825128481259, 0.03601791151320091, 0.03783929836641612, 0.0397463412213567, 0.041743685023496936, 0.043836507512800334, 0.04603037269736388, 0.048331140696570664, 0.05074491606002137, 0.05327802205962691, 0.05593699222688145, 0.058728573081379604, 0.06165973388642783, 0.06473768059776178, 0.06796987210214524, 0.0713640374886364, 0.07492819353873742, 0.07867066192142919, 0.08260008577747634, 0.08672544550459367, 0.09105607363265578, 0.09560166872142722, 0.10037230823311648, 0.10537846033600691, 0.1106309945887769, 0.11614119144152131, 0.12192075047139492, 0.1279817972498606, 0.1343368887158162, 0.14099901690508135, 0.14798161086227435, 0.1552985365362578, 0.1629640944352426, 0.17099301479241205, 0.17940044996765767, 0.18820196378579168, 0.19741351748654615, 0.20705145193693894, 0.2171324657323987, 0.22767358878966207, 0.23869215101223007, 0.25020574558851005, 0.26223218646417273, 0.2747894595143055, 0.28789566692832136, 0.3015689643120571, 0.31582749000794336, 0.3306892861365207, 0.34617221087198413, 0.36229384148203303, 0.3790713676893387, 0.396521474949758, 0.4146602172924103, 0.4335028794303454, 0.4530638279292061, 0.47335635131647835, 0.49439248912698336, 0.5161828500124723, 0.5387364191956144, 0.562060355722179, 0.5861597801603264, 0.6110375536127767, 0.6366940491458519, 0.6631269169980292, 0.6903308452080569, 0.718297317596433, 0.7470143713408025, 0.7764663567013065, 0.8066337017707877, 0.8374926854405981, 0.8690152220780603, 0.901168661697814, 0.9339156096667091, 0.9672137702001141, 1.0010158180752582, 1.0352693030928495, 1.0699165918498676, 1.1048948513324928, 1.1401360786876455, 1.1755671812747754, 1.2111101107282416, 1.2466820542690265, 1.2821956858896109, 1.3175594792979435, 1.3526780836497878, 1.3874527621317432, 1.4217818923929022, 1.4555615266789828, 1.4886860083210098, 1.5210486399975993, 1.5525423979557325, 1.5830606851727556, 1.6124981153073201, 1.640751318255157, 1.6677197572325233, 1.6933065465896115, 1.7174192590385717, 1.7399707106917432, 1.760879712264816, 1.780071775019384, 1.7974797605040815, 1.8130444638990155, 1.826715121761528, 1.838449836190956, 1.8482159088465149, 1.8559900798293518, 1.8617586681351201, 1.8655176121510746, 1.8672724104632983, 1.8670379650064761, 1.864838330283339, 1.8607063739594043, 1.8546833555616848, 1.8468184312444846, 1.8371680936052819, 1.825795556320847, 1.8127700939181104, 1.7981663472938731, 1.7820636056578658, 1.7645450754074912, 1.745697146068415, 1.7256086628764973, 1.704370214860567, 1.682073446441863, 1.6588103996254235, 1.634672892852184, 1.609751941537887, 1.584137224274143, 1.5579165976334495, 1.531175661525921, 1.5039973761196546, 1.4764617304740908, 1.448645462257819, 1.4206218272367517, 1.392460416629918, 1.3642270199396254, 1.3359835304691166, 1.3077878904405384, 1.2796940724136017, 1.251752093573929, 1.2240080594019027, 1.1965042332393359, 1.169279128333704, 1.14236761904915, 1.1158010680814099, 1.0896074666920141, 1.0638115851779426, 1.038435131009412, 1.0134969122944144, 0.989013004458537, 0.9649969182578187, 0.9414597674670022, 0.9184104348023314, 0.8958557348445132, 0.8738005729216987, 0.8522480990930146, 0.831199856539412, 0.8106559238199865, 0.7906150505883563, 0.771074786485395, 0.7520316030320384, 0.7334810084396667, 0.715417655336456, 0.6978354414769848, 0.6807276035601778, 0.664086804328341, 0.6479052131585513, 0.6321745803879498, 0.6168863056374876, 0.6020315004152461, 0.5876010452914431, 0.5735856419433963, 0.5599758603707785, 0.5467621815800834, 0.5339350360329508, 0.5214848381463624, 0.5094020171242168, 0.49767704438981497, 0.48630045787770443, 0.4752628834314583, 0.4645550535415609, 0.45416782364487907, 0.44409218619439217, 0.43431928269511094, 0.4248404138895497, 0.4156470482638465, 0.40673082903372826, 0.39808357975805275, 0.3896973087166849, 0.3815642121790008, 0.37367667667938786, 0.3660272804067349, 0.35860879380607574, 0.3514141794822733, 0.34443659148788214, 0.33766937407010666, 0.3311060599450537, 0.324740368161241, 0.3185662016085535, 0.3125776442235041, 0.30676895793674125, 0.3011345794042184, 0.2956691165592848, 0.2903673450191452, 0.2852242043756454, 0.2802347943971516, 0.27539437116537824, 0.2706983431683665, 0.26614226736840096, 0.26172184526145753, 0.2574329189427838, 0.25327146719141164, 0.2492336015847659, 0.24531556265306198, 0.24151371608185254, 0.23782454896988622, 0.23424466614836376, 0.23077078656670913, 0.22739973974910693, 0.22412846232528066, 0.22095399463829513, 0.21787347743154822, 0.2148841486165699, 0.2119833401227587, 0.2091684748297571, 0.20643706358278738, 0.2037867022909366, 0.2012150691080875, 0.19871992169593838, 0.1962990945683338, 0.19395049651593851, 0.1916721081101236, 0.1894619792847954, 0.18731822699478132, 0.1852390329492892, 0.18322264141887787, 0.18126735711431188, 0.1793715431356239, 0.17753361898966974, 0.17575205867443466, 0.17402538882833155, 0.17235218694272358, 0.1707310796359017, 0.1691607409867526, 0.16763989092636408, 0.16616729368582944, 0.16474175629853344, 0.1633621271552248, 0.1620272946102079, 0.16073618563701453, 0.15948776453194863, 0.15828103166392982, 0.15711502226909568, 0.1559888052886591, 0.15490148224855296, 0.1538521861794316, 0.15284008057563647, 0.1518643583917698, 0.15092424107555988, 0.1500189776357368, 0.14914784374367657, 0.14831014086760785, 0.1475051954382121, 0.1467323580444842, 0.14599100265875561, 0.1452805258898177, 0.14460034626311624, 0.14394990352702142, 0.14332865798421127, 0.14273608984723676, 0.14217169861736895, 0.1416350024858582, 0.14112553775676473, 0.14064285829054868, 0.1401865349676348, 0.1397561551711942, 0.1393513222884112, 0.13897165522952895, 0.13861678796399057, 0.13828636907301764, 0.1379800613179892, 0.1376975412240069, 0.1374384986780528, 0.13720263654116716, 0.13698967027409226, 0.1367993275758481, 0.13663134803472327, 0.13648548279118253, 0.1363614942122083, 0.136259155576611, 0.1361782507708569, 0.1361185739949788, 0.13607992947814768, 0.13606213120349867, 0.1360650026418158, 0.13608837649369535, 0.13613209443981686, 0.136196006898965, 0.13627997279345436, 0.13638385932162175, 0.13650754173705926, 0.13665090313427203, 0.13681383424045346, 0.13699623321307972, 0.13719800544303357, 0.13741906336297605, 0.13765932626069183, 0.1379187200971418, 0.138197177328963, 0.13849463673516352, 0.13881104324776528, 0.1391463477861546, 0.13950050709490577, 0.13987348358484875, 0.14026524517715663, 0.14067576515023444, 0.1411050219891951, 0.14155299923771278, 0.14201968535204848, 0.14250507355704706, 0.1430091617039078, 0.14353195212953582, 0.1440734515172839, 0.14463367075889869, 0.14521262481748765, 0.14581033259132725, 0.1464268167783348, 0.14706210374103024, 0.14771622337181625, 0.1483892089584083, 0.14908109704924827, 0.14979192731873847, 0.15052174243213504, 0.15127058790994197]]","[[0.01, 0.011673645222856313, 0.01362924433757481, 0.015801894642058518, 0.018156389965959002, 0.020675222878510546, 0.02335141925830843, 0.026184347385126767, 0.029177239280218377, 0.032335727750936176, 0.0356669889948055, 0.039179245854773434, 0.04288148544620638, 0.046783303916609925, 0.05089482640356133, 0.055226671343968574, 0.05978994086761637, 0.06459622650115548, 0.06965762386366511, 0.07498675267720016, 0.08059677997792834, 0.08650144533310969, 0.09271508740732674, 0.09925267153360835, 0.10612981812397247, 0.11336283185442869, 0.1209687316142047, 0.1289652812371338, 0.13737102104607277, 0.1462053002455206, 0.15548831019710327, 0.16524111860946136, 0.175485704669546, 0.18624499513705162, 0.19754293692524397, 0.20940492419312828, 0.22185816960705457, 0.23493168306098988, 0.24865624168955724, 0.26306438629409634, 0.27819043835919866, 0.29407053333281596, 0.3107426669208057, 0.3282467519435411, 0.34662468389475515, 0.36592041378490164, 0.38618002718130445, 0.4074518286028943, 0.4297864306086097, 0.4532368470504909, 0.47785859005621956, 0.5037097703696426, 0.5308512007178842, 0.5593465018946641, 0.5892622112548862, 0.6206678933080556, 0.6536362520795396, 0.6882432448805303, 0.7245681970908064, 0.7626939175137435, 0.802706813810993, 0.8446970074651464, 0.8887584476527507, 0.9349890233373516, 0.9834906728129085, 1.0343694898419884, 1.0877358254406881, 1.1437043842633385, 1.2023943144348597, 1.2639292895673877, 1.3284375815808036, 1.3960521228245018, 1.4669105558707334, 1.5411552692189139, 1.6189334170163476, 1.7003969207650929, 1.7857024508485941, 1.8750113855770005, 1.968489745318752, 2.0663080991604823, 2.168641441420244, 2.2756690352336437, 2.3875742203422083, 2.5045441821420984, 2.6267696790034973, 2.754444724851391, 2.8877662240121165, 3.0269335553825423, 3.1721481030757697, 3.323612730844891, 3.481531197790703, 3.646107513126529, 3.8175452281094797, 3.9960466636582437, 4.181812072668075, 4.375038736608404, 4.575919996650895, 4.784644220327829, 5.001393705562933, 5.226343524847678, 5.459660313351909, 5.7015010058520526, 5.952011528523947, 6.21132545286803, 6.479562620296613, 6.756827747196978, 7.043209021567354, 7.3387767035793825, 7.643581743621138, 7.957654432486983, 8.281003099370228, 8.61361287414581, 8.955444531066549, 9.306433431401873, 9.666488582688077, 10.03549183210257, 10.413297210994545, 10.799730446779806, 11.194588657224543, 11.597640240596057, 12.008624973252724, 12.427254323995147, 12.85321199193189, 13.286154671763121, 13.7257130473019, 14.171493010793585, 14.623077102225604, 15.080026159416285, 15.541881166311333, 16.008165283680995, 16.478386043380915, 16.952037684592963, 17.428603608071114, 17.90755892244498, 18.388373055132533, 18.87051239942329, 19.35344296883888, 19.836633029968873, 20.319555685610155, 20.80169138118619, 21.282530309052355, 21.761574687356354, 22.238340892558558, 22.712361427457733, 23.18318670953882, 23.650386667583668, 24.113552137684962, 24.572296053002695, 25.02625442472946, 25.475087114721653, 25.918478403051022, 26.35613735628796, 26.78779800460716, 27.213219337780654, 27.63218513177604, 28.044503619002235, 28.45000701624289, 28.848550924999028, 29.240013619344086, 29.62429523649887, 30.00131688518749, 30.371019686467683, 30.733363761171596, 31.08832717737773, 31.435904870493562, 31.776107547591405, 32.10896058663654, 32.43450294020268, 32.7527860522094, 33.063872795160115, 33.367836434325184, 33.6647596243181, 33.954733442564766, 34.23785646327656, 34.51423387471312, 34.78397664176576, 35.047200715208604, 35.30402628835337, 35.55457710130396, 35.79897979253626, 36.037363297124635, 36.269858290594954, 36.496596677100655, 36.717711120389026, 36.93333461584393, 37.14360010175492, 37.348640107864995, 37.54858643918672, 37.743569893043464, 37.93372000728596, 38.11916483764935, 38.30003076224964, 38.476442311267114, 38.64852201992501, 38.8163903029424, 38.98016534871743, 39.139963031580045, 39.295896840539406, 39.44807782303901, 39.59661454232123, 39.74161304709114, 39.88317685225603, 40.0214069296018, 40.15640170734955, 40.28825707761431, 40.41706641086386, 40.54292057654716, 40.665907969130316, 40.78611453884229, 40.90362382649308, 41.018517001783835, 41.13087290458123, 41.24076808867787, 41.34827686760607, 41.453471362115, 41.556421548960216, 41.657195310690575, 41.75585848615116, 41.85247492145088, 41.94710652117147, 42.03981329962036, 42.13065343195277, 42.21968330500997, 42.3069575677396, 42.39252918108174, 42.47644946721998, 42.558768158111256, 42.639533443221076, 42.71879201640234, 42.79658912186652, 42.872968599205244, 42.94797292742888, 43.021643267995955, 43.09401950681423, 43.165140295199905, 43.23504308978691, 43.30376419138269, 43.37133878277112, 43.43780096546669, 43.50318379542726, 43.56751931773529, 43.63083860026001, 43.693171766314805, 43.75454802632584, 43.814995708529466, 43.874542288717066, 43.933214419047054, 43.99103795594442, 44.048037987108984, 44.10423885765387, 44.15966419539608, 44.214336935321306, 44.268279343245126, 44.321513038692885, 44.374059017020365, 44.42593767079731, 44.477168810475604, 44.52777168436366, 44.57776499792842, 44.62716693244579, 44.67599516302016, 44.72426687599319, 44.77199878576167, 44.819207151023775, 44.86590779047264, 44.912116097955625, 44.9578470571174, 45.003115255544174, 45.04793489842625, 45.09231982175536, 45.13628350507298, 45.17983908378511, 45.22299936105874, 45.265776819314695, 45.30818363133109, 45.350231670971105, 45.39193252354854, 45.433297495843945, 45.47433762578392, 45.51506369179552, 45.55548622184761, 45.59561550219023, 45.635461585803064, 45.67503430056337, 45.714343257143575, 45.75339785664836, 45.792207298000605, 45.83078058508533, 45.8691265336605, 45.90725377804301, 45.94517077757815, 45.98288582290038, 46.02040704199294, 46.05774240605368, 46.0948997351741, 46.13188670383847, 46.16871084624932, 46.20537956148592, 46.24190011850153, 46.27827966096539, 46.31452521195495, 46.35064367850387, 46.386641856010826, 46.42252643251427, 46.458303992837806, 46.49398102261091, 46.52956391216936, 46.56505896033971, 46.60047237811187, 46.63581029220372, 46.67107874852169, 46.70628371552067, 46.741431087467106, 46.77652668760835, 46.81157627125162, 46.84658552875566, 46.88156008843809, 46.91650551940124, 46.95142733427924, 46.98633099190902, 47.02122189992765, 47.05610541729853, 47.09098685676865, 47.1258714872592, 47.160764536191536, 47.195671191750726, 47.230596605088316, 47.26554589246643, 47.30052413734478, 47.33553639241241, 47.37058768156556, 47.40568300183348, 47.440827325253295, 47.476025600695586, 47.51128275564179, 47.546603697914755, 47.58199331736361, 47.617456487503986, 47.6529980671147, 47.68862290179185, 47.72433582546122, 47.76014166184985, 47.79604522591766, 47.83205132524967, 47.86816476140976, 47.904390331256344, 47.94073282822078, 47.97719704354884, 48.01378776750585, 48.050509790545874, 48.087367904445316, 48.1243669034013, 48.16151158509509, 48.198806751720795, 48.236257210979524, 48.2738677770392, 48.31164327146006, 48.34958852408597, 48.38770837390151, 48.42600766985482, 48.464491271646196, 48.50316405048223, 48.54203088979544, 48.58109668592912, 48.62036634878723, 48.659844802449044]]","[array([6.37688001e-05, 6.00799169e-05, 5.86665223e-05, 5.87302733e-05,
       5.97886100e-05, 6.15483452e-05, 6.38306777e-05, 6.65263528e-05,
       6.95687035e-05, 7.29174172e-05, 7.65487253e-05, 8.04494488e-05,
       8.46133627e-05, 8.90389594e-05, 9.37280569e-05, 9.86849232e-05,
       1.03915716e-04, 1.09428119e-04, 1.15231098e-04, 1.21334743e-04,
       1.27750154e-04, 1.34489364e-04, 1.41565290e-04, 1.48991697e-04,
       1.56783173e-04, 1.64955119e-04, 1.73523745e-04, 1.82506065e-04,
       1.91919908e-04, 2.01783923e-04, 2.12117595e-04, 2.22941258e-04,
       2.34276110e-04, 2.46144284e-04, 2.58569985e-04, 2.71581860e-04,
       2.85212752e-04, 2.99498531e-04, 3.14477314e-04, 3.30189005e-04,
       3.46675038e-04, 3.63978271e-04, 3.82142965e-04, 4.01214835e-04,
       4.21241122e-04, 4.42270698e-04, 4.64354183e-04, 4.87544051e-04,
       5.11894755e-04, 5.37462835e-04, 5.64307028e-04, 5.92488369e-04,
       6.22070288e-04, 6.53118697e-04, 6.85702077e-04, 7.19891546e-04,
       7.55760934e-04, 7.93386836e-04, 8.32848666e-04, 8.74228697e-04,
       9.17612090e-04, 9.63086915e-04, 1.01074416e-03, 1.06067770e-03,
       1.11298433e-03, 1.16776365e-03, 1.22511805e-03, 1.28515264e-03,
       1.34797508e-03, 1.41369554e-03, 1.48242645e-03, 1.55428236e-03,
       1.62937971e-03, 1.70783654e-03, 1.78977223e-03, 1.87530708e-03,
       1.96456201e-03, 2.05765803e-03, 2.15471578e-03, 2.25585500e-03,
       2.36119385e-03, 2.47084828e-03, 2.58493129e-03, 2.70355207e-03,
       2.82681516e-03, 2.95481950e-03, 3.08765735e-03, 3.22541324e-03,
       3.36816278e-03, 3.51597137e-03, 3.66889296e-03, 3.82696859e-03,
       3.99022499e-03, 4.15867308e-03, 4.33230639e-03, 4.51109953e-03,
       4.69500653e-03, 4.88395926e-03, 5.07786582e-03, 5.27660892e-03,
       5.48004439e-03, 5.68799964e-03, 5.90027233e-03, 6.11662908e-03,
       6.33680432e-03, 6.56049939e-03, 6.78738174e-03, 7.01708445e-03,
       7.24920596e-03, 7.48331012e-03, 7.71892655e-03, 7.95555136e-03,
       8.19264823e-03, 8.42964986e-03, 8.66595990e-03, 8.90095518e-03,
       9.13398850e-03, 9.36439169e-03, 9.59147920e-03, 9.81455197e-03,
       1.00329018e-02, 1.02458158e-02, 1.04525816e-02, 1.06524921e-02,
       1.08448509e-02, 1.10289780e-02, 1.12042147e-02, 1.13699297e-02,
       1.15255238e-02, 1.16704353e-02, 1.18041449e-02, 1.19261802e-02,
       1.20361198e-02, 1.21335967e-02, 1.22183021e-02, 1.22899869e-02,
       1.23484647e-02, 1.23936121e-02, 1.24253702e-02, 1.24437436e-02,
       1.24488006e-02, 1.24406712e-02, 1.24195452e-02, 1.23856701e-02,
       1.23393476e-02, 1.22809301e-02, 1.22108170e-02, 1.21294502e-02,
       1.20373100e-02, 1.19349099e-02, 1.18227918e-02, 1.17015215e-02,
       1.15716835e-02, 1.14338764e-02, 1.12887079e-02, 1.11367908e-02,
       1.09787381e-02, 1.08151596e-02, 1.06466580e-02, 1.04738253e-02,
       1.02972399e-02, 1.01174639e-02, 9.93504057e-03, 9.75049250e-03,
       9.56431980e-03, 9.37699869e-03, 9.18898053e-03, 9.00069095e-03,
       8.81252943e-03, 8.62486902e-03, 8.43805633e-03, 8.25241175e-03,
       8.06822979e-03, 7.88577965e-03, 7.70530588e-03, 7.52702921e-03,
       7.35114739e-03, 7.17783622e-03, 7.00725053e-03, 6.83952528e-03,
       6.67477666e-03, 6.51310319e-03, 6.35458686e-03, 6.19929424e-03,
       6.04727756e-03, 5.89857579e-03, 5.75321572e-03, 5.61121289e-03,
       5.47257265e-03, 5.33729100e-03, 5.20535555e-03, 5.07674630e-03,
       4.95143645e-03, 4.82939315e-03, 4.71057817e-03, 4.59494859e-03,
       4.48245736e-03, 4.37305386e-03, 4.26668447e-03, 4.16329297e-03,
       4.06282105e-03, 3.96520864e-03, 3.87039431e-03, 3.77831563e-03,
       3.68890940e-03, 3.60211198e-03, 3.51785949e-03, 3.43608807e-03,
       3.35673404e-03, 3.27973407e-03, 3.20502538e-03, 3.13254582e-03,
       3.06223400e-03, 2.99402940e-03, 2.92787248e-03, 2.86370469e-03,
       2.80146860e-03, 2.74110791e-03, 2.68256751e-03, 2.62579349e-03,
       2.57073322e-03, 2.51733529e-03, 2.46554958e-03, 2.41532727e-03,
       2.36662079e-03, 2.31938387e-03, 2.27357149e-03, 2.22913993e-03,
       2.18604668e-03, 2.14425049e-03, 2.10371131e-03, 2.06439031e-03,
       2.02624980e-03, 1.98925328e-03, 1.95336535e-03, 1.91855175e-03,
       1.88477926e-03, 1.85201574e-03, 1.82023008e-03, 1.78939216e-03,
       1.75947285e-03, 1.73044396e-03, 1.70227823e-03, 1.67494929e-03,
       1.64843167e-03, 1.62270070e-03, 1.59773257e-03, 1.57350426e-03,
       1.54999351e-03, 1.52717882e-03, 1.50503941e-03, 1.48355521e-03,
       1.46270682e-03, 1.44247551e-03, 1.42284318e-03, 1.40379234e-03,
       1.38530611e-03, 1.36736818e-03, 1.34996280e-03, 1.33307475e-03,
       1.31668935e-03, 1.30079241e-03, 1.28537023e-03, 1.27040957e-03,
       1.25589766e-03, 1.24182216e-03, 1.22817117e-03, 1.21493317e-03,
       1.20209707e-03, 1.18965214e-03, 1.17758803e-03, 1.16589473e-03,
       1.15456260e-03, 1.14358232e-03, 1.13294489e-03, 1.12264163e-03,
       1.11266414e-03, 1.10300435e-03, 1.09365442e-03, 1.08460682e-03,
       1.07585427e-03, 1.06738973e-03, 1.05920643e-03, 1.05129782e-03,
       1.04365757e-03, 1.03627959e-03, 1.02915800e-03, 1.02228712e-03,
       1.01566147e-03, 1.00927576e-03, 1.00312490e-03, 9.97203974e-04,
       9.91508232e-04, 9.86033105e-04, 9.80774183e-04, 9.75727215e-04,
       9.70888104e-04, 9.66252900e-04, 9.61817797e-04, 9.57579131e-04,
       9.53533368e-04, 9.49677110e-04, 9.46007081e-04, 9.42520131e-04,
       9.39213227e-04, 9.36083451e-04, 9.33127999e-04, 9.30344173e-04,
       9.27729381e-04, 9.25281132e-04, 9.22997036e-04, 9.20874797e-04,
       9.18912214e-04, 9.17107174e-04, 9.15457653e-04, 9.13961713e-04,
       9.12617498e-04, 9.11423232e-04, 9.10377217e-04, 9.09477834e-04,
       9.08723533e-04, 9.08112838e-04, 9.07644345e-04, 9.07316713e-04,
       9.07128671e-04, 9.07079010e-04, 9.07166585e-04, 9.07390310e-04,
       9.07749159e-04, 9.08242163e-04, 9.08868409e-04, 9.09627039e-04,
       9.10517248e-04, 9.11538282e-04, 9.12689436e-04, 9.13970058e-04,
       9.15379538e-04, 9.16917317e-04, 9.18582879e-04, 9.20375752e-04,
       9.22295506e-04, 9.24341755e-04, 9.26514150e-04, 9.28812386e-04,
       9.31236191e-04, 9.33785334e-04, 9.36459620e-04, 9.39258886e-04,
       9.42183008e-04, 9.45231891e-04, 9.48405474e-04, 9.51703728e-04,
       9.55126655e-04, 9.58674282e-04, 9.62346671e-04, 9.66143906e-04,
       9.70066100e-04, 9.74113393e-04, 9.78285948e-04, 9.82583952e-04,
       9.87007617e-04, 9.91557175e-04, 9.96232880e-04, 1.00103501e-03,
       1.00596385e-03])]","[[0, 6.376880005047202e-05, 0.00012384871691641303, 0.00018251523919836924, 0.0002412455125248178, 0.00030103412251766213, 0.00036258246770898056, 0.0004264131454450714, 0.0004929394982845266, 0.0005625082018191486, 0.0006354256190688705, 0.0007119743444040881, 0.0007924237931580772, 0.0008770371558635125, 0.0009660761152368117, 0.0010598041721136234, 0.001158489095338505, 0.0012624048114851347, 0.0013718329302155688, 0.001487064028380796, 0.0016083987716699233, 0.001736148925400601, 0.001870638289130186, 0.002012203579096641, 0.002161195275635956, 0.002317978448205283, 0.00248293356758463, 0.0026564573126987966, 0.002838963377967215, 0.0030308832859498517, 0.0032326672091848602, 0.0034447848044269623, 0.003667726061941127, 0.00390200217204807, 0.00414814645607345, 0.0044067164408252354, 0.004678298300871626, 0.004963511053199729, 0.005263009584212814, 0.00557748689863703, 0.005907675903874733, 0.006254350942160754, 0.0066183292128292005, 0.00700047217823796, 0.007401687013203307, 0.007822928134730905, 0.008265198833224914, 0.00872955301595475, 0.00921709706674993, 0.009728991821534071, 0.010266454656590734, 0.010830761684806465, 0.011423250054161777, 0.012045320342161997, 0.012698439039526489, 0.013384141116157112, 0.014104032662097735, 0.014859793595818419, 0.015653180431673026, 0.016486029097763193, 0.01736025779467992, 0.01827786988467702, 0.01924095679975264, 0.020251700955872573, 0.021312378659160164, 0.022425362988300692, 0.023593126635663136, 0.0248182446877285, 0.026103397323332826, 0.027451372405985688, 0.02886506794411442, 0.030347494390515328, 0.03190177674957153, 0.03353115645793258, 0.03523899300135521, 0.03702876522729319, 0.03890407230961749, 0.040868634318569984, 0.04292629234573531, 0.04508100813049253, 0.047336863131123647, 0.049698056980561324, 0.052168905263710916, 0.05475383655045042, 0.05745738861587242, 0.06028420377717005, 0.06323902327488083, 0.06632668062509262, 0.0695520938687997, 0.07292025664499795, 0.07643622801545691, 0.08010512097154163, 0.08393208955712095, 0.0879223145466356, 0.09208098762395393, 0.09641329401585398, 0.10092439354396991, 0.10561940007094543, 0.11050335933044501, 0.11558122514665907, 0.12085783406704217, 0.12633787845224564, 0.13202587808950364, 0.1379261504200057, 0.1440427794968807, 0.15037958381810046, 0.156940083207587, 0.16372746494770227, 0.1707445493966565, 0.1779937553546622, 0.18547706547227494, 0.19319599202262436, 0.20115154338541066, 0.20934419161384027, 0.21777384147528495, 0.2264398013715489, 0.2353407565544094, 0.244474745055794, 0.2538391367488739, 0.2634306159458981, 0.27324516792030434, 0.2832780697142221, 0.2935238855578224, 0.30397646718416543, 0.3146289592725866, 0.32547381019580346, 0.3365027881816386, 0.3477070029305631, 0.35907693265643553, 0.3706024564412795, 0.38227289171730144, 0.3940770366123009, 0.4060032168199231, 0.41803933658560966, 0.430172933334312, 0.4423912354086323, 0.45468122233746433, 0.46702968701661124, 0.479423299155196, 0.49184866932558763, 0.5042924129503653, 0.5167412135675296, 0.5291818847344215, 0.5416014299609957, 0.5539871001033023, 0.5663264476971217, 0.5786073777683035, 0.5908181947190091, 0.6029476449561391, 0.6149849549981243, 0.626919864867355, 0.6387426566462462, 0.6504441781438638, 0.6620158616858225, 0.6734497381017007, 0.6847384460405292, 0.695875236795259, 0.7068539748609571, 0.7176691344884729, 0.7283157925253179, 0.7387896178585467, 0.7490868577906954, 0.7592043216896611, 0.7691393622572378, 0.7788898547593703, 0.7884541745546667, 0.7978311732469255, 0.8070201537730666, 0.816020844720527, 0.8248333741485606, 0.8334582431665348, 0.8418962994998488, 0.8501487112509838, 0.8582169410399281, 0.8661027206851799, 0.8738080265640682, 0.8813350557695377, 0.8886862031600354, 0.8958640393798967, 0.9028712899097884, 0.9097108151903955, 0.9163855918476993, 0.9228986950348792, 0.929253281894079, 0.9354525761309511, 0.941499853685985, 0.9473984294790471, 0.9531516451972395, 0.9587628580910148, 0.9642354307393765, 0.9695727217418445, 0.9747780772925784, 0.9798548235905219, 0.984806260038581, 0.9896356531845707, 0.9943462313568953, 0.9989411799485686, 1.0034236373041843, 1.007796691165727, 1.0120633756346313, 1.0162266686091865, 1.0202894896582029, 1.0242546982937764, 1.0281250926079528, 1.0319034082400924, 1.0355923176437352, 1.0391944296237465, 1.0427122891164673, 1.0461483771874833, 1.0495051112234624, 1.0527848452962638, 1.0559898706792155, 1.0591224164970474, 1.062184650492499, 1.0651786798940424, 1.0681065523705227, 1.0709702570597672, 1.073771725659411, 1.0765128335692769, 1.0791954010756732, 1.0818211945689267, 1.0843919277863319, 1.0869092630735218, 1.0893748126579967, 1.0917901399292382, 1.09415676072046, 1.0964761445876203, 1.0987497160818436, 1.1009788560118778, 1.1031649026936439, 1.1053091531843298, 1.107412864498841, 1.1094772548067329, 1.1115035046080524, 1.1134927578867695, 1.1154461232407213, 1.1173646749871962, 1.1192494542434799, 1.1211014699818524, 1.1229217000586726, 1.1247110922173216, 1.1264705650648972, 1.1282010090226497, 1.1299032872502448, 1.1315782365440181, 1.1332266682094547, 1.134849368908187, 1.136447101479858, 1.138020605739237, 1.1395705992490173, 1.1410977780687528, 1.1426028174804164, 1.1440863726910864, 1.145549079513281, 1.1469915550234748, 1.1484143981993387, 1.1498181905362552, 1.1512034966436584, 1.1525708648217523, 1.1539208276191608, 1.1552539023720574, 1.1565705917253204, 1.1578713841362522, 1.1591567543613932, 1.1604271639269566, 1.1616830615833982, 1.162924883744626, 1.164153054912345, 1.165367988086024, 1.1665700851589538, 1.1677597373008648, 1.1689373253275495, 1.170103220057932, 1.1712577826590116, 1.1724013649790952, 1.1735343098697228, 1.1746569514966794, 1.1757696156404702, 1.176872619986633, 1.1779662744062411, 1.1790508812269451, 1.1801267354948883, 1.1811941252278206, 1.182253331659725, 1.1833046294772587, 1.1843482870483033, 1.1853845666429097, 1.1864137246469058, 1.1874360117684373, 1.188451673237694, 1.189460949000067, 1.1904640739029775, 1.191461277876604, 1.192452786108729, 1.1934388192139194, 1.1944195933972466, 1.1953953206127421, 1.1963662087167821, 1.1973324616165826, 1.198294279413984, 1.199251858544695, 1.2002053919131597, 1.2011550690232071, 1.2021010761046345, 1.2030435962358716, 1.203982809462867, 1.204918892914331, 1.2058520209134684, 1.2067823650863239, 1.2077100944668626, 1.2086353755989017, 1.2095583726350043, 1.210479247432445, 1.211398159646347, 1.212315266820093, 1.2132307244731038, 1.2141446861860778, 1.2150573036837764, 1.2159687269154422, 1.2168791041329312, 1.2177885819666352, 1.218697305499271, 1.2196054183376053, 1.2205130626821876, 1.2214203793951532, 1.2223275080661622, 1.2232345870765329, 1.22414175366163, 1.2250491439715583, 1.2259568931302198, 1.2268651352927826, 1.2277740037016072, 1.228683630740682, 1.2295941479886063, 1.2305056862701653, 1.231418375706538, 1.232332345764172, 1.233247725302365, 1.2341646426195856, 1.2350832254985646, 1.2360036012501892, 1.2369258967562264, 1.2378502385109071, 1.2387767526613909, 1.2397055650471396, 1.2406368012382212, 1.2415705865725621, 1.2425070461921721, 1.243446305078355, 1.2443884880859266, 1.245333719976449, 1.2462821254505005, 1.2472338291789922, 1.2481889558335397, 1.249147630115903, 1.250109976786502, 1.2510761206920158, 1.2520461867920696, 1.2530203001850184, 1.2539985861328267, 1.2549811700850497, 1.2559681777019185, 1.2569597348765256, 1.2579559677561147, 1.2589570027624708, 1.2599629666114063]]"
40.0,40.0,3,30,270,I0-S0,"[[0.01, 0.009218546420913139, 0.008861068736292907, 0.008775057932921297, 0.008868421580654883, 0.009085172672071132, 0.009390888676651096, 0.00976419168545661, 0.01019164594658331, 0.010664687162900456, 0.011177769971611148, 0.011727246286729552, 0.01231068242696873, 0.012926440072756517, 0.013573416270411897, 0.014250879709380214, 0.014958365629494635, 0.01569560674490069, 0.016462486560106977, 0.01725900683226626, 0.018085264155796796, 0.018941432579340157, 0.01982775032943, 0.020744509419641597, 0.021692047353088714, 0.02267074039012279, 0.023680998017731155, 0.024723258361700334, 0.025797984350592426, 0.02690566048605067, 0.028046790105366922, 0.02922189304472211, 0.030431503628164172, 0.03167616892013209, 0.032956525343109055, 0.034274090824397, 0.03563170839948171, 0.03703310677925055, 0.038482547397886695, 0.03998459781852482, 0.041543988503095174, 0.04316552497039034, 0.0448540368554145, 0.04661435152476426, 0.048451283928972966, 0.05036963704561651, 0.05237420906281852, 0.05446980467255089, 0.05666124867928023, 0.05895340070679634, 0.061351170186439, 0.06385953108803809, 0.06648353604762659, 0.06922832967867362, 0.07209916094377064, 0.07510139452370018, 0.07824052115934524, 0.08152216696517858, 0.08495210172556796, 0.08853624619005789, 0.09228067838345366, 0.09619163894260616, 0.10027553548547109, 0.10453894601014876, 0.10898862131280353, 0.11363148640404479, 0.11847464089381654, 0.12352535830529816, 0.12879108426890273, 0.13427943353827065, 0.13999818576126255, 0.1459552799304115, 0.15215880742914265, 0.15861700358235575, 0.1653382376127368, 0.17233100089747597, 0.1796038934139836, 0.1871656082577925, 0.19502491411120162, 0.203190635537462, 0.21167163097254843, 0.22047676828494087, 0.22961489777350869, 0.2390948224747216, 0.24892526565318676, 0.2591148353541359, 0.269671985903171, 0.2806049762475506, 0.2919218250447953, 0.30363026241865265, 0.3157376783197353, 0.3282510674486704, 0.34117697072361314, 0.35452141330170234, 0.3682898391956734, 0.38248704256256727, 0.3971170957814182, 0.41218327448105285, 0.42768797972772166, 0.44363265763516024, 0.46001771671672864, 0.4768424433602665, 0.49410491587091376, 0.5118019175949234, 0.5299288497078508, 0.5484796443227236, 0.5674466786469887, 0.5868206909901742, 0.6065906994960772, 0.626743924542557, 0.6472657158171337, 0.668139485135925, 0.6893466461251898, 0.7108665619269949, 0.7326765021213034, 0.7547516100740775, 0.7770648819227932, 0.7995871583951144, 0.8222871306215397, 0.8451313610469474, 0.8680843204677219, 0.891108442119448, 0.9141641936143141, 0.9372101673771326, 0.9602031900545546, 0.9830984511745102, 1.0058496511136406, 1.028409168191687, 1.0507282444563155, 1.0727571894532013, 1.0944456009985506, 1.1157426016893675, 1.1365970896059434, 1.1569580013869571, 1.1767745855962075, 1.1959966840574507, 1.2145750186161997, 1.2324614806005187, 1.249609420102341, 1.2659739320915437, 1.2815121363111426, 1.2961834478867578, 1.309949835619168, 1.3227760650163765, 1.334629923260935, 1.3454824234978522, 1.35530798606548, 1.3640845945723505, 1.3717939250418771, 1.378421446698007, 1.3839564933413355, 1.3883923046592117, 1.3917260372169338, 1.3939587452819868, 1.3950953320311925, 1.3951444720736892, 1.3941185065833905, 1.392033312666264, 1.3889081488845167, 1.3847654791167663, 1.3796307771467116, 1.373532314540151, 1.3665009344900274, 1.3585698143812837, 1.3497742198526002, 1.3401512531124684, 1.32973959820538, 1.318579265823807, 1.3067113401273436, 1.2941777298666126, 1.281020925921354, 1.2672837671546746, 1.2530092162639856, 1.2382401470787456, 1.223019144520619, 1.2073883182075564, 1.191389130453679, 1.1750622391953354, 1.1584473561633633, 1.1415831204250064, 1.1245069872381206, 1.1072551319967416, 1.0898623689017641, 1.0723620838639303, 1.0547861810386279, 1.0371650423028906, 1.0195274989138685, 1.0019008145340256, 0.9843106787703555, 0.966781210351719, 0.9493349690586549, 0.9319929755222598, 0.9147747380215066, 0.8976982854302217, 0.8807802054944363, 0.8640356876566025, 0.8474785696839192, 0.8311213874025536, 0.814975426886765, 0.7990507785008439, 0.7833563922414967, 0.7679001338780542, 0.7526888414370063, 0.7377283816252983, 0.723023705833119, 0.7085789054011818, 0.6943972658794805, 0.6804813200439711, 0.6668328994744541, 0.6534531845310207, 0.6403427525977656, 0.6275016244910484, 0.6149293089554809, 0.6026248451940865, 0.5905868433998357, 0.578813523274129, 0.5673027505339061, 0.5560520714230515, 0.545058745255798, 0.5343197750300457, 0.5238319361570647, 0.5135918033610954, 0.5035957758080268, 0.4938401005267775, 0.4843208941903475, 0.4750341633258767, 0.4659758230245585, 0.45714171422302263, 0.4485276196279163, 0.44012927835497057, 0.4319423993529283, 0.42396267368139867, 0.41618578571006615, 0.4086074233047776, 0.40122328706391497, 0.39402909866618174, 0.38702060838853053, 0.3801936018504746, 0.37354390603849247, 0.36706739466167276, 0.3607599928871919, 0.3546176815016754, 0.34863650054199546, 0.34281255243660724, 0.3371420046961392, 0.3316210921896379, 0.3262461190406325, 0.32101346017502874, 0.31591956255078096, 0.31096094609731256, 0.30613420439077527, 0.3014360050894425, 0.2968630901518349, 0.2924122758585629, 0.28808045265735227, 0.28386458484927984, 0.27976171013289747, 0.2757689390216494, 0.2718834541487964, 0.26810250947294195, 0.2644234293962087, 0.26084360780613614, 0.257360507051457, 0.2539716568610597, 0.2506746532146495, 0.24746715717288648, 0.24434689367409143, 0.24131165030397553, 0.23835927604426108, 0.23548768000551343, 0.23269483014900005, 0.22997875200192552, 0.2273375273699601, 0.22476929305058227, 0.22227223955038883, 0.21984460980918935, 0.2174846979333911, 0.21519084794089594, 0.21296145251946974, 0.21079495180030405, 0.20868983214827172, 0.2066446249701765, 0.20465790554211424, 0.2027282918568955, 0.2008544434923276, 0.1990350605010154, 0.1972688823222151, 0.19555468671615964, 0.1938912887211734, 0.19227753963379857, 0.19071232601207305, 0.18919456870202325, 0.18772322188736748, 0.18629727216236555, 0.18491573762769498, 0.18357766700918712, 0.18228213879921298, 0.18102826042047132, 0.1798151674118985, 0.1786420226363907, 0.17750801551000372, 0.17641236125227483, 0.17535430015729161, 0.17433309688511842, 0.17334803977317714, 0.17239844016716935, 0.17148363177111767, 0.1706029700160982, 0.1697558314472313, 0.16894161312849423, 0.16815973206491805, 0.16740962464172998, 0.1666907460800042, 0.16600256990838383, 0.16534458745044134, 0.16471630732724638, 0.1641172549747147, 0.16354697217531602, 0.16300501660372432, 0.1624909613859984, 0.1620043946718876, 0.16154491921986341, 0.1611121519944833, 0.16070572377570105, 0.1603252787797438, 0.15997047429118344, 0.15964098030583634, 0.1593364791841339, 0.15905666531461166, 0.15880124478717353, 0.1585699350757938, 0.1583624647303275, 0.15817857307710528, 0.15801800992799808, 0.15788053529764182, 0.15776591912851992, 0.15767394102360843, 0.15760438998629442, 0.1575570641672851, 0.15753177061823162, 0.15752832505179704, 0.15754655160790468, 0.1575862826259085, 0.15764735842243305, 0.1577296270746359, 0.15783294420865132, 0.157957172792979, 0.15810218293658657, 0.15826785169150004, 0.15845406285966082, 0.15866070680383315, 0.15888768026234945, 0.15913488616748667, 0.15940223346727017, 0.15968963695050617, 0.1599970170748477, 0.1603242997977032, 0.16067141640980043, 0.16103830337122205, 0.16142490214973315, 0.16183115906122417, 0.16225702511209614, 0.16270245584341853, 0.1631674111766932, 0.16365185526106113, 0.16415575632179163]]","[[0.01, 0.011673645222856313, 0.01362924433757481, 0.015801894642058518, 0.018156372979653095, 0.020674961410952587, 0.023350136468177064, 0.02618039656611726, 0.029167797965992802, 0.03231649531129689, 0.03563188181478116, 0.03912008657915729, 0.04278768388762391, 0.046641527764868226, 0.05068866015104424, 0.05493626199586756, 0.05939162909944292, 0.06406216198786222, 0.06895536354832753, 0.0740788407792886, 0.07944030856525322, 0.08504759429950862, 0.09090864271123135, 0.09703152056150847, 0.10342442104799834, 0.11009566785520987, 0.11705371883921942, 0.12430716936132157, 0.13186475529596098, 0.1397353557409593, 0.14792799545639457, 0.15645184705472806, 0.16531623296015766, 0.1745306271503906, 0.18410473888114098, 0.1940494114605612, 0.20437737932432995, 0.21510311517018849, 0.22624265581286684, 0.23781348107292286, 0.24983442930006727, 0.2623256391111613, 0.2753085105386134, 0.2888056810259086, 0.3028410131169671, 0.3174395915896785, 0.3326277283760876, 0.3484329740096774, 0.3648841346151303, 0.3820112936512762, 0.39984583776040517, 0.418420486183438, 0.437769323281181, 0.4579278337638905, 0.4789329402791575, 0.5008230430447715, 0.5236380612408943, 0.5474194758961132, 0.5722103740159182, 0.5980554937107162, 0.6250012700843609, 0.6530958816438722, 0.6823892969869723, 0.712933321516649, 0.7447816439214457, 0.7779898821468175, 0.8126156285669038, 0.848718494047602, 0.8863601505710651, 0.9256043720688162, 0.9665170730857177, 1.0091663448701893, 1.0536224884574759, 1.0999580442825658, 1.1482478178277429, 1.1985689007768685, 1.2510006871145856, 1.305624883573923, 1.362525513800558, 1.4217889155665604, 1.4835037303311802, 1.547760884411542, 1.614653560992447, 1.6842771621723887, 1.7567292602129236, 1.8321095371313834, 1.9105197117532442, 1.9920634533211221, 2.0768462807431285, 2.1649754465551756, 2.2565598046707245, 2.3517096609984507, 2.4505366060245204, 2.5531533284826957, 2.659673409273572, 2.770211094845036, 2.884881049310767, 3.0037980846634413, 3.1270768685353776, 3.254831609072775, 3.387175716621369, 3.524221442072117, 3.6660794918860473, 3.812858620008099, 3.9646651970908056, 4.121602757679852, 4.283771526264395, 4.451267923364626, 4.624184053116031, 4.802607174112307, 4.986619155584535, 5.176295921320067, 5.371706884057154, 5.572914373426496, 5.779973060844031, 5.992929385085132, 6.211820982583203, 6.436676126789369, 6.667513181197833, 6.904340070876856, 7.14715377754109, 7.395939863350308, 7.650672028715469, 7.911311709429228, 8.177807718408301, 8.450095937234556, 8.728099062505773, 9.011726411752855, 9.300873793345792, 9.595423444395795, 9.89524404016687, 10.20019077793982, 10.510105537630134, 10.824817120755055, 11.144141568582842, 11.467882559488965, 11.795831884701473, 12.127770000754055, 12.463466656094413, 12.802681588432584, 13.145165288573864, 13.490659825679524, 13.83889972815047, 14.189612913648746, 14.542521661172369, 14.897343617592057, 15.253792830653884, 15.611580800157281, 15.970417538838715, 16.33001263443065, 16.690076304423332, 17.050320435231782, 17.41045959775687, 17.770212031721574, 18.12930059165159, 18.487453647943195, 18.844405937108395, 19.19989935599424, 19.55368369552614, 19.905517310309033, 20.25516772122157, 20.602412148942143, 20.947037977139008, 21.288843144826863, 21.62763646812802, 21.963237892367903, 22.295478676073685, 22.624201509024502, 22.949260567017188, 23.270521506458888, 23.587861402275873, 23.90116863293548, 24.21034271661674, 24.51529410273673, 24.81594392314725, 25.11222370736435, 25.40407506618582, 25.691449347994602, 25.974307271944756, 26.25261854208632, 26.526361446313096, 26.795522443817404, 27.06009574451498, 27.3200828836659, 27.57549229466903, 27.82633888275243, 28.072643602024552, 28.31443303809443, 28.551738998216887, 28.784598110673375, 29.013051434862984, 29.237144083353176, 29.45692485692723, 29.672445893466403, 29.883762331320042, 30.09093198764699, 30.29401505205623, 30.493073795734414, 30.68817229612183, 30.879376177086563, 31.066752364447986, 31.250368856615278, 31.430294510032937, 31.606598839063043, 31.779351829882277, 31.948623767929334, 32.114485078405075, 32.2770061793022, 32.436257346422934, 32.59230858983122, 32.74522954117957, 32.89508935134939, 33.04195659784647, 33.1858992013999, 33.326984351222436, 33.46527843840272, 33.600846996914214, 33.73375465174197, 33.86406507364607, 33.991840940099216, 34.11714390195529, 34.240034555425666, 34.360572418960345, 34.47881591465083, 34.59482235379236, 34.708647926262344, 34.82034769339198, 34.929975584026636, 35.03758439348933, 35.143225785179524, 35.246950294556676, 35.34880733527473, 35.44884520724931, 35.54711110645499, 35.643651136263955, 35.73851032015147, 35.8317326156064, 35.923360929097186, 36.0134371319555, 36.10200207705048, 36.18909561613684, 36.274756617769626, 36.359022985687574, 36.44193167757514, 36.5235187241215, 36.60381924830182, 36.682867484813045, 36.76069679960296, 36.83733970943672, 36.91282790145099, 36.98719225265058, 37.06046284930729, 37.13266900622483, 37.20383928583784, 37.27400151711662, 37.34318281425258, 37.41140959510234, 37.4787075993717, 37.545101906522746, 37.61061695339014, 37.67527655149479, 37.73910390404472, 37.802121622615374, 37.864351743502645, 37.9258157437438, 37.98653455680264, 38.046528587916555, 38.105817729104125, 38.16442137383306, 38.22235843134899, 38.27964734066655, 38.33630608422488, 38.39235220121016, 38.4478028005486, 38.502674573573614, 38.5569838063713, 38.61074639180893, 38.66397784125127, 38.7166932959699, 38.768907538251, 38.82063500220711, 38.871889784298695, 38.92268565357133, 38.9730360616146, 39.02295415224863, 39.072452770944416, 39.121544473984095, 39.170241537367275, 39.21855596546951, 39.26649949945915, 39.31408362547842, 39.361319582594966, 39.408218370529696, 39.45479075716681, 39.50104728585188, 39.546998282483635, 39.59265386240512, 39.638023937099824, 39.68311822069803, 39.72794623629893, 39.77251732211364, 39.8168406374341, 39.86092516843309, 39.904779733800105, 39.948412990217854, 39.99183343768409, 40.035049424683315, 40.07806915321272, 40.12090068366673, 40.16355193958437, 40.20603071226338, 40.24834466524527, 40.29050133867502, 40.332508153539194, 40.374372415786105, 40.41610132033161, 40.45770195495392, 40.499181304080636, 40.540546252471515, 40.58180358879974, 40.62296000913489, 40.66402212033062, 40.70499644331956, 40.74588941631853, 40.786707397946465, 40.82745667025765, 40.868143441692794, 40.90877384995025, 40.94935396477968, 40.9898897907004, 41.03038726964652, 41.07085228354091, 41.11129065680001, 41.151708158771335, 41.192110506105536, 41.23250336506474, 41.27289235376886, 41.31328304438154, 41.35368096523719, 41.39409160291065, 41.434520404230945, 41.474972778240364, 41.51545409810029, 41.555969702944914, 41.59652489968408, 41.63712496475631, 41.677775145833216, 41.71848066347605, 41.75924671274564, 41.80007846476641, 41.84098106824541, 41.88195965094717, 41.92301932112504, 41.96416516890991, 42.00540226765668, 42.046735675249394, 42.08817043536537, 42.12971157869895, 42.17136412414534, 42.21313307994493, 42.25502344478854, 42.297040208883864, 42.33918835498351, 42.381472859374846, 42.42389869283185, 42.46647082152923]]","[array([6.37688001e-05, 6.00799169e-05, 5.86665223e-05, 5.87302517e-05,
       5.97879829e-05, 6.15443910e-05, 6.38170673e-05, 6.64921335e-05,
       6.94975618e-05, 7.27871090e-05, 7.63306091e-05, 8.01080823e-05,
       8.41061359e-05, 8.83157452e-05, 9.27308677e-05, 9.73475632e-05,
       1.02163423e-04, 1.07177188e-04, 1.12388492e-04, 1.17797674e-04,
       1.23405644e-04, 1.29213783e-04, 1.35223864e-04, 1.41437988e-04,
       1.47858539e-04, 1.54488139e-04, 1.61329615e-04, 1.68385973e-04,
       1.75660372e-04, 1.83156106e-04, 1.90876589e-04, 1.98825333e-04,
       2.07005945e-04, 2.15422216e-04, 2.24080704e-04, 2.32996111e-04,
       2.42190584e-04, 2.51690910e-04, 2.61526619e-04, 2.71728767e-04,
       2.82329178e-04, 2.93359988e-04, 3.04853398e-04, 3.16841550e-04,
       3.29356503e-04, 3.42430254e-04, 3.56094806e-04, 3.70382249e-04,
       3.85324857e-04, 4.00955185e-04, 4.17306169e-04, 4.34411224e-04,
       4.52304334e-04, 4.71020136e-04, 4.90594005e-04, 5.11062118e-04,
       5.32461529e-04, 5.54830217e-04, 5.78207149e-04, 6.02632316e-04,
       6.28146779e-04, 6.54792696e-04, 6.82613351e-04, 7.11653171e-04,
       7.41957744e-04, 7.73573816e-04, 8.06549300e-04, 8.40933261e-04,
       8.76775902e-04, 9.14128540e-04, 9.53043574e-04, 9.93574444e-04,
       1.03577558e-03, 1.07970233e-03, 1.12541090e-03, 1.17295828e-03,
       1.22240212e-03, 1.27380063e-03, 1.32721248e-03, 1.38269661e-03,
       1.44031212e-03, 1.50011811e-03, 1.56217342e-03, 1.62653649e-03,
       1.69326512e-03, 1.76241621e-03, 1.83404549e-03, 1.90820724e-03,
       1.98495399e-03, 2.06433616e-03, 2.14640175e-03, 2.23119589e-03,
       2.31876052e-03, 2.40913389e-03, 2.50235019e-03, 2.59843899e-03,
       2.69742485e-03, 2.79932672e-03, 2.90415747e-03, 3.01192334e-03,
       3.12262335e-03, 3.23624876e-03, 3.35278250e-03, 3.47219857e-03,
       3.59446145e-03, 3.71952557e-03, 3.84733467e-03, 3.97782133e-03,
       4.11090639e-03, 4.24649845e-03, 4.38449341e-03, 4.52477407e-03,
       4.66720970e-03, 4.81165577e-03, 4.95795367e-03, 5.10593054e-03,
       5.25539916e-03, 5.40615798e-03, 5.55799115e-03, 5.71066876e-03,
       5.86394712e-03, 6.01756919e-03, 6.17126512e-03, 6.32475289e-03,
       6.47773916e-03, 6.62992014e-03, 6.78098265e-03, 6.93060533e-03,
       7.07845990e-03, 7.22421258e-03, 7.36752564e-03, 7.50805901e-03,
       7.64547198e-03, 7.77942503e-03, 7.90958162e-03, 8.03561015e-03,
       8.15718582e-03, 8.27399262e-03, 8.38572520e-03, 8.49209080e-03,
       8.59281105e-03, 8.68762376e-03, 8.77628457e-03, 8.85856855e-03,
       8.93427159e-03, 9.00321170e-03, 9.06523016e-03, 9.12019242e-03,
       9.16798893e-03, 9.20853567e-03, 9.24177453e-03, 9.26767351e-03,
       9.28622665e-03, 9.29745385e-03, 9.30140042e-03, 9.29813648e-03,
       9.28775618e-03, 9.27037671e-03, 9.24613726e-03, 9.21519774e-03,
       9.17773741e-03, 9.13395346e-03, 9.08405942e-03, 9.02828358e-03,
       8.96686730e-03, 8.90006334e-03, 8.82813416e-03, 8.75135023e-03,
       8.66998830e-03, 8.58432986e-03, 8.49465947e-03, 8.40126324e-03,
       8.30442741e-03, 8.20443696e-03, 8.10157430e-03, 7.99611809e-03,
       7.88834216e-03, 7.77851447e-03, 7.66689626e-03, 7.55374123e-03,
       7.43929488e-03, 7.32379386e-03, 7.20746556e-03, 7.09052763e-03,
       6.97318771e-03, 6.85564319e-03, 6.73808105e-03, 6.62067782e-03,
       6.50359950e-03, 6.38700170e-03, 6.27102966e-03, 6.15581847e-03,
       6.04149322e-03, 5.92816929e-03, 5.81595258e-03, 5.70493980e-03,
       5.59521886e-03, 5.48686911e-03, 5.37996180e-03, 5.27456035e-03,
       5.17072079e-03, 5.06849210e-03, 4.96791659e-03, 4.86903030e-03,
       4.77186334e-03, 4.67644026e-03, 4.58278043e-03, 4.49089838e-03,
       4.40080411e-03, 4.31250346e-03, 4.22599840e-03, 4.14128733e-03,
       4.05836538e-03, 3.97722472e-03, 3.89785474e-03, 3.82024237e-03,
       3.74437231e-03, 3.67022722e-03, 3.59778797e-03, 3.52703379e-03,
       3.45794250e-03, 3.39049068e-03, 3.32465379e-03, 3.26040638e-03,
       3.19772216e-03, 3.13657422e-03, 3.07693505e-03, 3.01877673e-03,
       2.96207099e-03, 2.90678931e-03, 2.85290302e-03, 2.80038338e-03,
       2.74920160e-03, 2.69932899e-03, 2.65073694e-03, 2.60339703e-03,
       2.55728104e-03, 2.51236100e-03, 2.46860926e-03, 2.42599846e-03,
       2.38450164e-03, 2.34409218e-03, 2.30474390e-03, 2.26643102e-03,
       2.22912823e-03, 2.19281064e-03, 2.15745386e-03, 2.12303396e-03,
       2.08952749e-03, 2.05691150e-03, 2.02516353e-03, 1.99426161e-03,
       1.96418426e-03, 1.93491051e-03, 1.90641987e-03, 1.87869235e-03,
       1.85170845e-03, 1.82544914e-03, 1.79989588e-03, 1.77503060e-03,
       1.75083569e-03, 1.72729401e-03, 1.70438886e-03, 1.68210400e-03,
       1.66042361e-03, 1.63933233e-03, 1.61881518e-03, 1.59885764e-03,
       1.57944555e-03, 1.56056517e-03, 1.54220316e-03, 1.52434654e-03,
       1.50698269e-03, 1.49009939e-03, 1.47368474e-03, 1.45772720e-03,
       1.44221557e-03, 1.42713896e-03, 1.41248683e-03, 1.39824892e-03,
       1.38441531e-03, 1.37097633e-03, 1.35792264e-03, 1.34524517e-03,
       1.33293511e-03, 1.32098393e-03, 1.30938335e-03, 1.29812535e-03,
       1.28720216e-03, 1.27660622e-03, 1.26633024e-03, 1.25636714e-03,
       1.24671004e-03, 1.23735229e-03, 1.22828746e-03, 1.21950930e-03,
       1.21101177e-03, 1.20278900e-03, 1.19483533e-03, 1.18714527e-03,
       1.17971350e-03, 1.17253486e-03, 1.16560438e-03, 1.15891723e-03,
       1.15246876e-03, 1.14625443e-03, 1.14026988e-03, 1.13451088e-03,
       1.12897336e-03, 1.12365334e-03, 1.11854702e-03, 1.11365070e-03,
       1.10896081e-03, 1.10447389e-03, 1.10018661e-03, 1.09609577e-03,
       1.09219823e-03, 1.08849101e-03, 1.08497121e-03, 1.08163603e-03,
       1.07848277e-03, 1.07550884e-03, 1.07271172e-03, 1.07008900e-03,
       1.06763836e-03, 1.06535754e-03, 1.06324440e-03, 1.06129685e-03,
       1.05951289e-03, 1.05789061e-03, 1.05642816e-03, 1.05512376e-03,
       1.05397572e-03, 1.05298239e-03, 1.05214221e-03, 1.05145368e-03,
       1.05091537e-03, 1.05052589e-03, 1.05028393e-03, 1.05018823e-03,
       1.05023760e-03, 1.05043088e-03, 1.05076699e-03, 1.05124489e-03,
       1.05186358e-03, 1.05262214e-03, 1.05351968e-03, 1.05455534e-03,
       1.05572833e-03, 1.05703791e-03, 1.05848336e-03, 1.06006401e-03,
       1.06177923e-03, 1.06362845e-03, 1.06561110e-03, 1.06772669e-03,
       1.06997472e-03, 1.07235477e-03, 1.07486642e-03, 1.07750930e-03,
       1.08028307e-03, 1.08318741e-03, 1.08622205e-03, 1.08938674e-03,
       1.09268124e-03])]","[[0, 6.376880005047202e-05, 0.00012384871691641303, 0.00018251523919836924, 0.00024124549088307026, 0.00030103347373718054, 0.00036257786471496006, 0.00042639493196521157, 0.0004928870654392076, 0.0005623846272310761, 0.000635171736186234, 0.0007115023452578632, 0.0007916104275494852, 0.0008757165634314728, 0.0009640323085878528, 0.0010567631762723984, 0.001154110739479176, 0.0012562741621548448, 0.001363451350343391, 0.001475839842779801, 0.0015936375171287384, 0.001717043161562817, 0.0018462569449818533, 0.0019814808088796593, 0.0021229187972703805, 0.002270777336755509, 0.0024252654758828126, 0.002586595090899253, 0.0027549810635160666, 0.0029306414351924323, 0.0031137975415851333, 0.0033046741301300244, 0.0035034994631686616, 0.003710505408578143, 0.003925927624364465, 0.004150008328212057, 0.004383004439606448, 0.0046251950231412445, 0.004876885932856626, 0.005138412552062286, 0.0054101413194018715, 0.005692470497162882, 0.005985830485277892, 0.0062906838831466045, 0.006607525433454392, 0.006936881936209401, 0.00727931218995504, 0.007635406995769519, 0.008005789245087014, 0.00839111410245402, 0.008792069287635484, 0.009209375457023376, 0.009643786681391027, 0.010096091015200441, 0.010567111151568491, 0.011057705156391465, 0.011568767274845432, 0.012101228803400902, 0.012656059020528583, 0.013234266169367752, 0.013836898485737855, 0.014465045264967953, 0.015119837961077954, 0.01580245131185715, 0.016514104483341358, 0.01725606222708501, 0.018029636043456816, 0.018836185343955945, 0.01967711860525097, 0.0205538945072869, 0.021468023047388447, 0.022421066621812414, 0.023414641065670993, 0.024450416641563895, 0.025530118966623525, 0.0266555298669972, 0.02782848814806757, 0.029050890267951428, 0.03032469090102223, 0.031651903377379165, 0.03303459998334107, 0.03447491210718444, 0.03597503021347891, 0.037537203628510825, 0.039163740118434716, 0.040857005240967456, 0.04261942145065124, 0.044453466936975876, 0.04636167417398267, 0.0483466281593902, 0.0504109643208049, 0.05255736606622804, 0.05478856195586769, 0.05710732247223356, 0.05951645636565967, 0.06201880655279136, 0.06461724554621681, 0.06731467039434771, 0.07011399711188712, 0.07301815458279513, 0.076030077919601, 0.07915270126524282, 0.08238895002636705, 0.0857417325302123, 0.08921393110085593, 0.09280839255473058, 0.09652791811993262, 0.1003752527889468, 0.10435307411999878, 0.10846398050830518, 0.1127104789549974, 0.11709497236841925, 0.12161974643979126, 0.12628695614284416, 0.131098611914876, 0.13605656558470267, 0.14116249612104953, 0.14641789528296756, 0.1518240532617218, 0.15738204441116635, 0.16309271317073673, 0.16895666029171053, 0.17497422948314678, 0.18114549459875562, 0.1874702474897076, 0.19394798665091015, 0.20057790678940593, 0.2073588894431471, 0.2142894947763499, 0.22136795467383347, 0.22859216725112505, 0.235959692889622, 0.24346775189673206, 0.2511132238796907, 0.2588926489087436, 0.26680223053068847, 0.27483784067753936, 0.28299502649749425, 0.291269019116677, 0.29965474432054634, 0.3081468351237069, 0.3167396461764353, 0.3254272699358778, 0.3342035545099315, 0.34306212306263445, 0.35199639465179733, 0.3609996063529454, 0.37006483650869937, 0.3791850289297879, 0.3883530178631853, 0.39756155353459727, 0.40680332806682, 0.41607100157246585, 0.42535722821921007, 0.43465468206806224, 0.44395608249011703, 0.4532542189746754, 0.46254197515137596, 0.47181235186082127, 0.48105848912187704, 0.4902736868590873, 0.49945142427018163, 0.5085853777311424, 0.5176694371544308, 0.5266977207344267, 0.535664588032609, 0.544564651373203, 0.5533927855376807, 0.5621441357633729, 0.5708141240673322, 0.5793984539312866, 0.5878931133969044, 0.5962943766325395, 0.6045988040430649, 0.6128032410032894, 0.6209048153027742, 0.6289009333956403, 0.6367892755532282, 0.6445677900202964, 0.6522346862769177, 0.6597884275084414, 0.6672277223849528, 0.6745515162496944, 0.6817589818130387, 0.6888495094449459, 0.6958226971545338, 0.7026783403405376, 0.7094164213911797, 0.7160370992064038, 0.7225406987096538, 0.7289277004105024, 0.7351987300735306, 0.7413545485430063, 0.7473960417671739, 0.7533242110604056, 0.7591401636361141, 0.7648451034382421, 0.7704403222943342, 0.7759271914087033, 0.7813071532100189, 0.7865817135638051, 0.7917524343568113, 0.7968209264570374, 0.8017888430503313, 0.8066578733519265, 0.8114297366890433, 0.8161061769487171, 0.8206889573833309, 0.8251798557648958, 0.8295806598779276, 0.8338931633397875, 0.8381191617365807, 0.8422604490621042, 0.8463188144469047, 0.8502960391642238, 0.8541938938994446, 0.8580141362696192, 0.8617585085797129, 0.8654287358023455, 0.8690265237680311, 0.8725535575532013, 0.876011500053626, 0.8794019907312297, 0.8827266445227036, 0.8859870508987543, 0.8891847730632855, 0.8923213472822713, 0.895398282332562, 0.8984170590613362, 0.9013791300473917, 0.9042859193559423, 0.9071388223790482, 0.9099392057542668, 0.9126884073545517, 0.9153877363428587, 0.9180384732853327, 0.9206418703173478, 0.923199151357058, 0.9257115123614812, 0.9281801216204889, 0.9306061200844067, 0.9329906217212459, 0.9353347138998857, 0.9376394577958067, 0.9399058888162438, 0.9421350170418753, 0.9443278276824009, 0.9464852815435832, 0.9486083155035314, 0.9506978429961999, 0.9527547545002553, 0.9547799180316331, 0.9567741796382603, 0.9587383638955663, 0.9606732744015404, 0.9625796942702164, 0.9644583866225838, 0.9663100950740282, 0.968135544217506, 0.9699354401017465, 0.9717104707038602, 0.9734613063958083, 0.9751886004042585, 0.9768929892634187, 0.9785750932604983, 0.980235516873501, 0.9818748492011037, 0.9834936643844202, 0.985092522020489, 0.9866719675673638, 0.9882325327407165, 0.989774735901896, 0.9912990824374089, 0.9928060651298201, 0.9942961645200852, 0.9957698492613549, 0.9972275764643012, 0.9986697920340372, 1.0000969309987142, 1.00150941782989, 1.0029076667547772, 1.004292082060483, 1.0056630583903714, 1.0070209810326698, 1.0083662262014645, 1.0096991613102202, 1.011020145237973, 1.0123295285883427, 1.0136276539415174, 1.014914856099362, 1.0161914623238033, 1.01745779256865, 1.0187141597049978, 1.0199608697403775, 1.0211982220317994, 1.0224265094928453, 1.0236460187949612, 1.0248570305631024, 1.0260598195658757, 1.0272546549003279, 1.0284418001715252, 1.0296215136670623, 1.030794048526646, 1.0319596529068846, 1.033118570141422, 1.0342710388965453, 1.0354172933223966, 1.036557563199914, 1.0376920740836253, 1.0388210474404143, 1.0399447007843774, 1.0410632478078858, 1.0421768985089634, 1.043285859315088, 1.0443903332035258, 1.0454905198182975, 1.0465866155838777, 1.047678813815725, 1.0487673048277373, 1.0498522760367228, 1.0509339120639767, 1.052012394834048, 1.0530879036707836, 1.0541606153907255, 1.0552307043939433, 1.0562983427523782, 1.0573637002957677, 1.0584269446952264, 1.0594882415445497, 1.060547754439307, 1.0616056450537874, 1.0626620732158614, 1.0637171969798178, 1.0647711726972318, 1.0658241550859218, 1.0668762972970471, 1.0679277509803988, 1.068978666347931, 1.0700291922355845, 1.071079476163442, 1.0721296643942662, 1.0731799019904562, 1.0742303328694673, 1.0752810998577296, 1.076332344743105, 1.077384208325916, 1.07843683046858, 1.0794903501438844, 1.0805449054819278, 1.0816006338157618, 1.0826576717257572, 1.0837161550827246, 1.0847762190898087, 1.0858379983231874, 1.086901626771591, 1.0879672378746656, 1.089034964560201, 1.0901049392802395, 1.0911772940460829, 1.0922521604622148, 1.0933296697591528, 1.0944099528252424, 1.0954931402374068, 1.0965793622908628, 1.0976687490278143, 1.09876143026513]]"
40.0,40.0,3,30,270,I1-S0,"[[0.01, 0.009218546420913139, 0.008861068736292907, 0.008775057932921297, 0.008868421605175078, 0.009085173898503343, 0.009390900944051397, 0.0097642526437132, 0.010191852661158182, 0.010665238469536733, 0.011179017151979895, 0.0117297497240588, 0.012315272300298722, 0.012934279623454337, 0.013586066618799124, 0.014270365571823446, 0.014987241578171938, 0.015737023869606504, 0.01652025954567132, 0.017337681569497214, 0.018190186070443003, 0.019078815902718586, 0.020004748554329873, 0.020969287192227015, 0.021973854050451106, 0.02301998562720393, 0.024109329318823938, 0.02524364122212316, 0.026424784904331904, 0.027654730985674073, 0.028935557411534134, 0.03026945031420083, 0.031658705381273355, 0.03310572966083292, 0.03461312875242383, 0.03618457544258091, 0.03782530672025538, 0.03954165142234683, 0.041340643180429446, 0.04322977089341503, 0.0452168236755734, 0.04730980051759112, 0.04951686392998049, 0.05184632310856685, 0.054306636544007074, 0.05690642707389641, 0.05965450454120452, 0.06255989274674953, 0.06563185845354337, 0.06887994094836285, 0.07231398118350653, 0.07594414987528166, 0.07978097417239109, 0.08383536266078197, 0.08811862856586758, 0.09264251106569986, 0.0974191946520781, 0.10246132647960131, 0.10778203163160682, 0.11339492621123339, 0.1193141281386182, 0.12555426550365018, 0.1321304822892478, 0.13905844124383887, 0.1463543236442995, 0.1540348256525708, 0.16211715093089496, 0.1706189991424288, 0.17955854992620882, 0.18895444189839966, 0.198825746195843, 0.209191934043599, 0.22007283779599954, 0.23148860487137246, 0.24345964397484418, 0.25600656298240465, 0.2691500978437926, 0.28291103185294664, 0.2973101046341353, 0.3123679102009525, 0.32810478346580624, 0.3445406746111535, 0.3616950107824617, 0.379586544628739, 0.39823318930155527, 0.4176518396298832, 0.43785817931789367, 0.4588664741680126, 0.4806893515138654, 0.5033375662587035, 0.5268197541556294, 0.5511421732370064, 0.5763084346017906, 0.6023192241002971, 0.6291720168142929, 0.6568607866133689, 0.685375713472112, 0.7147028916510865, 0.7448240422709607, 0.7757162342345966, 0.8073516178662371, 0.8396971760281449, 0.8727144978297108, 0.9063595803473391, 0.9405826640094163, 0.9753281074527549, 1.0105343077081654, 1.0461336715066918, 1.0820526432989754, 1.118211795234387, 1.154525983842788, 1.190904577492283, 1.2272517578576934, 1.263466897628357, 1.2994450155177992, 1.3350773083256218, 1.3702517583642284, 1.4048538130270187, 1.438767131674245, 1.4718743933875411, 1.5040581575388543, 1.5352017675824172, 1.5651902870598238, 1.593911455558609, 1.6212566513324567, 1.6471218465205488, 1.6714085404326013, 1.6940246562244323, 1.7148853864960367, 1.7339139739081673, 1.7510424138301444, 1.7662120672841326, 1.7793741740102393, 1.7904902573018169, 1.799532414300655, 1.806483487638703, 1.811337116602312, 1.8140976683095573, 1.8147800516636166, 1.8134094190106536, 1.8100207624295555, 1.8046584133609387, 1.797375455801099, 1.7882330645105728, 1.7772997805956494, 1.7646507374049833, 1.7503668499441696, 1.7345339809609333, 1.717242096513915, 1.6985844232380667, 1.6786566186946101, 1.65755596518272, 1.6353805962352954, 1.6122287637647335, 1.5881981525078643, 1.5633852470811758, 1.5378847556337447, 1.5117890928071531, 1.4851879235055663, 1.4581677678663527, 1.4308116668182063, 1.4031989067307105, 1.3754048009029192, 1.3475005250108207, 1.3195530031326945, 1.2916248405924882, 1.2637742995969252, 1.2360553134827474, 1.2085175353255353, 1.181206416679381, 1.1541633123053936, 1.1274256068947235, 1.1010268599870159, 1.074996965517094, 1.0493623226812188, 1.0241460150904302, 0.9993679954642353, 0.9750452734063866, 0.9511921040897986, 0.9278201759550162, 0.9049387957922231, 0.8825550698276243, 0.8606740796690434, 0.8392990521813153, 0.8184315225587488, 0.7980714900393049, 0.7782175658633497, 0.7588671132194166, 0.7400163790411273, 0.7216606176242714, 0.7037942061221654, 0.6864107520520208, 0.6695031930064306, 0.6530638888135111, 0.6370847064279878, 0.6215570978648063, 0.6064721715078656, 0.5918207571402996, 0.5775934650504044, 0.5637807395697582, 0.5503729073981574, 0.537360221064483, 0.5247328978641731, 0.5124811546032446, 0.5005952384662996, 0.489065454312122, 0.4778821886857395, 0.4670359308205027, 0.45651729088812837, 0.4463170157389866, 0.43642600235938545, 0.42683530925737456, 0.41753616597377763, 0.4085199809008668, 0.3997783475773815, 0.3913030496155245, 0.38308606440316306, 0.37511956571275545, 0.3673959253375029, 0.359907713864907, 0.35264770068826784, 0.3456088533476811, 0.3387843362837538, 0.33216750907953746, 0.32575192425904254, 0.31953132470412177, 0.3134996407454576, 0.3076509869778346, 0.30197965884478556, 0.296480129033041, 0.2911470437129586, 0.2859752186572266, 0.2809596352666051, 0.27609543652825497, 0.27137792292928864, 0.2668025483455339, 0.2623649159231071, 0.2580607739682287, 0.25388601185876025, 0.24983665598918064, 0.24590886575913184, 0.24209892961424104, 0.2384032611466433, 0.2348183952614836, 0.23134098441464895, 0.22796779492606503, 0.2246957033720732, 0.22152169305967662, 0.2184428505847966, 0.2154563624761089, 0.21255951192552222, 0.20974967560591568, 0.2070243205763596, 0.20438100127470102, 0.20181735659709515, 0.19933110706380522, 0.19692005207036709, 0.19458206722302337, 0.1923151017571668, 0.19011717603739353, 0.1879863791376513, 0.1859208664998705, 0.18391885766938934, 0.18197863410542098, 0.18009853706476442, 0.17827696555692413, 0.1765123743687803, 0.17480327215693772, 0.17314821960587398, 0.17154582765001183, 0.1699947557578469, 0.16849371027627727, 0.1670414428333001, 0.16563674879726345, 0.16427846579088856, 0.16296547225830768, 0.1616966860833945, 0.1604710632576994, 0.15928759659633696, 0.15814531450021171, 0.1570432797630054, 0.15598058842138957, 0.15495636864696613, 0.1539697796784789, 0.1530200107928797, 0.15210628031387183, 0.15122783465659487, 0.150383947407153, 0.1495739184357295, 0.14879707304206766, 0.14805276113213686, 0.1473403564248403, 0.14665925568765642, 0.14600887800014295, 0.14538866404426723, 0.14479807542056017, 0.14423659398912522, 0.14370372123456587, 0.14319897765392656, 0.1427219021667726, 0.14227205154656516, 0.14184899987251468, 0.14145233800112547, 0.14108167305667055, 0.14073662793986202, 0.14041684085400763, 0.14012196484796835, 0.13985166737525584, 0.13960562986863073, 0.13938354732958522, 0.13918512793211385, 0.13901009264019765, 0.138858174838445, 0.138729119975353, 0.1386226852186698, 0.13853863912235667, 0.13847676130466471, 0.1384368421368576, 0.13841868244212668, 0.13842209320425988, 0.13844689528564003, 0.138492919154161, 0.1385600046186647, 0.13864800057251228, 0.13875676474491683, 0.13888616345967472, 0.13903607140094448, 0.1392063713857325, 0.1393969541427541, 0.13960771809734907, 0.13983856916213888, 0.14008942053312226, 0.1403601924909134, 0.14065081220683553, 0.14096121355358987, 0.14129133692022694, 0.14164112903115472, 0.14201054276892391, 0.14239953700053715, 0.14280807640703524, 0.1432361313161186, 0.14368367753756744, 0.14415069620123055, 0.14463717359735534, 0.14514310101903874, 0.14566847460658133, 0.1462132951935322, 0.1467775681542162, 0.14736130325253818, 0.1479645144918641, 0.14858721996578117, 0.1492294417095432, 0.14989120555201102, 0.15057254096790035, 0.1512734809301532, 0.1519940617622519, 0.1527343229902975, 0.15349430719467788, 0.15427405986115292, 0.15507362923118792, 0.15589306615136844, 0.15673242392173334, 0.15759175814286502, 0.15847112656157922, 0.1593705889150592, 0.1602902067732827]]","[[0.01, 0.011673645222856313, 0.01362924433757481, 0.015801894642058518, 0.018156373004833967, 0.020674962730859194, 0.023350150153696902, 0.02618046704657086, 0.029168045574638497, 0.03231717912098695, 0.035633482786327796, 0.039123410510256244, 0.042793983496758434, 0.046652643282145065, 0.05070717791404164, 0.05496569070823531, 0.05943659357426666, 0.06412861435247277, 0.06905081202634859, 0.0742125962878542, 0.07962374947141215, 0.08529444977185005, 0.0912352951830318, 0.09745732789247034, 0.10397205903492837, 0.11079149379944744, 0.11792815693161034, 0.12539511869506967, 0.13320602136453163, 0.14137510632287453, 0.14991724183157526, 0.15884795153816855, 0.16818344377819228, 0.1779406417225513, 0.18813730381686466, 0.19879303513019422, 0.20993015500593226, 0.22157356895305075, 0.23375060873220244, 0.24649092928490202, 0.25982644897470103, 0.2737913235766338, 0.28842194707397284, 0.30375697412390584, 0.3198373603201481, 0.33670641728836176, 0.35440988031248255, 0.37299598667973866, 0.3925155632975748, 0.41302212240944297, 0.4345719644409517, 0.4572242871589992, 0.48104130043558396, 0.5060883459832666, 0.5324340214768556, 0.5601503085003572, 0.5893127037629752, 0.6200003530155503, 0.6522961870711858, 0.6862870592923784, 0.7220638838528152, 0.7597217740158803, 0.7993601795944529, 0.8410830226681595, 0.8849988305352358, 0.9312208647668336, 0.9798672451122444, 1.0310610668744231, 1.0849305102367532, 1.1416089398746843, 1.2012349930303095, 1.2639526540649662, 1.3299113133355525, 1.3992658080657656, 1.4721764427055004, 1.5488089860921574, 1.629334642548961, 1.7139299938803918, 1.8027769090567818, 1.8960624182228094, 1.9939785475224527, 2.0967221111108483, 2.204494456627034, 2.3175011603368696, 2.4359516681292974, 2.56005887856882, 2.69003866428047, 2.8261093280788274, 2.968490990458357, 3.117404905347133, 3.2730727013985375, 3.4357155465640354, 3.6055532342624055, 3.7828031901436727, 3.9676793992449193, 4.16039125425403, 4.361142326637824, 4.570129063552014, 4.787539414727822, 5.013551394916156, 5.248331588953166, 5.492033608074463, 5.74479650772824, 6.006743178793837, 6.277978725770926, 6.5585888471293154, 6.848638234559864, 7.148169009298549, 7.457199214960586, 7.775721387370003, 8.103701222651688, 8.441076365318533, 8.787755338189072, 9.143616635669593, 9.50850800119431, 9.882245908412184, 10.26461526402516, 10.655369348018082, 11.054230004388424, 11.460888092412135, 11.875004205014479, 12.2962096570111, 12.724107741919106, 13.158275251797832, 13.598264250262517, 14.0436040845269, 14.493803618183279, 14.948353662531112, 15.406729580724734, 15.868394035926077, 16.332799852106536, 16.799392954215087, 17.267615353170836, 17.73690814058053, 18.206714458236323, 18.67648240830575, 19.145667871651835, 19.61373720386509, 20.080169781280482, 20.5444603724082, 21.00612131373137, 21.46468447261571, 21.919702984030067, 22.37075275178903, 22.817433708999676, 23.25937083623227, 23.6962149395575, 24.127643193931323, 24.553359460407112, 24.97309438827156, 25.386605315409042, 25.79367598198505, 26.19411607390232, 26.587760613434543, 26.97446921500208, 27.354125224251202, 27.72663475846717, 28.091925665931566, 28.449946421166945, 28.80066497213995, 29.14406755445942, 29.480157486449926, 29.808953957740744, 30.130490822721285, 30.44481540890692, 30.751987348961347, 31.052077443855843, 31.345166563430997, 31.631344589477532, 31.910709405380842, 32.183365935386654, 32.44942523564767, 32.70900363840518, 32.96222194994562, 33.209204702347456, 33.45007945849624, 33.68497616938937, 33.91402658237268, 34.13736369864208, 34.35512127809898, 34.567433389461456, 34.774434003398454, 34.97625662636429, 35.17303397276108, 35.36489767304027, 35.55197801536685, 35.73440371850654, 35.91230173365182, 36.08579707297447, 36.255012662776075, 36.42006921920082, 36.58108514457427, 36.73817644253552, 36.89145665023588, 37.04103678598367, 37.18702531082046, 37.3295281026179, 37.468648441385476, 37.60448700457705, 37.73714187127798, 37.86670853424393, 37.993279918847435, 38.116946408068316, 38.237795872739525, 38.3559137063305, 38.471382863616135, 38.58428390264071, 38.69469502944291, 38.80269214506082, 38.908348894384275, 39.01173671646655, 39.112924895948346, 39.21198061528476, 39.308969007500096, 39.40395320922686, 39.496994413813624, 39.588151924312626, 39.67748320618133, 39.76504393955348, 39.850888070954646, 39.93506786435432, 40.01763395146261, 40.098635381193354, 40.17811966822851, 40.25613284062944, 40.33271948645139, 40.407922799326045, 40.4817846229854, 40.554345494707, 40.62564468766721, 40.695720252194505, 40.76460905591984, 40.832346822825315, 40.89896817119622, 40.96450665048476, 41.02899477709647, 41.09246406911308, 41.15494507996717, 41.216467431086244, 41.27705984352484, 41.33675016860484, 41.39556541758498, 41.453531790381426, 41.51067470336174, 41.56701881623525, 41.622588058062895, 41.67740565241001, 41.73149414166549, 41.78487541055073, 41.83757070884172, 41.88960067332749, 41.940985349027834, 41.991744209692904, 42.04189617760714, 42.09145964271937, 42.14045248112066, 42.188892072891115, 42.23679531933618, 42.28417865963283, 42.33105808690516, 42.37744916374882, 42.4233670372229, 42.46882645332755, 42.513841770985096, 42.55842697554182, 42.60259569180723, 42.6463611966469, 42.68973643114483, 42.73273401235035, 42.775366244624514, 42.817645130600226, 42.859582381769876, 42.90118942871395, 42.9424774309835, 42.983457286649035, 43.024139641527796, 43.06453489810122, 43.10465322413375, 43.144504561003856, 43.18409863175786, 43.223444948896535, 43.262552821904364, 43.30143136453074, 43.34008950183229, 43.378535976984935, 43.41677935787428, 43.45482804347224, 43.49269027000782, 43.530374116939626, 43.56788751273723, 43.605238240478464, 43.64243394326926, 43.6794821294926, 43.7163901778927, 43.75316534250048, 43.78981475740605, 43.8263454413837, 43.86276430237479, 43.89907814183362, 43.935293658941184, 43.97141745469161, 44.00745603585569, 44.04341581882603, 44.079303133347906, 44.115124226139905, 44.15088526440815, 44.18659233925797, 44.2222514690064, 44.25786860239908, 44.293449621734716, 44.329000345900376, 44.36452653332052, 44.40003388482275, 44.435528046422945, 44.47101461203258, 44.506499126090645, 44.5419870861226, 44.5774839452288, 44.61299511450447, 44.64852596539348, 44.68408183197781, 44.71966801320474, 44.7552897750536, 44.790952352643735, 44.8266609522855, 44.86242075347571, 44.89823691083917, 44.93411455601763, 44.97005879950761, 45.006074732448205, 45.04216742836026, 45.07834194483789, 45.11460332519355, 45.150956600057484, 45.18740678893264, 45.22395890170581, 45.26061794011587, 45.297388899179836, 45.334276768577354, 45.3712865339944, 45.40842317842661, 45.44569168344284, 45.483097030409354, 45.52064420167515, 45.5583381817186, 45.59618395825587, 45.63418652331131, 45.67235087424996, 45.71068201477241, 45.74918495587204, 45.78786471675474, 45.82672632572111, 45.86577482101109, 45.9050152516109, 45.94445267802229, 45.984092172993726, 46.023938822213516, 46.063997724964416, 46.10427399473957, 46.14477275981937, 46.18549916380885, 46.22645836613525, 46.26765554250521, 46.30909588532117, 46.35078460405641, 46.39272692558813]]","[array([6.37688001e-05, 6.00799169e-05, 5.86665223e-05, 5.87302517e-05,
       5.97879853e-05, 6.15444254e-05, 6.38172777e-05, 6.64929483e-05,
       6.94999412e-05, 7.27928567e-05, 7.63427312e-05, 8.01311795e-05,
       8.41468172e-05, 8.83830555e-05, 9.28367231e-05, 9.75071912e-05,
       1.02395805e-04, 1.07505506e-04, 1.12840578e-04, 1.18406459e-04,
       1.24209623e-04, 1.30257474e-04, 1.36558288e-04, 1.43121150e-04,
       1.49955927e-04, 1.57073232e-04, 1.64484412e-04, 1.72201532e-04,
       1.80237373e-04, 1.88605431e-04, 1.97319917e-04, 2.06395771e-04,
       2.15848667e-04, 2.25695143e-04, 2.35955445e-04, 2.46659444e-04,
       2.57845954e-04, 2.69559689e-04, 2.81849165e-04, 2.94765374e-04,
       3.08360981e-04, 3.22689872e-04, 3.37806958e-04, 3.53768124e-04,
       3.70630297e-04, 3.88451573e-04, 4.07291381e-04, 4.27210673e-04,
       4.48272120e-04, 4.70540306e-04, 4.94081923e-04, 5.18965948e-04,
       5.45263820e-04, 5.73049600e-04, 6.02400117e-04, 6.33395108e-04,
       6.66117336e-04, 7.00652699e-04, 7.37090328e-04, 7.75522666e-04,
       8.16045527e-04, 8.58758150e-04, 9.03763224e-04, 9.51166895e-04,
       1.00107876e-03, 1.05361182e-03, 1.10888243e-03, 1.16701020e-03,
       1.22811786e-03, 1.29233114e-03, 1.35977852e-03, 1.43059105e-03,
       1.50490202e-03, 1.58284664e-03, 1.66456167e-03, 1.75018498e-03,
       1.83985500e-03, 1.93371019e-03, 2.03188841e-03, 2.13452613e-03,
       2.24175773e-03, 2.35371453e-03, 2.47052389e-03, 2.59230813e-03,
       2.71918338e-03, 2.85125834e-03, 2.98863296e-03, 3.13139701e-03,
       3.27962858e-03, 3.43339242e-03, 3.59273834e-03, 3.75769939e-03,
       3.92829004e-03, 4.10450432e-03, 4.28631390e-03, 4.47366612e-03,
       4.66648205e-03, 4.86465456e-03, 5.06804645e-03, 5.27648858e-03,
       5.48977821e-03, 5.70767735e-03, 5.92991139e-03, 6.15616788e-03,
       6.38609553e-03, 6.61930356e-03, 6.85536132e-03, 7.09379828e-03,
       7.33410443e-03, 7.57573108e-03, 7.81809218e-03, 8.06056604e-03,
       8.30249760e-03, 8.54320124e-03, 8.78196401e-03, 9.01804950e-03,
       9.25070206e-03, 9.47915163e-03, 9.70261887e-03, 9.92032074e-03,
       1.01314764e-02, 1.03353134e-02, 1.05310738e-02, 1.07180208e-02,
       1.08954452e-02, 1.10626712e-02, 1.12190631e-02, 1.13640309e-02,
       1.14970355e-02, 1.16175942e-02, 1.17252844e-02, 1.18197479e-02,
       1.19006936e-02, 1.19679003e-02, 1.20212176e-02, 1.20605671e-02,
       1.20859424e-02, 1.20974076e-02, 1.20950967e-02, 1.20792103e-02,
       1.20500132e-02, 1.20078304e-02, 1.19530431e-02, 1.18860842e-02,
       1.18074330e-02, 1.17176102e-02, 1.16171720e-02, 1.15067052e-02,
       1.13868208e-02, 1.12581489e-02, 1.11213330e-02, 1.09770250e-02,
       1.08258798e-02, 1.06685510e-02, 1.05056861e-02, 1.03379227e-02,
       1.01658849e-02, 9.99017986e-03, 9.81139498e-03, 9.63009567e-03,
       9.44682317e-03, 9.26209291e-03, 9.07639327e-03, 8.89018463e-03,
       8.70389877e-03, 8.51793859e-03, 8.33267807e-03, 8.14846245e-03,
       7.96560869e-03, 7.78440609e-03, 7.60511703e-03, 7.42797791e-03,
       7.25320016e-03, 7.08097130e-03, 6.91145620e-03, 6.74479820e-03,
       6.58112039e-03, 6.42052690e-03, 6.26310409e-03, 6.10892186e-03,
       5.95803480e-03, 5.81048346e-03, 5.66629543e-03, 5.52548649e-03,
       5.38806168e-03, 5.25401629e-03, 5.12333683e-03, 4.99600191e-03,
       4.87198315e-03, 4.75124592e-03, 4.63375012e-03, 4.51945083e-03,
       4.40829901e-03, 4.30024203e-03, 4.19522424e-03, 4.09318748e-03,
       3.99407151e-03, 3.89781442e-03, 3.80435304e-03, 3.71362325e-03,
       3.62556028e-03, 3.54009902e-03, 3.45717423e-03, 3.37672077e-03,
       3.29867380e-03, 3.22296895e-03, 3.14954246e-03, 3.07833131e-03,
       3.00927336e-03, 2.94230741e-03, 2.87737331e-03, 2.81441202e-03,
       2.75336564e-03, 2.69417753e-03, 2.63679227e-03, 2.58115573e-03,
       2.52721508e-03, 2.47491880e-03, 2.42421670e-03, 2.37505991e-03,
       2.32740089e-03, 2.28119342e-03, 2.23639258e-03, 2.19295473e-03,
       2.15083754e-03, 2.10999992e-03, 2.07040201e-03, 2.03200519e-03,
       1.99477202e-03, 1.95866623e-03, 1.92365270e-03, 1.88969741e-03,
       1.85676746e-03, 1.82483098e-03, 1.79385717e-03, 1.76381622e-03,
       1.73467929e-03, 1.70641853e-03, 1.67900697e-03, 1.65241858e-03,
       1.62662819e-03, 1.60161146e-03, 1.57734491e-03, 1.55380581e-03,
       1.53097224e-03, 1.50882301e-03, 1.48733765e-03, 1.46649640e-03,
       1.44628017e-03, 1.42667052e-03, 1.40764966e-03, 1.38920041e-03,
       1.37130616e-03, 1.35395090e-03, 1.33711917e-03, 1.32079602e-03,
       1.30496705e-03, 1.28961833e-03, 1.27473644e-03, 1.26030841e-03,
       1.24632172e-03, 1.23276428e-03, 1.21962445e-03, 1.20689095e-03,
       1.19455293e-03, 1.18259990e-03, 1.17102173e-03, 1.15980867e-03,
       1.14895128e-03, 1.13844046e-03, 1.12826745e-03, 1.11842375e-03,
       1.10890120e-03, 1.09969191e-03, 1.09078827e-03, 1.08218293e-03,
       1.07386880e-03, 1.06583905e-03, 1.05808709e-03, 1.05060654e-03,
       1.04339128e-03, 1.03643539e-03, 1.02973315e-03, 1.02327907e-03,
       1.01706783e-03, 1.01109432e-03, 1.00535360e-03, 9.99840933e-04,
       9.94551719e-04, 9.89481549e-04, 9.84626169e-04, 9.79981479e-04,
       9.75543535e-04, 9.71308534e-04, 9.67272819e-04, 9.63432868e-04,
       9.59785292e-04, 9.56326832e-04, 9.53054353e-04, 9.49964841e-04,
       9.47055398e-04, 9.44323243e-04, 9.41765700e-04, 9.39380205e-04,
       9.37164295e-04, 9.35115607e-04, 9.33231876e-04, 9.31510932e-04,
       9.29950698e-04, 9.28549183e-04, 9.27304486e-04, 9.26214787e-04,
       9.25278350e-04, 9.24493516e-04, 9.23858705e-04, 9.23372412e-04,
       9.23033202e-04, 9.22839714e-04, 9.22790653e-04, 9.22884792e-04,
       9.23120970e-04, 9.23498088e-04, 9.24015107e-04, 9.24671051e-04,
       9.25464999e-04, 9.26396089e-04, 9.27463512e-04, 9.28666513e-04,
       9.30004389e-04, 9.31476490e-04, 9.33082211e-04, 9.34820997e-04,
       9.36692342e-04, 9.38695780e-04, 9.40830894e-04, 9.43097306e-04,
       9.45494684e-04, 9.48022732e-04, 9.50681195e-04, 9.53469858e-04,
       9.56388540e-04, 9.59437099e-04, 9.62615425e-04, 9.65923445e-04,
       9.69361116e-04, 9.72928428e-04, 9.76625402e-04, 9.80452089e-04,
       9.84408568e-04, 9.88494946e-04, 9.92711356e-04, 9.97057960e-04,
       1.00153494e-03, 1.00614251e-03, 1.01088089e-03, 1.01575034e-03,
       1.02075113e-03, 1.02588356e-03, 1.03114794e-03, 1.03654460e-03,
       1.04207388e-03, 1.04773616e-03, 1.05353180e-03, 1.05946120e-03,
       1.06552477e-03])]","[[0, 6.376880005047202e-05, 0.00012384871691641303, 0.00018251523919836924, 0.0002412454909002307, 0.00030103347616508694, 0.0003625779015492338, 0.00042639517929500407, 0.0004928881276228652, 0.0005623880688688367, 0.0006351809255674778, 0.0007115236567843493, 0.0007916548362716811, 0.0008758016534724865, 0.000964184708967338, 0.0010570214321145937, 0.0011545286232751875, 0.0012569244281263965, 0.001364429934563046, 0.0014772705121651169, 0.0015956769714537446, 0.0017198865940034151, 0.0018501440682779724, 0.001986702355850476, 0.002129823506090319, 0.0022797794330452863, 0.0024368526652671792, 0.0026013370772193897, 0.002773538609355837, 0.0029537759827844273, 0.0031423814135075616, 0.0033397013304926684, 0.003546097101218674, 0.0037619457678368415, 0.003987640910764697, 0.0042235963555224245, 0.004470255799627973, 0.004728101754044259, 0.0049976614429031955, 0.005279510607571091, 0.0055742759817955225, 0.005882636962572538, 0.0062053268349088935, 0.006543133792606209, 0.006896901916263404, 0.007267532213362738, 0.007655983786266965, 0.00806327516709063, 0.008490485840104717, 0.008938757960028059, 0.009409298266427151, 0.009903380189187475, 0.010422346136706315, 0.010967609956428178, 0.011540659556129568, 0.012143059673627471, 0.012776454782101232, 0.013442572117816867, 0.014143224816612447, 0.014880315144964816, 0.01565583781075837, 0.016471883337980005, 0.017330641488446888, 0.018234404712320018, 0.019185571607556785, 0.020186650366604227, 0.02124026218652856, 0.022349144616415437, 0.0235161548132609, 0.0247442726747087, 0.02603660381388225, 0.027396382338217336, 0.028826973390637747, 0.03033187540764658, 0.03191472204495211, 0.03357928371713644, 0.035329468693640745, 0.037169323689024564, 0.03910303388110772, 0.041134922286282016, 0.04326944841705577, 0.045511206142849224, 0.0478649206712876, 0.05033544456384756, 0.05292775269682448, 0.055646936076336036, 0.05849819441461239, 0.061486827374306906, 0.06461822438816864, 0.06789785296333585, 0.0713312453829327, 0.07492398372278, 0.07868168310806795, 0.08260997314398379, 0.08671447746573055, 0.09100079136728989, 0.09547445748482368, 0.10014093952989421, 0.10500559408978859, 0.11007364053718335, 0.11535012911914098, 0.12083990732587838, 0.12654758467268903, 0.13247749606354534, 0.13863366394185733, 0.1450197594721184, 0.15163906303510902, 0.15849442435823, 0.16558822264056128, 0.1729223270684575, 0.1804980581508805, 0.18831615033314936, 0.1963767163722436, 0.20467921397509703, 0.21322241521237684, 0.2220043792230275, 0.23102242871846562, 0.24027313077898851, 0.24975228240816033, 0.2594549012733659, 0.2693752220123537, 0.2795066984267189, 0.2898420118145266, 0.300373085616603, 0.31109110646571564, 0.3219865516365284, 0.3330492227987187, 0.3442682858780954, 0.3556323167332127, 0.36712935226020527, 0.3787469464487373, 0.3904722308293753, 0.4022919786794959, 0.4141926722929534, 0.4261605725697575, 0.4381817901471958, 0.45024235727401346, 0.4623282996248188, 0.47442570726277544, 0.48652080398435155, 0.49860001431952733, 0.5106500275131106, 0.5226578578760769, 0.5346109009682714, 0.546496985153351, 0.5583044181513578, 0.5700220283016447, 0.5816392003368931, 0.5931459055556674, 0.6045327263645061, 0.6157908752393356, 0.6269122082286317, 0.6378892331861563, 0.6487151129784364, 0.6593836639608885, 0.6698893500563641, 0.6802272728008679, 0.6903931577434909, 0.700383337601594, 0.7101947325785347, 0.7198248282504208, 0.729271651421278, 0.7385337443334498, 0.747610137602869, 0.7565003222279016, 0.7652042209965935, 0.7737221595911404, 0.7820548376609933, 0.7902033001078439, 0.7981689087974404, 0.8059533148852274, 0.8135584319156606, 0.820986409829043, 0.8282396099851563, 0.8353205812900318, 0.8422320374910598, 0.8489768356863671, 0.8555579560770465, 0.8619784829753838, 0.8682415870686739, 0.8743505089264731, 0.880308543729112, 0.8861190271868891, 0.8917853226124611, 0.8973108091034157, 0.9026988707877279, 0.9079528870816409, 0.9130762239073348, 0.91807222581645, 0.9229442089649814, 0.9276954548851594, 0.9323292050005774, 0.936848655831924, 0.9412569548421392, 0.945557196871576, 0.949752421115731, 0.9538456086002605, 0.9578396801102642, 0.9617374945331596, 0.9655418475768367, 0.9692554708271626, 0.9728810311112452, 0.9764211301351724, 0.9798783043671758, 0.9832550251393294, 0.986553698942961, 0.989776667894934, 0.9929262103538283, 0.9960045416668226, 0.9990138150297474, 1.0019561224443416, 1.0048334957582068, 1.007647907774311, 1.0104012734181618, 1.0130954509519345, 1.0157322432259246, 1.0183133989586872, 1.0208406140381445, 1.0233155328367785, 1.0257397495347984, 1.0281148094458716, 1.0304422103406474, 1.0327234037638857, 1.0349597963415316, 1.0371527510745555, 1.0393035886168118, 1.0414135885345603, 1.0434839905456506, 1.0455159957366804, 1.0475107677567312, 1.0494694339865334, 1.0513930866821455, 1.0532827840924337, 1.0551395515498172, 1.0569643825339081, 1.0587582397078164, 1.0605220559270119, 1.0622567352207513, 1.063963153746168, 1.0656421607152116, 1.0672945792946933, 1.0689212074797592, 1.0705228189411629, 1.0721001638467595, 1.0736539696576775, 1.0751849418996573, 1.0766937649100758, 1.0781811025611896, 1.0796475989601537, 1.081093879126379, 1.082520549646804, 1.0839281993096597, 1.0853173997173122, 1.0866887058787642, 1.0880426567823964, 1.0893797759495285, 1.0907005719693699, 1.092005539015926, 1.0932951573474197, 1.094569893788773, 1.0958302021976924, 1.0970765239148834, 1.0983092881989127, 1.0995289126462249, 1.1007358035968062, 1.1019303565259815, 1.103112956422808, 1.1042839781555291, 1.1054437868245313, 1.1065927381032334, 1.1077311785673343, 1.1088594460128205, 1.1099778697631335, 1.111086770965876, 1.112186462879432, 1.1132772511498565, 1.114359434078385, 1.1154333028798973, 1.1164991419326626, 1.117557229019679, 1.1186078355619098, 1.1196512268437135, 1.1206876622307473, 1.121717395380618, 1.1227406744465467, 1.1237577422742961, 1.1247688365926138, 1.1257741901974194, 1.1267740311299708, 1.1277685828492245, 1.1287580643986055, 1.129742690567387, 1.130722672046881, 1.1316982155816242, 1.1326695241157452, 1.1336367969346874, 1.1346002298024558, 1.1355600150945506, 1.1365163419267446, 1.1374693962798543, 1.13841936112065, 1.139366416519043, 1.1403107397616852, 1.1412525054621094, 1.142191885667533, 1.1431290499624447, 1.1440641655690904, 1.1449973974449643, 1.1459289083774138, 1.1468588590754574, 1.1477874082589152, 1.1487147127449429, 1.149640927532059, 1.1505662058817547, 1.1514906993977632, 1.1524145581030716, 1.1533379305147509, 1.1542609637166732, 1.1551838034301902, 1.1561065940828366, 1.1570294788751208, 1.1579525998454692, 1.1588760979333745, 1.1598001130408107, 1.1607247840919628, 1.1616502490913252, 1.1625766451802133, 1.1635041086917375, 1.1644327752042818, 1.1653627795935284, 1.1662942560830676, 1.1672273382936298, 1.168162159290977, 1.1690988516324838, 1.1700375474124423, 1.1709783783061185, 1.1719214756125895, 1.1728669702963868, 1.1738149930279687, 1.174765674223048, 1.1757191440807913, 1.1766755326209153, 1.1776349697196906, 1.1785975851448767, 1.179563508589598, 1.1805328697051753, 1.1815057981329282, 1.1824824235349534, 1.1834628756238916, 1.1844472841916918, 1.1854357791373744, 1.1864284904938058, 1.1874255484534812, 1.1884270833933235, 1.1894332258984959, 1.190444106785232, 1.19145985712268, 1.1924806082537585, 1.1935064918150229, 1.194537639755536, 1.1955741843547387, 1.196616258239311, 1.1976639943990206, 1.1987175262015466, 1.1997769874062674, 1.2008425121770077]]"
40.0,40.0,3,30,270,I0-S1,"[[0.01, 0.009218546420913139, 0.008861068736292907, 0.008775057932921297, 0.008868437705201047, 0.009085407813039969, 0.009391981102077328, 0.009767376741983087, 0.010198851176094802, 0.010678584254036777, 0.01120179814911513, 0.011765616750216002, 0.012368370377296798, 0.01300916883213387, 0.013687636591766498, 0.014403746365962308, 0.015157712654677438, 0.015949922176912316, 0.016780887182824594, 0.017651213151504107, 0.018561575680865295, 0.01951270336950793, 0.02050536469736404, 0.02154035764634842, 0.02261850125207296, 0.02374062855568485, 0.02490758059869966, 0.026120201213998644, 0.027379332437458954, 0.028685810411808208, 0.030040461686241512, 0.03144409983760953, 0.0328975223549667, 0.03440150774106701, 0.03595684377571656, 0.03756464134227435, 0.03922652058751463, 0.04094445896228398, 0.04272067658610808, 0.04455756930496544, 0.046457670245976995, 0.048423628400209306, 0.050458197351369666, 0.05256423002299028, 0.05474467697133231, 0.057002586744675454, 0.05934110742554077, 0.06176348882918476, 0.0642730850446994, 0.06687335713159627, 0.0695678758593505, 0.07236032442080235, 0.07525450107505502, 0.07825432168907849, 0.08136382215414281, 0.08458716065615965, 0.08792861977962413, 0.09139260842407756, 0.09498366351042256, 0.09870645145234647, 0.10256576936573766, 0.10656654598642173, 0.11071384226385954, 0.11501285159567115, 0.11946889966499519, 0.12408744383977259, 0.12887407209006507, 0.13383450137648714, 0.13897457545975583, 0.14430026207825372, 0.14981764943737333, 0.1555329419512807, 0.16145245517462514, 0.16758260985865717, 0.17392992506322724, 0.18050101025326057, 0.18730255630558035, 0.1943413253494295, 0.201624139361773, 0.20915786743651069, 0.21694941164515844, 0.22500569140544074, 0.23333362627365817, 0.24194011707673913, 0.25083202530065196, 0.2600161506534441, 0.26949920672369815, 0.27928779465876946, 0.28938837479191404, 0.299807236153463, 0.31055046380867457, 0.3216239039739339, 0.3330331268737137, 0.34478338731327435, 0.3568795829566173, 0.36932621031582, 0.38212731847668757, 0.3952864606067627, 0.4088066433152112, 0.42269027396000586, 0.4369391060261999, 0.45155418272990233, 0.4665357790357997, 0.4818833423116237, 0.49759543188070154, 0.5136696577734424, 0.5301026190200562, 0.5468898418696242, 0.5640257183644581, 0.581503445742985, 0.5993149671886399, 0.6174509144857638, 0.6359005531855696, 0.6546517309250326, 0.6736908295781981, 0.6930027219519036, 0.712570733765277, 0.7323766116735213, 0.7524004981103297, 0.7726209137286948, 0.7930147482157804, 0.81355726024287, 0.8342220872852043, 0.8549812660079111, 0.8758052638624539, 0.8966630224725374, 0.9175220133088464, 0.9383483060582446, 0.9591066499852932, 0.9797605684626455, 1.0002724667128116, 1.0206037526581457, 1.040714970620164, 1.0605659474453275, 1.0801159504644346, 1.0993238565192633, 1.1181483311159404, 1.1365480165927302, 1.1544817280237922, 1.1719086554233284, 1.1887885706698385, 1.2050820374413054, 1.2207506223422655, 1.2357571053159184, 1.2500656873713705, 1.263642193620096, 1.2764542696085157, 1.2884715689565014, 1.2996659303652243, 1.3100115421420335, 1.3194850925042896, 1.3280659040668443, 1.3357360510871235, 1.3424804582348104, 1.3482869798666899, 1.3531464590175357, 1.3570527655608646, 1.3600028132444588, 1.3619965555601932, 1.3630369606611736, 1.363129965786905, 1.3622844118947133, 1.360511959418822, 1.3578269862835615, 1.3542464694809284, 1.3497898516823736, 1.3444788944881918, 1.3383375200237004, 1.3313916426687187, 1.3236689927554715, 1.315198934090361, 1.306012277148042, 1.2961410897534147, 1.2856185070104305, 1.2744785421583154, 1.2627558999385589, 1.2504857939426082, 1.2377037692835857, 1.2244455317985279, 1.2107467848435747, 1.1966430745961183, 1.18216964462788, 1.1673613003637562, 1.1522522838953655, 1.1368761594775765, 1.1212657099026366, 1.1054528438213445, 1.0894685139651294, 1.0733426461178408, 1.0571040785920576, 1.0407805118821738, 1.0243984680954679, 1.00798325970273, 0.9915589671014877, 0.9751484244469716, 0.9587732131781418, 0.942453662647622, 0.9262088572545297, 0.9100566494771185, 0.8940136782070147, 0.8780953917977892, 0.8623160752568028, 0.8466888810298826, 0.8312258628526351, 0.8159380121693346, 0.8008352966496565, 0.7859267003644093, 0.7712202652132902, 0.7567231332300286, 0.7424415894226338, 0.7283811048384518, 0.714546379575001, 0.7009413854878525, 0.6875694083758914, 0.6744330894519878, 0.6615344659332647, 0.6488750106096991, 0.6364556702726535, 0.6242769029060936, 0.6123387135626911, 0.6006406888647602, 0.5891820300860714, 0.57796158478508, 0.5669778769730587, 0.5562291358121207, 0.5457133228482264, 0.5354281577930855, 0.5253711428764779, 0.515539585797003, 0.5059306213047428, 0.49654123145384166, 0.48736826456668686, 0.4784084529542706, 0.4696584294395294, 0.4611147427320473, 0.4527738717035547, 0.44463223861422135, 0.43668622133988244, 0.42893216465011796, 0.42136639058657027, 0.41398520799008637, 0.4067849212242484, 0.39976183814165, 0.3929122773379194, 0.3862325747370175, 0.379719089549772, 0.3733682096459791, 0.3671763563787263, 0.36113998889788784, 0.35525560798802963, 0.349519759464253, 0.34392903715780954, 0.33848008552165293, 0.33316960188445643, 0.32799433838003106, 0.32295110357752954, 0.31803676383632334, 0.3132482444079939, 0.30858253030649047, 0.30403666696617426, 0.2996077607061966, 0.2952929790184417, 0.2910895506951106, 0.28699476581092354, 0.28300597557387674, 0.2791205920575054, 0.27533608782667235, 0.27164999546802643, 0.26805990703544474, 0.2645634734199982, 0.2611584036532478, 0.25784246415199513, 0.2546134779119681, 0.2514693236573229, 0.24840793495228264, 0.24542729928070803, 0.24252545709890763, 0.23970050086654052, 0.2369505740600395, 0.2342738701725902, 0.23166863170433516, 0.22913314914613278, 0.22666575995988616, 0.22426484755816614, 0.2219288402855825, 0.21965621040410882, 0.217445473084336, 0.21529518540441747, 0.2132039453582734, 0.21117039087444145, 0.20919319884679574, 0.20727108417820395, 0.20540279883805246, 0.2035871309344423, 0.20182290380174092, 0.20010897510406803, 0.19844423595519642, 0.1968276100552592, 0.1952580528445736, 0.19373455067481893, 0.19225611999773826, 0.19082180657147335, 0.1894306846845883, 0.18808185639778674, 0.18677445080328473, 0.1855076233017604, 0.1842805548967666, 0.1830924515064608, 0.18194254329247866, 0.1808300840057522, 0.17975435034905257, 0.17871464135601697, 0.17771027778640405, 0.1767406015373063, 0.17580497507003687, 0.17490278085239663, 0.17403342081601997, 0.17319631582848943, 0.17239090517990432, 0.1716166460835839, 0.17087301319058218, 0.17015949811768974, 0.1694756089885961, 0.16882086998788634, 0.16819482092754542, 0.16759701682564523, 0.16702702749689075, 0.16648443715470376, 0.16596884402452564, 0.16547985996802292, 0.165017110117884, 0.1645802325228978, 0.16416887780300973, 0.16378270881405496, 0.16342140032187238, 0.16308463868550813, 0.16277212154922152, 0.16248355754301164, 0.162218665991387, 0.16197717663010638, 0.16175882933062302, 0.16156337383196995, 0.16139056947982902, 0.16124018497253087, 0.1611119981137383, 0.16100579557157027, 0.1609213726439283, 0.16085853302979233, 0.16081708860625726, 0.1607968592110863, 0.16079767243056167, 0.16081936339241784, 0.1608617745636464, 0.16092475555296673, 0.16100816291775985, 0.1611118599752676, 0.16123571661786348, 0.16137960913220428, 0.161543420022077, 0.16172703783475786, 0.16193035699070485, 0.16215327761640813, 0.16239570538022655, 0.16265755133104146, 0.16293873173956283, 0.163239167942125]]","[[0.01, 0.011673645222856313, 0.01362924433757481, 0.015801894642058518, 0.01815638993655146, 0.020675221425819786, 0.023351404575090523, 0.02618427269295047, 0.029176978636718087, 0.032335010670509534, 0.03566531350977862, 0.03917577009522572, 0.042874897902174615, 0.04677167245470212, 0.05087542594149299, 0.055195789894447754, 0.059742663474704576, 0.06452619642062662, 0.0695567801888537, 0.07484504348392217, 0.08040184995465012, 0.08623829677308177, 0.09236571336511942, 0.09879565988676178, 0.10553992522901175, 0.11261052444338404, 0.1200196955414997, 0.1277798956560926, 0.13590379656849663, 0.14440427961620317, 0.15329442999742143, 0.1625875304901099, 0.17229705460204264, 0.18243665916692034, 0.19302020898408115, 0.2040621260599017, 0.21557769429505116, 0.22758301969676498, 0.2400949914759122, 0.2531312680225923, 0.2667102781658669, 0.2808512319664779, 0.2955741375727549, 0.3108998220417453, 0.3268499548531828, 0.3434470733409644, 0.3607146095659603, 0.3786769183337144, 0.39735930616809867, 0.41678806111567157, 0.436990483292483, 0.4579949161056901, 0.47983077809283137, 0.5025285953257165, 0.5261200343258944, 0.5506379354359333, 0.5761163465861057, 0.6025905573900115, 0.6300971334954832, 0.6586739511089613, 0.688360231602512, 0.7191965761028115, 0.7512249999507813, 0.7844889669091192, 0.819033422982735, 0.8549048297040526, 0.8921511967212822, 0.9308221135130798, 0.9709687800375014, 1.01264403610682, 1.055902389262612, 1.1008000409075585, 1.1473949104316585, 1.195746657051055, 1.245916699057481, 1.2979682301554911, 1.351966232543247, 1.4079774863707415, 1.4660705751871101, 1.526315886966215, 1.588785610277143, 1.6535537251438357, 1.720695988115952, 1.7902899110515083, 1.8624147330911076, 1.9371513852839577, 2.0145824473077245, 2.0947920957079478, 2.1778660430686587, 2.2638914675144415, 2.352956931935932, 2.445152292326193, 2.540568594615086, 2.6392979593932404, 2.741433453927166, 2.8470689508830573, 2.956298973199593, 3.0692185245801804, 3.1859229051133737, 3.3065075115771925, 3.4310676220395324, 3.5596981644333434, 3.692493468862394, 3.829547003481711, 3.9709510938966672, 4.116796626136485, 4.2671727333818685, 4.422166466762637, 4.581862450689484, 4.746342523344079, 4.915685363123119, 5.089966102013882, 5.269255927070309, 5.453621671358415, 5.643125395946237, 5.837823964724671, 6.0377686140593525, 6.243004519487458, 6.4535703618843145, 6.669497895729739, 6.8908115222997814, 7.117527870792313, 7.349655390560942, 7.587193957777037, 7.830134499960202, 8.078458641909357, 8.332138376625704, 8.591135764841532, 8.855402666751683, 9.124880509484278, 9.399500093741686, 9.679181442889487, 9.963833697569202, 10.253355058659203, 10.54763278110804, 10.846543220816462, 11.149951936351256, 11.457713846838638, 11.769673446911865, 12.085665079082055, 12.405513263369185, 12.729033083478777, 13.056030628246742, 13.38630348650835, 13.719641292986179, 14.055826322245052, 14.394634127238385, 14.73583421847888, 15.07919077941545, 15.42446341319576, 15.771407915646469, 16.119777069017765, 16.4693214508197, 16.819790251929177, 17.170932098070573, 17.522495868770783, 17.874231507960992, 18.225890820540315, 18.577228249428046, 18.928001627907026, 19.277972902394815, 19.62690882116602, 19.97458158498041, 20.32076945603979, 20.66525732219355, 21.007837213829756, 21.348308771417162, 21.686479662195044, 22.02216594503426, 22.355192383007015, 22.685392703697307, 23.012609807752913, 23.336695926617757, 23.657512730785925, 23.97493139028221, 24.288832589396037, 24.599106497974315, 24.905652701813533, 25.208380094881885, 25.507206736249557, 25.802059674710506, 26.09287474414442, 26.379596332695304, 26.662177128836223, 26.94057784735126, 27.214766938199016, 27.4847202811305, 27.75042086882149, 28.011858481148735, 28.26902935309438, 28.52193583860656, 28.7705860725797, 29.014993632948013, 29.25517720471318, 29.491160247554024, 29.722970668494526, 29.95064050093855, 30.174205591216598, 30.393705293633143, 30.60918217485367, 30.820681728329266, 31.028252099324003, 31.231943820987002, 31.431809561797056, 31.62790388460322, 31.820283017389677, 32.00900463580755, 32.19412765743952, 32.37571204769526, 32.55381863717586, 32.72850895029396, 32.89984504489168, 33.06788936256115, 33.23270458934145, 33.39435352644063, 33.552898970611736, 33.70840360379704, 33.86092989164407, 34.010539990490784, 34.157295662414036, 34.301258197935695, 34.442488345983584, 34.58104625070936, 34.71699139477276, 34.850382548710144, 34.98127772601568, 35.10973414357466, 35.23580818710048, 35.35955538124005, 35.48103036402543, 35.60028686536339, 35.71737768926843, 35.832354699558934, 35.94526880874979, 36.05616996988898, 36.165107171098974, 36.27212843259727, 36.37728080598328, 36.4806103755916, 36.582162261723624, 36.681980625581524, 36.78010867573982, 36.87658867600051, 36.97146195448831, 37.0647689138523, 37.15654904244968, 37.24684092639643, 37.33568226237781, 37.423109871120054, 37.50915971143179, 37.59386689473098, 37.677265699980026, 37.75938958895763, 37.840271221802226, 37.91994247276709, 37.99843444613256, 38.075777492225505, 38.152001223500704, 38.22713453064313, 38.30120559865376, 38.374241922885425, 38.446270324998366, 38.5173169688085, 38.587407376004016, 38.65656644170884, 38.72481844987381, 38.792187088478734, 38.858695464530655, 38.92436611884543, 38.989221040601564, 39.05328168165705, 39.11656897062103, 39.179103326673946, 39.24090467313065, 39.30199245074245, 39.3623856307348, 39.422102727578405, 39.481161811492484, 39.53958052067942, 39.597376073290974, 39.65456527912666, 39.71116455106568, 39.76718991623405, 39.82265702690916, 39.877581171164366, 39.931977283256536, 39.985859953759835, 40.039243439449244, 40.09214167293752, 40.14456827206963, 40.19653654907866, 40.24805951950759, 40.29914991090122, 40.349820171272654, 40.400082477349095, 40.44994874260128, 40.49943062506142, 40.54853953493416, 40.59728664200525, 40.64568288285266, 40.693738967864704, 40.74146538806979, 40.788872421782514, 40.83597014107044, 40.88276841804626, 40.92927693098967, 40.97550517030336, 41.02146244430742, 41.06715788487653, 41.112600452923914, 41.15779894373631, 41.20276199216394, 41.247498077669405, 41.29201552923935, 41.33632253016273, 41.38042712267933, 41.42433721250213, 41.468060573217116, 41.51160485056383, 41.554977566600186, 41.598186123754665, 41.64123780876914, 41.684139796535426, 41.726899153828526, 41.76952284293955, 41.8120177252111, 41.8543905644779, 41.89664803041543, 41.93879670179895, 41.98084306967575, 42.022793540452774, 42.06465443890216, 42.10643201108699, 42.148132427209326, 42.189761784382924, 42.231326109332436, 42.27283136102132, 42.314283433210285, 42.355688156948176, 42.397051302997156, 42.43837858419379, 42.479675657747926, 42.52094812748074, 42.56220154600376, 42.603441416840134, 42.64467319648977, 42.68590229643962, 42.72713408512048, 42.76837388981157, 42.809626998494096, 42.85089866165503, 42.89219409404213, 42.93351847637136, 42.974876956987615, 43.01627465347986, 43.0577166542515, 43.099208020046866, 43.140753785434725, 43.18235896024948, 43.22402853099094, 43.26576746218322, 43.307580697693524, 43.34947316201143, 43.39144976148916, 43.4335153855435, 43.475674907819716]]","[array([6.37688001e-05, 6.00799169e-05, 5.86665223e-05, 5.87302733e-05,
       5.97886073e-05, 6.15483081e-05, 6.38304540e-05, 6.65254938e-05,
       6.95662066e-05, 7.29114011e-05, 7.65360515e-05, 8.04253034e-05,
       8.45708077e-05, 8.89684604e-05, 9.36169917e-05, 9.85170725e-05,
       1.03670738e-04, 1.09081007e-04, 1.14751619e-04, 1.20686856e-04,
       1.26891406e-04, 1.33370267e-04, 1.40128664e-04, 1.47171993e-04,
       1.54505764e-04, 1.62135560e-04, 1.70067000e-04, 1.78305706e-04,
       1.86857275e-04, 1.95727250e-04, 2.04921100e-04, 2.14444197e-04,
       2.24301797e-04, 2.34499059e-04, 2.45042065e-04, 2.55939974e-04,
       2.67204858e-04, 2.78850757e-04, 2.90893086e-04, 3.03348291e-04,
       3.16233653e-04, 3.29567186e-04, 3.43367579e-04, 3.57654178e-04,
       3.72446980e-04, 3.87766638e-04, 4.03634477e-04, 4.20072510e-04,
       4.37103451e-04, 4.54750739e-04, 4.73038552e-04, 4.91991827e-04,
       5.11636276e-04, 5.31998404e-04, 5.53105522e-04, 5.74985767e-04,
       5.97668108e-04, 6.21182364e-04, 6.45559212e-04, 6.70830197e-04,
       6.97027737e-04, 7.24185132e-04, 7.52336562e-04, 7.81517091e-04,
       8.11762664e-04, 8.43110098e-04, 8.75597078e-04, 9.09262141e-04,
       9.44144661e-04, 9.80284826e-04, 1.01772361e-03, 1.05650276e-03,
       1.09666473e-03, 1.13825264e-03, 1.18131028e-03, 1.22588198e-03,
       1.27201259e-03, 1.31974740e-03, 1.36913204e-03, 1.42021244e-03,
       1.47303468e-03, 1.52764489e-03, 1.58408915e-03, 1.64241335e-03,
       1.70266303e-03, 1.76488327e-03, 1.82911845e-03, 1.89541214e-03,
       1.96380683e-03, 2.03434381e-03, 2.10706286e-03, 2.18200206e-03,
       2.25919752e-03, 2.33868309e-03, 2.42049012e-03, 2.50464712e-03,
       2.59117946e-03, 2.68010903e-03, 2.77145392e-03, 2.86522801e-03,
       2.96144067e-03, 3.06009631e-03, 3.16119406e-03, 3.26472729e-03,
       3.37068328e-03, 3.47904275e-03, 3.58977949e-03, 3.70285993e-03,
       3.81824273e-03, 3.93587840e-03, 4.05570887e-03, 4.17766718e-03,
       4.30167705e-03, 4.42765262e-03, 4.55549809e-03, 4.68510747e-03,
       4.81636435e-03, 4.94914171e-03, 5.08330177e-03, 5.21869590e-03,
       5.35516458e-03, 5.49253747e-03, 5.63063347e-03, 5.76926089e-03,
       5.90821775e-03, 6.04729205e-03, 6.18626222e-03, 6.32489761e-03,
       6.46295907e-03, 6.60019964e-03, 6.73636528e-03, 6.87119576e-03,
       7.00442557e-03, 7.13578492e-03, 7.26500087e-03, 7.39179847e-03,
       7.51590195e-03, 7.63703607e-03, 7.75492740e-03, 7.86930569e-03,
       7.97990528e-03, 8.08646649e-03, 8.18873702e-03, 8.28647336e-03,
       8.37944216e-03, 8.46742153e-03, 8.55020239e-03, 8.62758960e-03,
       8.69940317e-03, 8.76547928e-03, 8.82567122e-03, 8.87985025e-03,
       8.92790634e-03, 8.96974869e-03, 9.00530627e-03, 9.03452812e-03,
       9.05738350e-03, 9.07386199e-03, 9.08397333e-03, 9.08774726e-03,
       9.08523306e-03, 9.07649912e-03, 9.06163232e-03, 9.04073722e-03,
       9.01393531e-03, 8.98136402e-03, 8.94317572e-03, 8.89953663e-03,
       8.85062566e-03, 8.79663323e-03, 8.73776003e-03, 8.67421575e-03,
       8.60621784e-03, 8.53399024e-03, 8.45776211e-03, 8.37776661e-03,
       8.29423970e-03, 8.20741898e-03, 8.11754255e-03, 8.02484802e-03,
       7.92957141e-03, 7.83194631e-03, 7.73220292e-03, 7.63056735e-03,
       7.52726079e-03, 7.42249894e-03, 7.31649136e-03, 7.20944104e-03,
       7.10154388e-03, 6.99298837e-03, 6.88395527e-03, 6.77461737e-03,
       6.66513933e-03, 6.55567755e-03, 6.44638006e-03, 6.33738657e-03,
       6.22882846e-03, 6.12082884e-03, 6.01350266e-03, 5.90695688e-03,
       5.80129059e-03, 5.69659522e-03, 5.59295478e-03, 5.49044606e-03,
       5.38913892e-03, 5.28909649e-03, 5.19037550e-03, 5.09302655e-03,
       4.99709437e-03, 4.90261812e-03, 4.80963168e-03, 4.71816394e-03,
       4.62823906e-03, 4.53987678e-03, 4.45309267e-03, 4.36789840e-03,
       4.28430203e-03, 4.20230821e-03, 4.12191847e-03, 4.04313143e-03,
       3.96594303e-03, 3.89034675e-03, 3.81633381e-03, 3.74389338e-03,
       3.67301273e-03, 3.60367747e-03, 3.53587165e-03, 3.46957795e-03,
       3.40477785e-03, 3.34145172e-03, 3.27957898e-03, 3.21913823e-03,
       3.16010734e-03, 3.10246358e-03, 3.04618369e-03, 2.99124402e-03,
       2.93762054e-03, 2.88528899e-03, 2.83422494e-03, 2.78440380e-03,
       2.73580096e-03, 2.68839178e-03, 2.64215167e-03, 2.59705615e-03,
       2.55308088e-03, 2.51020166e-03, 2.46839453e-03, 2.42763575e-03,
       2.38790185e-03, 2.34916966e-03, 2.31141630e-03, 2.27461924e-03,
       2.23875627e-03, 2.20380557e-03, 2.16974567e-03, 2.13655548e-03,
       2.10421430e-03, 2.07270185e-03, 2.04199822e-03, 2.01208391e-03,
       1.98293984e-03, 1.95454733e-03, 1.92688811e-03, 1.89994431e-03,
       1.87369849e-03, 1.84813358e-03, 1.82323295e-03, 1.79898033e-03,
       1.77535988e-03, 1.75235613e-03, 1.72995399e-03, 1.70813876e-03,
       1.68689612e-03, 1.66621211e-03, 1.64607313e-03, 1.62646595e-03,
       1.60737767e-03, 1.58879574e-03, 1.57070796e-03, 1.55310245e-03,
       1.53596765e-03, 1.51929232e-03, 1.50306553e-03, 1.48727666e-03,
       1.47191538e-03, 1.45697163e-03, 1.44243567e-03, 1.42829801e-03,
       1.41454944e-03, 1.40118101e-03, 1.38818403e-03, 1.37555005e-03,
       1.36327086e-03, 1.35133852e-03, 1.33974530e-03, 1.32848368e-03,
       1.31754638e-03, 1.30692634e-03, 1.29661670e-03, 1.28661080e-03,
       1.27690217e-03, 1.26748456e-03, 1.25835189e-03, 1.24949825e-03,
       1.24091793e-03, 1.23260540e-03, 1.22455526e-03, 1.21676231e-03,
       1.20922149e-03, 1.20192791e-03, 1.19487682e-03, 1.18806361e-03,
       1.18148384e-03, 1.17513318e-03, 1.16900745e-03, 1.16310259e-03,
       1.15741469e-03, 1.15193995e-03, 1.14667468e-03, 1.14161533e-03,
       1.13675844e-03, 1.13210070e-03, 1.12763886e-03, 1.12336982e-03,
       1.11929056e-03, 1.11539815e-03, 1.11168977e-03, 1.10816271e-03,
       1.10481434e-03, 1.10164209e-03, 1.09864353e-03, 1.09581628e-03,
       1.09315805e-03, 1.09066664e-03, 1.08833991e-03, 1.08617581e-03,
       1.08417237e-03, 1.08232767e-03, 1.08063988e-03, 1.07910723e-03,
       1.07772803e-03, 1.07650063e-03, 1.07542346e-03, 1.07449501e-03,
       1.07371382e-03, 1.07307852e-03, 1.07258775e-03, 1.07224024e-03,
       1.07203476e-03, 1.07197013e-03, 1.07204523e-03, 1.07225899e-03,
       1.07261038e-03, 1.07309842e-03, 1.07372217e-03, 1.07448076e-03,
       1.07537332e-03, 1.07639906e-03, 1.07755722e-03, 1.07884707e-03,
       1.08026792e-03, 1.08181913e-03, 1.08350009e-03, 1.08531022e-03,
       1.08724899e-03])]","[[0, 6.376880005047202e-05, 0.00012384871691641303, 0.00018251523919836924, 0.00024124551250260794, 0.00030103411981246257, 0.0003625824278704723, 0.00042641288184330843, 0.0004929383756006046, 0.0005625045822460453, 0.0006354159833938566, 0.0007119520349353172, 0.0007923773383085145, 0.0008769481460407335, 0.0009659166064864019, 0.0010595335981424788, 0.0011580506706500551, 0.001261721408927644, 0.0013708024157410154, 0.0014855540346082607, 0.0016062408902281766, 0.0017331322961967228, 0.0018665025627988409, 0.002006631227023724, 0.002153803220180229, 0.0023083089840960835, 0.0024704445439688327, 0.0026405115439504926, 0.0028188172501568236, 0.0030056745247894804, 0.003201401774316363, 0.0034063228740909206, 0.003620767071352624, 0.0038450688682039845, 0.004079567927489991, 0.004324609992665648, 0.004580549966429522, 0.004847754824272236, 0.005126605581553356, 0.00541749866799031, 0.005720846958958183, 0.006037080612110876, 0.006366647797958063, 0.006710015377110526, 0.007067669555372746, 0.00744011653496855, 0.007827883172478435, 0.008231517649468308, 0.008651590159049339, 0.009088693609975988, 0.00954344434891254, 0.010016482900906181, 0.010508474727734456, 0.011020111003549044, 0.011552109407058487, 0.012105214929344774, 0.012680200696272253, 0.013277868804309978, 0.013899051168443137, 0.014544610380691297, 0.015215440577578558, 0.015912468314711426, 0.016636653446413557, 0.017388990008141512, 0.018170507099162077, 0.01898226976270858, 0.019825379860551103, 0.020700976938612805, 0.021610239079941456, 0.022554383741001736, 0.02353466856688933, 0.024552392180682548, 0.025608894941741137, 0.026705559667335028, 0.027843812311539075, 0.029025122594863142, 0.030251004577601742, 0.031523017169384736, 0.032842764566891884, 0.034211896611161155, 0.035632109055376227, 0.03710514373346482, 0.03863278861928037, 0.04021687776557843, 0.04185929111144042, 0.043561954146247125, 0.045326837417766934, 0.04715595587140724, 0.04905136800718818, 0.0510151748405449, 0.05304951865265603, 0.05515658151564309, 0.05733858357769798, 0.059597781092986135, 0.06193646418105321, 0.06435695430044773, 0.06686160142137418, 0.06945278088242644, 0.07213288991683539, 0.07490434383421264, 0.07776957184450216, 0.08073101251177772, 0.08379110882666482, 0.08695230288753478, 0.09021703018223291, 0.09358771346397515, 0.09706675621718995, 0.10065653571150684, 0.10435939564480587, 0.10817763837924917, 0.11211351677751893, 0.11616922565008099, 0.12034689282817501, 0.12464856988138653, 0.12907622250306594, 0.13363172059150047, 0.1383168280595864, 0.14313319241075162, 0.14808233412399963, 0.15316563589613102, 0.15838433179438963, 0.1637394963779076, 0.16923203385131788, 0.1748626673186786, 0.18063192821033114, 0.18654014595939794, 0.19258743800823006, 0.19877370022813734, 0.2050985978380881, 0.21156155690965286, 0.2181617565462046, 0.22489812182419075, 0.23176931758309197, 0.23877374314841246, 0.24590952806866517, 0.25317452894278447, 0.26056632740870955, 0.26808222935703657, 0.2757192654256642, 0.28347419282230457, 0.2913434985116713, 0.29932340379318106, 0.3074098702832332, 0.3155986073036996, 0.3238850806653198, 0.33226452282142754, 0.34073194435402276, 0.3492821467408412, 0.35790973633896705, 0.36660913950788915, 0.3753746187829139, 0.38420028999872535, 0.3930801402527943, 0.4020080465894642, 0.41097779527802303, 0.41998310155203245, 0.42901762967273066, 0.43807501317651576, 0.4471488751653988, 0.4562328484998923, 0.46532059575604967, 0.47440582881224175, 0.4834823279366646, 0.49254396025340863, 0.5015846974730552, 0.5105986327830491, 0.51957999680335, 0.5285231725239311, 0.5374227091523518, 0.5462733348117285, 0.5550699680417388, 0.563807728067659, 0.5724819438146582, 0.5810881616565063, 0.589622151899322, 0.5980799140118827, 0.6064576806242004, 0.6147519203254533, 0.6229593393008666, 0.6310768818547009, 0.6391017298731011, 0.6470313012861441, 0.6548632475930274, 0.6625954505179446, 0.6702260178668492, 0.677753278657049, 0.6851757775924459, 0.6924922689573083, 0.6997017100008026, 0.7068032538831773, 0.7137962422525816, 0.7206801975190713, 0.7274548148894882, 0.7341199542236806, 0.7406756317690146, 0.7471220118263999, 0.7534593983971674, 0.7596882268561581, 0.7658090556923647, 0.7718225583544589, 0.7777295152345841, 0.7835308058199276, 0.7892274010378475, 0.7948203558167384, 0.8003108018813998, 0.8056999407984423, 0.8109890372842377, 0.8161794127850973, 0.8212724393367596, 0.8262695337078763, 0.8311721518300135, 0.8359817835147193, 0.8406999474564497, 0.8453281865185864, 0.8498680632984067, 0.854321155965675, 0.8586890543685027, 0.862973356399258, 0.8671756646125898, 0.8712975830870482, 0.8753407145213232, 0.8793066575557799, 0.883197004309722, 0.887013338124668, 0.8907572315038449, 0.8944302442381159, 0.8980339217086124, 0.9015697933564677, 0.9050393713102092, 0.9084441491615766, 0.9117856008807677, 0.9150651798623833, 0.9182843180936281, 0.9214444254366307, 0.9245468890170638, 0.9275930727115701, 0.9305843167268332, 0.9335219372634657, 0.9364072262582211, 0.9392414511983657, 0.9420258550023757, 0.9447616559614441, 0.9474500477365946, 0.9500921994065046, 0.9526892555614366, 0.9552423364389594, 0.9577525380974149, 0.9602209326233534, 0.9626485683694077, 0.9650364702193192, 0.9673856398770585, 0.969697056177201, 0.971971675413922, 0.9742104316861765, 0.9764142372568075, 0.9785839829235082, 0.9807205383997197, 0.9828247527037075, 0.9848974545541992, 0.986939452771107, 0.9889515366799807, 0.9909344765189599, 0.992889023847102, 0.9948159119530684, 0.9967158562632469, 0.9985895547484764, 1.000437688328626, 1.0022609212743552, 1.0040599016054552, 1.0058352614852366, 1.0075876176104894, 1.0093175715965996, 1.0110257103574551, 1.012712606479828, 1.0143788185919538, 1.0160248917260815, 1.0176513576747932, 1.0192587353409346, 1.0208475310810239, 1.0224182390420367, 1.0239713414914897, 1.025507309140768, 1.0270266014616674, 1.0285296669961306, 1.03001694365919, 1.0314888590351288, 1.0329458306668968, 1.0343882663388275, 1.0358165643527084, 1.037231113797278, 1.0386322948112174, 1.0400204788397247, 1.041396028884758, 1.042759299749045, 1.0441106382739576, 1.0454503835713567, 1.0467788672495129, 1.0480964136332187, 1.0494033399782, 1.0506999566799446, 1.0519865674770645, 1.0532634696493075, 1.0545309542103363, 1.055789306095394, 1.0570388043439738, 1.0582797222776084, 1.0595123276728986, 1.0607368829298953, 1.0619536452359497, 1.0631628667251474, 1.0643647946334356, 1.0655596714495568, 1.0667477350618966, 1.067929218901352, 1.06910435208033, 1.0702733595279725, 1.0714364621217176, 1.0725938768152894, 1.0737458167632192, 1.0748924914419902, 1.076034106767899, 1.0771708652117267, 1.0783029659103078, 1.0794306047750821, 1.0805539745977149, 1.081673265152869, 1.0827886632982082, 1.083900353071707, 1.0850085157863485, 1.0861133301222785, 1.0872149722164905, 1.0883136157501105, 1.0894094320333498, 1.0905025900881888, 1.0915932567288584, 1.09268159664018, 1.0937677724538208, 1.0948519448225267, 1.0959342724923844, 1.0970149123731703, 1.0980940196068356, 1.0991717476341807, 1.100248248259764, 1.101323671715097, 1.102398166720166, 1.10347188054333, 1.1045449590596284, 1.1056175468075504, 1.106689787044294, 1.1077618217995588, 1.1088337919279085, 1.1099058371597332, 1.11097809615085, 1.1120507065307703, 1.1131238049496652, 1.1141975271240583, 1.1152720078812732, 1.1163473812026632, 1.1174237802656473, 1.1185013374845765, 1.1195801845504552, 1.1206604524695356, 1.1217422716008107, 1.122825771692419, 1.1239110819169855, 1.1249983309059115]]"
40.0,40.0,3,30,270,I1-S1,"[[0.01, 0.009218546420913139, 0.008861068736292907, 0.008775057932921297, 0.008868437729725438, 0.009085409040201622, 0.00939199338573972, 0.009767437842461658, 0.01019905863714157, 0.010679138402040381, 0.011203054004352068, 0.011768142744258279, 0.012373012170076603, 0.01301711698557148, 0.013700497282303412, 0.014423614667979692, 0.015187248193912338, 0.01599242714500353, 0.016840386833742022, 0.017732538981455374, 0.0186704515377656, 0.019655834756675386, 0.020690531537031973, 0.021776510758137742, 0.022915862784309966, 0.0241107965865804, 0.025363638102062457, 0.026676829561682883, 0.02805292958891639, 0.02949461392029283, 0.031004676631494442, 0.03258603177614453, 0.0342417153611842, 0.03597488759508306, 0.03778886903865923, 0.039687486671712825, 0.04167527384123981, 0.04375728811772444, 0.045938965002867725, 0.048226027646198016, 0.05062443478808692, 0.05314035450359174, 0.05578015507163939, 0.05855040695095208, 0.061457891721983855, 0.06450961517610189, 0.06771282265845685, 0.0710750154133183, 0.0746039671217346, 0.0783077401197601, 0.08219470098314714, 0.08627353529135813, 0.09055326146144632, 0.09504324358600998, 0.09975320322980843, 0.10469323014429673, 0.10987379185354408, 0.11530574205237375, 0.12100032774055432, 0.12696919499713252, 0.13322439327760038, 0.13977837809422572, 0.14664401191697654, 0.15383456310929836, 0.1613637026897246, 0.16924549868702038, 0.17749440783336942, 0.18612526431710658, 0.19515326529378832, 0.20459395283213475, 0.21446319194976676, 0.2247771443729556, 0.23555223763511318, 0.2468051291108683, 0.25855266456674925, 0.27081183079626936, 0.28359970189720113, 0.2969333787427371, 0.310829921196856, 0.3253062726284247, 0.3403791762893306, 0.35606508314030166, 0.37238005073515335, 0.38933963281118855, 0.4069587592815992, 0.4252516063862438, 0.4442314568313708, 0.4639105498379651, 0.4842999211235949, 0.5054092329649901, 0.5272465946290081, 0.5498183736188094, 0.5731289983603757, 0.5971807531519895, 0.6219735664155246, 0.6475047935224557, 0.6737689957178025, 0.7007577169295383, 0.7284592605262813, 0.7568584683684634, 0.7859365047828607, 0.8156706483716297, 0.8460340948381619, 0.8769957742655204, 0.9085201865104892, 0.9405672585681065, 0.9730922279081156, 1.0060455558758286, 1.039372875275093, 1.0730149762002246, 1.106907834047366, 1.1409826834051724, 1.1751661411929584, 1.209380381976305, 1.2435433678429766, 1.2775691345660314, 1.3113681350197908, 1.3448476399550802, 1.3779121952939726, 1.4104641340862907, 1.4424041401994303, 1.4736318597124383, 1.5040465548808193, 1.5335477944590061, 1.5620361731434518, 1.5894140519624134, 1.6155863106200068, 1.6404611021318865, 1.663950599595169, 1.685971724639232, 1.7064468470250163, 1.7253044450106243, 1.742479716485603, 1.757915131493301, 1.7715609176004044, 1.783375470618019, 1.7933256844052898, 1.8013871948640205, 1.8075445347254102, 1.8117911972982397, 1.8141296089496162, 1.8145710116818512, 1.81313525871017, 1.8098505273959797, 1.8047529552134203, 1.797886205591887, 1.7893009714591548, 1.779054425090213, 1.7672096234345576, 1.753834878445127, 1.7390031020677288, 1.7227911354794683, 1.7052790719026487, 1.6865495818858796, 1.666687249359334, 1.6457779260615109, 1.6239081111271871, 1.6011643617477758, 1.577632739892725, 1.5533982991394288, 1.5285446147227657, 1.5031533590048312, 1.4773039236986611, 1.4510730893716595, 1.4245347420166994, 1.3977596358199214, 1.3708152006795344, 1.3437653925420632, 1.316670584221553, 1.289587494051205, 1.2625691494818423, 1.2356648825821943, 1.208920354305805, 1.1823776043612226, 1.1560751235484361, 1.1300479454974701, 1.1043277548569363, 1.078943009123691, 1.0539190714725222, 1.0292783521304683, 1.0050404560380173, 0.981222334743821, 0.9578384406860643, 0.9349008822183719, 0.912419577937852, 0.8904024090649288, 0.8688553688069616, 0.8477827078087437, 0.8271870749517647, 0.807069652909947, 0.7874302880021331, 0.7682676140009002, 0.7495791696635566, 0.731361509844858, 0.7136103101326653, 0.69632046501815, 0.679486179672, 0.6631010554482328, 0.6471581692785124, 0.6316501471531482, 0.6165692319110635, 0.6019073455807592, 0.5876561465284307, 0.5738070816786573, 0.5603514340781329, 0.5472803660743678, 0.5345849583797427, 0.5222562452872224, 0.5102852462979325, 0.4986629944130433, 0.48738056133337193, 0.47642907980011884, 0.4657997632994608, 0.45548392334258114, 0.4454729845213117, 0.4357584975280738, 0.42633215031736477, 0.41718577757476577, 0.408311368648432, 0.3997010740873462, 0.3913472109203239, 0.38324226679989376, 0.3753789031257747, 0.36774995725374215, 0.3603484438872392, 0.35316755574113656, 0.3462006635595834, 0.3394413155629039, 0.3328832363919759, 0.3265203256124557, 0.32034665583557675, 0.3143564705070266, 0.30854418141057244, 0.30290436592865244, 0.2974317640980382, 0.2921212754949011, 0.28696795598014696, 0.28196701433270727, 0.2771138087955668, 0.2724038435566529, 0.2678327651842867, 0.26339635903468944, 0.25909054564702755, 0.2549113771396566, 0.25085503361956724, 0.2469178196155373, 0.24309616054413663, 0.23938659921650626, 0.2357857923927271, 0.2322905073895975, 0.22889761874674427, 0.22560410495518654, 0.22240704525175237, 0.2193036164821034, 0.21629109003454658, 0.21336682884630098, 0.21052828448343078, 0.20777299429525245, 0.205098578643667, 0.20250273820755377, 0.19998325136208525, 0.1975379716325817, 0.1951648252223129, 0.19286180861347285, 0.19062698624039492, 0.18845848823394207, 0.18635450823589117, 0.18431330128203605, 0.18233318175265342, 0.18041252138891206, 0.17854974737375282, 0.17674334047572757, 0.17499183325425519, 0.1732938083247314, 0.17164789668191735, 0.17005277608002536, 0.16850716946792155, 0.16700984347787037, 0.16555960696625766, 0.16415530960474292, 0.16279584052031065, 0.1614801269827114, 0.16020713313780782, 0.15897585878536694, 0.1577853381998678, 0.15663463899292315, 0.15552286101594517, 0.15444913530171536, 0.15341262304355274, 0.15241251461080607, 0.15144802859942932, 0.15051841091643298, 0.14962293389703665, 0.14876089545338184, 0.14793161825369688, 0.1471344489308378, 0.1463687573191623, 0.14563393571872432, 0.14492939818580958, 0.1442545798488613, 0.14360893624887688, 0.14299194270338478, 0.14240309369314005, 0.14184190227070453, 0.1413078994901054, 0.14080063385679217, 0.14031967079713845, 0.1398645921467588, 0.13943499565693707, 0.13903049451848437, 0.13865071690236963, 0.13829530551648594, 0.13796391717793893, 0.13765622240026332, 0.13737190499499374, 0.13711066168703612, 0.1368722017433032, 0.1366562466140973, 0.13646252958673977, 0.13629079545096318, 0.1361408001755995, 0.13601231059611196, 0.13590510411253312, 0.13581896839738727, 0.13575370111318752, 0.13570910963911215, 0.13568501080647694, 0.13568123064263304, 0.1356976041229309, 0.13573397493040232, 0.1357901952228239, 0.13586612540683424, 0.13596163391878865, 0.13607659701204328, 0.13621089855037027, 0.13636442980721425, 0.1365370892705081, 0.13672878245277473, 0.13693942170624832, 0.13716892604275616, 0.13741722095810902, 0.13768423826075457, 0.13796991590445437, 0.13827419782475125, 0.13859703377899957, 0.13893837918973592, 0.13929819499117357, 0.13967644747860847, 0.14007310816052923, 0.1404881536132287, 0.14092156533771788, 0.14137332961874824, 0.14184343738575136, 0.1423318840755092, 0.14283866949637136, 0.1433637976938394, 0.14390727681734133, 0.14446911898802292, 0.14504934016738427, 0.1456479600265946, 0.14626500181631966, 0.1469004922368991, 0.14755446130871433, 0.1482269422425889, 0.14891797131006665, 0.14962758771341494]]","[[0.01, 0.011673645222856313, 0.01362924433757481, 0.015801894642058518, 0.01815638996173663, 0.02067522274649965, 0.023351418278327426, 0.026184343332760755, 0.029177227105471347, 0.03233569784600534, 0.03566692504249503, 0.03917912224038444, 0.04288126420823782, 0.046782931204849415, 0.050894228406983016, 0.055225749645183286, 0.05978856717532771, 0.0645942367070517, 0.06965481136531301, 0.07498286090371103, 0.08059149405035958, 0.08649438278668697, 0.09270578789757343, 0.09924058544331221, 0.10611429398257843, 0.11334310247589673, 0.12094389885359885, 0.12893429926019914, 0.13733267799980345, 0.14615819821121903, 0.15543084330067383, 0.16517144915667478, 0.1754017371667532, 0.18614434805032595, 0.19742291194244901, 0.20926247219514366, 0.22168985399215912, 0.2347336414199601, 0.24842414555470932, 0.26279339861210826, 0.27787516837188286, 0.29370498857355554, 0.3103202020498028, 0.32776001415444384, 0.3460655546301736, 0.36527994649996565, 0.38544838089365113, 0.4066181969650038, 0.42883896623480644, 0.4521625808266625, 0.47664334515577805, 0.5023380706948282, 0.5293061734815201, 0.5576097740542301, 0.587313799508611, 0.6184860873619495, 0.651197490895242, 0.6855219856168792, 0.7215367764575301, 0.7593224052640377, 0.7989628581114023, 0.8405456718966055, 0.8841620396163463, 0.929906913662895, 0.9778791063983318, 1.0281813871875183, 1.0809205749843611, 1.1362076254743807, 1.1941577116794884, 1.254890296828439, 1.318529198188999, 1.3852026404459197, 1.4550432970928966, 1.5281883181875964, 1.6047793426974482, 1.6849624935413758, 1.7688883533103474, 1.8567119185291487, 1.9485925302050637, 2.0446937782983485, 2.145183377647037, 2.250233012787594, 2.3600181490364265, 2.4747178071388616, 2.5945142987558234, 2.719592920048409, 2.8501416006414155, 2.9863505053036237, 3.128411585780348, 3.2765180803578455, 3.430863958935001, 3.591643311630734, 3.759049679271038, 3.933275324482434, 4.114510442573339, 4.302942311915241, 4.498754384144357, 4.7021253151933955, 4.91322793893226, 5.132228186044495, 5.359283951689437, 5.594543916492553, 5.838146326459866, 6.0902177385156575, 6.350871739501516, 6.620207647632347, 6.898309206560787, 7.185243283332586, 7.48105858259581, 7.785784390428074, 8.099429362037744, 8.42198036834591, 8.753401417033391, 9.093632664009538, 9.442589531396534, 9.800161947996695, 10.166213727796793, 10.540582101343697, 10.92307741378711, 11.313483002022318, 11.71155526168187, 12.117023912731986, 12.5295924701489, 12.948938923613863, 13.37471662741388, 13.806555398818489, 14.244062820178433, 14.686825736924412, 15.13441194060169, 15.586372023130883, 16.042241385708273, 16.501542383220105, 16.963786582809544, 17.428477113360135, 17.89511108119484, 18.363182026272796, 18.832182392622467, 19.30160598669232, 19.770950397726665, 20.23971935517037, 20.707424999443237, 21.173590044163685, 21.63774980999166, 22.099454112644867, 22.55826899025585, 23.013778258012913, 23.46558488089629, 23.91331215821436, 24.35660471649846, 24.795129310069242, 25.228575431189444, 25.65665573412187, 26.079106279580788, 26.49568660797156, 26.906179651438755, 27.310391496076733, 27.708151006697275, 28.099309327301448, 28.483739270879855, 28.86133461238396, 29.232009298693242, 29.595696589173272, 29.952348140005444, 30.30193304489836, 30.644436844091665, 30.979860512763544, 31.30821943907913, 31.62954240119374, 31.943870551574314, 32.25125641604493, 32.551762914014915, 32.845462405426126, 33.132435769071265, 33.41277151609731, 33.686564941724825, 33.953917317490244, 34.21493512565712, 34.46972933684588, 34.71841473139942, 34.96110926453329, 35.19793347491183, 35.42900993594245, 35.654462748786536, 35.874417075842246, 36.08899871325865, 36.29833370088725, 36.50254796796199, 36.70176701271808, 36.896115614109135, 37.08571757375751, 37.2706954862707, 37.45117053607324, 37.62726231893685, 37.799088686436804, 37.96676561161957, 38.13040707423075, 38.29012496392337, 38.446028999941646, 38.59822666585337, 38.74682315798336, 38.891921346280775, 39.03362174643214, 39.17202250211041, 39.30721937632646, 39.439305750923566, 39.56837263332624, 39.6945086697232, 39.81780016392888, 39.93833110122964, 40.05618317657852, 40.17143582655744, 40.28416626457662, 40.394449518829035, 40.502358472562264, 40.60796390627155, 40.71133454145627, 40.812537085617535, 40.91163627820753, 41.00869493727112, 41.10377400654826, 41.1969326028309, 41.28822806339152, 41.37771599332154, 41.46545031263723, 41.5514833030285, 41.63586565414169, 41.718646509302346, 41.799873510596754, 41.87959284324311, 41.95784927919387, 42.03468621992039, 42.11014573833959, 42.18426861985043, 42.257094402454456, 42.32866141594127, 42.399006820125095, 42.46816664212356, 42.53617581267416, 42.603068201487524, 42.6688766516404, 42.73363301301357, 42.79736817478305, 42.860112096974866, 42.92189384109559, 42.982741599852595, 43.04268272597928, 43.10174376018167, 43.159950458223804, 43.21732781717012, 43.2739001008036, 43.32969086423893, 43.384722977750414, 43.439018649834416, 43.492599449526395, 43.54548632799262, 43.59769963941664, 43.64925916120043, 43.70018411350009, 43.75049317811571, 43.80020451675476, 43.84933578868821, 43.89790416781806, 43.94592635917488, 43.993418614863295, 44.040396749473395, 44.08687615497514, 44.1328718151129, 44.178398319316585, 44.22346987614543, 44.26810032628021, 44.312303155079114, 44.35609150471207, 44.39947818588806, 44.442475689189266, 44.48509619602581, 44.52735158922408, 44.5692534632616, 44.61081313416061, 44.652041649052514, 44.692949795424695, 44.733548110060944, 44.7738468876863, 44.813856189326856, 44.85358585039465, 44.893045488507404, 44.93224451105257, 44.97119212250488, 45.00989733150614, 45.0483689577158, 45.08661563844059, 45.12464583505098, 45.16246783919227, 45.200089778797604, 45.237519623909996, 45.27476519232028, 45.311834155027505, 45.3487340415282, 45.385472244940644, 45.422056026969955, 45.45849252271982, 45.49478874535627, 45.53095159062869, 45.56698784125339, 45.60290417116435, 45.63870714963598, 45.67440324528248, 45.70999882993803, 45.7455001824221, 45.78091349219384, 45.8162448628995, 45.851500315816565, 45.88668579319821, 45.921807161521514, 45.95687021464276, 45.991880676863, 46.02684420590689, 46.06176639581788, 46.096652779772356, 46.13150883281569, 46.16633997452258, 46.2011515715843, 46.235948940325216, 46.270737349150835, 46.305522020929615, 46.3403081353106, 46.375100830978944, 46.409905207851175, 46.44472632921211, 46.479569223795146, 46.514438887807565, 46.54934028690254, 46.58427835809931, 46.61925801165295, 46.654284132875205, 46.68936158390762, 46.72449520544825, 46.759689818433145, 46.79495022567368, 46.8302812134508, 46.865687553067254, 46.90117400235862, 46.93674530716412, 46.972406202757966, 47.008161415242085, 47.04401566290085, 47.07997365751855, 47.11604010566019, 47.15221970991617, 47.18851717011135, 47.22493718447907, 47.26148445080029, 47.29816366750859, 47.33497953476098, 47.37193675547509, 47.40904003633277, 47.446294088750484, 47.48370362981648, 47.52127338319492, 47.55900807999706, 47.596912459619475, 47.63499127054933, 47.673249271136605, 47.71169123033326, 47.750321928399124, 47.78914615757446, 47.828168722718814]]","[array([6.37688001e-05, 6.00799169e-05, 5.86665223e-05, 5.87302733e-05,
       5.97886097e-05, 6.15483425e-05, 6.38306649e-05, 6.65263111e-05,
       6.95685968e-05, 7.29171843e-05, 7.65482716e-05, 8.04486375e-05,
       8.46120047e-05, 8.90368027e-05, 9.37247754e-05, 9.86801040e-05,
       1.03908846e-04, 1.09418571e-04, 1.15218114e-04, 1.21317418e-04,
       1.27727416e-04, 1.34459957e-04, 1.41527749e-04, 1.48944325e-04,
       1.56724018e-04, 1.64881944e-04, 1.73433999e-04, 1.82396850e-04,
       1.91787945e-04, 2.01625516e-04, 2.11928590e-04, 2.22716998e-04,
       2.34011393e-04, 2.45833310e-04, 2.58206302e-04, 2.71158302e-04,
       2.84721381e-04, 2.98930578e-04, 3.13823128e-04, 3.29437990e-04,
       3.45815597e-04, 3.62997738e-04, 3.81027538e-04, 3.99949499e-04,
       4.19809569e-04, 4.40655244e-04, 4.62535671e-04, 4.85501755e-04,
       5.09606275e-04, 5.34903986e-04, 5.61451720e-04, 5.89308484e-04,
       6.18535544e-04, 6.49196515e-04, 6.81357427e-04, 7.15086801e-04,
       7.50455702e-04, 7.87537796e-04, 8.26409391e-04, 8.67149469e-04,
       9.09839713e-04, 9.54564517e-04, 1.00141098e-03, 1.05046891e-03,
       1.10183077e-03, 1.15559165e-03, 1.21184919e-03, 1.27070351e-03,
       1.33225708e-03, 1.39661460e-03, 1.46388285e-03, 1.53417048e-03,
       1.60758778e-03, 1.68424647e-03, 1.76425934e-03, 1.84773997e-03,
       1.93480230e-03, 2.02556024e-03, 2.12012719e-03, 2.21861547e-03,
       2.32113580e-03, 2.42779659e-03, 2.53870327e-03, 2.65395754e-03,
       2.77365647e-03, 2.89789169e-03, 3.02674835e-03, 3.16030413e-03,
       3.29862812e-03, 3.44177966e-03, 3.58980711e-03, 3.74274657e-03,
       3.90062053e-03, 4.06343649e-03, 4.23118551e-03, 4.40384078e-03,
       4.58135610e-03, 4.76366442e-03, 4.95067634e-03, 5.14227868e-03,
       5.33833302e-03, 5.53867438e-03, 5.74310994e-03, 5.95141789e-03,
       6.16334639e-03, 6.37861272e-03, 6.59690257e-03, 6.81786961e-03,
       7.04113524e-03, 7.26628867e-03, 7.49288719e-03, 7.72045691e-03,
       7.94849367e-03, 8.17646446e-03, 8.40380909e-03, 8.62994232e-03,
       8.85425633e-03, 9.07612356e-03, 9.29489999e-03, 9.50992866e-03,
       9.72054368e-03, 9.92607434e-03, 1.01258497e-02, 1.03192032e-02,
       1.05054777e-02, 1.06840302e-02, 1.08542370e-02, 1.10154989e-02,
       1.11672456e-02, 1.13089413e-02, 1.14400883e-02, 1.15602319e-02,
       1.16689640e-02, 1.17659268e-02, 1.18508154e-02, 1.19233806e-02,
       1.19834307e-02, 1.20308330e-02, 1.20655142e-02, 1.20874606e-02,
       1.20967180e-02, 1.20933901e-02, 1.20776372e-02, 1.20496740e-02,
       1.20097667e-02, 1.19582301e-02, 1.18954240e-02, 1.18217496e-02,
       1.17376452e-02, 1.16435818e-02, 1.15400589e-02, 1.14276002e-02,
       1.13067485e-02, 1.11780617e-02, 1.10421083e-02, 1.08994630e-02,
       1.07507031e-02, 1.05964043e-02, 1.04371372e-02, 1.02734642e-02,
       1.01059363e-02, 9.93509055e-03, 9.76144777e-03, 9.58551030e-03,
       9.40776039e-03, 9.22865874e-03, 9.04864338e-03, 8.86812880e-03,
       8.68750532e-03, 8.50713877e-03, 8.32737035e-03, 8.14851667e-03,
       7.97087005e-03, 7.79469887e-03, 7.62024815e-03, 7.44774023e-03,
       7.27737550e-03, 7.10933330e-03, 6.94377279e-03, 6.78083393e-03,
       6.62063850e-03, 6.46329109e-03, 6.30888014e-03, 6.15747901e-03,
       6.00914692e-03, 5.86393006e-03, 5.72186249e-03, 5.58296712e-03,
       5.44725667e-03, 5.31473448e-03, 5.18539542e-03, 5.05922668e-03,
       4.93620850e-03, 4.81631493e-03, 4.69951449e-03, 4.58577078e-03,
       4.47504312e-03, 4.36728707e-03, 4.26245492e-03, 4.16049620e-03,
       4.06135809e-03, 3.96498584e-03, 3.87132309e-03, 3.78031226e-03,
       3.69189482e-03, 3.60601153e-03, 3.52260279e-03, 3.44160873e-03,
       3.36296954e-03, 3.28662553e-03, 3.21251739e-03, 3.14058625e-03,
       3.07077386e-03, 3.00302266e-03, 2.93727590e-03, 2.87347770e-03,
       2.81157313e-03, 2.75150826e-03, 2.69323023e-03, 2.63668726e-03,
       2.58182869e-03, 2.52860503e-03, 2.47696793e-03, 2.42687023e-03,
       2.37826595e-03, 2.33111032e-03, 2.28535972e-03, 2.24097174e-03,
       2.19790511e-03, 2.15611975e-03, 2.11557672e-03, 2.07623820e-03,
       2.03806748e-03, 2.00102897e-03, 1.96508812e-03, 1.93021147e-03,
       1.89636655e-03, 1.86352193e-03, 1.83164715e-03, 1.80071272e-03,
       1.77069008e-03, 1.74155157e-03, 1.71327046e-03, 1.68582084e-03,
       1.65917767e-03, 1.63331671e-03, 1.60821453e-03, 1.58384846e-03,
       1.56019659e-03, 1.53723772e-03, 1.51495136e-03, 1.49331771e-03,
       1.47231762e-03, 1.45193260e-03, 1.43214474e-03, 1.41293678e-03,
       1.39429201e-03, 1.37619429e-03, 1.35862803e-03, 1.34157815e-03,
       1.32503010e-03, 1.30896981e-03, 1.29338370e-03, 1.27825862e-03,
       1.26358191e-03, 1.24934130e-03, 1.23552497e-03, 1.22212146e-03,
       1.20911975e-03, 1.19650916e-03, 1.18427939e-03, 1.17242048e-03,
       1.16092281e-03, 1.14977710e-03, 1.13897438e-03, 1.12850599e-03,
       1.11836356e-03, 1.10853900e-03, 1.09902451e-03, 1.08981256e-03,
       1.08089587e-03, 1.07226742e-03, 1.06392040e-03, 1.05584828e-03,
       1.04804472e-03, 1.04050362e-03, 1.03321908e-03, 1.02618541e-03,
       1.01939712e-03, 1.01284890e-03, 1.00653563e-03, 1.00045238e-03,
       9.94594378e-04, 9.88957029e-04, 9.83535897e-04, 9.78326704e-04,
       9.73325325e-04, 9.68527781e-04, 9.63930236e-04, 9.59528993e-04,
       9.55320489e-04, 9.51301289e-04, 9.47468087e-04, 9.43817695e-04,
       9.40347046e-04, 9.37053187e-04, 9.33933276e-04, 9.30984578e-04,
       9.28204463e-04, 9.25590403e-04, 9.23139968e-04, 9.20850822e-04,
       9.18720725e-04, 9.16747523e-04, 9.14929152e-04, 9.13263633e-04,
       9.11749067e-04, 9.10383638e-04, 9.09165606e-04, 9.08093307e-04,
       9.07165151e-04, 9.06379618e-04, 9.05735260e-04, 9.05230693e-04,
       9.04864601e-04, 9.04635733e-04, 9.04542897e-04, 9.04584964e-04,
       9.04760862e-04, 9.05069579e-04, 9.05510156e-04, 9.06081689e-04,
       9.06783328e-04, 9.07614273e-04, 9.08573774e-04, 9.09661130e-04,
       9.10875690e-04, 9.12216845e-04, 9.13684033e-04, 9.15276737e-04,
       9.16994481e-04, 9.18836830e-04, 9.20803391e-04, 9.22893811e-04,
       9.25107772e-04, 9.27444996e-04, 9.29905241e-04, 9.32488299e-04,
       9.35193998e-04, 9.38022197e-04, 9.40972790e-04, 9.44045701e-04,
       9.47240884e-04, 9.50558323e-04, 9.53998032e-04, 9.57560050e-04,
       9.61244447e-04, 9.65051315e-04, 9.68980773e-04, 9.73032965e-04,
       9.77208056e-04, 9.81506237e-04, 9.85927718e-04, 9.90472730e-04,
       9.95141526e-04])]","[[0, 6.376880005047202e-05, 0.00012384871691641303, 0.00018251523919836924, 0.00024124551251977116, 0.0003010341222415072, 0.0003625824647425379, 0.00042641312961815833, 0.0004929394407358383, 0.0005625080375055832, 0.0006354252217699468, 0.000711973493405874, 0.00079242213086133, 0.0008770341355656604, 0.0009660709383033662, 0.0010597957136935995, 0.0011584758176991002, 0.0012623846639493027, 0.001371803234586259, 0.0014870213486300168, 0.0016083387665608824, 0.0017360661825977035, 0.0018705261392348428, 0.002012053887926609, 0.0021609982129420376, 0.002317722230891333, 0.0024826041753645816, 0.002656038173987435, 0.0028384350236594046, 0.0030302229685954855, 0.0032318484849137496, 0.0034437770748189673, 0.0036664940728719213, 0.0039005054663699443, 0.004146338776721811, 0.00440454507853067, 0.004675703380543358, 0.00496042476109703, 0.005259355339008872, 0.005573178466647018, 0.00590261645672197, 0.006248432053765291, 0.0066114297916406075, 0.006992457329960823, 0.007392406828784147, 0.007812216398022435, 0.008252871642472579, 0.008715407313030792, 0.009200909067871996, 0.009710515343036425, 0.010245419329159242, 0.010806871049440777, 0.011396179532988925, 0.012014715077096623, 0.012663911591657206, 0.013345269018640329, 0.014060355819264878, 0.014810811521155981, 0.015598349317324041, 0.016424758708231294, 0.017291908177501338, 0.018201747890970895, 0.01915631240777583, 0.020157723391002504, 0.02120819230411966, 0.022310023077935004, 0.023465614731194583, 0.024677463926162956, 0.025948167438589603, 0.027280424519384516, 0.028677039123096933, 0.030140921975921133, 0.031675092453448905, 0.03328268023575916, 0.034966926704693466, 0.03673118604532743, 0.03857892601073106, 0.04051372830614055, 0.04253928854566773, 0.044659415731686324, 0.046878031204096254, 0.04919916700382575, 0.051626963592240845, 0.05416566686565382, 0.056819624401927886, 0.059593280874341945, 0.06249117256649467, 0.06551792092118594, 0.06867822505601957, 0.07197685317903522, 0.07541863283911672, 0.07900843994836171, 0.0827511865171601, 0.08665180704754404, 0.09071524353656664, 0.0949464290491633, 0.09935026982926119, 0.10393162592893139, 0.10869529034820727, 0.11364596669288395, 0.11878824537419681, 0.12412657839275126, 0.12966525276939492, 0.13540836270779577, 0.14135978059716953, 0.14752312698868156, 0.15390173970526422, 0.16049864227160407, 0.16731651187846017, 0.1743576471228013, 0.18162393579195793, 0.18911682298547372, 0.19683727989195932, 0.2047857735593048, 0.21296223801437814, 0.2213660471020952, 0.22999598942277932, 0.23885024575035374, 0.24792636931151016, 0.25722126929703976, 0.266731197960583, 0.27645174163687153, 0.28637781598098927, 0.29650366569233405, 0.30682286894208916, 0.31732834667158644, 0.3280123768716475, 0.33886661389071504, 0.34988211275341624, 0.36104935840238067, 0.3723582997060587, 0.38379838800544114, 0.395358619904518, 0.4070275839445931, 0.41879351074271265, 0.43064432612090325, 0.4425677067069397, 0.4545511374500857, 0.466581970467565, 0.47864748462005524, 0.49073494520762645, 0.5028316631813463, 0.5149250532800387, 0.5270026905259451, 0.5390523645465565, 0.5510621312317148, 0.5630203612840812, 0.5749157852759516, 0.5867375348847763, 0.5984751800421845, 0.6101187617953688, 0.6216588207439582, 0.6330864209786526, 0.6443931695087187, 0.6555712312228419, 0.6666133394809146, 0.6775128024823397, 0.6882635055987965, 0.6988599098957694, 0.7092970470972604, 0.7195705112719603, 0.7296764475368424, 0.7396115380858903, 0.7493729858578362, 0.7589584961577912, 0.7683662565439902, 0.7775949152831063, 0.7866435586662771, 0.7955116874637079, 0.8041991927790577, 0.8127063315463134, 0.8210337018920499, 0.8291822185653365, 0.8371530886165216, 0.8449477874851009, 0.8525680356361759, 0.8600157758649398, 0.8672931513694075, 0.8744024846734259, 0.8813462574650084, 0.8881270913993198, 0.8947477299012631, 0.9012110209896226, 0.9075199011330876, 0.9136773801382024, 0.91968652706032, 0.9255504571209099, 0.9312723196080349, 0.9368552867313604, 0.9423025433986383, 0.9476172778771057, 0.9528026733005805, 0.9578618999811247, 0.9627981084829078, 0.9676144234152445, 0.9723139379016261, 0.9768997086818537, 0.9813747518050239, 0.9857420388720743, 0.990004493787798, 0.9941649899836291, 0.9982263480740622, 1.0021913339112205, 1.0060626570038393, 1.009842969268713, 1.0135348640844648, 1.0171408756193112, 1.0206634784062774, 1.0241050871410837, 1.027468056679623, 1.0307546822136124, 1.0339671996045847, 1.0371077858579114, 1.0401785597199922, 1.0431815823831234, 1.0461188582838494, 1.048992335981823, 1.0518039091073448, 1.0545554173668232, 1.0572486475963876, 1.0598853348548203, 1.0624671635478347, 1.0649957685765137, 1.0674727365034677, 1.069899606730942, 1.072277872685729, 1.0746089830063057, 1.076894342728152, 1.0791353144636662, 1.0813332195735437, 1.0834893393268785, 1.0856049160475991, 1.0876811542451912, 1.0897192217279428, 1.0917202506972266, 1.0936853388215633, 1.0956155502894391, 1.0975119168400373, 1.0993754387712196, 1.1012070859242533, 1.1030077986449167, 1.1047784887207368, 1.1065200402942297, 1.1082333107521023, 1.1099191315904686, 1.1115783092562015, 1.1132116259646114, 1.1148198404936962, 1.116403688955257, 1.117963885543221, 1.1195011232595373, 1.121016074618058, 1.1225093923268226, 1.1239817099492027, 1.125433642544366, 1.1268657872875418, 1.128278724070572, 1.1296730160832433, 1.131049210375898, 1.1324078384038243, 1.1337494165539261, 1.1350744466541691, 1.1363834164663011, 1.1376768001623336, 1.1389550587852733, 1.140218640694577, 1.1414679819968059, 1.142703506961937, 1.1439256284257868, 1.1451347481789953, 1.1463312573429967, 1.1475155367334118, 1.148687957211268, 1.1498488800224558, 1.1509986571258157, 1.1521376315102356, 1.1532661375011348, 1.1543845010566947, 1.1554930400541885, 1.156592064566752, 1.1576818771309256, 1.158762773005288, 1.159835040420495, 1.1608989608210205, 1.1619548090988971, 1.1630028538197312, 1.1640433574412712, 1.1650765765247904, 1.1661027619395392, 1.167122159060514, 1.1681350079597805, 1.16914154359158, 1.170141995971443, 1.1711365903495223, 1.172125547378353, 1.1731090832752382, 1.1740874099794558, 1.1750607353044658, 1.1760292630853029, 1.176993193321324, 1.177952722314478, 1.1789080428032548, 1.179859344092474, 1.1808068121790556, 1.1817506298739187, 1.1826909769201475, 1.1836280301075555, 1.1845619633837752, 1.1854929479619976, 1.186421152425481, 1.1873467428289401, 1.1882698827969278, 1.1891907336193135, 1.1901094543439608, 1.1910262018667013, 1.1919411310186976, 1.1928543946512877, 1.1937661437183962, 1.194676527356596, 1.195585692962899, 1.1964937862703555, 1.1974009514215347, 1.1983073310399555, 1.199213066299538, 1.2001182969921402, 1.201023161593242, 1.201927797325836, 1.2028323402225836, 1.203736925186291, 1.2046416860487572, 1.2055467556280444, 1.20645226578422, 1.2073583474736143, 1.20826513080164, 1.2091727450742138, 1.2100813188478186, 1.21099097997825, 1.211901855668075, 1.2128140725128451, 1.2137277565460902, 1.2146430332831295, 1.2155600277637229, 1.2164788645935967, 1.2173996679848649, 1.218322561795372, 1.2192476695669814, 1.2201751145628308, 1.2211050198035722, 1.2220375081026182, 1.2229727021004109, 1.2239107242977287, 1.2248516970880474, 1.2257957427889667, 1.2267429836727162, 1.2276935419957504, 1.2286475400274453, 1.2296051000778996, 1.2305663445248542, 1.2315313958397316, 1.2325003766128018, 1.2334734095774804, 1.2344506176337582, 1.2354321238707668, 1.236418051588481, 1.2374085243185553, 1.2384036658442958]]"
40.0,40.0,3,30,360,I0-S0,"[[0.01, 0.009218546420913139, 0.008861068736292907, 0.008775057932921297, 0.008868421578637424, 0.009085172610987024, 0.009390888238012034, 0.009764189926023377, 0.010191640805741588, 0.010664674853639198, 0.01117774425945981, 0.011727197656431265, 0.012310597134108748, 0.012926299076161427, 0.013573194040440953, 0.014250542906985098, 0.014957871650960441, 0.01569490212738788, 0.016461505243417784, 0.01725766827261233, 0.018083471287718693, 0.01893906962230637, 0.019824680436014312, 0.020740572162538575, 0.021687056048576077, 0.02266447925591703, 0.02367321916351005, 0.024713678610884977, 0.025786281892293986, 0.026891471356396357, 0.02802970449772748, 0.029201451448673053, 0.030407192797327547, 0.031647417669367905, 0.032922700025834715, 0.03423448910659917, 0.03558555191018591, 0.036979534247163236, 0.03842060805946592, 0.03991324482858962, 0.04146207216899751, 0.04307178568728354, 0.044747097655973525, 0.046492710179694974, 0.048313304549575914, 0.05021354114949445, 0.05219806607037293, 0.05427152180636248, 0.056438560241559625, 0.05870385671231544, 0.06107212433004209, 0.06354812802721672, 0.06613669798188879, 0.06884274220867267, 0.07167125819447884, 0.07462734351739958, 0.0777162054259297, 0.0809431693792807, 0.0843136865623992, 0.0878333403946333, 0.09150785205111873, 0.09534308501254533, 0.0993450486532081, 0.10351990087000214, 0.10787394974689236, 0.1124136542408038, 0.11714562386613392, 0.12207661734638997, 0.12721354019294112, 0.132563441162646, 0.13813350753823628, 0.14393105916785803, 0.14996354119313715, 0.15623851538857883, 0.16276365002907903, 0.16954670819686027, 0.17659553443430343, 0.18391803964499082, 0.19152218414188543, 0.19941595873902745, 0.2076073637815385, 0.21610438600819548, 0.2249149731414974, 0.2340470061021372, 0.24350826874825982, 0.25330641504499324, 0.263448933576658, 0.273943109322967, 0.28479598263160577, 0.29601430533302286, 0.3076044939592442, 0.31957258004723765, 0.3319241575289673, 0.344664327234951, 0.35779763856600566, 0.3713280284190503, 0.3852587574874092, 0.39959234409405847, 0.4143304957576751, 0.4294740387360999, 0.4450228458397819, 0.46097576285870495, 0.4773305339999036, 0.49408372678855383, 0.5112306569432599, 0.5287653137949394, 0.5466802868778924, 0.5649666943803633, 0.5836141141991983, 0.6026105183979452, 0.6219422119187302, 0.6415937764441509, 0.6615480203448211, 0.6817859356796108, 0.7022866632374924, 0.7230274666206754, 0.743983716366837, 0.7651288850922443, 0.7864345546060082, 0.8078704358973802, 0.8294044028318276, 0.8510025403068213, 0.8726292075143324, 0.8942471168338322, 0.9158174287373861, 0.9372998629279362, 0.9586528257542768, 0.9798335537532419, 1.0007982729634393, 1.021502373438224, 1.0419005981616987, 1.0619472453440295, 1.0815963828453234, 1.1008020732551085, 1.1195186079416912, 1.13770074818706, 1.1553039713432822, 1.172284719790107, 1.1886006503450468, 1.2042108816805075, 1.2190762372409483, 1.2331594811292985, 1.2464255444479098, 1.2588417396362546, 1.2703779604455872, 1.281006865329042, 1.2907040422024108, 1.2994481527433732, 1.3072210546416598, 1.3140079004850487, 1.3197972122611432, 1.3245809307668128, 1.3283544395399511, 1.3311165632554336, 1.3328695408524691, 1.333618973977634, 1.3333737516307482, 1.3321459521838444, 1.3299507242018116, 1.3268061477225839, 1.3227330778515114, 1.3177549726861832, 1.3118977077127252, 1.3051893789016509, 1.2976600967807725, 1.2893417737753288, 1.2802679070830458, 1.2704733592966184, 1.259994138900968, 1.248867182660976, 1.2371301417808935, 1.224821173563185, 1.2119787401262563, 1.1986414155613059, 1.1848477027224185, 1.170635860654682, 1.1560437434760746, 1.1411086513432949, 1.1258671939524028, 1.1103551668545197, 1.094607440706931, 1.0786578634323145, 1.0625391751247255, 1.0462829354211887, 1.029919462952744, 1.0134777863987294, 0.996985606592744, 0.9804692690677682, 0.9639537463806533, 0.9474626295218567, 0.931018127693954, 0.9146410757310729, 0.898350948429872, 0.8821658810699133, 0.866102695416099, 0.8501769305171624, 0.8344028776409338, 0.8187936187182085, 0.8033610677015814, 0.7881160142826744, 0.773068169449972, 0.7582262124092616, 0.7435978384288148, 0.7291898072113787, 0.7150079914342968, 0.7010574251372491, 0.6873423516738597, 0.673866270978505, 0.6606319859328774, 0.6476416476480569, 0.6348967995069414, 0.6223984198388182, 0.6101469631226142, 0.5981423996379691, 0.5863842535037542, 0.5748716390620991, 0.5636032955824581, 0.5525776202748416, 0.5417926996141694, 0.5312463389888777, 0.5209360906965406, 0.5108592803174818, 0.5010130315042526, 0.4913942892305598, 0.48199984154786063, 0.47282633990149114, 0.4638703180609779, 0.45512820972118884, 0.4465963648322977, 0.4382710647172559, 0.43014853603565933, 0.4222249636526445, 0.4144965024708033, 0.40695928828213973, 0.39960944769585266, 0.39244310719626396, 0.3854564013835709, 0.37864548044831703, 0.3720065169285854, 0.3655357117969506, 0.3592292999222098, 0.35308355494886556, 0.3470947936352817, 0.34125937968938697, 0.33557372713878114, 0.33003430327010747, 0.3246376311706159, 0.319380291902947, 0.31425892634233527, 0.30927023670366105, 0.30441098778407666, 0.2996780079453003, 0.2950681898581069, 0.2905784910300564, 0.2862059341360795, 0.2819476071701932, 0.27780066343534215, 0.2737623213871513, 0.2698298643462356, 0.26600064009263663, 0.26227206035494094, 0.2586416002056858, 0.2551067973737623, 0.2516652514836895, 0.24831462323084824, 0.24505263350103074, 0.24187706244197787, 0.23878574849393605, 0.23577658738567195, 0.23284753110182846, 0.22999658682699067, 0.227221815871352, 0.22452133258242665, 0.22189330324684298, 0.21933594498587117, 0.21684752464798596, 0.2144263577014387, 0.21207080712951273, 0.2097792823308574, 0.2075502380270408, 0.20538217317922502, 0.20327362991565137, 0.20122319247142342, 0.1992294861418936, 0.19729117625079032, 0.1954069671340706, 0.1935756011403416, 0.19179585764856702, 0.19006655210365697, 0.18838653507043412, 0.18675469130637082, 0.18516993885340552, 0.18363122814906585, 0.18213754115705422, 0.18068789051738682, 0.1792813187161176, 0.17791689727462714, 0.1765937259584079, 0.17531093200523623, 0.17406766937258333, 0.1728631180040839, 0.17169648311485228, 0.17056699449540957, 0.1694739058339625, 0.16841649405675546, 0.16739405868619978, 0.16640592121646997, 0.16545142450624437, 0.1645299321882575, 0.1636408280953228, 0.16278351570247784, 0.16195741758489937, 0.16116197489123069, 0.16039664683196264, 0.15966091018250703, 0.1589542588006009, 0.15827620315768157, 0.15762626988387185, 0.15700400132621847, 0.15640895511982814, 0.15584070377154932, 0.1552988342558513, 0.15478294762255587, 0.15429265861608174, 0.15382759530586612, 0.153387398727633, 0.15297172253518262, 0.1525802326623825, 0.15221260699504457, 0.15186853505238082, 0.15154771767773267, 0.1512498667382775, 0.15097470483342007, 0.15072196501158272, 0.15049139049511445, 0.1502827344130437, 0.15009575954140647, 0.14993023805088623, 0.14978595126150832, 0.1496626894041362, 0.14956025138852333, 0.149478444577679, 0.14941708456831207, 0.14937599497712162, 0.14935500723270848, 0.14935396037288648, 0.14937270084717746, 0.1494110823242779, 0.14946896550429092, 0.14954621793552003, 0.14964271383562736, 0.14975833391696175, 0.14989296521586673, 0.15004650092578256, 0.15021884023396004, 0.15040988816160758, 0.150619555407297, 0.15084775819345617, 0.15109441811578123, 0.1513594619954031, 0.15164282173364738, 0.1519444341692288, 0.15226424093772517, 0.15260218833317823, 0.15295822717167157, 0.15333231265673883]]","[[0.01, 0.011673645222856313, 0.01362924433757481, 0.015801894642058518, 0.018156372977538415, 0.020674961344526184, 0.023350135971851288, 0.026180394496859476, 0.02916779168971068, 0.0323164797312854, 0.03563184811740075, 0.03912002066780588, 0.04278756447309087, 0.04664132407784173, 0.05068832924067437, 0.05493574557675122, 0.05939084990811815, 0.06406101960882457, 0.06895372966866965, 0.07407655383028765, 0.07943716770856829, 0.08504335271508782, 0.09090300014355608, 0.09702411508041352, 0.10341481997999788, 0.11008335784102616, 0.11703809497305377, 0.12428752336732396, 0.13184026269734636, 0.13970506197728666, 0.14789080090467038, 0.15640649091022307, 0.16526127593313727, 0.1744644329353607, 0.18402545419817729, 0.19395494304821773, 0.2042653680126626, 0.21497090861079665, 0.22608727976075627, 0.2376316089839322, 0.24962235004106031, 0.2620792225985681, 0.2750231711302317, 0.288476338494785, 0.302462051036815, 0.3170048129599534, 0.33213030831230594, 0.34786540932131593, 0.3642381900897938, 0.38127794485997485, 0.3990152101949001, 0.4174817905328152, 0.4367107866512135, 0.4567366266394518, 0.47759509902706276, 0.4993233877520641, 0.5219601086818796, 0.5455453474205051, 0.5701206981504413, 0.5957293032675568, 0.6224158935721457, 0.6502268287805486, 0.679210138119274, 0.7094155607579437, 0.7408945858289165, 0.7737004917703559, 0.807888384716035, 0.8435152356395059, 0.8806399159425615, 0.919323231158359, 0.959627952418293, 1.0016188453088541, 1.0453626957204376, 1.0909283322645276, 1.1383866448090547, 1.1878105986541843, 1.2392752438425498, 1.2928577190692427, 1.3486372496279462, 1.4066951388007742, 1.4671147520709646, 1.5299814935099485, 1.595382773663899, 1.6634079682401093, 1.7341483668709679, 1.8076971112134557, 1.8841491216256006, 1.9636010116488383, 2.0461509895174954, 2.131898745914358, 2.2209453271953725, 2.313392993317773, 2.4093450597252546, 2.508905722472144, 2.6121798659067563, 2.719272852283311, 2.8302902927327236, 2.945337799096328, 3.064520716213909, 3.1879438343591304, 3.3157110816322937, 3.447925196252849, 3.5846873788426823, 3.7260969249561313, 3.8722508382939544, 4.023243425235837, 4.179165871538947, 4.34010580227768, 4.506146826340804, 4.677368067055194, 4.8538436807681204, 5.035642365490242, 5.2228268619760705, 5.415453449894477, 5.613571442014891, 5.817222679601078, 6.0264410324591395, 6.241251907324732, 6.461671768491244, 6.687707674770381, 6.919356837033867, 7.156606200704138, 7.399432057637845, 7.647799691873381, 7.901663063688076, 8.160964536327926, 8.42563464962942, 8.695591944546768, 8.970742842327086, 9.250981581740508, 9.536190217372852, 9.82623868152738, 10.120984911763232, 10.420275045526228, 10.723943682709319, 11.031814216322884, 11.34369923076814, 11.659400966500378, 11.978711849153273, 12.30141508048282, 12.627285287791583, 12.956089227822769, 13.287586540481355, 13.62153054715741, 13.957669087905611, 14.295745391284441, 14.63549897028704, 14.976666537509884, 15.318982932510721, 15.662182054206536, 16.005997791157252, 16.35016494267078, 16.69442012384723, 17.038502647950477, 17.382155379847458, 17.725125554682208, 18.067165556443733, 18.408033651634394, 18.747494673837938, 19.085320655612282, 19.42129140478055, 19.755195022852877, 20.08682836397073, 20.415997433413924, 20.74251772533902, 21.066214500017434, 21.386923001404696, 21.704488616392798, 22.018766977569957, 22.32962401173265, 22.6369359367609, 22.94058920977778, 23.24048042976801, 23.536516198028668, 23.828612939969506, 24.11669669187316, 24.400702856270108, 24.680575929583213, 24.956269205655776, 25.22774445870021, 25.494971609095572, 25.75792837532625, 26.016599915195638, 26.270978459271483, 26.521062939328935, 26.766858614356043, 27.008376696478997, 27.24563397895375, 27.478652468159808, 27.707459021323597, 27.932084991495287, 28.15256588110587, 28.36894100524264, 28.581253165602003, 28.78954833590966, 28.993875359440732, 29.194285659126262, 29.390832960598395, 29.583573028404178, 29.77256341550733, 29.95786322609827, 30.13953289164454, 30.317633960036545, 30.492228897616048, 30.663380903817067, 30.83115373809998, 30.995611558818712, 31.15681877362775, 31.314839901009513, 31.46973944248237, 31.62158176503541, 31.770430993326432, 31.916350911174984, 32.05940487188095, 32.19965571690189, 32.33716570242744, 32.47199643339719, 32.60420880451811, 32.73386294784965, 32.861018186537535, 32.98573299429168, 33.10806496021874, 33.22807075863559, 33.34580612350617, 33.461325827160685, 33.57468366297245, 33.685932431684414, 33.7951239310935, 33.902308948816945, 34.00753725788072, 34.11085761488511, 34.2123177605177, 34.31196442219798, 34.40984331865202, 34.50599916622838, 34.60047568677962, 34.69331561694546, 34.784560718685476, 34.874251790919736, 34.96242868214668, 35.04913030391684, 35.134394645050584, 35.21825878649656, 35.300758916735916, 35.38193034764483, 35.46180753073538, 35.540424073701224, 35.6178127572012, 35.69400555181956, 35.769033635147224, 35.842927408933576, 35.9157165162629, 35.987429858714165, 36.05809561346694, 36.127741250319794, 36.19639354859145, 36.264078613877864, 36.330821894641474, 36.396648198611786, 36.46158170897885, 36.52564600036349, 36.588864054550484, 36.65125827597269, 36.712850506935915, 36.77366204257616, 36.83371364554215, 36.893025560397476, 36.951617527738186, 37.00950879802233, 37.06671814510941, 37.1232638795084, 37.17916386133384, 37.23443551297041, 37.289095831446836, 37.34316140052085, 37.396648402477204, 37.449572629641395, 37.50194949561216, 37.55379404621607, 37.60512097018798, 37.65594460958135, 37.70627896991267, 37.756137730044465, 37.80553425181148, 37.85448158939486, 37.902992498449194, 37.95107944498744, 37.99875461402878, 38.04602991801449, 38.09291700499705, 38.13942726660758, 38.18557184580683, 38.231361644424766, 38.27680733049411, 38.32191934538266, 38.36670791072966, 38.41118303519108, 38.45535452099888, 38.49923197033903, 38.54282479155313, 38.586142205168414, 38.62919324976072, 38.67198678765503, 38.7145315104681, 38.756835944497496, 38.79890845596139, 38.840757256093354, 38.88239040609623, 38.92381582195908, 38.96504127914125, 39.00607441712723, 39.04692274385619, 39.08759364002977, 39.128094363301656, 39.16843205235244, 39.20861373085316, 39.248646311320655, 39.28853659886808, 39.32829129485355, 39.36791700043, 39.40742021999909, 39.44680736457205, 39.486084755040196, 39.5252586253577, 39.56433512563934, 39.60332032517555, 39.64222021536735, 39.68104071258336, 39.71978766094124, 39.758466835015774, 39.797083942475545, 39.83564462665051, 39.87415446903221, 39.91261899170864, 39.95104365973561, 39.98943388344632, 40.02779502070095, 40.06613237907781, 40.10445121800769, 40.14275675085296, 40.18105414693281, 40.21934853349612, 40.257644997643254, 40.29594858819815, 40.33426431753184, 40.37259716333872, 40.41095207036658, 40.44933395210164, 40.487747692409485, 40.526198147132995, 40.564690145648136, 40.60322849237861, 40.64181796827015, 40.68046333222526, 40.71916932249923, 40.75794065805813, 40.79678203989939, 40.83569815233575, 40.874693664243075, 40.91377323027262, 40.95294149202829, 40.99220307920939, 41.03156261071927, 41.07102469574032, 41.11059393477565, 41.1502749206579]]","[array([6.37688001e-05, 6.00799169e-05, 5.86665223e-05, 5.87302517e-05,
       5.97879827e-05, 6.15443896e-05, 6.38170607e-05, 6.64921120e-05,
       6.94975063e-05, 7.27869865e-05, 7.63303676e-05, 8.01076449e-05,
       8.41053938e-05, 8.83145506e-05, 9.27290252e-05, 9.73448205e-05,
       1.02159460e-04, 1.07171609e-04, 1.12380809e-04, 1.17787295e-04,
       1.23391862e-04, 1.29195756e-04, 1.35200603e-04, 1.41408338e-04,
       1.47821160e-04, 1.54441486e-04, 1.61271921e-04, 1.68315222e-04,
       1.75574281e-04, 1.83052098e-04, 1.90751768e-04, 1.98676459e-04,
       2.06829406e-04, 2.15213998e-04, 2.23836358e-04, 2.32710705e-04,
       2.41858656e-04, 2.51306424e-04, 2.61082921e-04, 2.71218538e-04,
       2.81744391e-04, 2.92691859e-04, 3.04092334e-04, 3.15977095e-04,
       3.28377281e-04, 3.41323907e-04, 3.54847929e-04, 3.68980320e-04,
       3.83752164e-04, 3.99194746e-04, 4.15339653e-04, 4.32218861e-04,
       4.49864825e-04, 4.68310556e-04, 4.87589699e-04, 5.07736598e-04,
       5.28786358e-04, 5.50774897e-04, 5.73738994e-04, 5.97716329e-04,
       6.22745513e-04, 6.48866122e-04, 6.76118712e-04, 7.04544836e-04,
       7.34187051e-04, 7.65088917e-04, 7.97294999e-04, 8.30850843e-04,
       8.65802967e-04, 9.02198828e-04, 9.40086786e-04, 9.79516062e-04,
       1.02053668e-03, 1.06319943e-03, 1.10755573e-03, 1.15365764e-03,
       1.20155766e-03, 1.25130873e-03, 1.30296401e-03, 1.35657684e-03,
       1.41220050e-03, 1.46988813e-03, 1.52969251e-03, 1.59166587e-03,
       1.65585969e-03, 1.72232446e-03, 1.79110946e-03, 1.86226246e-03,
       1.93582945e-03, 2.01185435e-03, 2.09037870e-03, 2.17144127e-03,
       2.25507774e-03, 2.34132031e-03, 2.43019731e-03, 2.52173276e-03,
       2.61594597e-03, 2.71285105e-03, 2.81245650e-03, 2.91476468e-03,
       3.01977137e-03, 3.12746523e-03, 3.23782736e-03, 3.35083073e-03,
       3.46643974e-03, 3.58460969e-03, 3.70528632e-03, 3.82840531e-03,
       3.95389186e-03, 4.08166026e-03, 4.21161351e-03, 4.34364292e-03,
       4.47762786e-03, 4.61343544e-03, 4.75092037e-03, 4.88992476e-03,
       5.03027808e-03, 5.17179719e-03, 5.31428636e-03, 5.45753754e-03,
       5.60133055e-03, 5.74543350e-03, 5.88960324e-03, 6.03358597e-03,
       6.17711788e-03, 6.31992599e-03, 6.46172901e-03, 6.60223840e-03,
       6.74115945e-03, 6.87819249e-03, 7.01303421e-03, 7.14537903e-03,
       7.27492061e-03, 7.40135331e-03, 7.52437385e-03, 7.64368289e-03,
       7.75898668e-03, 7.86999876e-03, 7.97644156e-03, 8.07804810e-03,
       8.17456354e-03, 8.26574674e-03, 8.35137173e-03, 8.43122909e-03,
       8.50512723e-03, 8.57289356e-03, 8.63437550e-03, 8.68944138e-03,
       8.73798119e-03, 8.77990715e-03, 8.81515410e-03, 8.84367980e-03,
       8.86546495e-03, 8.88051310e-03, 8.88885043e-03, 8.89052530e-03,
       8.88560765e-03, 8.87418832e-03, 8.85637814e-03, 8.83230699e-03,
       8.80212268e-03, 8.76598977e-03, 8.72408827e-03, 8.67661231e-03,
       8.62376877e-03, 8.56577579e-03, 8.50286137e-03, 8.43526186e-03,
       8.36322053e-03, 8.28698613e-03, 8.20681146e-03, 8.12295204e-03,
       8.03566475e-03, 7.94520662e-03, 7.85183361e-03, 7.75579952e-03,
       7.65735495e-03, 7.55674632e-03, 7.45421507e-03, 7.34999679e-03,
       7.24432061e-03, 7.13740852e-03, 7.02947490e-03, 6.92072604e-03,
       6.81135978e-03, 6.70156524e-03, 6.59152260e-03, 6.48140291e-03,
       6.37136805e-03, 6.26157070e-03, 6.15215433e-03, 6.04325328e-03,
       5.93499293e-03, 5.82748977e-03, 5.72085165e-03, 5.61517799e-03,
       5.51056001e-03, 5.40708101e-03, 5.30481664e-03, 5.20383521e-03,
       5.10419799e-03, 5.00595954e-03, 4.90916802e-03, 4.81386551e-03,
       4.72008833e-03, 4.62786738e-03, 4.53722845e-03, 4.44819253e-03,
       4.36077610e-03, 4.27499145e-03, 4.19084696e-03, 4.10834739e-03,
       4.02749413e-03, 3.94828548e-03, 3.87071688e-03, 3.79478115e-03,
       3.72046874e-03, 3.64776790e-03, 3.57666492e-03, 3.50714431e-03,
       3.43918899e-03, 3.37278045e-03, 3.30789889e-03, 3.24452341e-03,
       3.18263214e-03, 3.12220235e-03, 3.06321059e-03, 3.00563280e-03,
       2.94944439e-03, 2.89462041e-03, 2.84113553e-03, 2.78896423e-03,
       2.73808080e-03, 2.68845943e-03, 2.64007431e-03, 2.59289964e-03,
       2.54690968e-03, 2.50207885e-03, 2.45838172e-03, 2.41579308e-03,
       2.37428795e-03, 2.33384163e-03, 2.29442972e-03, 2.25602814e-03,
       2.21861317e-03, 2.18216143e-03, 2.14664994e-03, 2.11205611e-03,
       2.07835774e-03, 2.04553306e-03, 2.01356071e-03, 1.98241975e-03,
       1.95208970e-03, 1.92255049e-03, 1.89378247e-03, 1.86576647e-03,
       1.83848371e-03, 1.81191587e-03, 1.78604506e-03, 1.76085380e-03,
       1.73632505e-03, 1.71244219e-03, 1.68918901e-03, 1.66654971e-03,
       1.64450890e-03, 1.62305158e-03, 1.60216315e-03, 1.58182939e-03,
       1.56203645e-03, 1.54277087e-03, 1.52401955e-03, 1.50576974e-03,
       1.48800903e-03, 1.47072539e-03, 1.45390707e-03, 1.43754270e-03,
       1.42162121e-03, 1.40613183e-03, 1.39106411e-03, 1.37640790e-03,
       1.36215334e-03, 1.34829085e-03, 1.33481112e-03, 1.32170513e-03,
       1.30896411e-03, 1.29657955e-03, 1.28454318e-03, 1.27284700e-03,
       1.26148322e-03, 1.25044430e-03, 1.23972290e-03, 1.22931193e-03,
       1.21920450e-03, 1.20939391e-03, 1.19987369e-03, 1.19063756e-03,
       1.18167941e-03, 1.17299333e-03, 1.16457361e-03, 1.15641467e-03,
       1.14851116e-03, 1.14085783e-03, 1.13344965e-03, 1.12628171e-03,
       1.11934927e-03, 1.11264773e-03, 1.10617264e-03, 1.09991969e-03,
       1.09388471e-03, 1.08806365e-03, 1.08245259e-03, 1.07704776e-03,
       1.07184549e-03, 1.06684223e-03, 1.06203454e-03, 1.05741912e-03,
       1.05299275e-03, 1.04875233e-03, 1.04469485e-03, 1.04081743e-03,
       1.03711725e-03, 1.03359161e-03, 1.03023790e-03, 1.02705360e-03,
       1.02403626e-03, 1.02118354e-03, 1.01849317e-03, 1.01596296e-03,
       1.01359081e-03, 1.01137467e-03, 1.00931260e-03, 1.00740271e-03,
       1.00564318e-03, 1.00403227e-03, 1.00256831e-03, 1.00124967e-03,
       1.00007480e-03, 9.99042226e-04, 9.98150512e-04, 9.97398288e-04,
       9.96784243e-04, 9.96307121e-04, 9.95965718e-04, 9.95758885e-04,
       9.95685524e-04, 9.95744586e-04, 9.95935072e-04, 9.96256029e-04,
       9.96706553e-04, 9.97285782e-04, 9.97992900e-04, 9.98827132e-04,
       9.99787747e-04, 1.00087405e-03, 1.00208539e-03, 1.00342116e-03,
       1.00488077e-03, 1.00646369e-03, 1.00816941e-03, 1.00999745e-03,
       1.01194740e-03, 1.01401882e-03, 1.01621137e-03, 1.01852468e-03,
       1.02095845e-03])]","[[0, 6.376880005047202e-05, 0.00012384871691641303, 0.00018251523919836924, 0.00024124549088054515, 0.0003010334735984197, 0.000362577863216604, 0.00042639492391782075, 0.0004928870359472491, 0.0005623845422765248, 0.0006351715287776866, 0.0007115018963993403, 0.0007916095412722627, 0.0008757149351085791, 0.0009640294857203482, 0.0010567585109030157, 0.0011541033313547456, 0.0012562627917256282, 0.0013634344006558928, 0.0014758152092902682, 0.001593602504437652, 0.0017169943660462718, 0.0018461901222738121, 0.001981390725139609, 0.002122799063153813, 0.002270620222989848, 0.0024250617093387987, 0.0025863336300373766, 0.002754648852079283, 0.0029302231330101385, 0.003113275231349167, 0.0033040269990013, 0.003502703458072981, 0.0037095328640517613, 0.003924746861619288, 0.00414858321926282, 0.004381293924739654, 0.004623152580873595, 0.0048744590052283215, 0.005135541926112795, 0.005406760464209424, 0.0056885048548385615, 0.005981196713617097, 0.006285289047145197, 0.0066012661425256915, 0.006929643423648286, 0.0072709673309593, 0.007625815260128661, 0.007994795580473614, 0.00837854774409505, 0.00877774248999631, 0.009193082143002556, 0.009625301004398044, 0.010075165829370885, 0.010543476385261919, 0.01103106608401726, 0.011538802681972722, 0.012067589040031801, 0.01261836393735174, 0.013192102931764245, 0.01378981926028641, 0.014412564773194886, 0.015061430895222485, 0.015737549607478994, 0.01644209444368893, 0.01717628149427407, 0.017941370411685736, 0.018738665410210797, 0.019569516253236885, 0.020435319220667863, 0.021337518048832636, 0.02227760483483106, 0.02325712089681299, 0.024277657581193466, 0.025340857007272087, 0.026448412739151262, 0.02760207037424016, 0.028803628036993552, 0.030054936765871704, 0.03135790078082459, 0.032714477617907176, 0.034126678116928655, 0.035596566247335114, 0.037126258756830455, 0.03871792462656385, 0.04037378431606396, 0.04209610878049202, 0.04388721824223043, 0.045749480698334795, 0.047685310144969746, 0.0496971644996397, 0.051787543201832084, 0.05395898447263084, 0.05621406221395305, 0.05855538252833118, 0.06098557984063015, 0.06350731260377439, 0.06612325857148751, 0.06883610962223982, 0.0716485661200787, 0.07456333079980548, 0.07758310216608165, 0.08071056739851372, 0.08394839475759941, 0.08729922548962842, 0.09076566523223106, 0.09435027492626112, 0.09805556124408613, 0.1018839665491326, 0.10583785840668176, 0.10991951867141271, 0.11413113218301532, 0.11847477510730513, 0.12295240296661983, 0.12756583840980248, 0.13231675877871166, 0.13720668353486487, 0.14223696161642815, 0.14740875880221382, 0.15272304516553242, 0.1581805827065464, 0.1637819132570731, 0.1695273467564548, 0.17541695000102717, 0.18145053597274513, 0.18762765385454513, 0.1939475798409127, 0.2004093088517798, 0.20701154725619847, 0.21375270670915006, 0.22063089920028955, 0.2276439334073596, 0.23478931243942608, 0.24206423304600294, 0.24946558635760058, 0.2569899602113199, 0.26463364310194415, 0.2723926297846822, 0.28026262854047324, 0.2882390700987612, 0.2963171181961202, 0.3044916817322978, 0.31275742846840104, 0.3211088001953546, 0.32954002928467585, 0.338045156518322, 0.3466180500801202, 0.35525242557835085, 0.36394186695763786, 0.37267984814860994, 0.38145975529600273, 0.390274909400103, 0.3991185892027864, 0.4079840541479232, 0.4168645672466231, 0.42575341768063824, 0.43464394298215536, 0.4435295506350792, 0.4524037389515877, 0.46126011708804415, 0.47009242407607893, 0.4788945467575765, 0.487660536526182, 0.4963846247925266, 0.5050612371054091, 0.5136850058764183, 0.5222507816706922, 0.5307536430414592, 0.5391889049004932, 0.547552125430433, 0.555839111557922, 0.5640459230185607, 0.5721688750556297, 0.5802045398043469, 0.5881497464220022, 0.5960015800316487, 0.6037573795530917, 0.6114147344997379, 0.618971480823464, 0.6264256958920956, 0.633775692685419, 0.6410200132959463, 0.6481574218200236, 0.6551868967233841, 0.6621076227630178, 0.6689189825443457, 0.6756205477892532, 0.6822120703866489, 0.688693473292965, 0.6950648413454998, 0.7013264120467879, 0.7074785663733714, 0.7135218196574745, 0.7194568125852492, 0.7252843023504822, 0.7310051539980149, 0.7366203319866321, 0.7421308919968883, 0.7475379730052626, 0.7528427896421992, 0.758046624848008, 0.7631508228372802, 0.7681567823794219, 0.7730659504001215, 0.7778798159060463, 0.7825999042327986, 0.7872277716141524, 0.7917650000688119, 0.7962131925993934, 0.8005739686969954, 0.8048489601435967, 0.8090398071035747, 0.8131481544948671, 0.8171756486296882, 0.8211239341142373, 0.8249946509965025, 0.8287894321510321, 0.8325099008894357, 0.8361576687853373, 0.8397343337025627, 0.8432414780154582, 0.8466806670104223, 0.8500534474579569, 0.8533613463448213, 0.8566058697561776, 0.8597885018979473, 0.8629107042499597, 0.8659739148408396, 0.8689795476359654, 0.8719289920302202, 0.8748236124376485, 0.8776647479705211, 0.8804537122007062, 0.8831917929966207, 0.8858802524294166, 0.888520326742425, 0.8911132263782312, 0.8936601360581083, 0.8961622149088613, 0.8986205966324606, 0.9010363897141466, 0.9034106776649801, 0.9057445192950986, 0.9080389490141959, 0.9102949771560016, 0.9125135903237735, 0.914695751754042, 0.9168424016960589, 0.9189544578046035, 0.921032815543989, 0.923078348601286, 0.9250919093069508, 0.9270743290611967, 0.9290264187645946, 0.9309489692515251, 0.9328427517252276, 0.9347085181933124, 0.9365470019027098, 0.9383589177731314, 0.9401449628282136, 0.9419058166235988, 0.9436421416712937, 0.9453545838597125, 0.9470437728688891, 0.9487103225803981, 0.9503548314815878, 0.9519778830637795, 0.9535800462141367, 0.9551618756009526, 0.9567239120521456, 0.9582666829267904, 0.9597907024795458, 0.9612964722178702, 0.9627844812519484, 0.9642552066372727, 0.9657091137098502, 0.9671466564140253, 0.9685682776229264, 0.9699744094515644, 0.9713654735626222, 0.9727418814649905, 0.9741040348051175, 0.975452325651248, 0.9767871367706388, 0.9781088418998461, 0.9794178060081853, 0.9807143855544704, 0.9819989287371487, 0.9832717757379439, 0.9845332589591331, 0.9857837032545773, 0.9870234261546347, 0.9882527380850834, 0.9894719425801836, 0.9906813364900076, 0.9918812101821703, 0.9930718477380902, 0.994253527143909, 0.9954265204762031, 0.9965910940826123, 0.9977475087575156, 0.9988960199128801, 1.0000368777444062, 1.0011703273930952, 1.0022966091023575, 1.0034159583707847, 1.004528606100699, 1.0056347787425977, 1.0067346984356065, 1.0078285831440508, 1.0089166467902542, 1.009999099383671, 1.0110761471464564, 1.0121479926355772, 1.0132148348615575, 1.0142768694039634, 1.0153342885237144, 1.0163872812723178, 1.0174360335981132, 1.0184807284496156, 1.0195215458760407, 1.0205586631250971, 1.0215922547381215, 1.0226224926426406, 1.023649546242429, 1.0246735825051418, 1.02569476604759, 1.0267132592187278, 1.027729222180422, 1.0287428129860634, 1.0297541876570873, 1.0307635002574618, 1.0317709029662037, 1.032776546147977, 1.0337805784218324, 1.0347831467281383, 1.0357843963937556, 1.0367844711955057, 1.03778351342198, 1.0387816639337368, 1.0397790622219307, 1.040775846465415, 1.0417721535863633, 1.0427681193044436, 1.0437638781895893, 1.0447595637133997, 1.0457553082992066, 1.046751243370842, 1.0477474994001363, 1.0487442059531826, 1.0497414917353913, 1.0507394846353693, 1.0517383117676455, 1.0527380995142739, 1.0537389735653335, 1.054741058958353, 1.0557444801166795, 1.0567493608868146, 1.0577558245747367, 1.0587639939812281, 1.0597739914362263, 1.0607859388322138, 1.0617999576566655, 1.062816169023564, 1.0638346937040015, 1.064855652155876]]"
40.0,40.0,3,30,360,I1-S0,"[[0.01, 0.009218546420913139, 0.008861068736292907, 0.008775057932921297, 0.00886842160316001, 0.009085173837759176, 0.009390900510594396, 0.009764250919251493, 0.010191847671269544, 0.010665226651832255, 0.011178992758642049, 0.011729704166271483, 0.012315193437281923, 0.012934150995418846, 0.013585866620760082, 0.014270066563577325, 0.014986808924633218, 0.015736414904948707, 0.016519422454194084, 0.01733655417575342, 0.01818869453084207, 0.0190768732905299, 0.020002253329715402, 0.020966121548617194, 0.02196988212823296, 0.02301505158531051, 0.02410325525439771, 0.025236224927973325, 0.026415797453418717, 0.027643914131334293, 0.028922620791614017, 0.030254068446689854, 0.031640514438436906, 0.033084324008229526, 0.03458805712973523, 0.03615533582208745, 0.037791340466595075, 0.03950233798566658, 0.04129529509090294, 0.043177628791810245, 0.04515705119585074, 0.047241478893011835, 0.049438986231792575, 0.051757788051614365, 0.05420624181043569, 0.05679286211717614, 0.05952634283982059, 0.062415583481428456, 0.06546971758469924, 0.0686981416722164, 0.07211054374650935, 0.07571693072740143, 0.0795276544407259, 0.08355343592605559, 0.0878053879257578, 0.09229503547078449, 0.09703433450255164, 0.10203568847391163, 0.10731196286187535, 0.11287649750484222, 0.11874311665076599, 0.12492613657208705, 0.13144037056989868, 0.13830113115471435, 0.14552422915508004, 0.1531259694686428, 0.1611231431335241, 0.1695330153612869, 0.17837330913673138, 0.1876621839545419, 0.197418209228811, 0.20766033187914013, 0.21840783756689275, 0.22968030502790177, 0.24149755292426384, 0.2538795786186717, 0.26684648826106605, 0.28041841757038016, 0.2946154426951143, 0.30945748054684413, 0.3249641780221264, 0.3411547895623119, 0.3580480425493277, 0.375661990100447, 0.39401385090837293, 0.4131198358765935, 0.4329949614258256, 0.4536528494972853, 0.47510551445411753, 0.4973631372849485, 0.5204338277441648, 0.5443233753226538, 0.5690349902302188, 0.594569035885805, 0.6209227547522491, 0.6480899897156314, 0.676060903591463, 0.7048216997355302, 0.7343543471395118, 0.7646363137922444, 0.7956403124770035, 0.8273340635421319, 0.8596800795141485, 0.8926354767052013, 0.9261518191854867, 0.9601750006305073, 0.9946451695969969, 1.0294967037145817, 1.0646582380882728, 1.1000527528768755, 1.13559772453397, 1.1712053445640775, 1.2067828088538468, 1.2422326796881622, 1.2774533214610244, 1.3123394098537868, 1.3467825128980113, 1.380671740892216, 1.4138944606326, 1.446337067884379, 1.4778858105042438, 1.5084276531706609, 1.5378511733342115, 1.56604747681207, 1.5929111204644129, 1.6183410286477244, 1.6422413896764574, 1.66452251836863, 1.6851016709216282, 1.7039037988701828, 1.7208622297162128, 1.7359192629752112, 1.7490266718298555, 1.7601461022815212, 1.7692493635979092, 1.7763186059159966, 1.7813463830143668, 1.7843356004551085, 1.785299351449761, 1.7842606448652372, 1.7812520316977307, 1.7763151380554272, 1.7695001141628357, 1.7608650100989125, 1.7504750898864894, 1.7384020961512456, 1.7247234778645368, 1.7095215936856367, 1.6928829031440287, 1.6748971573774138, 1.6556566003981041, 1.6352551909356672, 1.6137878538358277, 1.5913497688243257, 1.5680357032086847, 1.5439393938277106, 1.5191529823020657, 1.4937665064196497, 1.4678674493325392, 1.441540347168902, 1.4148664546897805, 1.3879234677583374, 1.3607853006449464, 1.3335219155682236, 1.3061992013688672, 1.2788788978260963, 1.2516185618491458, 1.2244715716002847, 1.1974871645214296, 1.1707105052329547, 1.1441827793396429, 1.1179413093037147, 1.0920196887176448, 1.0664479315196425, 1.0412526329326335, 1.0164571391645802, 0.9920817231761982, 0.9681437640948122, 0.9446579281244224, 0.921636349067242, 0.8990888068271177, 0.8770229025073637, 0.8554442289423773, 0.8343565357124262, 0.8137618878832812, 0.7936608178864959, 0.7740524701121236, 0.7549347379239031, 0.736304392928066, 0.7181572064318131, 0.7004880631171684, 0.6832910670314916, 0.6665596400585775, 0.6502866130852061, 0.6344643101184249, 0.6190846256399187, 0.6041390955066599, 0.5896189617227052, 0.5755152314164957, 0.561818730362238, 0.548520151383729, 0.535610097975094, 0.5230791234660032, 0.5109177660496292, 0.4991165799804197, 0.48766616323616135, 0.47655718192519275, 0.46578039170532337, 0.4553266564663339, 0.44518696451309686, 0.43535244247157795, 0.42581436712541104, 0.416564175376521, 0.4075934725094943, 0.39889403892615005, 0.3904578355040964, 0.38227700772100875, 0.37434388867496243, 0.36665100112040283, 0.35919105862924083, 0.35195696597711584, 0.34494181884605857, 0.33813890292658855, 0.3315416924946815, 0.32514384853200623, 0.3189392164513357, 0.3129218234830565, 0.3070858757731977, 0.3014257552383549, 0.29593601621826093, 0.29061138196252445, 0.2854467409842007, 0.28043714330933683, 0.2755777966484318, 0.2708640625128392, 0.26629145229649864, 0.2618556233409862, 0.25755237499970557, 0.25337764471508245, 0.24932750412085508, 0.24539815517995897, 0.24158592636706844, 0.2378872689035668, 0.23429875305155884, 0.23081706447250144, 0.22743900065509873, 0.22416146741627954, 0.22098147547833497, 0.21789613712463574, 0.21490266293576527, 0.21199835860738658, 0.20918062185070424, 0.20644693937597952, 0.20379488395920373, 0.2012221115917244, 0.1987263587123501, 0.19630543952122487, 0.19395724337456208, 0.19167973225915325, 0.18947093834542136, 0.18732896161766274, 0.18525196758001802, 0.18323818503662773, 0.18128590394435853, 0.1793934733364318, 0.17755929931524442, 0.17578184311264178, 0.1740596192158821, 0.17239119355752078, 0.1707751817674391, 0.16921024748524557, 0.16769510073128657, 0.1662284963345185, 0.16480923241551088, 0.16343614892287417, 0.16210812622143023, 0.16082408373047305, 0.1595829786104977, 0.15838380449680833, 0.15722559027845037, 0.1561073989209469, 0.15502832633135646, 0.15398750026420585, 0.15298407926688917, 0.1520172516631619, 0.1510862345733968, 0.15019027297030596, 0.14932863876887092, 0.1485006299492595, 0.14770556971154541, 0.14694280566108286, 0.14621170902342293, 0.14551167388769534, 0.1448421164774121, 0.14420247444768367, 0.1435922062078713, 0.14301079026873106, 0.14245772461313613, 0.14193252608949475, 0.14143472982701052, 0.14096388867196075, 0.1405195726441958, 0.14010136841309045, 0.13970887879220362, 0.13934172225192842, 0.13899953244943933, 0.13868195777526657, 0.13838866091585103, 0.13811931843145492, 0.13787362034882494, 0.13765126976802533, 0.13745198248287743, 0.13727548661446262, 0.1371215222571626, 0.13698984113672974, 0.1368802062798968, 0.13679239169505128, 0.1367261820635163, 0.13668137244099443, 0.13665776796874515, 0.13665518359408133, 0.1366734437997826, 0.13671238234203703, 0.136771841996534, 0.13685167431234388, 0.13695173937323038, 0.13707190556605273, 0.13721204935592535, 0.13737205506781194, 0.13755181467424074, 0.1377512275888366, 0.13797020046537425, 0.13820864700206512, 0.13846648775079784, 0.13874364993106075, 0.1390400672482808, 0.13935567971632093, 0.1396904334838841, 0.14004428066457855, 0.14041717917040442, 0.14080909254842794, 0.14121998982041464, 0.1416498453251979, 0.14209863856356425, 0.14256635404544185, 0.1430529811391821, 0.1435585139227297, 0.1440829510364797, 0.14462629553762432, 0.14518855475579615, 0.14576974014981744, 0.1463698671653695, 0.14698895509339832, 0.14762702692907678, 0.14828410923114663, 0.14896023198146577, 0.1496554284445901, 0.15036973502722178, 0.15110319113735818, 0.15185583904297892, 0.1526277237301111, 0.15341889276011503, 0.1542293961260361, 0.15505928610787054, 0.1559086171265958, 0.1567774455968187]]","[[0.01, 0.011673645222856313, 0.01362924433757481, 0.015801894642058518, 0.018156373002721722, 0.020674962664795012, 0.0233501496630712, 0.0261804650169902, 0.02916803947493922, 0.03231716413359823, 0.03563345072685837, 0.03912334852806456, 0.042793872544738314, 0.04665245634079686, 0.05070687795202284, 0.05496522835894164, 0.0594359045055297, 0.06412761630411642, 0.06904940148807019, 0.07421064478763986, 0.07962109944242, 0.08529090996336734, 0.09123063557870642, 0.09745127409651407, 0.10396428608437099, 0.11078161935777509, 0.11791573381623668, 0.1253796266880567, 0.13318685825278873, 0.14135157811071714, 0.1498885520650094, 0.1588131896765846, 0.1681415725452955, 0.17789048336432908, 0.18807752507602057, 0.19872212976981043, 0.2098464241823077, 0.22147510068827514, 0.233635256371688, 0.2463562887155375, 0.25966983440381836, 0.27360974168782515, 0.2882120693855354, 0.3035151073810923, 0.3195594147546829, 0.3363878725787193, 0.35404574907683883, 0.372580775330783, 0.39204323008486824, 0.4124860324710368, 0.43396484168178967, 0.45653816276944315, 0.4802674578594397, 0.5052172621411481, 0.5314553040478189, 0.559052629062672, 0.5880837265939169, 0.6186266593504192, 0.6507631946236598, 0.6845789368420769, 0.7201634607118771, 0.7576104441948096, 0.7970178004987934, 0.8384878081721425, 0.8821272382968179, 0.9280474776709594, 0.9763646467562177, 1.0271997110414648, 1.0806785843416948, 1.1369322224098526, 1.1960967050905742, 1.2583133050892237, 1.3237285412681814, 1.3924942142163816, 1.4647674216691888, 1.5407105511857608, 1.6204912473223803, 1.7042823503755482, 1.7922618036111146, 1.8846125257490292, 1.9815222453416257, 2.0831832935714494, 2.189792351907798, 2.3015501510052365, 2.4186611172087735, 2.5413329630560813, 2.6697762182444893, 2.8042036976672238, 2.944829903327548, 3.091870357219167, 3.24554086262459, 3.4060566917377835, 3.5736316980706295, 3.748477352760641, 3.930801704665144, 4.120808265008134, 4.318694818341522, 4.5246521626914085, 4.738862782978186, 4.961499463119162, 5.1927238436326375, 5.43268493304746, 5.681517582961909, 5.939340938165757, 6.206256874810004, 6.4823484411462555, 6.767678316823707, 7.0622873080843656, 7.366192897391738, 7.679387867017963, 8.001839016852205, 8.33348599713264, 8.674240276902111, 9.023984268704355, 9.382570629341057, 9.749821755375992, 10.125529490487086, 10.509455059728857, 10.901329243287924, 11.300852799418807, 11.707697142976954, 12.121505282375674, 12.541893013952738, 12.968450368721703, 13.400743302394284, 13.838315615491936, 14.280691086420644, 14.727375796666212, 15.177860623878924, 15.631623875649739, 16.08813403431808, 16.54685258126264, 17.007236867863462, 17.46874299971899, 17.93082870076893, 18.392956124704675, 18.854594582416368, 19.315223156182647, 19.774333173792563, 20.231430518722103, 20.686037755782415, 21.137696055218374, 21.585966901966348, 22.030433580581075, 22.470702430118916, 22.906403866931033, 23.337193176796493, 23.762751081044943, 24.182784084226167, 24.59702461343839, 25.005230961600063, 25.407187048726293, 25.8027020166476, 26.19160967359389, 26.573767805677328, 26.94905737256975, 27.3173816046151, 27.678665018280274, 28.032852366268283, 28.37990753783475, 28.71981242390303, 29.05256576050273, 29.37818196289791, 29.696689961557865, 30.008132049885994, 30.31256275238631, 30.61004772073641, 30.900662664067923, 31.18449231864622, 31.46162946110187, 31.732173968405007, 31.996231926896055, 32.2539147918946, 32.50533859870339, 32.75062322520522, 32.98989170571363, 33.22326959528087, 33.45088438328241, 33.67286495478243, 33.88934109793203, 34.10044305545634, 34.30630111814211, 34.50704525813739, 34.702804799814324, 34.8937081259196, 35.079882416739174, 35.26145342003039, 35.43854524952117, 35.61128020983826, 35.77977864580226, 35.944158814111844, 36.10453677553212, 36.26102630579864, 36.41373882354865, 36.56278333369201, 36.70826638473501, 36.85029203866969, 36.98896185213856, 37.1243748676787, 37.256627613940104, 37.38581411385954, 37.512025899854144, 37.63535203517676, 37.75587914064872, 37.873691426055096, 37.98887072555161, 38.10149653649318, 38.21164606114962, 38.319394250825994, 38.424813851953154, 38.52797545375798, 38.62894753716354, 38.727796524606596, 38.82458683049405, 38.91938091205103, 39.01223932034179, 39.103220751270285, 39.19238209639114, 39.27977849338265, 39.36546337605292, 39.44948852376781, 39.53190411020469, 39.61275875135068, 39.69209955267629, 39.76997215542711, 39.84642078198629, 39.92148828026961, 39.995216167123296, 40.06764467070179, 40.13881277180905, 40.2087582441929, 40.277517693786706, 40.34512659689715, 40.411619337340795, 40.47702924253536, 40.54138861855471, 40.604728784158986, 40.66708010381343, 40.72847201971146, 40.788933082818914, 40.84849098295792, 40.90717257794961, 40.965003921836086, 41.02201029220248, 41.07821621662062, 41.13364549823614, 41.18832124052119, 41.24226587121484, 41.29550116547365, 41.34804826825454, 41.39992771595214, 41.45115945731258, 41.50176287364543, 41.55175679835526, 41.601159535813856, 41.64998887959402, 41.698262130085126, 41.745996111510564, 41.79320718836647, 41.839911281300985, 41.8861238824525, 41.931860070265216, 41.97713452379957, 42.02196153655491, 42.06635502982099, 42.11032856557467, 42.15389535893762, 42.19706829021024, 42.23985991649684, 42.28228248293629, 42.32434793355224, 42.366067921736324, 42.407453820377484, 42.44851673165, 42.48926749647249, 42.52971670364965, 42.569874698708205, 42.609751592438094, 42.649357269149434, 42.688701394655695, 42.72779342399288, 42.76664260888434, 42.805258004960436, 42.84364847874196, 42.88182271439588, 42.91978922027166, 42.957556335226236, 42.99513223474515, 43.032524936867446, 43.06974230792127, 43.106792068077176, 43.14368179672572, 43.18041893768563, 43.21701080424878, 43.25346458406782, 43.28978734389216, 43.32598603415771, 43.36206749343573, 43.39803845274579, 43.43390553973762, 43.46967528274676, 43.50535411472819, 43.54094837707255, 43.576464323308926, 43.61190812269824, 43.64728586372111, 43.682603557463814, 43.717867140905966, 43.75308248011317, 43.78825537333809, 43.823391554032895, 43.85849669377622, 43.8935764051174, 43.92863624434084, 43.963681714153054, 43.99871826629509, 44.03375130408252, 44.068786184875535, 44.10382822248122, 44.13888268949026, 44.17395481954995, 44.209049809575625, 44.24417282190221, 44.27932898637774, 44.314523402400475, 44.349761140901286, 44.38504724627276, 44.42038673824647, 44.455784613719835, 44.49124584853383, 44.526775399202776, 44.562378204597366, 44.59805918758204, 44.633823256607684, 44.66967530726073, 44.70562022376942, 44.741662880468155, 44.7778081432207, 44.81406087080301, 44.85042591624623, 44.88690812814061, 44.92351235190085, 44.9602434309933, 44.99710620812569, 45.034105526399486, 45.07124623042548, 45.108533167402854, 45.14597118816188, 45.18356514817059, 45.22131990850549, 45.25924033678655, 45.29733130807634, 45.335597705743595, 45.374044422291036, 45.41267636014734, 45.45149843242336, 45.49051556363227, 45.52973269037358, 45.569154761980606, 45.60878674113146, 45.64863360442294, 45.68870034290715, 45.72899196259045, 45.76951348489429, 45.81026994707753, 45.85126640261973]]","[array([6.37688001e-05, 6.00799169e-05, 5.86665223e-05, 5.87302517e-05,
       5.97879851e-05, 6.15444240e-05, 6.38172713e-05, 6.64929274e-05,
       6.94998877e-05, 7.27927399e-05, 7.63425037e-05, 8.01307726e-05,
       8.41461360e-05, 8.83819737e-05, 9.28350770e-05, 9.75047737e-05,
       1.02392359e-04, 1.07500718e-04, 1.12834067e-04, 1.18397774e-04,
       1.24198228e-04, 1.30242742e-04, 1.36539488e-04, 1.43097439e-04,
       1.49926333e-04, 1.57036644e-04, 1.64439564e-04, 1.72146988e-04,
       1.80171511e-04, 1.88526423e-04, 1.97225713e-04, 2.06284075e-04,
       2.15716916e-04, 2.25540483e-04, 2.35774701e-04, 2.46449085e-04,
       2.57602052e-04, 2.69277885e-04, 2.81524640e-04, 2.94392813e-04,
       3.07934535e-04, 3.22203126e-04, 3.37252888e-04, 3.53139055e-04,
       3.69917858e-04, 3.87646644e-04, 4.06384042e-04, 4.26190147e-04,
       4.47126709e-04, 4.69257328e-04, 4.92647639e-04, 5.17365490e-04,
       5.43481112e-04, 5.71067270e-04, 6.00199415e-04, 6.30955805e-04,
       6.63417631e-04, 6.97669114e-04, 7.33797599e-04, 7.71893629e-04,
       8.12051002e-04, 8.54366813e-04, 8.98941483e-04, 9.45878756e-04,
       9.95285690e-04, 1.04727261e-03, 1.10195304e-03, 1.15944362e-03,
       1.21986398e-03, 1.28333656e-03, 1.34998642e-03, 1.41994105e-03,
       1.49333001e-03, 1.57028466e-03, 1.65093776e-03, 1.73542303e-03,
       1.82387464e-03, 1.91642670e-03, 2.01321258e-03, 2.11436421e-03,
       2.22001134e-03, 2.33028066e-03, 2.44529485e-03, 2.56517157e-03,
       2.69002236e-03, 2.81995142e-03, 2.95505432e-03, 3.09541664e-03,
       3.24111250e-03, 3.39220299e-03, 3.54873459e-03, 3.71073744e-03,
       3.87822361e-03, 4.05118527e-03, 4.22959287e-03, 4.41339323e-03,
       4.60250775e-03, 4.79683046e-03, 4.99622632e-03, 5.20052940e-03,
       5.40954126e-03, 5.62302945e-03, 5.84072618e-03, 6.06232712e-03,
       6.28749052e-03, 6.51583654e-03, 6.74694694e-03, 6.98036506e-03,
       7.21559623e-03, 7.45210852e-03, 7.68933403e-03, 7.92667053e-03,
       8.16348366e-03, 8.39910958e-03, 8.63285812e-03, 8.86401642e-03,
       9.09185302e-03, 9.31562244e-03, 9.53457010e-03, 9.74793769e-03,
       9.95496875e-03, 1.01549146e-02, 1.03470403e-02, 1.05306309e-02,
       1.07049975e-02, 1.08694834e-02, 1.10234697e-02, 1.11663812e-02,
       1.12976915e-02, 1.14169280e-02, 1.15236757e-02, 1.16175812e-02,
       1.16983559e-02, 1.17657777e-02, 1.18196930e-02, 1.18600177e-02,
       1.18867365e-02, 1.18999030e-02, 1.18996377e-02, 1.18861260e-02,
       1.18596154e-02, 1.18204122e-02, 1.17688775e-02, 1.17054226e-02,
       1.16305047e-02, 1.15446215e-02, 1.14483062e-02, 1.13421219e-02,
       1.12266565e-02, 1.11025170e-02, 1.09703246e-02, 1.08307092e-02,
       1.06843050e-02, 1.05317454e-02, 1.03736591e-02, 1.02106661e-02,
       1.00433738e-02, 9.87237416e-03, 9.69824088e-03, 9.52152672e-03,
       9.34276165e-03, 9.16245116e-03, 8.98107490e-03, 8.79908578e-03,
       8.61690925e-03, 8.43494297e-03, 8.25355672e-03, 8.07309251e-03,
       7.89386498e-03, 7.71616190e-03, 7.54024490e-03, 7.36635027e-03,
       7.19468997e-03, 7.02545260e-03, 6.85880453e-03, 6.69489105e-03,
       6.53383759e-03, 6.37575084e-03, 6.22072006e-03, 6.06881818e-03,
       5.92010304e-03, 5.77461853e-03, 5.63239571e-03, 5.49345387e-03,
       5.35780158e-03, 5.22543769e-03, 5.09635225e-03, 4.97052741e-03,
       4.84793825e-03, 4.72855355e-03, 4.61233656e-03, 4.49924564e-03,
       4.38923493e-03, 4.28225489e-03, 4.17825287e-03, 4.07717361e-03,
       3.97895967e-03, 3.88355184e-03, 3.79088954e-03, 3.70091114e-03,
       3.61355427e-03, 3.52875610e-03, 3.44645358e-03, 3.36658367e-03,
       3.28908354e-03, 3.21389071e-03, 3.14094324e-03, 3.07017987e-03,
       3.00154008e-03, 2.93496426e-03, 2.87039373e-03, 2.80777089e-03,
       2.74703919e-03, 2.68814325e-03, 2.63102888e-03, 2.57564308e-03,
       2.52193413e-03, 2.46985155e-03, 2.41934611e-03, 2.37036988e-03,
       2.32287620e-03, 2.27681966e-03, 2.23215615e-03, 2.18884277e-03,
       2.14683789e-03, 2.10610107e-03, 2.06659311e-03, 2.02827595e-03,
       1.99111273e-03, 1.95506770e-03, 1.92010625e-03, 1.88619483e-03,
       1.85330096e-03, 1.82139323e-03, 1.79044120e-03, 1.76041544e-03,
       1.73128748e-03, 1.70302977e-03, 1.67561568e-03, 1.64901946e-03,
       1.62321620e-03, 1.59818185e-03, 1.57389315e-03, 1.55032761e-03,
       1.52746352e-03, 1.50527988e-03, 1.48375643e-03, 1.46287357e-03,
       1.44261239e-03, 1.42295460e-03, 1.40388255e-03, 1.38537919e-03,
       1.36742806e-03, 1.35001324e-03, 1.33311939e-03, 1.31673168e-03,
       1.30083578e-03, 1.28541787e-03, 1.27046459e-03, 1.25596306e-03,
       1.24190083e-03, 1.22826587e-03, 1.21504659e-03, 1.20223179e-03,
       1.18981064e-03, 1.17777272e-03, 1.16610793e-03, 1.15480654e-03,
       1.14385917e-03, 1.13325675e-03, 1.12299052e-03, 1.11305203e-03,
       1.10343312e-03, 1.09412593e-03, 1.08512285e-03, 1.07641656e-03,
       1.06799997e-03, 1.05986626e-03, 1.05200882e-03, 1.04442132e-03,
       1.03709760e-03, 1.03003174e-03, 1.02321805e-03, 1.01665099e-03,
       1.01032527e-03, 1.00423575e-03, 9.98377499e-04, 9.92745739e-04,
       9.87335878e-04, 9.82143486e-04, 9.77164293e-04, 9.72394184e-04,
       9.67829194e-04, 9.63465503e-04, 9.59299430e-04, 9.55327434e-04,
       9.51546102e-04, 9.47952152e-04, 9.44542422e-04, 9.41313874e-04,
       9.38263585e-04, 9.35388742e-04, 9.32686646e-04, 9.30154699e-04,
       9.27790411e-04, 9.25591387e-04, 9.23555333e-04, 9.21680044e-04,
       9.19963411e-04, 9.18403410e-04, 9.16998105e-04, 9.15745642e-04,
       9.14644249e-04, 9.13692232e-04, 9.12887974e-04, 9.12229932e-04,
       9.11716634e-04, 9.11346681e-04, 9.11118740e-04, 9.11031544e-04,
       9.11083891e-04, 9.11274644e-04, 9.11602723e-04, 9.12067109e-04,
       9.12666843e-04, 9.13401018e-04, 9.14268784e-04, 9.15269344e-04,
       9.16401953e-04, 9.17665916e-04, 9.19060585e-04, 9.20585362e-04,
       9.22239696e-04, 9.24023077e-04, 9.25935044e-04, 9.27975175e-04,
       9.30143091e-04, 9.32438452e-04, 9.34860959e-04, 9.37410351e-04,
       9.40086402e-04, 9.42888924e-04, 9.45817763e-04, 9.48872800e-04,
       9.52053946e-04, 9.55361148e-04, 9.58794380e-04, 9.62353650e-04,
       9.66038990e-04, 9.69850465e-04, 9.73788163e-04, 9.77852201e-04,
       9.82042720e-04, 9.86359885e-04, 9.90803884e-04, 9.95374928e-04,
       1.00007325e-03, 1.00489910e-03, 1.00985276e-03, 1.01493451e-03,
       1.02014466e-03, 1.02548354e-03, 1.03095149e-03, 1.03654886e-03,
       1.04227603e-03])]","[[0, 6.376880005047202e-05, 0.00012384871691641303, 0.00018251523919836924, 0.00024124549089770667, 0.0003010334760269048, 0.0003625779000643325, 0.0004263951713698366, 0.000492888098796615, 0.000562387986539376, 0.0006351807264471771, 0.0007115232301764434, 0.000791654002791075, 0.0008758001388409874, 0.0009641821125003315, 0.001057017189489982, 0.0011545219631401682, 0.0012569143220563044, 0.001364415039840938, 0.0014772491068022458, 0.0015956468808202067, 0.0017198451083853886, 0.0018500878506231438, 0.0019866273389064133, 0.0021297247780815085, 0.002279651110973107, 0.002436687754852962, 0.0026011273184437253, 0.0027732743064771445, 0.0029534458176463086, 0.003141972240867414, 0.0033391979540232414, 0.0035454820287495747, 0.0037611989443142755, 0.0039867394271762445, 0.004222514128512287, 0.004468963213395134, 0.00472656526500282, 0.004995843150150262, 0.005277367790226683, 0.005571760602804355, 0.005879695137527619, 0.00620189826373358, 0.0065391511514150125, 0.006892290206344086, 0.007262208063936189, 0.007649854707455022, 0.008056238749333887, 0.008482428896108288, 0.00892955560516417, 0.009398812933383906, 0.009891460572520565, 0.010408826062823735, 0.01095230717441799, 0.011523374444728863, 0.012123573859529543, 0.012754529664710789, 0.013417947295493704, 0.014115616409397, 0.014849414008759344, 0.015621307637950938, 0.016433358639551233, 0.017287725452698563, 0.018186666935517612, 0.019132545691993193, 0.020127831381878354, 0.021175103990199836, 0.022277057030653972, 0.023436500654674376, 0.02465636463520288, 0.025939701191214633, 0.02728968761584633, 0.028709628667565937, 0.030202958680220254, 0.031773243344024024, 0.03342418110563868, 0.03515960413146271, 0.03698347877416021, 0.03889990547833767, 0.04091311805719961, 0.043027482268038944, 0.045247493610626945, 0.04757777426905117, 0.05002306911441012, 0.052588240683127285, 0.05527826304362306, 0.05809821446282243, 0.06105326878363476, 0.06414868542528389, 0.0673897979203693, 0.07078200090598506, 0.07433073549130206, 0.07804147293091976, 0.08191969654220353, 0.08597088181591934, 0.09020047468292214, 0.09461386791558593, 0.09921637566119161, 0.10401320612567982, 0.10900943245004978, 0.11420996184819826, 0.11961950310403448, 0.1252425325570847, 0.1310832587392352, 0.13714558586037703, 0.1434330763770324, 0.14994891291497947, 0.1566958598537606, 0.1636762249169731, 0.17089182114652174, 0.1783439296706035, 0.18603326370307952, 0.1939599342350199, 0.20212341789652452, 0.21052252747740346, 0.2191553855979794, 0.2280194020153007, 0.237111255034718, 0.24642687747156686, 0.25596144757232286, 0.2657093852590315, 0.2756643540053251, 0.2858192685874942, 0.2961663088807697, 0.30669693979038626, 0.3174019373206289, 0.3282714206946542, 0.3392948903453918, 0.35046127150538436, 0.3617589630332353, 0.37317589102862003, 0.38469956670876454, 0.396317147948925, 0.40801550382954477, 0.4197812814849618, 0.4316009745139919, 0.44346099219226, 0.455347728720196, 0.46724763174916395, 0.479147269450828, 0.4910333954307713, 0.5028930108354015, 0.5147134230598318, 0.5264823005320046, 0.5381877231229205, 0.5498182278124624, 0.5613628493229083, 0.5728111555158264, 0.5841532774307051, 0.5953799339236618, 0.6064824509403107, 0.6174527755270294, 0.6282834847483577, 0.6389677897342745, 0.6494995351290557, 0.65987319425304, 0.670083860319819, 0.6801272340743019, 0.6899996082320972, 0.6996978491082038, 0.7092193758237206, 0.7185621374738803, 0.727724588629947, 0.7367056635321986, 0.7455047493121332, 0.7541216585600055, 0.7625566015295393, 0.7708101582459126, 0.7788832507564881, 0.786777115736855, 0.7944932776380615, 0.8020335225348662, 0.8093998728097911, 0.8165945627839936, 0.8236200153837036, 0.8304788199103649, 0.8371737109637575, 0.8437075485503269, 0.8500832993937143, 0.8563040194510332, 0.8623728376267327, 0.8682929406658372, 0.8740675591998701, 0.8796999549117374, 0.8851934087801638, 0.8905512103598094, 0.8957766480498249, 0.9008730003012276, 0.9058435277119531, 0.9106914659576738, 0.9154200195063552, 0.9200323560649515, 0.9245316017075341, 0.9289208366354141, 0.9332030915213919, 0.9373813443920804, 0.9414585180042346, 0.945437477673139, 0.9493210295133041, 0.9531119190539705, 0.9568128301941767, 0.9604263844643908, 0.9639551405639155, 0.9674015941454309, 0.9707681778201214, 0.9740572613588426, 0.977271152066701, 0.9804120953102415, 0.9834822751781731, 0.9864838152581835, 0.989418779513933, 0.9922891732477442, 0.9950969441358466, 0.9978439833242746, 1.0005321265746727, 1.00316315545033, 1.0057387985337476, 1.008260732667953, 1.0107305842146042, 1.0131499303226936, 1.0155203002023563, 1.017843176398926, 1.0201199960629637, 1.0223521522125096, 1.024540994984289, 1.0266878328710383, 1.0287939339425083, 1.030860527048055, 1.0328888029990508, 1.0348799157296313, 1.0368349834345558, 1.0387550896831828, 1.0406412845087751, 1.0424945854725296, 1.0443159787018843, 1.0461064199028114, 1.0478668353459226, 1.0495981228263311, 1.051301152597309, 1.0529767682778721, 1.054625787734493, 1.0562490039372092, 1.0578471857904554, 1.0594210789389853, 1.0609714065493019, 1.0624988700670401, 1.0640041499507769, 1.0654879063827662, 1.0669507799571172, 1.068393392345942, 1.0698163469440194, 1.0712202294925162, 1.0726056086823232, 1.0739730367375595, 1.0753230499797952, 1.0766561693735495, 1.0779729010536074, 1.079273736834701, 1.0805591547040858, 1.0818296192975467, 1.0830855823593462, 1.0843274831866283, 1.0855557490587777, 1.0867707956522223, 1.0879730274411576, 1.0891628380846607, 1.090340610800649, 1.0915067187271266, 1.0926615252711516, 1.0938053844459446, 1.0949386411965456, 1.096061631714417, 1.0971746837413763, 1.098278116863234, 1.0993722427934969, 1.1004573656474865, 1.1015337822072142, 1.1026017821773404, 1.103661648432536, 1.104713657256552, 1.105758078573297, 1.1067951761702073, 1.107825207914188, 1.108848425960392, 1.1098650769540972, 1.1108754022259295, 1.111879637980674, 1.1128780154799038, 1.1138707612186547, 1.1148580970963569, 1.1158402405822367, 1.116817404875385, 1.1177897990596875, 1.1187576282538025, 1.1197210937563682, 1.1206803931866058, 1.1216357206204939, 1.122587266722666, 1.1235352188741905, 1.1244797612963806, 1.1254210751707752, 1.1263593387554296, 1.1272947274976497, 1.1282274141432926, 1.1291575688427624, 1.1300853592538107, 1.131010950641262, 1.1319345059737702, 1.132856186017708, 1.1337761494282934, 1.1346945528380494, 1.1356115509426852, 1.1365272965844928, 1.137441940833343, 1.13835563306536, 1.1392685210393565, 1.140180750971104, 1.1410924676055079, 1.1420038142867601, 1.1429149330265338, 1.1438259645702833, 1.1447370484617112, 1.1456483231054602, 1.1465599258280843, 1.147471992937355, 1.1483846597799505, 1.1492980607975778, 1.1502123295815734, 1.1511275989260272, 1.1520440008794706, 1.1529616667951679, 1.1538807273800524, 1.1548013127423375, 1.1557235524378418, 1.156647575515057, 1.1575735105589913, 1.1585014857338145, 1.1594316288243336, 1.1603640672763236, 1.1612989282357364, 1.1622363385868106, 1.1631764249891026, 1.1641193139134576, 1.165065131676939, 1.1660140044767289, 1.1669660584230213, 1.1679214195709129, 1.1688802139513097, 1.1698425676008568, 1.1708086065909018, 1.1717784570555, 1.1727522452184673, 1.1737300974194862, 1.1747121401392722, 1.1756985000237976, 1.176689303907582, 1.1776846788360442, 1.1786847520869188, 1.1796896511907342, 1.1806995039503505, 1.1817144384595544, 1.1827345831207026, 1.1837600666614136, 1.184791018150297, 1.1858275670117129, 1.1868698430395566]]"
40.0,40.0,3,30,360,I0-S1,"[[0.01, 0.009218546420913139, 0.008861068736292907, 0.008775057932921297, 0.008868437703183567, 0.009085407751952247, 0.00939198066337198, 0.009767374982023071, 0.010198846032579215, 0.010678571934575462, 0.011201772405099314, 0.011765568034099156, 0.012368284878389474, 0.013009027384185051, 0.013687413444524099, 0.014403407812326878, 0.015157215504825221, 0.015949212070759434, 0.01677989673236227, 0.017649859904809915, 0.01855975989995849, 0.019510305614651575, 0.020502243210912676, 0.021536345529792444, 0.022613403430536628, 0.023734218524792492, 0.024899596949433198, 0.026110343931927908, 0.027367258973533846, 0.028671131522757312, 0.030022737043524175, 0.0314228334048163, 0.032872157534554844, 0.034371422292351704, 0.03592134445061701, 0.037522957774840604, 0.03917779882195614, 0.040887755218676165, 0.04265495108122154, 0.04448167996522106, 0.046370366209233974, 0.04832354323864312, 0.05034384196868532, 0.05243398519160021, 0.054596785482446175, 0.05683514514860249, 0.059152057342142926, 0.06155060781008293, 0.06403397696996829, 0.06660544212455201, 0.06926837970380098, 0.07202626746589445, 0.07488268661368158, 0.07784132379674784, 0.08090597297629921, 0.08408053713320433, 0.08736902980035015, 0.09077557639992342, 0.09430441536489535, 0.09795989902219186, 0.10174649421296941, 0.10566878262319572, 0.10973146079541769, 0.11393933979021896, 0.11829734446344653, 0.12281051232282955, 0.12748399192513263, 0.13232304077248774, 0.13733302266404146, 0.1425194044565478, 0.14788775218504507, 0.15344372649229462, 0.15919307731324717, 0.16514163775846774, 0.17129531713821322, 0.17766009306675648, 0.18424200258461873, 0.19104713223465164, 0.19808160702644723, 0.20535157822239827, 0.21286320987794133, 0.22062266406814984, 0.2286360847329732, 0.2369095800741131, 0.24544920343786464, 0.25426093262031557, 0.26335064753417353, 0.27272410618027537, 0.28238691887161643, 0.2923445206636216, 0.302602141951463, 0.31316477720361147, 0.324037151810592, 0.33522368703919214, 0.3467284630952393, 0.358555180312605, 0.3707071185023845, 0.38318709451430016, 0.3959974180823381, 0.40913984604847037, 0.4226155350820442, 0.4364249930380163, 0.45056802912460764, 0.46504370308006826, 0.4798502735889349, 0.49498514620025913, 0.5104448210435497, 0.5262248406723343, 0.5423197383999597, 0.5587229875271217, 0.5754269518951923, 0.592422838233168, 0.6097006507984236, 0.6272491488417887, 0.6450558074550627, 0.663106782383229, 0.6813868794035198, 0.6998795288883318, 0.7185667661779442, 0.7374292183912539, 0.7564460982974679, 0.7755952058581302, 0.7948529380262809, 0.8141943073573074, 0.833592969943636, 0.8530212631324009, 0.8724502534214044, 0.8918497948539588, 0.9111885981477401, 0.9304343106969407, 0.949553607481402, 0.9685122928019002, 0.9872754126384696, 1.0058073772999714, 1.0240720938996801, 1.0420331080553566, 1.0596537540751807, 1.0768973127553203, 1.0937271757832319, 1.1101070156155308, 1.126000959583011, 1.1413737668706647, 1.1561910069298207, 1.1704192378050962, 1.184026182802844, 1.1969809038919943, 1.209253970214123, 1.2208176200883187, 1.2316459149286187, 1.2417148835476202, 1.2510026553990445, 1.2594895814137097, 1.2671583412062462, 1.2739940355721933, 1.279984263354579, 1.2851191819331367, 1.2893915507749527, 1.292796757679375, 1.295332827549045, 1.2970004137194295, 1.2978027720777452, 1.2977457183952208, 1.2968375694809855, 1.2950890689384384, 1.2925132984630416, 1.2891255757616893, 1.2849433402962034, 1.2799860281555666, 1.2742749374421891, 1.2678330856162356, 1.2606850602787163, 1.2528568648889906, 1.2443757609063237, 1.2352701078192712, 1.225569202482444, 1.2153031191193067, 1.2045025512740868, 1.1931986569076807, 1.1814229077338771, 1.169206943785503, 1.1565824340874815, 1.143580944197452, 1.1302338112566128, 1.116572027075756, 1.10262612966582, 1.0884261035103042, 1.0740012887699113, 1.0593802995089916, 1.0445909509396936, 1.0296601955939035, 1.0146140682556124, 0.9994776394175966, 0.9842749769663929, 0.9690291157484632, 0.9537620346280179, 0.9384946406129094, 0.9232467595989233, 0.9080371332642069, 0.8928834216339326, 0.8778022108300164, 0.8628090255211573, 0.8479183455940185, 0.8331436265763656, 0.8184973233568145, 0.8039909167628736, 0.7896349425786487, 0.7754390226053282, 0.7614118973909001, 0.7475614602799883, 0.7338947924598133, 0.7204181987037115, 0.7071372435390432, 0.6940567875914043, 0.6811810238815816, 0.6685135138754471, 0.6560572231098123, 0.6438145562390226, 0.63178739136766, 0.6199771135540794, 0.6083846473875684, 0.5970104885586831, 0.5858547343577538, 0.5749171130507057, 0.5641970120942055, 0.5536935051637859, 0.5434053779790406, 0.5333311529192983, 0.5234691124314176, 0.5138173212385748, 0.5043736473651946, 0.49513578199857466, 0.4861012582123512, 0.4772674685807953, 0.46863168171609826, 0.4601910577633535, 0.45194266288993457, 0.4438834828074613, 0.436010435365593, 0.4283203822575369, 0.4208101398774676, 0.41347648937004916, 0.40631618591199, 0.39932596726507297, 0.39250256163941893, 0.38584269490490286, 0.37934309718766446, 0.3730005088875741, 0.366811686151344, 0.3607734058347425, 0.35488246998608597, 0.34913570988187015, 0.343529989644068, 0.33806220946728366, 0.33272930848261395, 0.327528267283746, 0.3224561101395138, 0.3175099069158578, 0.3126867747288824, 0.3079838793494932, 0.3033984363789183, 0.2989277122132847, 0.29456902481432495, 0.29031974430224217, 0.2861772933857553, 0.2821391476433854, 0.2782028356691289, 0.27436593909479295, 0.27062609250043734, 0.2669809832235863, 0.2634283510771284, 0.25996598798512016, 0.25659173754504805, 0.2533034945244771, 0.2500992042994273, 0.24697686224126625, 0.2439345130583868, 0.24097025009845222, 0.23808221461653606, 0.23526859501405514, 0.23252762605299776, 0.2298575880495742, 0.2272568060510709, 0.22472364899936434, 0.22225652888424996, 0.2198538998894601, 0.21751425753398435, 0.21523613781106332, 0.21301811632700263, 0.21085880744174457, 0.20875686341294306, 0.20671097354510848, 0.20471986334522427, 0.20278229368608452, 0.20089705997846202, 0.1990629913530858, 0.19727894985328898, 0.19554382963907746, 0.1938565562032696, 0.1922160856002649, 0.19062140368791441, 0.18907152538288918, 0.18756549392987107, 0.18610238018482686, 0.18468128191256686, 0.18330132309873617, 0.18196165327633795, 0.18066144686684416, 0.17939990253590915, 0.17817624256366588, 0.17698971222955165, 0.17583957921158216, 0.1747251329999652, 0.1736456843249236, 0.1726005645985758, 0.17158912537070362, 0.17061073779822208, 0.16966479212815075, 0.1687506971938745, 0.16786787992447122, 0.1670157848668745, 0.16619387372063174, 0.1654016248850124, 0.16463853301821493, 0.16390410860841786, 0.16319787755641624, 0.1625193807695834, 0.16186817376689547, 0.16124382629475628, 0.1606459219533587, 0.1600740578333205, 0.15952784416233234, 0.15900690396155753, 0.15851087271152453, 0.1580393980272556, 0.15759213934237745, 0.1571687676019615, 0.15676896496384582, 0.15639242450819243, 0.15603884995503797, 0.15570795538959822, 0.15539946499509172, 0.15511311279284995, 0.15484864238948673, 0.15460580673090166, 0.15438436786289791, 0.15418409669819721, 0.15400477278963925, 0.1538461841093568, 0.15370812683372104, 0.15359040513385636, 0.15349283097152636, 0.15341522390019793, 0.15335741087109325, 0.1533192260440429, 0.15330051060295782, 0.15330111257574053, 0.15332088665846008, 0.15335969404361802, 0.1534174022523369, 0.15349388497030506, 0.15358902188731524, 0.15370269854023813, 0.15383480615927372, 0.15398524151732762, 0.1541539067823617, 0.15434070937257133]]","[[0.01, 0.011673645222856313, 0.01362924433757481, 0.015801894642058518, 0.018156389934436763, 0.020675221359389456, 0.023351404078691983, 0.026184270623099692, 0.0291769723573471, 0.03233499507841267, 0.03566527977369907, 0.03917570407709509, 0.042874778225105784, 0.046771468178993025, 0.05087509380694082, 0.0551952710846077, 0.05974187985630025, 0.06452504620909714, 0.06955513298898289, 0.07484273465263004, 0.08039867423133112, 0.08623400112135313, 0.09235998896850287, 0.09878813323967266, 0.10553014826348232, 0.11259796363121495, 0.12000371991102615, 0.12775976366248362, 0.135878641756487, 0.14437309501440007, 0.15325605118384408, 0.16254061726941768, 0.17224007123599935, 0.182367853101035, 0.192937587955863, 0.20396343299765668, 0.2154603802182929, 0.227444215223423, 0.23993147679616403, 0.25293944116772116, 0.2664861214269346, 0.28059027633160155, 0.29527142505830645, 0.3105498657949047, 0.3264466969027925, 0.34298383987164915, 0.3601840635876532, 0.3780710096154741, 0.39666921830166646, 0.4160041555707711, 0.43610224032252, 0.45699087235936126, 0.4786984607842678, 0.5012544528132429, 0.5246893629473445, 0.5490348024467975, 0.5743235090456766, 0.600589376840211, 0.6278674862772948, 0.6561941341624508, 0.68560686359839, 0.7161444937565018, 0.7478471493741129, 0.7807562898601996, 0.8149147378814187, 0.8503667072888457, 0.8871578302336718, 0.9253351833073222, 0.9649473125280119, 1.0060442569816694, 1.048677570910446, 1.0929003440267093, 1.1387672198145218, 1.1863344115641832, 1.23565971586849, 1.2868025232920346, 1.339823825907172, 1.3947862213723412, 1.451753913210326, 1.510792706925912, 1.571970001584384, 1.6353547764545713, 1.7010175723028627, 1.7690304669080228, 1.8394670443509205, 1.912402357618747, 1.987912884050202, 2.0660764731367847, 2.1469722861860903, 2.230680727346236, 2.3172833654866287, 2.406862846429652, 2.4995027950309585, 2.5952877066133397, 2.6943028272711254, 2.796634022579247, 2.902367634263964, 3.011590324421352, 3.1243889069054935, 3.240850165551405, 3.3610606589485457, 3.4851065115397852, 3.61307319088833, 3.745045271031697, 3.881106181927687, 4.021337945092624, 4.165820895637, 4.314633391018125, 4.4678515069531874, 4.625548721069092, 4.787795585006986, 4.954659385848922, 5.12620379789071, 5.302488525947689, 5.483568941547508, 5.669495713534589, 5.860314434782922, 6.056065246885292, 6.256782464855596, 6.462494204044317, 6.673222011622646, 6.888980505135548, 7.109777020755155, 7.335611273980361, 7.566475035623171, 7.802351825994229, 8.043216630246029, 8.289035637849665, 8.539766009167096, 8.795355672033306, 9.05574315117952, 9.320857433208289, 9.59061786967265, 9.864934120614398, 10.143706140680825, 10.426824209666165, 10.71416900901485, 11.005611745481088, 11.301014322766171, 11.600229561555235, 11.903101467953501, 12.209465549883376, 12.519149180554061, 12.831972007660616, 13.147746406516374, 13.466277974877977, 13.787366066792908, 14.110804362392189, 14.436381470172352, 14.76388155796717, 15.093085008506726, 15.423769095204179, 15.755708673603458, 16.08867688376745, 16.422445858788585, 16.75678743456337, 17.091473855990152, 17.426278474823924, 17.760976434552457, 18.09534533784098, 18.42916589232511, 18.762222530808984, 19.094304002242435, 19.42520393020239, 19.754721335982634, 20.082661123796864, 20.408834526015706, 20.73305950678263, 21.055161122780085, 21.374971840339388, 21.692331808500512, 22.00708908802517, 22.319099836744215, 22.628228451973875, 22.934347671061634, 23.237338631418368, 23.53709089165726, 23.83350241568997, 24.126479521826237, 24.415936799084236, 24.70179699304601, 24.98399086368623, 25.26245701766457, 25.53714171760421, 25.807998670883123, 26.074988800443382, 26.338080000079312, 26.5972468766002, 26.852470481180465, 27.10373803211216, 27.351042631063965, 27.59438297483011, 27.833763064424403, 28.06919191324055, 28.300683255862964, 28.528255258973573, 28.75193023566189, 28.97173436430902, 29.187697413082816, 29.399852470952176, 29.608235686004306, 29.812886011730466, 30.013844961834053, 30.21115637400984, 30.404866183045563, 30.595022203506723, 30.781673922182403, 30.96487230039448, 31.144669586204195, 31.321119136488814, 31.494275248806584, 31.664193002920296, 31.830928111807935, 31.994536781952853, 32.155075582675416, 32.312601324242586, 32.46717094447093, 32.61884140352209, 32.767669586577014, 32.91371221406607, 33.057025759126105, 33.19766637195248, 33.33568981071315, 33.471151378693676, 33.60410586734518, 33.734607504912425, 33.862709910325705, 33.98846605204775, 34.11192821157546, 34.23314795130576, 34.35217608648475, 34.46906266096985, 34.5838569265455, 34.696607325543894, 34.80736147653345, 34.916166162848896, 35.02306732374785, 35.128110047989985, 35.231338569645345, 35.33279626594942, 35.43252565703241, 35.53056840736055, 35.62696532873686, 35.721756384718006, 35.81498069631316, 35.90667654883913, 35.99688139981456, 36.0856318877836, 36.17296384196722, 36.25891229264728, 36.34351148219547, 36.42679487666531, 36.5087951778719, 36.5895443358894, 36.66907356190199, 36.74741334134888, 36.82459344730889, 36.9006429540744, 36.97559025086889, 37.04946305566611, 37.12228842907254, 37.19409278823835, 37.26490192076512, 37.334740998581786, 37.40363459176276, 37.47160668226499, 37.53868067756297, 37.60487942416301, 37.670225220980065, 37.73473983256237, 37.79844450215085, 37.86135996456188, 37.92350645888351, 37.9849037409766, 38.04557109577355, 38.105527349368565, 38.164790880894266, 38.223379634180695, 38.281311129193384, 38.33860247324811, 38.39527037200068, 38.45133114021073, 38.50680071227911, 38.561694652559005, 38.61602816544146, 38.66981610521639, 38.723072985710424, 38.77581298970362, 38.82804997812702, 38.87979749904357, 38.93106879641502, 38.98187681865771, 39.032234226990326, 39.08215340357688, 39.13164645946821, 39.18072524234556, 39.22940134406988, 39.277686108040314, 39.325590636365845, 39.373125796853714, 39.42030222981851, 39.467130354715664, 39.513620376603335, 39.559782292436395, 39.60562589719642, 39.65116078986148, 39.69639637921954, 39.74134188952924, 39.786006366031685, 39.83039868031714, 39.87452753554998, 39.91840147155578, 39.962028869773825, 40.005417958078674, 40.04857681547417, 40.09151337666319, 40.13423543649644, 40.176750654303646, 40.21906655811007, 40.261190548741695, 40.30312990382188, 40.344891781662625, 40.38648322505318, 40.42791116494898, 40.469182424063426, 40.51030372036547, 40.55128167048537, 40.59212279303132, 40.63283351181931, 40.67342015901875, 40.71388897821608, 40.75424612739875, 40.794497681861664, 40.83464963703832, 40.87470791125874, 40.91467834843614, 40.954566720684326, 40.99437873086777, 41.03412001508615, 41.073796145095095, 41.11341263066501, 41.15297492187948, 41.192488411374946, 41.231958436523236, 41.27139028155842, 41.310789179649376, 41.35016031491966, 41.38950882441582, 41.42883980002556, 41.46815829034702, 41.50746930251037, 41.546777803952786, 41.58608872414805, 41.62540695629182, 41.66473735894351, 41.70408475762585, 41.74345394638302, 41.7828496892983, 41.82227672197206, 41.861739752960894, 41.90124346517877, 41.94079251726081, 41.980391544890495, 42.02004516209091, 42.05975796248077, 42.09953452049561]]","[array([6.37688001e-05, 6.00799169e-05, 5.86665223e-05, 5.87302733e-05,
       5.97886072e-05, 6.15483067e-05, 6.38304474e-05, 6.65254723e-05,
       6.95661511e-05, 7.29112786e-05, 7.65358097e-05, 8.04248650e-05,
       8.45700636e-05, 8.89672615e-05, 9.36151405e-05, 9.85143137e-05,
       1.03666748e-04, 1.09075380e-04, 1.14743857e-04, 1.20676353e-04,
       1.26877433e-04, 1.33351955e-04, 1.40104986e-04, 1.47141743e-04,
       1.54467540e-04, 1.62087736e-04, 1.70007708e-04, 1.78232807e-04,
       1.86768330e-04, 1.95619497e-04, 2.04791421e-04, 2.14289087e-04,
       2.24117327e-04, 2.34280849e-04, 2.44785239e-04, 2.55639121e-04,
       2.66853990e-04, 2.78443265e-04, 2.90421701e-04, 3.02805039e-04,
       3.15609815e-04, 3.28853247e-04, 3.42553182e-04, 3.56728073e-04,
       3.71396969e-04, 3.86579520e-04, 4.02295989e-04, 4.18567260e-04,
       4.35414860e-04, 4.52860966e-04, 4.70928423e-04, 4.89640760e-04,
       5.09022204e-04, 5.29097687e-04, 5.49892866e-04, 5.71434128e-04,
       5.93748602e-04, 6.16864168e-04, 6.40809460e-04, 6.65613876e-04,
       6.91307578e-04, 7.17921492e-04, 7.45487311e-04, 7.74037490e-04,
       8.03605235e-04, 8.34224502e-04, 8.65929980e-04, 8.98757073e-04,
       9.32741887e-04, 9.67921200e-04, 1.00433244e-03, 1.04201364e-03,
       1.08100341e-03, 1.12134091e-03, 1.16306575e-03, 1.20621800e-03,
       1.25083807e-03, 1.29696668e-03, 1.34464474e-03, 1.39391332e-03,
       1.44481352e-03, 1.49738637e-03, 1.55167271e-03, 1.60771309e-03,
       1.66554764e-03, 1.72521588e-03, 1.78675663e-03, 1.85020780e-03,
       1.91560622e-03, 1.98298745e-03, 2.05238560e-03, 2.12383309e-03,
       2.19736042e-03, 2.27299596e-03, 2.35076566e-03, 2.43069282e-03,
       2.51279777e-03, 2.59709763e-03, 2.68360599e-03, 2.77233258e-03,
       2.86328298e-03, 2.95645827e-03, 3.05185471e-03, 3.14946339e-03,
       3.24926988e-03, 3.35125391e-03, 3.45538898e-03, 3.56164203e-03,
       3.66997312e-03, 3.78033505e-03, 3.89267310e-03, 4.00692466e-03,
       4.12301896e-03, 4.24087680e-03, 4.36041031e-03, 4.48152271e-03,
       4.60410812e-03, 4.72805145e-03, 4.85322823e-03, 4.97950461e-03,
       5.10673730e-03, 5.23477360e-03, 5.36345153e-03, 5.49259998e-03,
       5.62203889e-03, 5.75157958e-03, 5.88102510e-03, 6.01017060e-03,
       6.13880390e-03, 6.26670604e-03, 6.39365186e-03, 6.51941082e-03,
       6.64374770e-03, 6.76642347e-03, 6.88719623e-03, 7.00582216e-03,
       7.12205657e-03, 7.23565492e-03, 7.34637400e-03, 7.45397305e-03,
       7.55821493e-03, 7.65886729e-03, 7.75570380e-03, 7.84850530e-03,
       7.93706097e-03, 8.02116950e-03, 8.10064015e-03, 8.17529384e-03,
       8.24496413e-03, 8.30949815e-03, 8.36875742e-03, 8.42261867e-03,
       8.47097444e-03, 8.51373369e-03, 8.55082226e-03, 8.58218318e-03,
       8.60777693e-03, 8.62758155e-03, 8.64159265e-03, 8.64982328e-03,
       8.65230369e-03, 8.64908105e-03, 8.64021892e-03, 8.62579679e-03,
       8.60590936e-03, 8.58066591e-03, 8.55018943e-03, 8.51461576e-03,
       8.47409271e-03, 8.42877905e-03, 8.37884350e-03, 8.32446371e-03,
       8.26582515e-03, 8.20312011e-03, 8.13654659e-03, 8.06630722e-03,
       7.99260827e-03, 7.91565858e-03, 7.83566860e-03, 7.75284945e-03,
       7.66741196e-03, 7.57956589e-03, 7.48951907e-03, 7.39747664e-03,
       7.30364041e-03, 7.20820817e-03, 7.11137314e-03, 7.01332346e-03,
       6.91424172e-03, 6.81430458e-03, 6.71368241e-03, 6.61253901e-03,
       6.51103143e-03, 6.40930971e-03, 6.30751681e-03, 6.20578851e-03,
       6.10425338e-03, 6.00303274e-03, 5.90224074e-03, 5.80198442e-03,
       5.70236378e-03, 5.60347193e-03, 5.50539521e-03, 5.40821339e-03,
       5.31199986e-03, 5.21682178e-03, 5.12274035e-03, 5.02981098e-03,
       4.93808359e-03, 4.84760276e-03, 4.75840803e-03, 4.67053415e-03,
       4.58401127e-03, 4.49886521e-03, 4.41511772e-03, 4.33278668e-03,
       4.25188634e-03, 4.17242756e-03, 4.09441802e-03, 4.01786244e-03,
       3.94276278e-03, 3.86911844e-03, 3.79692647e-03, 3.72618170e-03,
       3.65687701e-03, 3.58900339e-03, 3.52255019e-03, 3.45750521e-03,
       3.39385490e-03, 3.33158443e-03, 3.27067788e-03, 3.21111832e-03,
       3.15288794e-03, 3.09596818e-03, 3.04033977e-03, 2.98598288e-03,
       2.93287719e-03, 2.88100194e-03, 2.83033607e-03, 2.78085822e-03,
       2.73254685e-03, 2.68538026e-03, 2.63933667e-03, 2.59439424e-03,
       2.55053118e-03, 2.50772570e-03, 2.46595612e-03, 2.42520090e-03,
       2.38543861e-03, 2.34664804e-03, 2.30880817e-03, 2.27189822e-03,
       2.23589764e-03, 2.20078616e-03, 2.16654381e-03, 2.13315089e-03,
       2.10058802e-03, 2.06883616e-03, 2.03787657e-03, 2.00769085e-03,
       1.97826095e-03, 1.94956917e-03, 1.92159815e-03, 1.89433088e-03,
       1.86775071e-03, 1.84184135e-03, 1.81658684e-03, 1.79197159e-03,
       1.76798036e-03, 1.74459825e-03, 1.72181072e-03, 1.69960357e-03,
       1.67796292e-03, 1.65687524e-03, 1.63632734e-03, 1.61630635e-03,
       1.59679971e-03, 1.57779518e-03, 1.55928086e-03, 1.54124511e-03,
       1.52367663e-03, 1.50656439e-03, 1.48989767e-03, 1.47366602e-03,
       1.45785928e-03, 1.44246754e-03, 1.42748118e-03, 1.41289084e-03,
       1.39868740e-03, 1.38486201e-03, 1.37140604e-03, 1.35831112e-03,
       1.34556910e-03, 1.33317207e-03, 1.32111232e-03, 1.30938239e-03,
       1.29797500e-03, 1.28688309e-03, 1.27609980e-03, 1.26561847e-03,
       1.25543263e-03, 1.24553599e-03, 1.23592244e-03, 1.22658607e-03,
       1.21752110e-03, 1.20872197e-03, 1.20018324e-03, 1.19189965e-03,
       1.18386609e-03, 1.17607762e-03, 1.16852941e-03, 1.16121680e-03,
       1.15413527e-03, 1.14728043e-03, 1.14064802e-03, 1.13423391e-03,
       1.12803410e-03, 1.12204470e-03, 1.11626197e-03, 1.11068224e-03,
       1.10530199e-03, 1.10011780e-03, 1.09512635e-03, 1.09032442e-03,
       1.08570891e-03, 1.08127681e-03, 1.07702520e-03, 1.07295125e-03,
       1.06905224e-03, 1.06532553e-03, 1.06176856e-03, 1.05837885e-03,
       1.05515402e-03, 1.05209176e-03, 1.04918984e-03, 1.04644610e-03,
       1.04385846e-03, 1.04142490e-03, 1.03914350e-03, 1.03701236e-03,
       1.03502970e-03, 1.03319376e-03, 1.03150288e-03, 1.02995543e-03,
       1.02854985e-03, 1.02728465e-03, 1.02615839e-03, 1.02516969e-03,
       1.02431720e-03, 1.02359964e-03, 1.02301581e-03, 1.02256450e-03,
       1.02224460e-03, 1.02205502e-03, 1.02199472e-03, 1.02206272e-03,
       1.02225807e-03, 1.02257986e-03, 1.02302723e-03, 1.02359936e-03,
       1.02429547e-03, 1.02511481e-03, 1.02605667e-03, 1.02712039e-03,
       1.02830534e-03])]","[[0, 6.376880005047202e-05, 0.00012384871691641303, 0.00018251523919836924, 0.00024124551250008283, 0.00030103411967369347, 0.0003625824263719478, 0.00042641287379419757, 0.0004929383460978667, 0.0005625044972425246, 0.0006354157758077857, 0.0007119515855323617, 0.0007923764505640598, 0.0008769465141508563, 0.0009659137756471876, 0.001059528916163138, 0.0011580432299084424, 0.0012617099776191612, 0.001370785357314821, 0.001485529214229094, 0.00160620556704864, 0.0017330830001740666, 0.0018664349547426024, 0.002006539940516369, 0.0021536816839726153, 0.0023081492235434396, 0.0024702369600413743, 0.0026402446683261214, 0.0028184774748818988, 0.0030052458049777326, 0.00320086530234597, 0.003405656723755878, 0.0036199458104271285, 0.003844063137887876, 0.004078343987149244, 0.004323129226566649, 0.004578768347956797, 0.00484562233778563, 0.005124065602985517, 0.00541448730396104, 0.005717292343316898, 0.006032902158258659, 0.006361755404925224, 0.006704308587098818, 0.007061036660268737, 0.007432433629170045, 0.007819013149234035, 0.008221309137802368, 0.008639876398225927, 0.009075291258343351, 0.009528152223862829, 0.00999908064658355, 0.01048872140702821, 0.01099774361081805, 0.011526841297949222, 0.012076734163989427, 0.012648168292086396, 0.013241916894552919, 0.01385878106265972, 0.0144995905231236, 0.015165204399621306, 0.015856511977488465, 0.016574433469576495, 0.017319920781038455, 0.018093958270596677, 0.018897563505610806, 0.019731788008014003, 0.02059771798791778, 0.021496475061401833, 0.02242921694870446, 0.02339713814871172, 0.02440147058530948, 0.025443484220812333, 0.026524487631317286, 0.027645828538448748, 0.028808894291565666, 0.030015112294092292, 0.03126595036721272, 0.032562917043737115, 0.03390756178450685, 0.03530147510925826, 0.036746288633413546, 0.03824367500181531, 0.03979534770997168, 0.041403060802936514, 0.0430686084415177, 0.04479382432509165, 0.04658058095990933, 0.048430788761414906, 0.050346394978769214, 0.05232938242948482, 0.0543817680318452, 0.05650560112260692, 0.05870296154738046, 0.060975957511061975, 0.06332672317575694, 0.06575741599380727, 0.06827021376381953, 0.07086731139800405, 0.07355091738968664, 0.0763232499705585, 0.07918653294809792, 0.08214299121464216, 0.08519484592082154, 0.08834430930750006, 0.09159357919200946, 0.09494483310632337, 0.09840022208690366, 0.10196186411826567, 0.10563183723485639, 0.10941217228861805, 0.11330484539261702, 0.11731177005434514, 0.1214347890157377, 0.12567566582058304, 0.13003607613380158, 0.13451759884102346, 0.13912170696096005, 0.1438497584072118, 0.14870298664033932, 0.15368249125519948, 0.15878922855266026, 0.164024002148802, 0.16938745367852096, 0.17488005365401396, 0.18050209254186572, 0.18625367212531496, 0.1921346972206677, 0.1981448678186846, 0.2042836717230225, 0.21055037775839272, 0.21694402962094517, 0.22346344044244623, 0.23010718813803704, 0.23687361160470508, 0.24376080783404697, 0.25076662999843297, 0.2578886865643057, 0.2651243414800764, 0.27247071547895346, 0.27992468852910374, 0.28748290345487576, 0.2951417707434869, 0.30289747454170196, 0.3107459798367152, 0.31868304080483084, 0.32670421030074775, 0.33480485044945124, 0.3429801442920451, 0.35122510842648186, 0.35953460657422553, 0.3679033639945577, 0.3763259826596679, 0.38479695709598083, 0.3933106907904937, 0.40186151305533074, 0.4104436962393558, 0.4190514731725857, 0.4276790547273614, 0.4363206473797805, 0.4449704706557758, 0.45362277434840953, 0.46227185539640137, 0.4709120743185443, 0.47953787110440516, 0.48814378046844625, 0.4967244463823249, 0.5052746358084953, 0.5137892515672182, 0.5222633442785236, 0.5306921233304365, 0.5390709668347062, 0.5473954305412442, 0.5556612556923276, 0.563864375807252, 0.5720009223973785, 0.5800672296203425, 0.5880598378904494, 0.5959754964699316, 0.6038111650726945, 0.6115640145184035, 0.6192314264802281, 0.6268109923742328, 0.6343005114422976, 0.6416979880835664, 0.6490016284917683, 0.6562098366573872, 0.663321209794577, 0.6703345332530072, 0.6772487749745004, 0.6840630795534639, 0.6907767619587668, 0.6973893009729355, 0.703900332402392, 0.7103096421099988, 0.716617158918459, 0.7228229474302073, 0.7289272008063591, 0.734930233544127, 0.7408324742888874, 0.7466344587138481, 0.7523368224970507, 0.7579402944222777, 0.7634456896273514, 0.7688539030203297, 0.7741659028812489, 0.7793827246643398, 0.7845054650130802, 0.7895352759980316, 0.7944733595851692, 0.7993209623403347, 0.8040793703735394, 0.8087499045251051, 0.8133339157940593, 0.8178327810077918, 0.8222478987307219, 0.8265806854086215, 0.8308325717442714, 0.8350049992992976, 0.8390994173163253, 0.8431172797549985, 0.8470600425349283, 0.8509291609782456, 0.8547260874441425, 0.8584522691475689, 0.8621091461541139, 0.8656981495430236, 0.8692206997302943, 0.8726782049438151, 0.876072059842612, 0.8794036442723682, 0.8826743221495454, 0.8858854404666158, 0.8890383284111115, 0.892134296591431, 0.8951746363625701, 0.8981606192452047, 0.901093496431802, 0.903974498373709, 0.906804834443427, 0.9095856926665544, 0.9123182395181441, 0.9150036197784877, 0.9176429564435994, 0.9202373506859284, 0.9227878818610767, 0.9252956075565449, 0.9277615636787597, 0.9301867645748692, 0.9325722031860048, 0.9349188512289244, 0.937227659403149, 0.939499557620899, 0.9417354552573188, 0.9439362414186553, 0.946102785226217, 0.9482359361141045, 0.9503365241388442, 0.9524053602992046, 0.9544432368646019, 0.9564509277106296, 0.9584291886603636, 0.960378757830204, 0.962300355979117, 0.9641946868602429, 0.966062437573918, 0.9679042789212509, 0.9697208657574689, 0.9715128373443235, 0.9732808177009147, 0.9750254159523559, 0.9767472266757611, 0.978446830243091, 0.9801247931604452, 0.9817816684034353, 0.9834179957483155, 0.9850343020985917, 0.9866311018068603, 0.9882088969916698, 0.9897681778492227, 0.9913094229597681, 0.9928330995885618, 0.9943396639812913, 0.9958295616538889, 0.9973032276766747, 0.998761086952789, 1.0002035544908916, 1.001631035672119, 1.003043926511305, 1.0044426139124831, 1.0058274759186983, 1.0071988819561675, 1.0085571930728365, 1.0099027621713865, 1.0112359342367552, 1.0125570465582396, 1.0138664289462533, 1.015164403943818, 1.0164512870328706, 1.0177273868354737, 1.0189930053100145, 1.0202484379424865, 1.0214939739329467, 1.0227298963772409, 1.023956482444094, 1.0251740035476644, 1.0263827255156528, 1.0275829087530717, 1.028774808401765, 1.0299586744957796, 1.031134752112684, 1.0323032815209285, 1.0334644983233463, 1.034618633596884, 1.0357659140286601, 1.0369065620484395, 1.0380407959576166, 1.0391688300547979, 1.0402908747580664, 1.0414071367240203, 1.042517818963668, 1.0436231209552618, 1.0447232387541543, 1.0458183650997541, 1.046908689519662, 1.0479943984310616, 1.0490756752394408, 1.0501527004347155, 1.0512256516848295, 1.052294703926894, 1.0533600294559413, 1.0544217980113555, 1.0554801768610425, 1.0565353308834042, 1.0575874226471784, 1.0586366124891995, 1.0596830585901424, 1.060726917048301, 1.0617683419514574, 1.0628074854468958, 1.0638444978096082, 1.0648795275087435, 1.0659127212723494, 1.06694422415045, 1.0679741795765065, 1.0690027294273028, 1.0700300140812986, 1.071056172475492, 1.0720813421608264, 1.0731056593561856, 1.0741292590010085, 1.0751522748065603, 1.0761748393058945, 1.0771970839025393, 1.0782191389179363, 1.079241133637665, 1.080263196356482, 1.0812854544221995, 1.0823080342784341, 1.0833310615062488, 1.084354660864713, 1.0853789563304044, 1.0864040711358758, 1.087430127807106, 1.0884572481999584, 1.0894855535356631]]"
40.0,40.0,3,30,360,I1-S1,"[[0.01, 0.009218546420913139, 0.008861068736292907, 0.008775057932921297, 0.008868437727710347, 0.009085408979454063, 0.009391992952223878, 0.009767436117561494, 0.01019905364516854, 0.01067912657687283, 0.011203029589051849, 0.011768097130517302, 0.012372933179437889, 0.013016988090888823, 0.013700296765462522, 0.014423314708221092, 0.015186813879953067, 0.015991815403379295, 0.016839545265253896, 0.017731404597210777, 0.018668949385985744, 0.019653876431156365, 0.02068801355786549, 0.021773312815003186, 0.022911845832332318, 0.024105800784404413, 0.02535748058142111, 0.02666930201733895, 0.028043795677432027, 0.02948360645563716, 0.03099149456503655, 0.03257033694810401, 0.03422312901012746, 0.035952986611566436, 0.03776318190900574, 0.03965748881615208, 0.04164038278319559, 0.04371685895300109, 0.04589228597017353, 0.048172315617090664, 0.05056283054998353, 0.053069917747955685, 0.055699859025656696, 0.05845913260863138, 0.06135442164227502, 0.06439262682318957, 0.06758088126416771, 0.07092656634452306, 0.07443732773739371, 0.07812109110332953, 0.08198607713676438, 0.08604081577881179, 0.09029415948757018, 0.0947552955009665, 0.09943375704783693, 0.10433943346797939, 0.10948257919655775, 0.11487382155610894, 0.12052416728295501, 0.12644500769569963, 0.13264812239276813, 0.13914568134432603, 0.14595024522181677, 0.15307476378605908, 0.16053257213250766, 0.16833738457001335, 0.1765032858873156, 0.18504471973964887, 0.19397647386636513, 0.20331366182950977, 0.21307170094303485, 0.22326628604303533, 0.23391335873135405, 0.2450290717084908, 0.25662974779740694, 0.26873183324805167, 0.2813518449038418, 0.29450631080656653, 0.30821170381602064, 0.3224843678259151, 0.337340436169191, 0.3527957418247483, 0.3688657190648497, 0.38556529621917934, 0.4029087792788761, 0.420909726122994, 0.4395808112219469, 0.4589336807587068, 0.47897879820992767, 0.4997252805467276, 0.5211807253493849, 0.5433510292822951, 0.566240198545505, 0.5898501521069593, 0.6141805187248272, 0.6392284289909596, 0.6649883038631589, 0.6914516414033297, 0.718606803697843, 0.7464388062018757, 0.7749291120165794, 0.8040554338712647, 0.8337915468361069, 0.8641071150270343, 0.8949675357755457, 0.926333804913583, 0.9581624069581118, 0.9904052340622052, 1.023009537619596, 1.0559179163584438, 1.0890683446286096, 1.1223942443671548, 1.1558246039125406, 1.1892841464244113, 1.2226935501504554, 1.2559697221648776, 1.2890261264878438, 1.32177316668854, 1.3541186221865456, 1.385968136511052, 1.417225754772722, 1.4477945065697488, 1.4775770295121247, 1.5064762275328498, 1.5343959571902528, 1.5612417342809717, 1.5869214523076065, 1.6113461037064263, 1.6344304942642842, 1.6560939408619428, 1.6762609425906776, 1.6948618154120776, 1.7118332808728904, 1.727118999946307, 1.7406700438399176, 1.7524452945734768, 1.7624117692647632, 1.7705448633415, 1.776828509288877, 1.7812552490092395, 1.78382621937417, 1.7845510520496433, 1.7834476901329188, 1.7805421255180012, 1.775868062170789, 1.769466511615885, 1.7613853278901792, 1.751678689985594, 1.7404065403730344, 1.727633988566368, 1.7134306888503326, 1.6978702012666549, 1.681029344740763, 1.6629875508541092, 1.6438262262447751, 1.6236281309747171, 1.6024767794604358, 1.5804558697502897, 1.5576487460712216, 1.5341378986843297, 1.5100045042048544, 1.4853280086778213, 1.4601857548733002, 1.4346526544895732, 1.4088009052401222, 1.3826997521598723, 1.3564152919033972, 1.3300103183259024, 1.3035442072374959, 1.2770728379011476, 1.2506485486016494, 1.2243201234422378, 1.1981328074215836, 1.1721283468001438, 1.1463450517743505, 1.1208178785326182, 1.0955785278614034, 1.070655557595541, 1.0460745063580705, 1.0218580262045351, 0.9980260219695397, 0.9745957953041043, 0.9515821915865408, 0.9289977480833415, 0.9068528419266652, 0.8851558366587624, 0.8639132262690016, 0.8431297758144233, 0.8228086578688223, 0.8029515841874751, 0.7835589321044035, 0.7646298652963729, 0.7461624486528204, 0.7281537570839164, 0.7105999781804839, 0.6934965087101524, 0.6768380449945846, 0.6606186672636606, 0.6448319181249016, 0.6294708753209541, 0.6145282189754466, 0.5999962935486963, 0.5858671647403585, 0.5721326715868393, 0.5587844740077986, 0.5458140960589507, 0.5332129651481751, 0.5209724474691864, 0.5090838799021227, 0.49753859862380945, 0.4863279646624936, 0.47544338662283425, 0.46487634079715734, 0.45461838886867095, 0.44466119340169347, 0.4349965313031434, 0.4256163054287213, 0.41651255449649743, 0.40767746146010403, 0.39910336048349027, 0.39078274264929924, 0.3827082605234073, 0.37487273168906715, 0.3672691413554355, 0.3598906441370567, 0.35273056509312806, 0.3457824001080791, 0.33903981568816255, 0.332496648242359, 0.3261469029099364, 0.3199847519914557, 0.3140045330348677, 0.3082007466235758, 0.3025680539089318, 0.2971012739255665, 0.29179538072421196, 0.28664550035323094, 0.2816469077169087, 0.2767950233356695, 0.27208541003073033, 0.26751376955328576, 0.26307593917611, 0.25876788826345215, 0.2545857148332706, 0.25052564212419154, 0.24658401517806858, 0.24275729744765415, 0.23904206743765882, 0.23543501538635744, 0.23193293999389442, 0.22853274520253325, 0.22523143703328052, 0.22202612048258102, 0.2189139964821259, 0.21589235892422762, 0.21295859175469187, 0.21011016613464983, 0.20734463767239897, 0.20465964372593304, 0.2020529007765168, 0.19952220187337413, 0.1970654141493072, 0.19468047640684386, 0.1923653967743193, 0.1901182504311316, 0.18793717740126795, 0.18582038041407697, 0.18376612283115795, 0.1817727266381518, 0.17983857050014615, 0.1779620878793486, 0.17614176521363598, 0.17437614015455014, 0.17266379986328564, 0.17100337936319532, 0.16939355994732902, 0.16783306763951655, 0.16632067170750692, 0.1648551832266819, 0.16343545369287327, 0.1620603736828261, 0.1607288715608699, 0.15943991223037757, 0.15819249592861667, 0.15698565706362133, 0.15581846309173927, 0.15469001343453706, 0.15359943843377413, 0.1525458983431871, 0.15152858235585517, 0.15054670766594852, 0.14959951856369258, 0.14868628556241187, 0.14780630455654883, 0.14695889600958328, 0.14614340417080945, 0.14535919631995797, 0.14460566203868036, 0.14388221250794267, 0.1431882798304054, 0.1425233163768941, 0.1418867941560941, 0.14127820420662995, 0.14069705601071758, 0.14014287692860194, 0.13961521165302082, 0.13911362168295816, 0.1386376848159758, 0.1381869946584357, 0.13776116015294734, 0.13735980512239773, 0.1369825678299422, 0.1366291005543555, 0.1362990691801629, 0.13599215280198976, 0.1357080433425879, 0.13544644518401439, 0.13520707481145627, 0.13498966046921182, 0.13479394182835494, 0.1346196696656253, 0.13446660555310172, 0.13433452155823097, 0.1342231999537986, 0.13413243293744107, 0.1340620223603122, 0.13401177946452925, 0.13398152462903534, 0.13397108712352757, 0.13398030487010995, 0.13400902421234193, 0.1340570996913626, 0.13412439382878105, 0.13421077691603245, 0.13431612680990804, 0.1344403287339761, 0.13458327508561949, 0.13474486524842205, 0.13492500540964517, 0.1351236083825413, 0.13534059343325974, 0.13557588611210503, 0.1358294180889155, 0.13610112699233512, 0.13639095625275752, 0.13669885494872616, 0.13702477765658067, 0.1373686843031428, 0.1377305400212421, 0.13811031500788398, 0.1385079843848682, 0.13892352806166974, 0.13935693060039775, 0.13980818108265156, 0.14027727297809758, 0.1407642040145923, 0.14126897604968167, 0.1417915949433093, 0.1423320704315689, 0.14289041600133906, 0.14346664876564225, 0.14406078933957062, 0.14467286171662574, 0.14530289314532036, 0.1459509140058931, 0.14661695768698968]]","[[0.01, 0.011673645222856313, 0.01362924433757481, 0.015801894642058518, 0.01815638995962436, 0.020675222680431767, 0.023351417787637, 0.026184341302684894, 0.029177221003352304, 0.032335682849715414, 0.035666892956130444, 0.039179060187881476, 0.042881153091749516, 0.0467827439112673, 0.05089392774282071, 0.05522528597710586, 0.059787875750858484, 0.06459323462736091, 0.06965339417943711, 0.07498089879102117, 0.08058882755555401, 0.08649081806899447, 0.09270109145319866, 0.09923447825741129, 0.10610644506420881, 0.11333312172642983, 0.12093132921600803, 0.12891860809343345, 0.1373132476191257, 0.14613431553192147, 0.1554016885189862, 0.16513608339794672, 0.17535908902712938, 0.18609319895414006, 0.1973618801920106, 0.20918999529985355, 0.22160416959222545, 0.23463276730908791, 0.2483058586591194, 0.2626552127449586, 0.27771431059885193, 0.2935183740366322, 0.3101044071035521, 0.32751124767321704, 0.3457796273466868, 0.36495223823595385, 0.3850738055423743, 0.4061911650835841, 0.4283533451019948, 0.4516116518189081, 0.4760197582916089, 0.5016337961947215, 0.5285124501878236, 0.5567170545534477, 0.5863116917966511, 0.617363292891917, 0.6499417388472106, 0.6841199632299853, 0.7199740552668882, 0.7575833630885881, 0.7970305966441003, 0.8384019297555872, 0.8817871007251219, 0.9272795108395101, 0.9749763200481024, 1.0249785390117103, 1.0773911166383867, 1.132323022134089, 1.1898873205033131, 1.2502012403369094, 1.3133862326218457, 1.3795680192010988, 1.448876629401737, 1.5214464232363372, 1.5974160994680673, 1.6769286867141713, 1.760131515647545, 1.8471761702431446, 1.9382184159069682, 2.0334181022223974, 2.1329390379541953, 2.236948835867176, 2.3456187248475233, 2.459123326763373, 2.5776403954712728, 2.7013505153705863, 2.830436756933134, 2.965084286694992, 3.1054799292962536, 3.2518116792976786, 3.4042681606955516, 3.5630380323028557, 3.728309337470792, 3.9002687969944465, 4.079101044483968, 4.26498780399152, 4.45810701026691, 4.658631872672679, 4.866729884522479, 5.082561780413261, 5.306280444998548, 5.538029777591281, 5.777943517982385, 6.026144039904633, 6.282741119647378, 6.547830688419985, 6.821493578151507, 7.103794271479417, 7.3947796676968975, 7.69447787736966, 8.002897059171264, 8.320024313190874, 8.645824645509325, 8.980240019188612, 9.323188506948155, 9.674563560682579, 10.0342334125877, 10.402040621986531, 10.777801780973126, 11.161307390714008, 11.552321918667422, 11.950584045110585, 12.35580710522435, 12.767679730602344, 13.185866691465126, 13.61000993811552, 14.039729837322255, 14.47462659642487, 14.914281865077449, 15.358260501758775, 15.80611248953851, 16.25737498316869, 16.7115744674278, 17.168229004836224, 17.626850549433282, 18.086947302294366, 18.548026083896776, 19.009594698328304, 19.471164264673252, 19.93225149169451, 20.392380873132893, 20.851086782530658, 21.307915448409993, 21.762426792845922, 22.21419611890765, 22.66281563504038, 23.10789580715627, 23.54906653193526, 23.985978127542694, 24.418302140594083, 24.845731970687343, 25.26798331613527, 25.68479444662987, 26.09592631042749, 26.50116248524013, 26.900308983342587, 27.29319392245361, 27.67966707472577, 28.059599306692924, 28.432881923291244, 28.799425929109066, 29.159161219854827, 29.5120357166861, 29.858014455542005, 30.197078642992665, 30.52922468938893, 30.854463229288335, 31.172818138272863, 31.484325554381837, 31.789032911479076, 32.086997990973906, 32.37828799743559, 32.6629786627923, 32.94115338299874, 33.212902390298524, 33.478321963503724, 33.73751367806885, 33.99058369715095, 34.23764210432322, 34.47880227814474, 34.71418030838315, 34.94389445333658, 35.168064637404306, 35.386811987807604, 35.60025840916031, 35.8085261944281, 36.01173767069282, 36.21001487804919, 36.403479279901866, 36.59225150289771, 36.77645110471767, 36.956196367961034, 37.1316041183798, 37.302789565759255, 37.46986616578984, 37.63294550133323, 37.79213718155008, 37.947548757426, 38.099285652305134, 38.247451106115264, 38.39214613204382, 38.533469484499676, 38.67151763727018, 38.80638477085592, 38.938162768036726, 39.066941216791015, 39.192807419756505, 39.31584640948314, 39.4361409687889, 39.55377165558571, 39.66881683159612, 39.78135269443134, 39.891453312548414, 39.999190662647855, 40.10463466911415, 40.20785324513908, 40.3089123352032, 40.4078759586231, 40.50480625390183, 40.59976352364773, 40.692806279851716, 40.78399128933664, 40.87337361921326, 40.96100668219666, 41.0469422816549, 41.13123065627726, 41.2139205242644, 41.29505912695573, 41.37469227182129, 41.45286437475631, 41.52961850162619, 41.604996409018554, 41.6790385841669, 41.751784284017205, 41.82327157341541, 41.89353736239924, 41.96261744258277, 42.03054652262656, 42.09735826279035, 42.16308530856845, 42.22775932341112, 42.291411020538185, 42.354070193852834, 42.41576574796621, 42.4765257273447, 42.53637734459342, 42.595347007890766, 42.65346034758974, 42.710742242002766, 42.76721684238731, 42.82290759715039, 42.87783727529004, 42.932027989092724, 42.985501216105234, 43.03827782040032, 43.09037807315489, 43.141821672559864, 43.19262776308054, 43.242814954086164, 43.29240133786739, 43.341404507059806, 43.38984157149165, 43.43772917447347, 43.48508350854712, 43.531920330711294, 43.57825497714016, 43.62410237741164, 43.66947706826122, 43.71439320687693, 43.75886458375068, 43.80290463510076, 43.84652645487997, 43.88974280638331, 43.93256613346891, 43.97500857140537, 44.017081957358414, 44.058797840529245, 44.10016749195664, 44.14120191399458, 44.18191184947663, 44.22230779057804, 44.26239998738631, 44.30219845619018, 44.34171298749737, 44.38095315379026, 44.41992831702906, 44.45864763591129, 44.497120072896244, 44.53535440100279, 44.573359210388574, 44.611142914718414, 44.648713757329354, 44.68607981719967, 44.72324901472875, 44.760229117334696, 44.797027744876004, 44.833652374903714, 44.870110347749936, 44.90640887145875, 44.94255502656489, 44.97855577072573, 45.01441794321178, 45.05014826926068, 45.085753364299485, 45.121239738039925, 45.15661379845116, 45.191881855614255, 45.22705012546256, 45.26212473341204, 45.297111717885265, 45.332017033732924, 45.366846555556236, 45.40160608093387, 45.43630133355645, 45.47093796627204, 45.50552156404539, 45.54005764683411, 45.57455167238438, 45.60900903894901, 45.64343508793039, 45.67783510645078, 45.712214329852394, 45.746577944129555, 45.780931088295006, 45.81527885668261, 45.84962630118839, 45.88397843345182, 45.91834022697926, 45.95271661921123, 45.98711251353531, 46.02153278124614, 46.055982263454204, 46.09046577294474, 46.124988095988265, 46.15955399410397, 46.194168205777345, 46.2288354481331, 46.26356041856466, 46.29834779632125, 46.33320224405357, 46.36812840931904, 46.40313092604761, 46.438214415968794, 46.47338349000098, 46.5086427496035, 46.543996788092436, 46.579450191920536, 46.61500754192206, 46.65067341452301, 46.6864523829172, 46.72234901820881, 46.758367890521576, 46.794513570075296, 46.83079062822968, 46.86720363849604, 46.903757177517, 46.94045582601439, 46.977304169705576, 47.01430680018824, 47.0514683157938, 47.08879332240949, 47.126286434269005, 47.16395227471188, 47.20179547691136, 47.23982068457073, 47.278032552588]]","[array([6.37688001e-05, 6.00799169e-05, 5.86665223e-05, 5.87302733e-05,
       5.97886096e-05, 6.15483412e-05, 6.38306584e-05, 6.65262902e-05,
       6.95685432e-05, 7.29170674e-05, 7.65480439e-05, 8.04482300e-05,
       8.46113223e-05, 8.90357184e-05, 9.37231245e-05, 9.86776780e-05,
       1.03905386e-04, 1.09413758e-04, 1.15211566e-04, 1.21308675e-04,
       1.27715934e-04, 1.34445098e-04, 1.41508767e-04, 1.48920358e-04,
       1.56694070e-04, 1.64844875e-04, 1.73388505e-04, 1.82341451e-04,
       1.91720965e-04, 2.01545062e-04, 2.11832532e-04, 2.22602950e-04,
       2.33876684e-04, 2.45674959e-04, 2.58020992e-04, 2.70942346e-04,
       2.84470690e-04, 2.98640632e-04, 3.13488946e-04, 3.29054102e-04,
       3.45376006e-04, 3.62495891e-04, 3.80456285e-04, 3.99301056e-04,
       4.19075473e-04, 4.39826308e-04, 4.61601934e-04, 4.84452432e-04,
       5.08429697e-04, 5.33587544e-04, 5.59981799e-04, 5.87670397e-04,
       6.16713464e-04, 6.47173395e-04, 6.79114927e-04, 7.12605201e-04,
       7.47713819e-04, 7.84512891e-04, 8.23077076e-04, 8.63483607e-04,
       9.05812316e-04, 9.50145639e-04, 9.96568612e-04, 1.04516885e-03,
       1.09603653e-03, 1.14926432e-03, 1.20494732e-03, 1.26318297e-03,
       1.32407096e-03, 1.38771307e-03, 1.45421303e-03, 1.52367630e-03,
       1.59620989e-03, 1.67192208e-03, 1.75092212e-03, 1.83331993e-03,
       1.91922568e-03, 2.00874942e-03, 2.10200058e-03, 2.19908746e-03,
       2.30011668e-03, 2.40519251e-03, 2.51441623e-03, 2.62788534e-03,
       2.74569281e-03, 2.86792614e-03, 2.99466650e-03, 3.12598767e-03,
       3.26195500e-03, 3.40262433e-03, 3.54804072e-03, 3.69823730e-03,
       3.85323392e-03, 4.01303587e-03, 4.17763245e-03, 4.34699562e-03,
       4.52107857e-03, 4.69981427e-03, 4.88311411e-03, 5.07086646e-03,
       5.26293534e-03, 5.45915915e-03, 5.65934945e-03, 5.86328984e-03,
       6.07073506e-03, 6.28141007e-03, 6.49500951e-03, 6.71119721e-03,
       6.92960600e-03, 7.14983775e-03, 7.37146375e-03, 7.59402527e-03,
       7.81703458e-03, 8.03997621e-03, 8.26230862e-03, 8.48346617e-03,
       8.70286154e-03, 8.91988840e-03, 9.13392456e-03, 9.34433532e-03,
       9.55047726e-03, 9.75170226e-03, 9.94736175e-03, 1.01368112e-02,
       1.03194148e-02, 1.04945502e-02, 1.06616132e-02, 1.08200228e-02,
       1.09692257e-02, 1.11087009e-02, 1.12379642e-02, 1.13565719e-02,
       1.14641252e-02, 1.15602727e-02, 1.16447143e-02, 1.17172028e-02,
       1.17775460e-02, 1.18256083e-02, 1.18613114e-02, 1.18846341e-02,
       1.18956124e-02, 1.18943384e-02, 1.18809587e-02, 1.18556725e-02,
       1.18187290e-02, 1.17704248e-02, 1.17111003e-02, 1.16411362e-02,
       1.15609497e-02, 1.14709904e-02, 1.13717359e-02, 1.12636880e-02,
       1.11473677e-02, 1.10233117e-02, 1.08920674e-02, 1.07541894e-02,
       1.06102354e-02, 1.04607625e-02, 1.03063237e-02, 1.01474649e-02,
       9.98472172e-03, 9.81861690e-03, 9.64965816e-03, 9.47833602e-03,
       9.30512206e-03, 9.13046754e-03, 8.95480214e-03, 8.77853317e-03,
       8.60204484e-03, 8.42569789e-03, 8.24982939e-03, 8.07475276e-03,
       7.90075794e-03, 7.72811175e-03, 7.55705835e-03, 7.38781988e-03,
       7.22059713e-03, 7.05557035e-03, 6.89290010e-03, 6.73272817e-03,
       6.57517848e-03, 6.42035812e-03, 6.26835828e-03, 6.11925526e-03,
       5.97311144e-03, 5.82997628e-03, 5.68988722e-03, 5.55287064e-03,
       5.41894277e-03, 5.28811049e-03, 5.16037221e-03, 5.03571862e-03,
       4.91413348e-03, 4.79559426e-03, 4.68007286e-03, 4.56753621e-03,
       4.45794685e-03, 4.35126348e-03, 4.24744147e-03, 4.14643331e-03,
       4.04818904e-03, 3.95265666e-03, 3.85978251e-03, 3.76951155e-03,
       3.68178771e-03, 3.59655413e-03, 3.51375344e-03, 3.43332797e-03,
       3.35521995e-03, 3.27937169e-03, 3.20572574e-03, 3.13422504e-03,
       3.06481304e-03, 2.99743382e-03, 2.93203216e-03, 2.86855366e-03,
       2.80694479e-03, 2.74715294e-03, 2.68912651e-03, 2.63281491e-03,
       2.57816861e-03, 2.52513919e-03, 2.47367931e-03, 2.42374277e-03,
       2.37528451e-03, 2.32826060e-03, 2.28262824e-03, 2.23834577e-03,
       2.19537268e-03, 2.15366955e-03, 2.11319809e-03, 2.07392108e-03,
       2.03580240e-03, 1.99880700e-03, 1.96290084e-03, 1.92805092e-03,
       1.89422526e-03, 1.86139285e-03, 1.82952361e-03, 1.79858845e-03,
       1.76855916e-03, 1.73940842e-03, 1.71110981e-03, 1.68363772e-03,
       1.65696738e-03, 1.63107483e-03, 1.60593688e-03, 1.58153108e-03,
       1.55783573e-03, 1.53482986e-03, 1.51249315e-03, 1.49080598e-03,
       1.46974938e-03, 1.44930498e-03, 1.42945506e-03, 1.41018247e-03,
       1.39147062e-03, 1.37330351e-03, 1.35566563e-03, 1.33854203e-03,
       1.32191824e-03, 1.30578028e-03, 1.29011464e-03, 1.27490827e-03,
       1.26014856e-03, 1.24582331e-03, 1.23192074e-03, 1.21842948e-03,
       1.20533852e-03, 1.19263725e-03, 1.18031539e-03, 1.16836303e-03,
       1.15677058e-03, 1.14552879e-03, 1.13462871e-03, 1.12406170e-03,
       1.11381941e-03, 1.10389378e-03, 1.09427701e-03, 1.08496159e-03,
       1.07594023e-03, 1.06720593e-03, 1.05875189e-03, 1.05057156e-03,
       1.04265863e-03, 1.03500698e-03, 1.02761070e-03, 1.02046411e-03,
       1.01356170e-03, 1.00689816e-03, 1.00046836e-03, 9.94267347e-04,
       9.88290352e-04, 9.82532757e-04, 9.76990114e-04, 9.71658127e-04,
       9.66532653e-04, 9.61609695e-04, 9.56885397e-04, 9.52356042e-04,
       9.48018044e-04, 9.43867948e-04, 9.39902422e-04, 9.36118255e-04,
       9.32512356e-04, 9.29081744e-04, 9.25823551e-04, 9.22735016e-04,
       9.19813480e-04, 9.17056386e-04, 9.14461276e-04, 9.12025783e-04,
       9.09747636e-04, 9.07624652e-04, 9.05654733e-04, 9.03835869e-04,
       9.02166128e-04, 9.00643660e-04, 8.99266691e-04, 8.98033524e-04,
       8.96942533e-04, 8.95992163e-04, 8.95180929e-04, 8.94507413e-04,
       8.93970262e-04, 8.93568186e-04, 8.93299957e-04, 8.93164409e-04,
       8.93160431e-04, 8.93286971e-04, 8.93543032e-04, 8.93927672e-04,
       8.94439999e-04, 8.95079175e-04, 8.95844409e-04, 8.96734961e-04,
       8.97750137e-04, 8.98889288e-04, 9.00151812e-04, 9.01537148e-04,
       9.03044781e-04, 9.04674232e-04, 9.06425068e-04, 9.08296892e-04,
       9.10289345e-04, 9.12402107e-04, 9.14634892e-04, 9.16987452e-04,
       9.19459569e-04, 9.22051063e-04, 9.24761783e-04, 9.27591611e-04,
       9.30540459e-04, 9.33608269e-04, 9.36795013e-04, 9.40100687e-04,
       9.43525319e-04, 9.47068961e-04, 9.50731689e-04, 9.54513607e-04,
       9.58414839e-04, 9.62435534e-04, 9.66575864e-04, 9.70836021e-04,
       9.75216217e-04])]","[[0, 6.376880005047202e-05, 0.00012384871691641303, 0.00018251523919836924, 0.00024124551251724708, 0.000301034122103317, 0.0003625824632574836, 0.0004264131216915167, 0.000492939411900877, 0.0005625079551387685, 0.0006354250225215221, 0.0007119730664250437, 0.000792421296423679, 0.0008770326187111297, 0.0009660683370742391, 0.0010597914615294748, 0.001158469139504037, 0.0012623745252982239, 0.0013717882834852783, 0.0014869998491898802, 0.0016083085238848898, 0.0017360244581256649, 0.0018704695557229393, 0.002011978323179431, 0.002160898681347441, 0.0023175927517409198, 0.002482437626872388, 0.00265582613184661, 0.0028381675829011336, 0.0030298885474359548, 0.003231433609193496, 0.0034432661415543554, 0.003665869091350699, 0.0038997457751317826, 0.004145420734623503, 0.004403441726849388, 0.004674384072961815, 0.004958854762495761, 0.0052574953945180745, 0.005570984340983583, 0.005900038442827749, 0.006245414449056533, 0.006607910339685593, 0.006988366625054171, 0.0073876676806340705, 0.007806743153578291, 0.008246569461771599, 0.008708171395819767, 0.009192623827651975, 0.009701053525079963, 0.010234641068957, 0.010794622867945707, 0.011382293264941647, 0.011999006728635877, 0.012646180123345825, 0.01332529504997241, 0.014037900250666311, 0.014785614069451333, 0.01557012696062164, 0.016393204036178916, 0.01725668764289174, 0.018162499958734053, 0.019112645597488445, 0.020109214209180545, 0.02115438306274272, 0.02225041959588823, 0.02339968391561223, 0.02460463123102441, 0.025867814198362277, 0.027191885156036346, 0.02857959822542365, 0.03003381125085878, 0.03155748754988007, 0.033153697442281714, 0.03482561952391325, 0.03657654164847063, 0.03840986157775852, 0.04032908725809293, 0.042337836677686945, 0.04443983725705148, 0.046638924721688416, 0.04893904140369941, 0.05134423391643307, 0.053858650144005024, 0.056486535485516784, 0.05923222829214525, 0.0621001544340568, 0.06509482093340999, 0.06822080859964481, 0.07148276360392078, 0.07488538793106926, 0.07843342864988467, 0.08213166594611133, 0.08598489986720745, 0.08999793573400365, 0.09417556818183273, 0.09852256380269483, 0.10304364237063245, 0.10774345664479575, 0.1126265707587373, 0.1176974372203109, 0.12296037256415628, 0.12841953171808512, 0.1340788811656519, 0.13994217100965795, 0.1460129060651013, 0.15229431613489336, 0.15878932564720027, 0.16550052285915062, 0.1724301288574341, 0.17957996661149742, 0.18695143035905754, 0.1945454556258904, 0.20236249020166738, 0.21040246641032972, 0.2186647750264337, 0.2271482411973987, 0.2358511027350126, 0.24477099113731365, 0.2539049156935831, 0.26324925101025176, 0.27279972827378773, 0.28255143053797965, 0.2924987922875191, 0.3026356034876588, 0.31295501828141653, 0.3234495684419387, 0.33411118162905024, 0.3449312044367054, 0.3559004301531643, 0.36700913108955396, 0.3782470952664054, 0.38960366718324435, 0.401067792334803, 0.41262806508034716, 0.4242727794213218, 0.4359899821982341, 0.4477675281814754, 0.45959313650349026, 0.4714544478619552, 0.48333908191581104, 0.4952346942982082, 0.5071290326825215, 0.5190099913591668, 0.530865663811347, 0.5426843928162206, 0.554454817643275, 0.5661659179727184, 0.5778070542121988, 0.5893680039487716, 0.6008389943334287, 0.6122107302563274, 0.6234744182308857, 0.6346217859629447, 0.6456450976362428, 0.6565371649965678, 0.6672913543634588, 0.6779015897396224, 0.6883623522239398, 0.6986686759638154, 0.7088161409066025, 0.7188008626279737, 0.7286194795276048, 0.7382691376896732, 0.7477474737078579, 0.7570525957721828, 0.766183063308699, 0.7751378654531671, 0.783916398627125, 0.7925184434695559, 0.8009441413603177, 0.8091939707530734, 0.8172687235161218, 0.8251694814597033, 0.8328975932084196, 0.8404546515576907, 0.8478424714339594, 0.8550630685598806, 0.8621186389081853, 0.8690115390114335, 0.8757442671795738, 0.8823194456631807, 0.888739803787474, 0.8950081620707597, 0.9011274173307438, 0.9071005287732291, 0.9129305050499689, 0.9186203922658378, 0.9241732629099487, 0.9295922056807849, 0.9348803161717729, 0.9400406883808999, 0.945076407005895, 0.9499905404850731, 0.9547861347430996, 0.959466207600599, 0.9640337438066358, 0.9684916906535666, 0.9728429541345508, 0.9770903956050464, 0.9812368289108663, 0.985285017946778, 0.9892376746111635, 0.9930974571238715, 0.9968669686760754, 1.0005487563826503, 1.0041453105093066, 1.0076590639484138, 1.0110923919191364, 1.0144476118691397, 1.017726983556717, 1.020932709293727, 1.024066934331201, 1.0271317473708874, 1.0301291811873359, 1.0330612133463872, 1.0359297670071288, 1.0387367117954955, 1.0414838647387457, 1.0441729912510185, 1.046805806161101, 1.0493839747743692, 1.0519091139616668, 1.0543827932686027, 1.056806536039424, 1.0591818205502368, 1.0615100811469171, 1.0637927093835728, 1.066031055157894, 1.0682264278401652, 1.0703800973931097, 1.0724932954800956, 1.074567216559567, 1.0766030189638514, 1.0786018259607753, 1.0805647267967542, 1.0824927777202478, 1.0843870029846663, 1.086248395829992, 1.0880779194425383, 1.0898765078924115, 1.091645067048366, 1.0933844754698545, 1.0950955852761808, 1.0967792229927409, 1.0984361903744249, 1.1000672652063148, 1.1016732020818725, 1.1032547331588678, 1.1048125688933357, 1.1063473987518924, 1.1078598919027731, 1.1093506978859777, 1.1108204472629377, 1.112269752246132, 1.1136992073090959, 1.1151093897772784, 1.1165008604002113, 1.1178741639054606, 1.119229829534828, 1.1205683715632841, 1.1218902898011, 1.1231960700796526, 1.1244861847213716, 1.12576109299429, 1.1270212415516596, 1.1282670648570796, 1.1294989855955861, 1.1307174150711372, 1.1319227535909229, 1.1331153908369196, 1.1342957062250996, 1.135464069252695, 1.1366208398339122, 1.137766368624472, 1.1389009973353528, 1.1400250590360965, 1.1411388784480292, 1.1422427722277375, 1.1433370492411363, 1.144422010828447, 1.1454979510604009, 1.1465651569859687, 1.1476239088719156, 1.148674480434458, 1.149717139063307, 1.1507521460383572, 1.151779756739285, 1.1528002208483012, 1.1538137825463042, 1.1548206807026613, 1.1558211490588484, 1.1568154164061624, 1.1578037067577194, 1.1587862395149378, 1.1597632296287064, 1.1607348877554222, 1.1617014204080847, 1.1626630301026186, 1.1636199154995972, 1.164572271541528, 1.165520289585862, 1.1664641575338717, 1.1674040599555526, 1.168340178210684, 1.1692726905661857, 1.1702017723099039, 1.1711275958609504, 1.172050330876717, 1.1729701443566838, 1.1738872007431307, 1.174801662018865, 1.1757136878020653, 1.1766234354383454, 1.1775310600901314, 1.1784367148234498, 1.1793405506922106, 1.1802427168200762, 1.1811433604799952, 1.182042627171482, 1.1829406606957187, 1.1838376032285536, 1.1847335953914635, 1.1856287763205513, 1.1865232837336412, 1.187417253995535, 1.1883108221814886, 1.1892041221389673, 1.190097286547733, 1.1909904469783172, 1.1918837339489303, 1.1927772769808536, 1.1936712046523632, 1.1945656446512274, 1.1954607238258204, 1.1963565682348931, 1.1972533031960388, 1.1981510533328896, 1.199049942621081, 1.1999500944330141, 1.2008516315814493, 1.2017546763619615, 1.202659350594283, 1.2035657756625626, 1.2044740725545653, 1.2053843618998372, 1.2062967640068565, 1.2072113988991935, 1.208128386350696, 1.2090478459197234, 1.2099698969824406, 1.210894658765193, 1.211822250375972, 1.2127527908349882, 1.2136863991043627, 1.2146231941169463, 1.215563294804279, 1.2165068201236962, 1.2174538890845896, 1.218404620773831, 1.2193591343803605, 1.220317549218947, 1.2212799847531244, 1.2222465606173007, 1.2232173966380486, 1.2241926128545728]]"
40.0,40.0,3,60,90,I0-S0,"[[0.01, 0.009218546420913139, 0.008861068736292907, 0.0087750579360058, 0.008868434221352235, 0.009085368708015651, 0.009391804775762557, 0.009766876751747542, 0.010197758262845432, 0.010676562976556489, 0.01119847494498963, 0.011760616939212293, 0.012361362191807907, 0.012999913031114824, 0.01367604060306851, 0.014389922215735639, 0.015142038190072813, 0.015933105278900725, 0.01676403280903545, 0.01763589315356411, 0.018549901414886785, 0.019507401169040775, 0.020509854310988965, 0.02155883376171542, 0.02265601823813804, 0.02380318855789506, 0.025002225119959892, 0.026255106308922034, 0.027563907639732668, 0.02893080150525124, 0.030358057419800286, 0.03184804267345701, 0.033403223327232126, 0.03502616549061792, 0.036719536831484566, 0.038486108274766874, 0.04032875585133362, 0.0422504626622159, 0.04425432092622788, 0.04634353408111315, 0.04852141890981488, 0.05079140766439191, 0.053157050160557474, 0.05562201581585788, 0.05819009560418174, 0.06086520389863181, 0.06365138017383228, 0.06655279053750962, 0.06957372905969648, 0.07271861886618372, 0.07599201296090352, 0.07939859473977967, 0.08294317815624623, 0.08663070749612489, 0.09046625671688115, 0.09445502830346282, 0.09860235158998072, 0.10291368049343703, 0.10739459060256462, 0.11205077556163263, 0.11688804268583003, 0.12191230774158697, 0.1271295888219743, 0.13254599924417076, 0.13816791803112746, 0.14400379947882125, 0.15006518201186114, 0.15636566588362172, 0.16292009213684802, 0.169744013691771, 0.17685335805366725, 0.18426421588696096, 0.19199271187133343, 0.20005492868756228, 0.2084668644752824, 0.21724441041506748, 0.2264033393215265, 0.2359592989998815, 0.24592780607204165, 0.25632423731726905, 0.26716381649382004, 0.2784615952430146, 0.2902324271151805, 0.3024909340590155, 0.31525146492461725, 0.32852804567561805, 0.34233432110878753, 0.3566834879553872, 0.37158821929856034, 0.3870605802932398, 0.4031119352254518, 0.4197528460009515, 0.4369929622121786, 0.45484090300005087, 0.4733041310049445, 0.4923888187906258, 0.512099708226735, 0.532439963430096, 0.5534110179926575, 0.5750124173638899, 0.5972416574071833, 0.6200940203119845, 0.6435624092144012, 0.667637183056592, 0.6923059933967607, 0.7175536250637303, 0.7433618427290949, 0.7697092456414923, 0.796571132926755, 0.8239193819992258, 0.851722342747645, 0.8799447502476471, 0.9085476588058361, 0.9374884001513596, 0.9667205685537781, 0.9961940355551111, 1.02585499685412, 1.0556460536679315, 1.0855063306169177, 1.1153716318316322, 1.145174636565555, 1.1748451351162374, 1.2043103053141713, 1.233495029239448, 1.2623222491795132, 1.2907133611577888, 1.3185886436555372, 1.345867718432964, 1.3724700396467466, 1.3983154067777441, 1.4233244962431542, 1.4474194059905867, 1.4705242068757174, 1.492565494227519, 1.5134729327208991, 1.5331797875187483, 1.5516234346237572, 1.5687458435010422, 1.5844940252979276, 1.5988204403951083, 1.6116833595675952, 1.6230471737037968, 1.632882647812308, 1.6411671159204977, 1.647884614415844, 1.6530259523769972, 1.6565887184621668, 1.6585772249424648, 1.6590023904624227, 1.6578815640553517, 1.655238293815755, 1.6511020444155018, 1.645507868328988, 1.6384960361927154, 1.630111632158126, 1.6204041203986643, 1.6094268891022483, 1.5972367783217418, 1.5838935979750601, 1.569459642092573, 1.5539992051143134, 1.53757810565676, 1.5202632227135937, 1.5021220487424416, 1.4832222635359908, 1.4636313321964685, 1.4434161299419503, 1.4226425958849156, 1.4013754173499464, 1.3796777457490812, 1.3576109445188005, 1.335234369148969, 1.312605178906507, 1.28977817947863, 1.2668056954341245, 1.2437374711268177, 1.220620598442407, 1.1974994696162906, 1.174415753223307, 1.151408391356947, 1.1285136159717604, 1.1057649823541307, 1.083193417708953, 1.060827282898566, 1.0386924454412418, 1.0168123619654053, 0.9952081684186224, 0.9738987764435939, 0.9529009744536315, 0.9322295320644088, 0.9118973066645863, 0.891915351033007, 0.8722930210326576, 0.8530380825299896, 0.8341568168012604, 0.8156541237943796, 0.7975336227146488, 0.7797977494953342, 0.7624478507989622, 0.7454842742725128, 0.7289064548493682, 0.7127129969531386, 0.696901752513616, 0.6814698947534363, 0.6664139877459692, 0.6517300517809245, 0.6374136246046342, 0.6234598186273839, 0.609863374211004, 0.5966187091666403, 0.5837199646056321, 0.5711610472961712, 0.5589356686852769, 0.5470373807499743, 0.5354596088437525, 0.5241956817047101, 0.5132388587905662, 0.5025823551031711, 0.49221936366153746, 0.48214307577792825, 0.47234669928636713, 0.46282347486724723, 0.45356669060563565, 0.44456969491453374, 0.4358259079478578, 0.42732883162133883, 0.4190720583529811, 0.41104927862822566, 0.40325428748859055, 0.3956809900363443, 0.38832340604174354, 0.3811756737335582, 0.3742320528480341, 0.36748692700611596, 0.3609348054836831, 0.3545703244347406, 0.34838824762295667, 0.3423834667126467, 0.33655100116626735, 0.33088599779169514, 0.3253837299790173, 0.3200395966632489, 0.3148491210462978, 0.30980794910862425, 0.3049118479383658, 0.3001567039032203, 0.29553852068808073, 0.29105341721929084, 0.2866976254944281, 0.2824674883347099, 0.278359457075451, 0.2743700892084666, 0.2704960459889053, 0.2667340900177026, 0.26308108280965997, 0.2595339823560693, 0.2560898406898088, 0.2527458014599316, 0.2494990975219401, 0.24634704854918596, 0.24328705867015063, 0.24031661413573818, 0.23743328102014646, 0.23463470295837124, 0.23191859892293332, 0.22928276104200068, 0.2267250524606993, 0.2242434052470662, 0.22183581834379273, 0.2195003555666308, 0.21723514365009075, 0.2150383703408385, 0.21290828253900562, 0.21084318448745148, 0.2088414360088637, 0.20690145079044728, 0.2050216947158333, 0.20320068424373486, 0.20143698483278555, 0.19972920941191957, 0.198076016895583, 0.1964761107430095, 0.1949282375607457, 0.19343118574756982, 0.19198378418091597, 0.19058490094388858, 0.189233442091932, 0.1879283504582043, 0.1866686044966944, 0.1854532171621145, 0.1842812348255977, 0.18315173622523107, 0.18206383145045743, 0.18101666095938565, 0.18000939462805732, 0.1790412308307274, 0.17811139555022867, 0.1772191415175024, 0.1763637473793929, 0.17554451689381806, 0.1747607781514451, 0.1740118828230169, 0.17329720543149252, 0.17261614264818306, 0.1719681126120821, 0.17135255427160892, 0.17076892674800045, 0.170216708719608, 0.16969539782637147, 0.16920451009376386, 0.1687435793755169, 0.16831215681445613, 0.1679098103207927, 0.1675361240672363, 0.16719069800031172, 0.16687314736727726, 0.16658310225806214, 0.16632020716165444, 0.16608412053638857, 0.16587451439359624, 0.16569107389410065, 0.16553349695704822, 0.1654014938805868, 0.16529478697391362, 0.16521311020022952, 0.1651562088301501, 0.16512383910513612, 0.16511576791051957, 0.1651317724577125, 0.1651716399751985, 0.16523516740791755, 0.1653221611246664, 0.1654324366331467, 0.1655658183023039, 0.16572213909161013, 0.16590124028695294, 0.16610297124280207, 0.16632718913033498, 0.16657375869121038, 0.16684255199668788, 0.1671334482117997, 0.1674463333642881, 0.16778110011803005, 0.1681376475506778, 0.16851588093525144, 0.1689157115254258, 0.1693370563442615, 0.1697798379761354, 0.17024398436163354, 0.17072942859517376, 0.17123610872513284, 0.17176396755625808, 0.17231295245414843, 0.17288301515159693, 0.17347411155659045, 0.17408620156176888, 0.17471924885515042, 0.1753732207319355, 0.17604808790720608, 0.1767438243293427, 0.17746040699398646, 0.17819781575837768, 0.17895603315590844, 0.1797350442107307, 0.18053483625226655, 0.1813553987294725]]","[[0.01, 0.011673645222856313, 0.01362924433757481, 0.01580189464359648, 0.01815638671838978, 0.0206751784623211, 0.023351199800427686, 0.02618366237427733, 0.029175577529783676, 0.03233228925687236, 0.03566061245668863, 0.039168332054546263, 0.0428639167712991, 0.04675636026507528, 0.050855097609855474, 0.05516996615665687, 0.059711192412358616, 0.06448939408015247, 0.06951559087726031, 0.07480122040306683, 0.08035815690587154, 0.08619873172644434, 0.09233575474271313, 0.0987825364581135, 0.10555291055932753, 0.11266125687266508, 0.12012252470508468, 0.1279522565853175, 0.13616661243427503, 0.14478239419867156, 0.15381707098153793, 0.16328880470033547, 0.1732164762989989, 0.18361971253516687, 0.19451891335847654, 0.20593527989029037, 0.2178908430096565, 0.23040849254468693, 0.24351200706284026, 0.25722608424777643, 0.27157637184444894, 0.286589499147865, 0.3022931090044129, 0.3187158902877734, 0.335887610804147, 0.3538391505737817, 0.37260253542753163, 0.39221097084836504, 0.4126988759783238, 0.43410191770137246, 0.45645704470182163, 0.4798025213865268, 0.5041779615468193, 0.5296243616230794, 0.5561841334209938, 0.5839011361138193, 0.6128207073493871, 0.6429896932641175, 0.6744564771889591, 0.7072710068139388, 0.7414848195589098, 0.7771510658781446, 0.8143245302056882, 0.853061649226888, 0.8934207149786082, 0.9354639436902353, 0.9792592162642264, 1.0248797230026054, 1.0724035589193985, 1.1219134404164561, 1.1734965041309782, 1.2272441623627575, 1.2832519978311647, 1.3416196857400307, 1.4024509344428175, 1.4658534381292867, 1.5319388363423072, 1.600822676051541, 1.6726243726273011, 1.747467166477416, 1.8254780723983515, 1.9067878188914935, 1.9915307748341984, 2.07984486099195, 2.1718714439260713, 2.267755209900935, 2.367644016433307, 2.4716887191607935, 2.5800429717420656, 2.6928629965436386, 2.8103073239213754, 2.9325364979741133, 3.059712746736377, 3.1919996148913614, 3.3295615572285406, 3.4725634912464245, 3.621170307514132, 3.7755463366591915, 3.9358547721466706, 4.1022570483592915, 4.274912173881851, 4.453976020337764, 4.639600567621645, 4.83193310691926, 5.031115403503771, 5.23728282194206, 5.450563417033184, 5.671076994526841, 5.898934146425789, 6.134235266453265, 6.377069552053567, 6.627514000078297, 6.8856324040776515, 7.151474361849416, 7.425074302580285, 7.706450543525974, 7.995604386698719, 8.292519266443351, 8.597159959066252, 8.909471865816512, 9.229380380487676, 9.556790352696483, 9.891585657489271, 10.23362888131823, 10.582761133613598, 10.938801992154028, 11.30154958921085, 11.670780844023412, 12.04625184556841, 12.427698387838216, 12.814836657969012, 13.207364075591599, 13.604960279752737, 14.007288257712995, 14.413995607910882, 14.824715927436278, 15.23907031252227, 15.656668958885664, 16.077112847261706, 16.499995498222823, 16.92490477937423, 17.351424747304026, 17.77913750624816, 18.20762506531943, 18.636471176345292, 19.0652631348535, 19.493593527523227, 19.92106191045942, 20.347276403921995, 20.77185519061574, 21.19442790628396, 21.614636913109543, 22.03213844826958, 22.446603641873295, 22.85771940039721, 23.26518915357918, 23.668733464508847, 24.068090504326797, 24.463016394491163, 24.853285420969062, 25.238690125944004, 25.619041283689825, 25.99416776814018, 26.363916320379808, 26.728151224802517, 27.086753903028015, 27.439622434855416, 27.786671015567787, 28.127829358804032, 28.463042053997025, 28.792267887057104, 29.115479132573945, 29.4326608253341, 29.743810018422195, 30.04893503460523, 30.34805471710623, 30.641197685267638, 30.928401599997596, 31.209712443293462, 31.48518381555448, 31.754876253836493, 32.018856573671115, 32.27719723657413, 32.52997574490589, 32.77727406532221, 33.01917808166826, 33.25577707782089, 33.48716325067569, 33.71343125320331, 33.93467776726272, 34.1510011056568, 34.362500842743934, 34.569277472777394, 34.77143209502915, 34.96906612466378, 35.16228102825935, 35.35117808282298, 35.53585815711698, 35.71642151409455, 35.892967633240886, 36.06559505162286, 36.234401222467994, 36.39948239011849, 36.56093348023769, 36.718848004183286, 36.8733179765022, 37.02443384454628, 37.17228442925356, 37.31695687618732, 37.45853661597324, 37.597107333322846, 37.73275094387938, 37.86554757816912, 37.99557557198706, 38.122911462590515, 38.24762999011722, 38.36980410368579, 38.48950497167608, 38.606801995724524, 38.72176282800543, 38.83445339140301, 38.94493790221076, 39.053278895025, 39.15953724952748, 39.263772218878145, 39.36604145946415, 39.46640106177376, 39.56490558218536, 39.66160807548147, 39.756560127915975, 39.8498118906799, 39.94141211362644, 40.0314081791307, 40.11984613597252, 40.20677073314332, 40.29222545348879, 40.37625254710962, 40.45889306445192, 40.5401868890273, 40.62017276971062, 40.698888352570435, 40.776370212193484, 40.852653882470676, 40.92777388681711, 41.00176376780351, 41.07465611618098, 41.146482599284504, 41.2172739888044, 41.28706018791813, 41.35587025777732, 41.42373244334775, 41.49067419860204, 41.55672221106682, 41.621902425727924, 41.6862400682987, 41.74975966785774, 41.81248507886363, 41.87443950255541, 41.93564550774798, 41.99612505103277, 42.05589949639451, 42.11498963425522, 42.17341569995741, 42.23119739169839, 42.28835388792806, 42.34490386422279, 42.40086550964791, 42.45625654262164, 42.51109422629324, 42.56539538344798, 42.61917641095181, 42.672453293748184, 42.72524161841961, 42.77755658632621, 42.82941302633357, 42.88082540714171, 42.9318078492272, 42.9823741364098, 43.03253772705514, 43.08231176492442, 43.131709089682225, 43.18074224707289, 43.22942349877596, 43.27776483195073, 43.325777968479954, 43.373474373922114, 43.420865266181764, 43.46796162390704, 43.51477419462309, 43.56131350261015, 43.6075898565345, 43.653613356840495, 43.69939390291138, 43.7449412000067, 43.790264765983466, 43.835373937808384, 43.88027787786793, 43.92498558008307, 43.969505875834976, 44.013847439708115, 44.05801879505663, 44.102028319399956, 44.14588424965324, 44.18959468719806, 44.23316760279863, 44.27661084136867, 44.31993212659372, 44.36313906541364, 44.40623915236994, 44.44923977382217, 44.49214821203769, 44.53497164915884, 44.577717171051496, 44.62039177103861, 44.66300235352254, 44.70555573749954, 44.74805865996976, 44.79051777924606, 44.83293967816459, 44.87533086720021, 44.91769778748954, 44.96004681376433, 45.00238425719789, 45.04471636816693, 45.08704933893134, 45.129389306234025, 45.17174235382325, 45.21411451489931, 45.25651177448767, 45.298940071740546, 45.3414053021685, 45.383913319804094, 45.42646993929894, 45.46908093795593, 45.51175205769801, 45.55448900697496, 45.59729746260942, 45.64018307158352, 45.68315145276725, 45.726208198589596, 45.769358876653655, 45.81260903129652, 45.855964185094976, 45.899429840317794, 45.94301148032542, 45.986714570917755, 46.03054456163076, 46.07450688698243, 46.11860696766867, 46.16285021170969, 46.20724201554724, 46.25178776509311, 46.29649283672933, 46.34136259826017, 46.38640240981644, 46.43161762471208, 46.47701359025328, 46.522595648500285, 46.568369136981865, 46.614339389362556, 46.66051173606262, 46.706891504830644, 46.75348402126883, 46.80029460931064, 46.84732859165082, 46.89459129012753]]","[array([6.37688001e-05, 6.00799169e-05, 5.86665222e-05, 5.87302802e-05,
       5.97885002e-05, 6.15476694e-05, 6.38283272e-05, 6.65203544e-05,
       6.95560263e-05, 7.28937982e-05, 7.65085092e-05, 8.03854406e-05,
       8.45166923e-05, 8.88989551e-05, 9.35321282e-05, 9.84184489e-05,
       1.03561937e-04, 1.08968033e-04, 1.14643355e-04, 1.20595539e-04,
       1.26833119e-04, 1.33365451e-04, 1.40202656e-04, 1.47355575e-04,
       1.54835740e-04, 1.62655358e-04, 1.70827291e-04, 1.79365052e-04,
       1.88282803e-04, 1.97595347e-04, 2.07318142e-04, 2.17467297e-04,
       2.28059586e-04, 2.39112454e-04, 2.50644028e-04, 2.62673131e-04,
       2.75219292e-04, 2.88302760e-04, 3.01944520e-04, 3.16166306e-04,
       3.30990612e-04, 3.46440711e-04, 3.62540666e-04, 3.79315344e-04,
       3.96790428e-04, 4.14992431e-04, 4.33948703e-04, 4.53687444e-04,
       4.74237712e-04, 4.95629426e-04, 5.17893374e-04, 5.41061214e-04,
       5.65165474e-04, 5.90239547e-04, 6.16317691e-04, 6.43435012e-04,
       6.71627455e-04, 7.00931787e-04, 7.31385576e-04, 7.63027159e-04,
       7.95895617e-04, 8.30030734e-04, 8.65472951e-04, 9.02263558e-04,
       9.40450578e-04, 9.80101040e-04, 1.02129930e-03, 1.06414051e-03,
       1.10872623e-03, 1.15516154e-03, 1.20355326e-03, 1.25400882e-03,
       1.30663561e-03, 1.36154060e-03, 1.41883007e-03, 1.47860959e-03,
       1.54098390e-03, 1.60605687e-03, 1.67393150e-03, 1.74470979e-03,
       1.81849267e-03, 1.89537985e-03, 1.97546959e-03, 2.05885850e-03,
       2.14564117e-03, 2.23590990e-03, 2.32975418e-03, 2.42726029e-03,
       2.52851075e-03, 2.63358370e-03, 2.74255229e-03, 2.85548396e-03,
       2.97243967e-03, 3.09347310e-03, 3.21862977e-03, 3.34794615e-03,
       3.48144867e-03, 3.61915275e-03, 3.76106174e-03, 3.90716586e-03,
       4.05744113e-03, 4.21184827e-03, 4.37033157e-03, 4.53281782e-03,
       4.69921524e-03, 4.86941240e-03, 5.04327726e-03, 5.22065622e-03,
       5.40137327e-03, 5.58522922e-03, 5.77200105e-03, 5.96144144e-03,
       6.15327835e-03, 6.34721487e-03, 6.54292919e-03, 6.74007485e-03,
       6.93828112e-03, 7.13715365e-03, 7.33627547e-03, 7.53520805e-03,
       7.73349282e-03, 7.93065285e-03, 8.12619480e-03, 8.31961123e-03,
       8.51038303e-03, 8.69798220e-03, 8.88187481e-03, 9.06152416e-03,
       9.23639416e-03, 9.40595274e-03, 9.56967553e-03, 9.72704944e-03,
       9.87757638e-03, 1.00207769e-02, 1.01561939e-02, 1.02833958e-02,
       1.04019802e-02, 1.05115768e-02, 1.06118503e-02, 1.07025029e-02,
       1.07832767e-02, 1.08539555e-02, 1.09143660e-02, 1.09643795e-02,
       1.10039122e-02, 1.10329254e-02, 1.10514254e-02, 1.10594631e-02,
       1.10571328e-02, 1.10445711e-02, 1.10219547e-02, 1.09894990e-02,
       1.09474552e-02, 1.08961081e-02, 1.08357731e-02, 1.07667933e-02,
       1.06895364e-02, 1.06043914e-02, 1.05117658e-02, 1.04120816e-02,
       1.03057729e-02, 1.01932823e-02, 1.00750578e-02, 9.95155038e-03,
       9.82321064e-03, 9.69048660e-03, 9.55382116e-03, 9.41364992e-03,
       9.27039914e-03, 9.12448401e-03, 8.97630704e-03, 8.82625670e-03,
       8.67470630e-03, 8.52201299e-03, 8.36851706e-03, 8.21454132e-03,
       8.06039074e-03, 7.90635220e-03, 7.75269439e-03, 7.59966789e-03,
       7.44750528e-03, 7.29642149e-03, 7.14661411e-03, 6.99826384e-03,
       6.85153506e-03, 6.70657636e-03, 6.56352116e-03, 6.42248843e-03,
       6.28358328e-03, 6.14689776e-03, 6.01251150e-03, 5.88049247e-03,
       5.75089768e-03, 5.62377391e-03, 5.49915835e-03, 5.37707937e-03,
       5.25755708e-03, 5.14060404e-03, 5.02622586e-03, 4.91442176e-03,
       4.80518516e-03, 4.69850421e-03, 4.59436228e-03, 4.49273847e-03,
       4.39360801e-03, 4.29694273e-03, 4.20271145e-03, 4.11088029e-03,
       4.02141311e-03, 3.93427174e-03, 3.84941631e-03, 3.76680553e-03,
       3.68639693e-03, 3.60814708e-03, 3.53201181e-03, 3.45794640e-03,
       3.38590576e-03, 3.31584456e-03, 3.24771741e-03, 3.18147896e-03,
       3.11708403e-03, 3.05448772e-03, 2.99364546e-03, 2.93451315e-03,
       2.87704719e-03, 2.82120456e-03, 2.76694286e-03, 2.71422037e-03,
       2.66299610e-03, 2.61322979e-03, 2.56488195e-03, 2.51791393e-03,
       2.47228786e-03, 2.42796672e-03, 2.38491432e-03, 2.34309534e-03,
       2.30247528e-03, 2.26302052e-03, 2.22469829e-03, 2.18747664e-03,
       2.15132449e-03, 2.11621158e-03, 2.08210847e-03, 2.04898655e-03,
       2.01681798e-03, 1.98557575e-03, 1.95523358e-03, 1.92576600e-03,
       1.89714823e-03, 1.86935628e-03, 1.84236683e-03, 1.81615729e-03,
       1.79070573e-03, 1.76599090e-03, 1.74199221e-03, 1.71868968e-03,
       1.69606397e-03, 1.67409634e-03, 1.65276863e-03, 1.63206325e-03,
       1.61196318e-03, 1.59245192e-03, 1.57351350e-03, 1.55513247e-03,
       1.53729387e-03, 1.51998322e-03, 1.50318650e-03, 1.48689014e-03,
       1.47108104e-03, 1.45574648e-03, 1.44087418e-03, 1.42645227e-03,
       1.41246925e-03, 1.39891399e-03, 1.38577574e-03, 1.37304411e-03,
       1.36070903e-03, 1.34876078e-03, 1.33718996e-03, 1.32598746e-03,
       1.31514451e-03, 1.30465259e-03, 1.29450351e-03, 1.28468930e-03,
       1.27520230e-03, 1.26603509e-03, 1.25718050e-03, 1.24863160e-03,
       1.24038170e-03, 1.23242432e-03, 1.22475322e-03, 1.21736236e-03,
       1.21024591e-03, 1.20339824e-03, 1.19681391e-03, 1.19048767e-03,
       1.18441445e-03, 1.17858935e-03, 1.17300765e-03, 1.16766478e-03,
       1.16255636e-03, 1.15767812e-03, 1.15302598e-03, 1.14859599e-03,
       1.14438434e-03, 1.14038734e-03, 1.13660148e-03, 1.13302332e-03,
       1.12964959e-03, 1.12647712e-03, 1.12350285e-03, 1.12072385e-03,
       1.11813730e-03, 1.11574048e-03, 1.11353077e-03, 1.11150565e-03,
       1.10966271e-03, 1.10799962e-03, 1.10651416e-03, 1.10520418e-03,
       1.10406762e-03, 1.10310251e-03, 1.10230696e-03, 1.10167916e-03,
       1.10121737e-03, 1.10091993e-03, 1.10078525e-03, 1.10081182e-03,
       1.10099817e-03, 1.10134293e-03, 1.10184478e-03, 1.10250244e-03,
       1.10331473e-03, 1.10428049e-03, 1.10539865e-03, 1.10666817e-03,
       1.10808808e-03, 1.10965744e-03, 1.11137539e-03, 1.11324109e-03,
       1.11525375e-03, 1.11741265e-03, 1.11971709e-03, 1.12216641e-03,
       1.12476000e-03, 1.12749730e-03, 1.13037776e-03, 1.13340089e-03,
       1.13656623e-03, 1.13987334e-03, 1.14332184e-03, 1.14691134e-03,
       1.15064153e-03, 1.15451208e-03, 1.15852272e-03, 1.16267320e-03,
       1.16696328e-03, 1.17139276e-03, 1.17596145e-03, 1.18066920e-03,
       1.18551584e-03, 1.19050127e-03, 1.19562538e-03, 1.20088806e-03,
       1.20628925e-03])]","[[0, 6.376880005047202e-05, 0.00012384871691641303, 0.0001825152391581995, 0.00024124551940357255, 0.00030103401959234927, 0.00036258168895234104, 0.0004264100161696049, 0.0004929303705698243, 0.000562486396891321, 0.0006353801951090647, 0.0007118887042943887, 0.0007922741449218492, 0.000876790837245726, 0.0009656897923840769, 0.0010592219205434084, 0.0011576403694100205, 0.0012612023065260193, 0.0013701703394344115, 0.001484813694792278, 0.0016054092335320708, 0.0017322423521403515, 0.0018656078034214065, 0.002005810459646703, 0.002153166034316609, 0.0023080017744096103, 0.002470657132081163, 0.002641484422763518, 0.0028208494751829185, 0.0030091322777511774, 0.0032067276249801986, 0.003414045766931908, 0.0036315130642017345, 0.003859572650507765, 0.004098685104597195, 0.00434932913287074, 0.004612002263852544, 0.004887221555388859, 0.0051755243152366865, 0.005477468835497748, 0.0057936351411593265, 0.006124625752817485, 0.0064710664634767675, 0.006833607129140666, 0.007212922472726373, 0.007609712900653247, 0.008024705331264922, 0.008458654034048196, 0.00891234147840591, 0.00938657919052439, 0.00988220861664723, 0.010400101990824607, 0.010941163204949955, 0.011506328678622202, 0.012096568226080857, 0.012712885917152124, 0.013356320928815757, 0.014027948383654043, 0.014728880171075185, 0.015460265746813154, 0.016223292905794284, 0.01701918852302748, 0.01784921925671985, 0.018714692207343314, 0.01961695576486964, 0.02055740634315362, 0.021537507383178327, 0.02255880667841517, 0.023622947189157157, 0.024731673421420394, 0.025886834963047035, 0.027090388220150554, 0.028344397037917687, 0.029651032650713456, 0.031012573245909995, 0.032431403317252444, 0.033910012909630666, 0.03545099680653661, 0.03705705367675999, 0.03873098517299083, 0.040475694958559266, 0.04229418762723323, 0.04418956747322125, 0.046165037063193116, 0.048223895558479335, 0.050369536733125136, 0.05260544663180571, 0.05493520081053004, 0.05736246110242873, 0.05989097185065974, 0.0625245555505435, 0.06526710784345878, 0.06812259180582336, 0.0710950314776964, 0.07418850457723628, 0.07740713434950126, 0.08075508050097135, 0.0842365291747817, 0.08785568192607826, 0.09161674366221824, 0.09552390951882254, 0.09958135065002027, 0.10379319891966868, 0.10816353048993943, 0.1126963483144678, 0.11739556355528129, 0.12226497595595037, 0.12730825321780126, 0.13252890944153337, 0.13793028271309193, 0.14351551193002396, 0.1492875129826143, 0.15524895442264458, 0.16140223277137808, 0.16774944763705213, 0.174292376830412, 0.1810324516842753, 0.1879707327993615, 0.19510788645322938, 0.2024441619216851, 0.20997936997200306, 0.21771286279429203, 0.22564351564091162, 0.23376971044360467, 0.24208932167361255, 0.25059970470120096, 0.2592976868975405, 0.26817956170364793, 0.2772410858680951, 0.28647748002754464, 0.2958834327721001, 0.3054531083013249, 0.31518015773706537, 0.3250577341165058, 0.3350785110438956, 0.34523470493292274, 0.3555181007246366, 0.36592008091908096, 0.37643165771334475, 0.38704350799552495, 0.39774601090406825, 0.40852928762597973, 0.4193832430762555, 0.4302976090752967, 0.44126198862154387, 0.4522659008435453, 0.46329882620937796, 0.4743502515718687, 0.48540971463531335, 0.4964668474431267, 0.5075114185056674, 0.518533373212832, 0.529522872206249, 0.5404703274202747, 0.5513664355386774, 0.562202208654039, 0.5729690019586127, 0.5836585383377932, 0.5942629297796387, 0.604774695555233, 0.6151867771644071, 0.6254925500787805, 0.6356858323487421, 0.6457608901723988, 0.655712440552377, 0.6655356511904295, 0.6752261377899598, 0.6847799589528015, 0.6941936088689369, 0.7034640080064396, 0.7125884920139814, 0.7215647990499989, 0.7303910557513656, 0.7390657620504818, 0.7475877750434049, 0.7559562921033609, 0.7641708334240315, 0.7722312241657476, 0.780137576365458, 0.7878902707583768, 0.7954899386458365, 0.8029374439303106, 0.8102338654250689, 0.8173804795326571, 0.8243787433735309, 0.8312302784338397, 0.8379368547896685, 0.8445003759540798, 0.8509228643831078, 0.857206447667488, 0.8633533454283687, 0.8693658569275561, 0.8752463493959666, 0.8809972470778997, 0.8866210209834415, 0.8921201793367519, 0.897497258704112, 0.9027548157823798, 0.907895419825859, 0.9129216456874898, 0.9178360674486618, 0.9226412526107751, 0.9273397568209054, 0.9319341191034869, 0.9364268575698, 0.9408204655771756, 0.9451174083101722, 0.9493201197565236, 0.9534310000513326, 0.9574524131638076, 0.9613866849017456, 0.9652361012099534, 0.9690029067398401, 0.9726893036684957, 0.9762974507466692, 0.9798294625561691, 0.9832874089583176, 0.9866733147161796, 0.9899891592743634, 0.9932368766812341, 0.9964183556393935, 0.9995354396712601, 1.002589927387516, 1.0055835728470897, 1.0085180859981895, 1.0113951331907225, 1.014216337751189, 1.0169832806118737, 1.019697500986828, 1.0223604970877826, 1.0249737268737182, 1.0275386088283867, 1.030056522760589, 1.0325288106225041, 1.034956777341809, 1.0373416916637417, 1.039684786999654, 1.0419872622789426, 1.0442502828015856, 1.0464749810888037, 1.0486624577296477, 1.050813782221565, 1.0529299938032313, 1.055012102278143, 1.0570610888276666, 1.0590779068124099, 1.0610634825609464, 1.0630187161450682, 1.0649444821408758, 1.0668416303751331, 1.068710986656424, 1.0705533534907425, 1.0723695107812448, 1.0741602165119541, 1.0759262074153, 1.0776681996234199, 1.079386889303216, 1.0810829532752069, 1.0827570496162604, 1.0844098182463269, 1.086041881499334, 1.087653844678428, 1.089246296595773, 1.0908198100971431, 1.0923749425715616, 1.0939122364462541, 1.0954322196672, 1.096935406165573, 1.0984222963103747, 1.099893377347567, 1.1013491238260182, 1.10278999801058, 1.1042164502826126, 1.1056289195282791, 1.107027833514927, 1.1084136092558767, 1.1097866533639313, 1.1111473623939239, 1.1124961231746067, 1.1138333131301947, 1.1151593005918605, 1.1164744450994772, 1.1177790976939013, 1.1190736012000817, 1.1203582905012732, 1.1216334928046285, 1.1228995278984364, 1.1241567084012676, 1.1254053400032822, 1.1266457216999481, 1.1278781460184124, 1.1291028992367593, 1.1303202615963868, 1.1315305075077216, 1.1327339057494903, 1.1339307196617565, 1.1351212073329264, 1.1363056217809229, 1.1374842111287153, 1.1386572187743962, 1.1398248835559777, 1.1409874399110882, 1.1421451180317326, 1.1432981440142813, 1.1444467400048444, 1.1455911243401826, 1.1467315116843035, 1.147868113160883, 1.1490011364816504, 1.1501307860708667, 1.1512572631860294, 1.1523807660349181, 1.1535014898891083, 1.154619627194061, 1.1557353676759015, 1.1568488984449932, 1.1579604040964069, 1.1590700668073863, 1.1601780664319006, 1.161284580592379, 1.162389784768712, 1.163493852384604, 1.1645969548913575, 1.1656992618491684, 1.1668009410060018, 1.1679021583741258, 1.169003078304366, 1.1701038635581495, 1.1712046753774008, 1.1723056735523458, 1.1734070164872872, 1.1745088612644, 1.175611363705604, 1.1767146784325606, 1.1778189589248405, 1.1789243575763106, 1.180031025749781, 1.1811391138299518, 1.1822487712747014, 1.18336014666475, 1.1844733877517357, 1.1855886415047323, 1.1867060541552443, 1.1878257712407034, 1.1889479376464969, 1.190072697646553, 1.1912001949425055, 1.192330572701461, 1.1934639735923895, 1.1946005398211552, 1.1957404131642095, 1.1968837350009565, 1.1980306463448092, 1.1991812878729493, 1.2003357999548008, 1.2014943226792283, 1.2026569958804703, 1.2038239591628135, 1.2049953519240164, 1.2061713133774854, 1.2073519825732104, 1.2085374984174606, 1.2097279996912438, 1.2109236250675293, 1.2121245131272345, 1.2133308023739746]]"
40.0,40.0,3,60,90,I1-S0,"[[0.01, 0.009218546420913139, 0.008861068736292907, 0.0087750579360058, 0.008868434232619725, 0.00908536932110743, 0.009391810914261198, 0.009766907276629424, 0.010197861872512873, 0.010676839624827792, 0.011199101654263674, 0.011761876941913194, 0.012363676539443924, 0.013003874050594801, 0.013682446802698664, 0.014399814429148809, 0.015156736891478093, 0.015954249110896452, 0.016793618440965448, 0.017676316640698648, 0.018604001262721978, 0.019578503327916715, 0.020601819338157967, 0.021676106394094844, 0.02280367962156558, 0.023987011379395063, 0.025228731889424913, 0.02653163103641224, 0.027898661154702124, 0.0293329406646194, 0.030837758452947662, 0.03241657891388278, 0.03407304758264811, 0.03581099730550042, 0.037634454898365574, 0.03954764825259904, 0.041555013850871694, 0.04366120465926897, 0.045871098363584474, 0.04818980591864122, 0.05062268037938915, 0.05317532598157923, 0.05585360743804904, 0.05866365941410179, 0.06161189614213514, 0.06470502113158066, 0.06795003692534311, 0.07135425484826703, 0.07492530468668479, 0.07867114423079034, 0.08260006860340537, 0.08672071928962764, 0.09104209277183982, 0.09557354866357687, 0.10032481722376839, 0.10530600611985837, 0.11052760629423375, 0.11600049677324775, 0.12173594824189501, 0.12774562518988763, 0.13404158641651504, 0.14063628366228415, 0.1475425581149934, 0.1547736345166858, 0.16234333124234976, 0.1702682814135183, 0.17856918688353932, 0.18726955713618615, 0.19639466415957602, 0.20597084815245714, 0.21602506148022943, 0.22658457273628752, 0.23767677626224948, 0.2493290688216661, 0.2615687665465388, 0.2744230432928467, 0.2879188771783539, 0.3020829960420021, 0.31694181535296523, 0.33252136405617855, 0.34884719521604524, 0.3659442792868563, 0.3838368785235645, 0.40254840154118343, 0.42210123740151556, 0.4425165689004607, 0.463814164983197, 0.48601215245399737, 0.5091267673913527, 0.5331720869412379, 0.5581597424516185, 0.58409861523631, 0.6109945166200922, 0.6388498543211988, 0.6676632876714094, 0.6974293746552611, 0.7281382142634671, 0.7597750881942902, 0.7923201064908432, 0.8257478622600978, 0.8600271011663638, 0.8951204119113287, 0.9309839443853307, 0.9675671625792914, 1.0048126396609434, 1.0426559028189022, 1.081025335539639, 1.1198421448819222, 1.1590204010287801, 1.1984671559091689, 1.23808264697491, 1.2777605912829655, 1.3173885738651052, 1.3568485329705515, 1.396017343154993, 1.4347674953836071, 1.4729678713483543, 1.5104846071124738, 1.5471820390386881, 1.582923722791009, 1.6175735140886243, 1.6509966979037625, 1.6830611510049467, 1.7136385212226437, 1.742605405621359, 1.7698445089583716, 1.7952457634412433, 1.8187073908970375, 1.8401368890529812, 1.8594519247007493, 1.876581118056155, 1.8914647045962456, 1.904055063003235, 1.9143171005010478, 1.9222284897551536, 1.9277797545307969, 1.9309742043749458, 1.9318277216088606, 1.9303684068000992, 1.9266360915412872, 1.9206817297248393, 1.9125666805081116, 1.9023618977674626, 1.8901470420139757, 1.8760095314763283, 1.8600435493516412, 1.842349024102057, 1.8230305991651319, 1.8021966075923048, 1.7799580659822525, 1.7564277006906324, 1.7317190177330755, 1.7059454261129645, 1.6792194225561519, 1.6516518438740126, 1.6233511914513687, 1.5944230307076617, 1.5649694668419476, 1.5350886967710964, 1.504874635924894, 1.4744166174834887, 1.4437991607372465, 1.4131018045164057, 1.3823990010728704, 1.3517600653900401, 1.3212491746366966, 1.290925412353341, 1.2608428519483659, 1.2310506741706526, 1.2015933133981833, 1.172510627823017, 1.1438380889063102, 1.1156069858089117, 1.0878446408607132, 1.0605746325041336, 1.0338170225241419, 1.0075885847508625, 0.9819030327843372, 0.9567712446390648, 0.9322014825344368, 0.9081996063631874, 0.884769279651551, 0.8619121670808872, 0.8396281228707838, 0.8179153695283162, 0.7967706666479978, 0.776189469603093, 0.756166078102795, 0.7366937747028458, 0.7177649534512138, 0.6993712389271758, 0.6815035959933383, 0.6641524306275025, 0.6473076822364721, 0.630958907878513, 0.6150953588366515, 0.5997060499927029, 0.5847798224531073, 0.5703053998734036, 0.5562714389195323, 0.5426665742919844, 0.5294794587238943, 0.5166987983471948, 0.5043133838024819, 0.492312117448787, 0.48068403700943163, 0.46941833596990895, 0.45850438102357105, 0.4479317268410429, 0.43769012841991833, 0.4277695512525565, 0.41816017953180606, 0.4088524225973117, 0.39983691980875435, 0.3911045440169783, 0.3826464037894727, 0.374453844533106, 0.36651844864434135, 0.3588320348053727, 0.35138665653368145, 0.3441746000823932, 0.33718838177947097, 0.3304207448851779, 0.32386465603934056, 0.31751330136269196, 0.31136008226994316, 0.3053986110461698, 0.2996227062325739, 0.2940263878626495, 0.28860387258520515, 0.2833495687065456, 0.27825807118035173, 0.27332415657039183, 0.2685427780081208, 0.26390906016444793, 0.2594182942524495, 0.2550659330755542, 0.2508475861337044, 0.24675901479818413, 0.24279612756417795, 0.23895497538867358, 0.23523174712002362, 0.2316227650243261, 0.22812448041275707, 0.2247334693730759, 0.22144642860771802, 0.21826017138017614, 0.21517162357074443, 0.21217781984214856, 0.20927589991510326, 0.2064631049534181, 0.20373677405790894, 0.20109434086805708, 0.19853333027008868, 0.196051355209917, 0.19364611360919573, 0.19131538538256915, 0.18905702955407092, 0.18686898147051376, 0.18474925010962645, 0.18269591548062705, 0.1807071261148719, 0.17878109664418634, 0.17691610546446226, 0.1751104924820989, 0.1733626569408655, 0.17167105532677449, 0.17003419934857275, 0.1684506539914839, 0.16691903564186475, 0.16543801028047572, 0.16400629174210435, 0.16262264003932447, 0.16128585974821966, 0.15999479845394812, 0.15874834525407594, 0.15754542931765733, 0.15638501849809286, 0.15526611799784948, 0.15418776908317994, 0.15314904784703243, 0.15214906401839448, 0.15118695981636843, 0.15026190884732832, 0.14937311504355963, 0.14851981164183461, 0.1477012602004266, 0.14691674965311488, 0.14616559539878174, 0.14544713842524856, 0.14476074446604556, 0.1441058031888537, 0.14348172741440143, 0.14288795236464158, 0.14232393493907433, 0.14178915301812314, 0.14128310479250894, 0.14080530811760508, 0.14035529989179302, 0.13993263545787255, 0.13953688802661568, 0.13916764812158502, 0.13882452304436987, 0.1385071363594235, 0.13821512739771444, 0.13794815077843334, 0.13770587594802344, 0.13748798673583, 0.13729418092568801, 0.13712416984279335, 0.13697767795522386, 0.136854442489501, 0.13675421305960314, 0.1366767513088627, 0.1366218305641982, 0.1365892355021526, 0.1365787618262262, 0.13659021595501014, 0.1366234147206438, 0.13667818507713378, 0.1367543638180893, 0.13685179730344146, 0.1369703411947296, 0.13710986019854912, 0.13727022781777046, 0.13745132611014804, 0.13765304545395224, 0.13787528432026686, 0.13811794905160513, 0.1383809536465085, 0.13866421954980043, 0.13896767544817767, 0.13929125707082954, 0.13963490699478426, 0.13999857445468908, 0.1403822151567385, 0.1407857910964717, 0.14120927038016792, 0.14165262704957324, 0.14211584090970059, 0.14259889735944842, 0.14310178722479083, 0.14362450659429574, 0.14416705665673357, 0.1447294435405438, 0.14531167815493043, 0.1459137760323627, 0.1465357571722609, 0.14717764588565152, 0.14783947064057978, 0.14852126390807052, 0.14922306200843335, 0.14994490495771023, 0.15068683631406704, 0.15144890302393496, 0.15223115526770928, 0.15303364630481728, 0.1538564323179697, 0.15469957225641265, 0.15556312767800137, 0.15644716258991825, 0.15735174328786222, 0.15827693819353883, 0.1592228176902836, 0.16018945395665435, 0.16117692079783175]]","[[0.01, 0.011673645222856313, 0.01362924433757481, 0.01580189464359648, 0.01815638673006104, 0.02067517912207797, 0.023351206648281823, 0.026183697665481218, 0.029175701623794334, 0.0323326323359921, 0.03566141672553564, 0.039170004341209146, 0.042867091408252386, 0.0467619721781695, 0.05086446563650666, 0.055184886722862835, 0.0597340438084333, 0.06452325168040526, 0.06956435374661131, 0.07486974982333772, 0.0804524274369059, 0.08632599549346857, 0.09250471971276736, 0.09900355953622877, 0.10583820640052656, 0.11302512336976307, 0.12058158617542775, 0.12852572574260945, 0.13687657229494593, 0.14565410113613628, 0.15487928020636715, 0.16457411950989684, 0.17476172250651725, 0.18546633955530728, 0.19671342349430515, 0.2085296874345699, 0.2209431648415661, 0.23398327197082078, 0.24768087271825706, 0.26206834593837336, 0.27717965527536115, 0.29305042154318145, 0.30971799768037955, 0.3272215462938374, 0.3456021197925529, 0.3649027430977053, 0.38516849889850646, 0.4064466154044408, 0.4287865565232265, 0.4522401143699597, 0.4768615039861759, 0.5027074601177217, 0.5298373358671091, 0.558313202999135, 0.5881999536377199, 0.6195654030468439, 0.652480393138855, 0.6870188962989949, 0.7232581190554507, 0.761278605059317, 0.8011643367682968, 0.8430028351515428, 0.8868852566505604, 0.9329064865424105, 0.9811654576957359, 1.0317677583507794, 1.0848278547025165, 1.1404687212455544, 1.1988213733451498, 1.2600245300816137, 1.3242243697036764, 1.3915743500694258, 1.4622350730936295, 1.5363741767580934, 1.6141662413876317, 1.6957926991009578, 1.7814417369068978, 1.8713081850262525, 1.9655933828103904, 2.064505015191422, 2.168256913002141, 2.2770688107965436, 2.3911660560223598, 2.5107792635769215, 2.6361439099431982, 2.767499861276922, 2.9050908300190486, 3.049163754859439, 3.1999680991953867, 3.3577550636293303, 3.52277670854961, 3.6952849834512467, 3.875530660393973, 4.063762169873938, 4.260224338413522, 4.465157028357751, 4.678793681709852, 4.901359771342977, 5.133071164585545, 5.374132405984688, 5.624734927990661, 5.885055200352924, 6.155252831147529, 6.4354686345295615, 6.725822682480681, 7.026412359950419, 7.337310444814014, 7.6585632359272955, 7.9901887541838255, 8.33217504280208, 8.684478594021323, 9.047022929896166, 9.419697364888739, 9.802355977408542, 10.194816816299006, 10.596861366485994, 11.008234295572993, 11.428643500096037, 11.857760466464722, 12.295220957362783, 12.7406260296334, 13.193543384523664, 13.653509045721629, 14.120029355017609, 14.592583269801072, 15.070624941115758, 15.5535865457916, 16.040881341401896, 16.531906908598174, 17.0260485418779, 17.522682747145925, 18.021180802618268, 18.52091233873715, 19.021248892839253, 19.521567395333623, 20.02125354606012, 20.519705042243512, 21.016334622937947, 21.510572898955733, 22.001870941863057, 22.48970261056293, 22.973566599128308, 23.452988194753836, 23.927520739827134, 24.396746797056572, 24.86027902122262, 25.317760745353187, 25.76886629288813, 26.213301030642654, 26.65080118007237, 27.08113340647157, 27.504094207306032, 27.919509121912313, 28.327231785320134, 28.727142849016268, 29.119148791117638, 29.503180637713836, 29.879192616132414, 30.247160759632642, 30.607081481601057, 30.958970135758864, 31.30285957724625, 31.63879873776616, 31.966851226288945, 32.287093965172026, 32.599615869963216, 32.90451657965323, 33.2019052427394, 33.491899363169246, 33.77462370905754, 34.050209286016084, 34.31879237600279, 34.580513641783206, 34.83551729639815, 35.08395033644069, 35.325961837456056, 35.56170230938182, 35.791323109633595, 36.01497591120603, 36.23281222299003, 36.4449829593979, 36.65163805632934, 36.852926130496456, 37.048994179147364, 37.239987317279805, 37.42604854951262, 37.60731857387855, 37.78393561491234, 37.956035283529694, 38.12375046132165, 38.287211207022246, 38.44654468304331, 38.60187510010574, 38.753323678130855, 38.901008621686564, 39.04504510841027, 39.18554528895273, 39.32261829710408, 39.456370268874345, 39.58690436940568, 39.71432082669242, 39.838716971177746, 39.96018728038177, 40.07882342779675, 40.194714335359045, 40.307946228876716, 40.41860269585483, 40.526764745219126, 40.63251086849192, 40.73591710202332, 40.83705708992541, 40.93600214739775, 41.032821324169674, 41.12758146781836, 41.22034728675214, 41.31118141267609, 41.40014446238157, 41.487295098723976, 41.57269009067297, 41.65638437233746, 41.73843110088378, 41.818881713280035, 41.89778598181232, 41.97519206833007, 42.05114657718789, 42.125694606860385, 42.19887980021413, 42.270744393428316, 42.34132926356141, 42.41067397476673, 42.47881682316436, 42.545794880380996, 42.61164403577271, 42.676399037348595, 42.74009353141576, 42.80276010096839, 42.86443030284515, 42.92513470368079, 42.98490291467894, 43.04376362523401, 43.101744635430634, 43.158872887449924, 43.21517449591171, 43.27067477718241, 43.32539827767804, 43.37936880119192, 43.432609435276255, 43.48514257670667, 43.53698995605844, 43.58817266142252, 43.63871116128927, 43.68862532662722, 43.73793445218342, 43.78665727703175, 43.83481200439466, 43.882416320763156, 43.929487414339675, 43.97604199282712, 44.02209630058734, 44.06766613519134, 44.11276686338289, 44.15741343647666, 44.201620405211294, 44.24540193407712, 44.288771815137764, 44.331743481364136, 44.374330019498714, 44.41654418246743, 44.458398401355964, 44.49990479696648, 44.54107519097063, 44.58192111667359, 44.622453829403916, 44.66268431654312, 44.70262330720842, 44.74228128160179, 44.781668480037844, 44.820794911662496, 44.85967036287427, 44.898304405459264, 44.936706404450646, 44.974885525723096, 45.01285074333212, 45.05061084660791, 45.08817444701296, 45.12554998477238, 45.16274573528543, 45.19976981532655, 45.23663018904372, 45.2733346737619, 45.30989094559867, 45.34630654489927, 45.382588881497746, 45.41874523981062, 45.454782783769375, 45.49070856159782, 45.526529510439914, 45.56225246084373, 45.59788414110681, 45.63343118148796, 45.66890011829041, 45.7042973978211, 45.73962938023044, 45.774902343236995, 45.810122485741175, 45.84529593133193, 45.88042873169023, 45.91552686989299, 45.950596263620994, 45.98564276827404, 46.02067217999666, 46.055690238617366, 46.09070263050447, 46.12571499134117, 46.1607329088227, 46.19576192527807, 46.23080754021878, 46.26587521281699, 46.30097036431526, 46.336098380370046, 46.37126461333096, 46.40647438445771, 46.441732986076616, 46.47704568367838, 46.51241771795875, 46.54785430680373, 46.58336064722073, 46.61894191721713, 46.65460327762747, 46.690349873890646, 46.72618683777814, 46.76211928907452, 46.79815233721109, 46.83429108285375, 46.87054061944587, 46.906906034707035, 46.943392412088436, 46.980004832185514, 47.01674837410855, 47.05362811681176, 47.090649140381316, 47.127816527282896, 47.16513536356895, 47.202610740046175, 47.2402477534034, 47.2780515073001, 47.3160271134157, 47.354179692459866, 47.39251437514367, 47.43103630311181, 47.46975062983579, 47.50866252146788, 47.5477771576559, 47.5870997323184, 47.62663545438026, 47.66638954846826, 47.706367255566285, 47.746573833629924, 47.787014558159946, 47.827694722734186, 47.86861963949742, 47.909794639608585, 47.95122507364487, 47.99291631196193, 48.034873745009676, 48.077102783602854]]","[array([6.37688001e-05, 6.00799169e-05, 5.86665222e-05, 5.87302803e-05,
       5.97885014e-05, 6.15476866e-05, 6.38284326e-05, 6.65207627e-05,
       6.95572197e-05, 7.28966847e-05, 7.65146059e-05, 8.03970771e-05,
       8.45372275e-05, 8.89330054e-05, 9.35858042e-05, 9.84996006e-05,
       1.03680407e-04, 1.09135915e-04, 1.14875270e-04, 1.20908909e-04,
       1.27248467e-04, 1.33906707e-04, 1.40897474e-04, 1.48235679e-04,
       1.55937278e-04, 1.64019280e-04, 1.72499751e-04, 1.81397829e-04,
       1.90733749e-04, 2.00528864e-04, 2.10805684e-04, 2.21587905e-04,
       2.32900450e-04, 2.44769515e-04, 2.57222613e-04, 2.70288618e-04,
       2.83997827e-04, 2.98382001e-04, 3.13474433e-04, 3.29309997e-04,
       3.45925212e-04, 3.63358303e-04, 3.81649263e-04, 4.00839916e-04,
       4.20973982e-04, 4.42097143e-04, 4.64257106e-04, 4.87503670e-04,
       5.11888787e-04, 5.37466630e-04, 5.64293648e-04, 5.92428630e-04,
       6.21932759e-04, 6.52869664e-04, 6.85305468e-04, 7.19308829e-04,
       7.54950979e-04, 7.92305748e-04, 8.31449586e-04, 8.72461571e-04,
       9.15423406e-04, 9.60419404e-04, 1.00753645e-03, 1.05686427e-03,
       1.10850261e-03, 1.16257639e-03, 1.21923367e-03, 1.27863753e-03,
       1.34096033e-03, 1.40637990e-03, 1.47507712e-03, 1.54723427e-03,
       1.62303405e-03, 1.70265888e-03, 1.78629041e-03, 1.87410919e-03,
       1.96629427e-03, 2.06302282e-03, 2.16446971e-03, 2.27080693e-03,
       2.38220295e-03, 2.49882197e-03, 2.62082297e-03, 2.74835871e-03,
       2.88157454e-03, 3.02060708e-03, 3.16558279e-03, 3.31661635e-03,
       3.47380896e-03, 3.63724648e-03, 3.80699746e-03, 3.98311105e-03,
       4.16561485e-03, 4.35451260e-03, 4.54978190e-03, 4.75137179e-03,
       4.95920041e-03, 5.17315260e-03, 5.39307755e-03, 5.61878657e-03,
       5.85005095e-03, 6.08659996e-03, 6.32811910e-03, 6.57424859e-03,
       6.82458219e-03, 7.07866629e-03, 7.33599953e-03, 7.59603278e-03,
       7.85816971e-03, 8.12176780e-03, 8.38614004e-03, 8.65055721e-03,
       8.91425074e-03, 9.17641633e-03, 9.43621813e-03, 9.69279359e-03,
       9.94525893e-03, 1.01927152e-02, 1.04342547e-02, 1.06689683e-02,
       1.08959525e-02, 1.11143171e-02, 1.13231932e-02, 1.15217410e-02,
       1.17091576e-02, 1.18846844e-02, 1.20476148e-02, 1.21973005e-02,
       1.23331584e-02, 1.24546756e-02, 1.25614148e-02, 1.26530176e-02,
       1.27292082e-02, 1.27897951e-02, 1.28346724e-02, 1.28638194e-02,
       1.28773003e-02, 1.28752621e-02, 1.28579314e-02, 1.28256112e-02,
       1.27786763e-02, 1.27175683e-02, 1.26427896e-02, 1.25548979e-02,
       1.24544989e-02, 1.23422402e-02, 1.22188045e-02, 1.20849021e-02,
       1.19412647e-02, 1.17886387e-02, 1.16277788e-02, 1.14594417e-02,
       1.12843810e-02, 1.11033414e-02, 1.09170544e-02, 1.07262340e-02,
       1.05315725e-02, 1.03337380e-02, 1.01333710e-02, 9.93108241e-03,
       9.72745190e-03, 9.52302641e-03, 9.31831927e-03, 9.11380973e-03,
       8.90994274e-03, 8.70712914e-03, 8.50574606e-03, 8.30613762e-03,
       8.10861576e-03, 7.91346136e-03, 7.72092543e-03, 7.53123036e-03,
       7.34457142e-03, 7.16111814e-03, 6.98101587e-03, 6.80438726e-03,
       6.63133382e-03, 6.46193740e-03, 6.29626166e-03, 6.13435357e-03,
       5.97624477e-03, 5.82195290e-03, 5.67148293e-03, 5.52482835e-03,
       5.38197234e-03, 5.24288887e-03, 5.10754370e-03, 4.97589538e-03,
       4.84789608e-03, 4.72349247e-03, 4.60262647e-03, 4.48523591e-03,
       4.37125523e-03, 4.26061605e-03, 4.15324768e-03, 4.04907765e-03,
       3.94803210e-03, 3.85003622e-03, 3.75501458e-03, 3.66289148e-03,
       3.57359117e-03, 3.48703817e-03, 3.40315745e-03, 3.32187465e-03,
       3.24311621e-03, 3.16680956e-03, 3.09288323e-03, 3.02126695e-03,
       2.95189174e-03, 2.88469000e-03, 2.81959556e-03, 2.75654373e-03,
       2.69547134e-03, 2.63631675e-03, 2.57901990e-03, 2.52352231e-03,
       2.46976707e-03, 2.41769885e-03, 2.36726389e-03, 2.31841000e-03,
       2.27108651e-03, 2.22524430e-03, 2.18083572e-03, 2.13781464e-03,
       2.09613633e-03, 2.05575752e-03, 2.01663631e-03, 1.97873217e-03,
       1.94200588e-03, 1.90641954e-03, 1.87193649e-03, 1.83852130e-03,
       1.80613974e-03, 1.77475875e-03, 1.74434638e-03, 1.71487177e-03,
       1.68630514e-03, 1.65861772e-03, 1.63178176e-03, 1.60577045e-03,
       1.58055793e-03, 1.55611924e-03, 1.53243028e-03, 1.50946783e-03,
       1.48720946e-03, 1.46563354e-03, 1.44471920e-03, 1.42444631e-03,
       1.40479546e-03, 1.38574792e-03, 1.36728562e-03, 1.34939114e-03,
       1.33204767e-03, 1.31523902e-03, 1.29894956e-03, 1.28316420e-03,
       1.26786842e-03, 1.25304820e-03, 1.23869003e-03, 1.22478085e-03,
       1.21130812e-03, 1.19825969e-03, 1.18562390e-03, 1.17338946e-03,
       1.16154550e-03, 1.15008155e-03, 1.13898751e-03, 1.12825362e-03,
       1.11787049e-03, 1.10782907e-03, 1.09812063e-03, 1.08873674e-03,
       1.07966928e-03, 1.07091044e-03, 1.06245266e-03, 1.05428868e-03,
       1.04641149e-03, 1.03881433e-03, 1.03149069e-03, 1.02443429e-03,
       1.01763909e-03, 1.01109927e-03, 1.00480920e-03, 9.98763486e-04,
       9.92956913e-04, 9.87384466e-04, 9.82041314e-04, 9.76922804e-04,
       9.72024460e-04, 9.67341969e-04, 9.62871184e-04, 9.58608114e-04,
       9.54548919e-04, 9.50689906e-04, 9.47027526e-04, 9.43558365e-04,
       9.40279145e-04, 9.37186714e-04, 9.34278047e-04, 9.31550240e-04,
       9.29000505e-04, 9.26626168e-04, 9.24424667e-04, 9.22393545e-04,
       9.20530447e-04, 9.18833122e-04, 9.17299413e-04, 9.15927261e-04,
       9.14714694e-04, 9.13659834e-04, 9.12760885e-04, 9.12016138e-04,
       9.11423963e-04, 9.10982811e-04, 9.10691208e-04, 9.10547756e-04,
       9.10551129e-04, 9.10700071e-04, 9.10993395e-04, 9.11429980e-04,
       9.12008770e-04, 9.12728772e-04, 9.13589054e-04, 9.14588744e-04,
       9.15727027e-04, 9.17003145e-04, 9.18416393e-04, 9.19966122e-04,
       9.21651732e-04, 9.23472675e-04, 9.25428452e-04, 9.27518611e-04,
       9.29742746e-04, 9.32100497e-04, 9.34591547e-04, 9.37215622e-04,
       9.39972489e-04, 9.42861955e-04, 9.45883866e-04, 9.49038107e-04,
       9.52324598e-04, 9.55743297e-04, 9.59294193e-04, 9.62977311e-04,
       9.66792709e-04, 9.70740474e-04, 9.74820725e-04, 9.79033610e-04,
       9.83379304e-04, 9.87858012e-04, 9.92469962e-04, 9.97215409e-04,
       1.00209463e-03, 1.00710793e-03, 1.01225563e-03, 1.01753808e-03,
       1.02295564e-03, 1.02850869e-03, 1.03419764e-03, 1.04002291e-03,
       1.04598492e-03, 1.05208413e-03, 1.05832101e-03, 1.06469602e-03,
       1.07120966e-03])]","[[0, 6.376880005047202e-05, 0.00012384871691641303, 0.0001825152391581995, 0.00024124551941406006, 0.0003010340208044296, 0.000362581707377159, 0.0004264101399701764, 0.0004929309026306872, 0.0005624881223679041, 0.0006353848070460251, 0.0007118994129687259, 0.000792296490098921, 0.0008768337175993427, 0.0009657667229560516, 0.001059352527109455, 0.0011578521277131222, 0.001261532534272956, 0.0013706684494972949, 0.001485543719029586, 0.0016064526279008806, 0.001733701095209139, 0.0018676078019379063, 0.0020085052764190633, 0.002156740955297688, 0.0023126782335160523, 0.0024766975139221513, 0.0026491972650960313, 0.0028305950945517865, 0.003021328843416022, 0.003221857707881025, 0.00343266339210426, 0.003654251296723872, 0.003887151746748228, 0.0041319212622321945, 0.004389143874856384, 0.004659432493264788, 0.004943430319780564, 0.005241812320900584, 0.005555286753759273, 0.005884596750544725, 0.006230521962639017, 0.006593880266034558, 0.006975529529343782, 0.007376369445465398, 0.00779734342769155, 0.008239440570731517, 0.008703697676783735, 0.009191201346403681, 0.009703090133484919, 0.010240556763188845, 0.010804850411119329, 0.011397279041435568, 0.012019211800923591, 0.012672081465297445, 0.013357386933168458, 0.014076695762197956, 0.014831646740928498, 0.015623952488663785, 0.016455402074530636, 0.017327863645500832, 0.018243287051669065, 0.019203706455469278, 0.02021124290975909, 0.02126810718060744, 0.022376609790578216, 0.023539186177116297, 0.024758419846996588, 0.026037057381443483, 0.027378017712445635, 0.028784397616193436, 0.03025947473592567, 0.03180670900860728, 0.033429743063283834, 0.035132401943924495, 0.03691869235865224, 0.038792801551390754, 0.04075909581777274, 0.0428221186352578, 0.04498658834117516, 0.047257395267171314, 0.049639598221030826, 0.05213842019477389, 0.054759243169759414, 0.057507601884199545, 0.06038917642536263, 0.06340978350742472, 0.06657536629624525, 0.06989198264426065, 0.07336579160228815, 0.07700303808046734, 0.08081003553805033, 0.08479314659152941, 0.0889587614429283, 0.09331327404524971, 0.09786305594032443, 0.10261442772588014, 0.10757362813373217, 0.11274678072973254, 0.11813985827856083, 0.1237586448525792, 0.12960869580367784, 0.13569529576005718, 0.14202341485585124, 0.1485976634498634, 0.15542224563977974, 0.1625009119292046, 0.16983691145572402, 0.17743294423779343, 0.18529111394527048, 0.19341288174146531, 0.20179902178216108, 0.21044957898762687, 0.2193638297256621, 0.22854024605568868, 0.23797646418447763, 0.2476692577720686, 0.2576145167008718, 0.26780723188119576, 0.27824148661225395, 0.288910454949215, 0.29980640744467285, 0.31092072453809566, 0.32224391776090816, 0.33376565880986264, 0.34547481641967237, 0.357359500840269, 0.3694071155975288, 0.38160441609208295, 0.3939375744721338, 0.4063922501062278, 0.41895366488368896, 0.4316066824865953, 0.4443358907100833, 0.45712568585918106, 0.4699603582215409, 0.4828241776069758, 0.49570147795659975, 0.5085767400559906, 0.5214346714369293, 0.5342602826191714, 0.5470389589252, 0.5597565271944513, 0.572399316826316, 0.5849542146903961, 0.5974087135550905, 0.6097509537987308, 0.6219697582785196, 0.6340546603389704, 0.645995925041302, 0.6577845637865181, 0.6694123425863108, 0.6808717843064768, 0.6921561652665972, 0.7032595066270717, 0.7141765610302929, 0.7249027949871735, 0.7354343675140381, 0.7457681055288714, 0.7559014765110693, 0.7658325589162437, 0.7755600108184157, 0.7850830372272665, 0.7944013564991189, 0.8035151662281036, 0.81242510896952, 0.8211322381116856, 0.8296379841763905, 0.8379441217921713, 0.846052737549594, 0.8539661989141059, 0.8616871243401685, 0.8692183547006312, 0.8765629261178557, 0.8837240442580923, 0.8907050601281016, 0.8975094473930118, 0.9041407812168637, 0.9106027186121287, 0.9168989802715736, 0.923033333845057, 0.929009578615007, 0.9348315315172872, 0.9405030144487421, 0.9460278427987396, 0.9514098151393405, 0.9566527040071544, 0.9617602477093383, 0.9667361430864112, 0.9715840391654654, 0.9763075316388324, 0.9809101581051936, 0.9853953940124212, 0.9897666492440094, 0.9940272652937152, 0.9981805129759379, 1.0022295906223382, 1.0061776227182069, 1.0100276589350892, 1.0137826735191204, 1.017445564997414, 1.0210191561676323, 1.02450619433856, 1.0279093517920586, 1.0312312264392272, 1.034474342645903, 1.0376411522048028, 1.0407340354336505, 1.043755302380542, 1.0467071941195687, 1.0495918841213727, 1.0524114796848296, 1.0551680234174639, 1.0578634947534962, 1.0604998114996147, 1.0630788313996526, 1.0656023537103498, 1.0680721207812893, 1.0704898196329247, 1.072857083527371, 1.0751754935273088, 1.0774465800389756, 1.07967182433577, 1.0818526600594995, 1.0839904746967586, 1.0860866110283232, 1.088142368549817, 1.0901590048622267, 1.0921377370311363, 1.0940797429138054, 1.095986162453449, 1.0978580989402758, 1.0996966202390206, 1.1015027599828686, 1.1032775187337995, 1.1050218651095043, 1.1067367368771317, 1.1084230420142092, 1.1100816597371617, 1.1117134414979168, 1.113319211949141, 1.114899769878698, 1.1164558891139573, 1.1179883193966136, 1.1194977872286997, 1.1209849966904983, 1.1224506302310664, 1.1238953494321013, 1.1253197957458771, 1.1267245912079842, 1.128110339125606, 1.1294776247420593, 1.1308270158783205, 1.1321590635522505, 1.1334743025762264, 1.1347732521338685, 1.1360564163365476, 1.1373242847603382, 1.1385773329640727, 1.1398160229891345, 1.1410408038416162, 1.1422521119574482, 1.1434503716510929, 1.1446359955483798, 1.1458093850040423, 1.1469709305044997, 1.1481210120564131, 1.149259999561528, 1.1503882531782972, 1.1515061236707684, 1.152613952745198, 1.153712073374843, 1.1548008101133653, 1.1558804793972695, 1.1569513898377777, 1.1580138425025375, 1.1590681311875366, 1.1601145426795942, 1.1611533570097765, 1.1621848476980794, 1.1632092819897035, 1.1642269210832383, 1.165238020351058, 1.1662428295522222, 1.1672415930381657, 1.168234549951442, 1.1692219344177914, 1.1702039757317766, 1.1711808985362313, 1.1721529229957561, 1.1731202649644827, 1.1740831361483217, 1.1750417442619043, 1.1759962931804142, 1.1769469830865007, 1.177894010612459, 1.1788375689778539, 1.1797778481227559, 1.1807150348367532, 1.1816493128838979, 1.1825808631237344, 1.1835098636285586, 1.1844364897970407, 1.1853609144643527, 1.1862833080089212, 1.1872038384559351, 1.1881226715777196, 1.189039970991095, 1.1899558982518261, 1.1908706129462663, 1.1917842727802972, 1.192697033665659, 1.193609049803763, 1.1945204737670732, 1.1954314565781434, 1.196342147786388, 1.1972526955426641, 1.1981632466717402, 1.1990739467427178, 1.199984940137479, 1.200896370117218, 1.2018083788871243, 1.2027211076592703, 1.2036346967137623, 1.2045492854582076, 1.205465012485548, 1.2063820156303064, 1.2073004320232956, 1.2082203981448283, 1.2091420498764716, 1.2100655225513859, 1.210990951003282, 1.211918469614033, 1.2128482123599735, 1.213780312856914, 1.214714904403904, 1.2156521200257655, 1.2165920925144247, 1.2175349544690646, 1.2184808383351184, 1.2194298764421265, 1.2203822010404703, 1.221337944337004, 1.222297238529596, 1.2232602158405939, 1.2242270085492253, 1.225197749022944, 1.2261725697477301, 1.2271516033573513, 1.2281349826615906, 1.2291228406734476, 1.2301153106353109, 1.2311125260441091, 1.2321146206754376, 1.2331217286066585, 1.234133984238976, 1.2351515223184801, 1.2361744779561552, 1.2372029866468455, 1.2382371842871742, 1.239277207192403, 1.2403231921122269, 1.2413752762454895, 1.2424335972538094, 1.243498293274105, 1.2445695029300012]]"
40.0,40.0,3,60,90,I0-S1,"[[0.01, 0.009218546420913139, 0.008861068736292907, 0.0087750579360058, 0.008868442289762121, 0.00908548660423146, 0.009392353324508917, 0.009768478575816935, 0.010201387813022494, 0.010683575484277607, 0.01121062156669158, 0.0117800508991172, 0.012390639210912444, 0.01304198832197332, 0.013734264006285683, 0.014468032549590185, 0.0152441575197547, 0.016063733548596585, 0.01692804309213344, 0.017838527644096783, 0.018796768192273976, 0.019804471707069674, 0.020863461662352933, 0.021975671325034793, 0.023143139000559067, 0.024368004699715923, 0.025652507865819206, 0.026998985911162253, 0.028409873382393806, 0.029887701620911568, 0.03143509881558651, 0.03305479036661882, 0.03474959949447712, 0.03652244803879328, 0.038376357400101285, 0.04031444958326915, 0.04233994830593103, 0.044456180138552105, 0.04666657564520592, 0.04897467049589124, 0.051384106522393024, 0.05389863269039749, 0.05652210596087844, 0.05925849201373974, 0.06211186580637404, 0.06508641193921919, 0.06818642479959311, 0.07141630845409308, 0.07478057625868056, 0.07828385015425857, 0.08193085961410584, 0.08572644020797919, 0.08967553174604914, 0.093783175964115, 0.0980545137097697, 0.10249478158737256, 0.1071093080178611, 0.11190350866761055, 0.11688288119875875, 0.12205299929167882, 0.12741950588863143, 0.13298810560609525, 0.13876455626189077, 0.14475465946201893, 0.15096431806354838, 0.15740021841058913, 0.16407022511014, 0.170983028576709, 0.17814787732985246, 0.18557441690716456, 0.19327259189943546, 0.2012525849565436, 0.2095247769646258, 0.2180997188370016, 0.22698810912240708, 0.23620077389762784, 0.24574864677136757, 0.25564274764081385, 0.2658941593286088, 0.2765140015168282, 0.28751340156535693, 0.2989034619026908, 0.31069522373675107, 0.3228996268694281, 0.335527465422037, 0.3485893392962883, 0.3620956012108729, 0.3760562991699486, 0.3904811142384221, 0.40537929352112523, 0.42075957826965127, 0.43663012707240295, 0.4529984341208468, 0.46987124258850177, 0.48725445320918315, 0.5051530281977625, 0.5235708907203996, 0.5425108201919626, 0.5619743437561893, 0.5819616243889135, 0.6024713461561153, 0.6235005972561862, 0.6450447515789803, 0.6670973496220562, 0.6896499797159046, 0.7126921606234892, 0.736211226693475, 0.7601922168591155, 0.7846177688836973, 0.8094680203561971, 0.8347205180345982, 0.8603501372161492, 0.8863290128805109, 0.9126264843998654, 0.9392090556362235, 0.9660403722469405, 0.9930812179914696, 1.0202895317725498, 1.0476204470505055, 1.0750263551377868, 1.1024569937105222, 1.1298595616636522, 1.1571788611859388, 1.1843574676415862, 1.211335927518199, 1.2380529843393233, 1.2644458320480738, 1.2904503949517458, 1.316001632882458, 1.3410338697834852, 1.365481143483745, 1.389277573983448, 1.4123577471523716, 1.4346571103490866, 1.4561123761153099, 1.4766619297946917, 1.4962462366794136, 1.5148082441097097, 1.5322937738482285, 1.5486519000288077, 1.563835308041669, 1.5778006298660456, 1.5905087515963958, 1.6019250892268766, 1.6120198291555572, 1.6207681303376704, 1.628150285546688, 1.6341518397820654, 1.638763664480573, 1.641981986830605, 1.6438083741414533, 1.644249673867828, 1.6433179105196762, 1.6410301412851245, 1.6374082727477153, 1.632478841577116, 1.6262727625059048, 1.6188250472666728, 1.6101744984484052, 1.6003633824359251, 1.589437085720359, 1.5774437589133374, 1.5644339527661992, 1.5504602503926914, 1.5355768997258985, 1.5198394500149006, 1.5033043958923196, 1.486028832229396, 1.468070122649767, 1.4494855842058387, 1.4303321903415196, 1.410666293880515, 1.3905433713981634, 1.3700177899638655, 1.3491425968865818, 1.327969332762727, 1.3065478678181517, 1.284926261256854, 1.2631506430807657, 1.2412651176286185, 1.2193116878979535, 1.1973301995624939, 1.1753583034763901, 1.153431435365844, 1.1315828113454187, 1.1098434378587516, 1.0882421346289697, 1.0668055692103149, 1.0455583017566548, 1.0245228386621008, 1.0037196937812873, 0.9831674559995504, 0.9628828619939818, 0.9428808731029877, 0.9231747553026288, 0.9037761613709209, 0.8846952144049244, 0.8659405919385236, 0.8475196099901905, 0.8294383064488203, 0.8117015232811821, 0.794312987116068, 0.7772753878274343, 0.7605904548014094, 0.7442590306298309, 0.7282811420258916, 0.7126560678055407, 0.6973824038215864, 0.6824581247761288, 0.6678806428711993, 0.6536468632875343, 0.639753236507505, 0.6261958075206414, 0.6129702619691932, 0.6000719693070578, 0.5874960230584427, 0.5752372782731013, 0.563290386283139, 0.5516498268724979, 0.540309937974521, 0.5292649430156967, 0.5185089760250058, 0.5080361046284189, 0.4978403510472108, 0.48791571121701094, 0.47825617214206484, 0.4688557275961476, 0.4597083922780763, 0.450808214525913, 0.4421492876898204, 0.4337257602592133, 0.42553184483540346, 0.41756182603642417, 0.40981006741619475, 0.40227101747568583, 0.3949392148393065, 0.38780929266538794, 0.3808759823554032, 0.3741341166224617, 0.3675786319756627, 0.3612045706730943, 0.3550070821926312, 0.34898142426622303, 0.3431229635200707, 0.3374271757599716, 0.33188964593816284, 0.3265060678352135, 0.32127224348789857, 0.31618408239153273, 0.31123760050293886, 0.3064289190680746, 0.3017542632963293, 0.2972099609016306, 0.29279244052875564, 0.28849823008162173, 0.2843239549688269, 0.2802663362803171, 0.276322188907768, 0.27248841962007625, 0.26876202510425423, 0.26514008998100924, 0.2616197848033523, 0.25819836404572255, 0.25487316409032473, 0.2516416012166514, 0.24850116959949872, 0.24544943932017552, 0.24248405439505144, 0.2396027308250808, 0.23680325466947674, 0.2340834801462889, 0.23144132776225365, 0.22887478247393842, 0.22638189188188537, 0.22396076445917384, 0.22160956781556188, 0.21932652699813449, 0.2171099228291756, 0.2149580902817919, 0.2128694168936469, 0.21084234121901235, 0.20887535131920854, 0.20696698329138438, 0.20511581983548144, 0.20332048885913173, 0.20157966212015574, 0.1998920539062545, 0.1982564197514256, 0.19667155518857873, 0.19513629453777817, 0.1936495097295001, 0.1922101091622581, 0.1908170365939223, 0.18946927006603365, 0.18816582086039757, 0.18690573248722556, 0.1856880797040834, 0.18451196756489724, 0.18337653049826386, 0.1822809314143111, 0.18122436083935306, 0.18020603607758964, 0.1792252003991026, 0.17828112225340795, 0.17737309450783104, 0.17650043370998023, 0.17566247937360419, 0.1748585932871293, 0.17408815884418455, 0.17335058039543366, 0.17264528262104695, 0.17197170992315827, 0.17132932583766583, 0.1707176124647496, 0.17013606991749117, 0.16958421578799682, 0.1690615846304375, 0.16856772746043444, 0.16810221127023212, 0.1676646185591146, 0.1672545468785355, 0.1668716083914443, 0.16651542944530603, 0.1661856501583244, 0.16588192401839108, 0.1656039174942971, 0.1653513096587545, 0.16512379182278866, 0.16492106718107394, 0.16474285046779635, 0.16458886762263975, 0.16445885546650107, 0.1643525613865531, 0.16426974303028227, 0.16421016800814028, 0.16417361360445737, 0.16415986649627556, 0.16416872247976916, 0.1641999862039288, 0.1642534709111947, 0.1643289981847325, 0.16442639770205433, 0.16454550699469486, 0.16468617121366058, 0.16484824290037764, 0.16503158176287105, 0.16523605445691508, 0.1654615343719014, 0.1657079014211783, 0.16597504183662076, 0.16626284796719676, 0.16657121808130212, 0.1669000561726415, 0.16724927176943832, 0.16761877974676317, 0.168008500141774, 0.16841835797166763, 0.16884828305414726, 0.1692982098302141, 0.16976807718909784, 0.17025782829514416, 0.17076741041648236, 0.17129677475530042, 0.17184587627955977, 0.17241467355598536, 0.17300312858417172]]","[[0.01, 0.011673645222856313, 0.01362924433757481, 0.01580189464359648, 0.018156395206414676, 0.020675308826250852, 0.023351836499924297, 0.026185611379857334, 0.02918020078767121, 0.032341628020702985, 0.035677502345769455, 0.039196511758399694, 0.04290813182571843, 0.04682246302305402, 0.05095014431673024, 0.05530231187054336, 0.05989058437166389, 0.06472706400238573, 0.06982434657366232, 0.07519553700896506, 0.08085426795477828, 0.08681472023463505, 0.09309164441847713, 0.09970038310444235, 0.10665689369912953, 0.11397777159053106, 0.121680273668246, 0.12978234217796772, 0.13830262891324724, 0.14726051975406496, 0.15667615956285313, 0.16657047744666592, 0.17696521239055737, 0.18788293926267077, 0.19934709518649074, 0.21138200627037934, 0.22401291467901363, 0.23726600602569767, 0.25116843705873515, 0.26574836360909826, 0.2810349687604793, 0.2970584911964327, 0.3138502536726635, 0.3314426915555648, 0.34986938136080986, 0.3691650692181425, 0.3893656991804412, 0.41050844128664554, 0.4326317192791939, 0.4557752378672177, 0.47998000941684754, 0.5052883799396047, 0.5317440542389636, 0.5593921200637778, 0.5882790711053651, 0.6184528286626506, 0.6499627617868895, 0.6828597057041492, 0.7171959782999555, 0.7530253944363343, 0.7904032778569611, 0.8293864704213096, 0.8700333383936578, 0.9124037754976223, 0.9565592738052616, 1.002563703707718, 1.0504839863344984, 1.1003900003951108, 1.1523544892380044, 1.206453020608799, 1.262763976995086, 1.3213685629706524, 1.382350821031788, 1.4457976504734198, 1.511798825684106, 1.5804470113297167, 1.6518377725378848, 1.7260695785656286, 1.803243798637867, 1.8834646887498512, 1.9668393682714225, 2.0534777851997923, 2.1434926688953198, 2.236999469111116, 2.334116280098449, 2.4349637485401754, 2.5396649640368896, 2.6483453308476825, 2.7611324195714317, 2.878155797447411, 2.9995468359575757, 3.1254384944290674, 3.2559650783661924, 3.3912619712883174, 3.53146533891577, 3.6767118046319074, 3.8271380952580145, 3.982880656310493, 4.144075236068763, 4.310856437969063, 4.483357241055377, 4.6617084884652344, 4.846038344205994, 5.036471718786834, 5.23312966461297, 5.4361287424210385, 5.6455803604366555, 5.861590088365011, 6.084256948779952, 6.31367268895268, 6.549921036653175, 6.793076943960116, 7.043205823621635, 7.30036278301212, 7.564591861220788, 7.835925275276397, 8.114382681948921, 8.39997046196245, 8.692681033792528, 8.992492204494129, 9.299366565201922, 9.613250939051277, 9.934075889276034, 10.261755295138137, 10.59618600312657, 10.937247560522575, 11.284802037960539, 11.638693947017732, 11.99875025814208, 12.364780523379567, 12.736577107398722, 13.113915529239152, 13.49655491604794, 13.884238568828016, 14.276694638926, 14.673636912654626, 15.074765700100775, 15.47976882283894, 15.88832269397764, 16.300093482738585, 16.714738354630583, 17.131906777255978, 17.551241880898807, 17.97238186230966, 18.39496141953823, 18.818613205282887, 19.24296928603456, 19.667662594293578, 20.092328361331482, 20.516605518349618, 20.94013805444279, 21.362576320495734, 21.783578269005226, 22.20281062081185, 22.619949950819873, 23.034683685958125, 23.44671100986428, 23.8557436700348, 24.261506684448786, 24.663738945923004, 25.06219372366583, 25.456639062650638, 25.846858082507325, 26.232649178620093, 26.61382612900937, 26.99021811135718, 27.36166963520349, 27.728040394893334, 28.08920504929068, 28.445052934598166, 28.795487716835538, 29.14042699064094, 29.47980183107527, 29.813556305039544, 30.141646948768074, 30.46404221764619, 30.780721914330357, 31.09167660083093, 31.396906999863152, 31.696423390389782, 31.990245001877458, 32.278399411376625, 32.56092194711888, 32.83785510191212, 33.10924795920831, 33.37515563432621, 33.635638732935064, 33.89076282854888, 34.14059796044626, 34.385218153119744, 34.62470095807233, 34.859127018517526, 35.0885796573035, 35.31314448817059, 35.532909050264735, 35.747962465665616, 35.95839511954707, 36.164298362466496, 36.365764234179004, 36.562885208288755, 36.75575395698337, 36.94446313504536, 37.129105182296435, 37.309772143604214, 37.486555505565306, 37.659546048972544, 37.82883371617593, 37.994507492455774, 38.156655300541175, 38.31536390742665, 38.47071884266344, 38.6228043273289, 38.77170321290699, 38.91749692934403, 39.06026544157692, 39.20008721386433, 39.33703918128563, 39.47119672780626, 39.60263367034218, 39.73142224828958, 39.8576331180185, 39.98133535186091, 40.10259644115483, 40.22148230293538, 40.33805728989254, 40.45238420324247, 40.56452430818511, 40.67453735164584, 40.782481582021774, 40.888413770675875, 40.992389234942536, 41.09446186242785, 41.194684136406224, 41.29310716213202, 41.38978069390099, 41.48475316271116, 41.578071704386666, 41.66978218804104, 41.7599292447683, 41.848556296461396, 41.93570558466761, 42.02141819940019, 42.10573410783395, 42.18869218282085, 42.27033023116866, 42.35068502163272, 42.429792312577085, 42.50768687926664, 42.58440254075741, 42.65997218635653, 42.73442780162815, 42.80780049392476, 42.88012051742773, 42.95141729768342, 43.02171945562445, 43.09105483106819, 43.15945050568699, 43.22693282544664, 43.29352742251149, 43.359259236616374, 43.42415253590699, 43.488230937251565, 43.55151742602799, 43.61403437539162, 43.67580356502956, 43.7368461994086, 43.79718292552391, 43.8568338501569, 43.91581855665058, 43.97415612121152, 44.03186512874773, 44.0889636882519, 44.145469447740005, 44.20139960875508, 44.25677094044633, 44.311599793233675, 44.365902112067936, 44.419693449296865, 44.4729889771471, 44.52580349983224, 44.578151465297005, 44.63004697660735, 44.68150380299649, 44.73253539057625, 44.783154872723614, 44.83337508015141, 44.88320855067273, 44.932667538667786, 44.981764024262276, 45.030509722225716, 45.07891609059832, 45.126994339054626, 45.17475543701197, 45.222210121491585, 45.26936890474014, 45.31624208161897, 45.36283973676846, 45.40917175155453, 45.455247810804096, 45.50107740933621, 45.54666985829534, 45.59203429129306, 45.637179670364304, 45.682114791743984, 45.72684829146985, 45.77138865081706, 45.81574420156979, 45.85992313113525, 45.90393348750495, 45.94778318406828, 45.991480004282934, 46.03503160620696, 46.07844552689656, 46.12172918667419, 46.164889893270825, 46.20793484584655, 46.250871138893174, 46.29370576602259, 46.33644562364455, 46.379097514537136, 46.42166815131334, 46.464164159786975, 46.50659208224083, 46.548958380600254, 46.59126943951484, 46.63353156935104, 46.67575100909835, 46.71793392919149, 46.76008643425123, 46.80221456574594, 46.84432430457638, 46.88642157358561, 46.9285122399963, 46.97060211777735, 47.01269696994164, 47.05480251077689, 47.09692440801114, 47.13906828491475, 47.18123972234031, 47.22344426070207, 47.26568740189629, 47.30797461116389, 47.35031131889676, 47.39270292238875, 47.43515478753289, 47.47767225046551, 47.520260619158705, 47.56292517496184, 47.60567117409319, 47.64850384908253, 47.69142841016557, 47.73445004663084, 47.777573928119935, 47.82080520588166, 47.86414901398075, 47.90761047046168, 47.951194678468134, 47.9949067273186, 48.0387516935385, 48.08273464184924, 48.1268606261146, 48.171134690244585, 48.21556186905725, 48.26014718909851, 48.304895669420226, 48.34981232231667]]","[array([6.37688001e-05, 6.00799169e-05, 5.86665222e-05, 5.87302911e-05,
       5.97888131e-05, 6.15496352e-05, 6.38350553e-05, 6.65371473e-05,
       6.95906380e-05, 7.29565777e-05, 7.66124696e-05, 8.05462794e-05,
       8.47527815e-05, 8.92313145e-05, 9.39843899e-05, 9.90168190e-05,
       1.04335158e-04, 1.09947351e-04, 1.15862490e-04, 1.22090660e-04,
       1.28642825e-04, 1.35530759e-04, 1.42766988e-04, 1.50364751e-04,
       1.58337979e-04, 1.66701270e-04, 1.75469882e-04, 1.84659721e-04,
       1.94287340e-04, 2.04369938e-04, 2.14925359e-04, 2.25972099e-04,
       2.37529307e-04, 2.49616794e-04, 2.62255036e-04, 2.75465187e-04,
       2.89269078e-04, 3.03689234e-04, 3.18748875e-04, 3.34471925e-04,
       3.50883020e-04, 3.68007512e-04, 3.85871476e-04, 4.04501715e-04,
       4.23925759e-04, 4.44171873e-04, 4.65269051e-04, 4.87247018e-04,
       5.10136226e-04, 5.33967846e-04, 5.58773764e-04, 5.84586565e-04,
       6.11439522e-04, 6.39366579e-04, 6.68402329e-04, 6.98581992e-04,
       7.29941384e-04, 7.62516885e-04, 7.96345404e-04, 8.31464333e-04,
       8.67911503e-04, 9.05725125e-04, 9.44943738e-04, 9.85606226e-04,
       1.02775401e-03, 1.07143574e-03, 1.11670677e-03, 1.16362702e-03,
       1.21225953e-03, 1.26266965e-03, 1.31492449e-03, 1.36909262e-03,
       1.42524383e-03, 1.48344896e-03, 1.54377976e-03, 1.60630879e-03,
       1.67110922e-03, 1.73825476e-03, 1.80781943e-03, 1.87987739e-03,
       1.95450277e-03, 2.03176940e-03, 2.11175057e-03, 2.19451876e-03,
       2.28014531e-03, 2.36870009e-03, 2.46025114e-03, 2.55486425e-03,
       2.65260256e-03, 2.75352607e-03, 2.85769116e-03, 2.96515005e-03,
       3.07595025e-03, 3.19013395e-03, 3.30773742e-03, 3.42879034e-03,
       3.55331511e-03, 3.68132613e-03, 3.81282912e-03, 3.94782029e-03,
       4.08628562e-03, 4.22820004e-03, 4.37352666e-03, 4.52221599e-03,
       4.67420511e-03, 4.82941693e-03, 4.98775942e-03, 5.14912489e-03,
       5.31338932e-03, 5.48041169e-03, 5.65003346e-03, 5.82207803e-03,
       5.99635033e-03, 6.17263654e-03, 6.35070383e-03, 6.53030028e-03,
       6.71115497e-03, 6.89297809e-03, 7.07546137e-03, 7.25827850e-03,
       7.44108587e-03, 7.62352339e-03, 7.80521557e-03, 7.98577268e-03,
       8.16479222e-03, 8.34186051e-03, 8.51655445e-03, 8.68844346e-03,
       8.85709165e-03, 9.02206001e-03, 9.18290887e-03, 9.33920035e-03,
       9.49050103e-03, 9.63638453e-03, 9.77643429e-03, 9.91024625e-03,
       1.00374316e-02, 1.01576193e-02, 1.02704588e-02, 1.03756224e-02,
       1.04728078e-02, 1.05617398e-02, 1.06421726e-02, 1.07138914e-02,
       1.07767139e-02, 1.08304916e-02, 1.08751105e-02, 1.09104920e-02,
       1.09365931e-02, 1.09534065e-02, 1.09609602e-02, 1.09593172e-02,
       1.09485746e-02, 1.09288623e-02, 1.09003420e-02, 1.08632053e-02,
       1.08176721e-02, 1.07639887e-02, 1.07024254e-02, 1.06332747e-02,
       1.05568485e-02, 1.04734760e-02, 1.03835013e-02, 1.02872805e-02,
       1.01851801e-02, 1.00775735e-02, 9.96483957e-03, 9.84736010e-03,
       9.72551750e-03, 9.59969289e-03, 9.47026416e-03, 9.33760423e-03,
       9.20207936e-03, 9.06404771e-03, 8.92385800e-03, 8.78184835e-03,
       8.63834527e-03, 8.49366278e-03, 8.34810171e-03, 8.20194912e-03,
       8.05547787e-03, 7.90894628e-03, 7.76259800e-03, 7.61666185e-03,
       7.47135191e-03, 7.32686758e-03, 7.18339379e-03, 7.04110128e-03,
       6.90014690e-03, 6.76067402e-03, 6.62281294e-03, 6.48668137e-03,
       6.35238493e-03, 6.22001766e-03, 6.08966258e-03, 5.96139223e-03,
       5.83526923e-03, 5.71134685e-03, 5.58966955e-03, 5.47027355e-03,
       5.35318738e-03, 5.23843238e-03, 5.12602323e-03, 5.01596847e-03,
       4.90827096e-03, 4.80292835e-03, 4.69993351e-03, 4.59927499e-03,
       4.50093737e-03, 4.40490168e-03, 4.31114575e-03, 4.21964453e-03,
       4.13037044e-03, 4.04329363e-03, 3.95838230e-03, 3.87560291e-03,
       3.79492048e-03, 3.71629875e-03, 3.63970044e-03, 3.56508739e-03,
       3.49242080e-03, 3.42166132e-03, 3.35276923e-03, 3.28570459e-03,
       3.22042734e-03, 3.15689739e-03, 3.09507477e-03, 3.03491969e-03,
       2.97639261e-03, 2.91945433e-03, 2.86406605e-03, 2.81018942e-03,
       2.75778661e-03, 2.70682030e-03, 2.65725380e-03, 2.60905101e-03,
       2.56217647e-03, 2.51659539e-03, 2.47227367e-03, 2.42917791e-03,
       2.38727541e-03, 2.34653419e-03, 2.30692301e-03, 2.26841133e-03,
       2.23096936e-03, 2.19456803e-03, 2.15917899e-03, 2.12477461e-03,
       2.09132799e-03, 2.05881290e-03, 2.02720385e-03, 1.99647600e-03,
       1.96660521e-03, 1.93756801e-03, 1.90934157e-03, 1.88190372e-03,
       1.85523291e-03, 1.82930822e-03, 1.80410931e-03, 1.77961648e-03,
       1.75581056e-03, 1.73267297e-03, 1.71018570e-03, 1.68833123e-03,
       1.66709262e-03, 1.64645341e-03, 1.62639765e-03, 1.60690987e-03,
       1.58797508e-03, 1.56957875e-03, 1.55170680e-03, 1.53434558e-03,
       1.51748186e-03, 1.50110283e-03, 1.48519609e-03, 1.46974960e-03,
       1.45475172e-03, 1.44019118e-03, 1.42605704e-03, 1.41233873e-03,
       1.39902601e-03, 1.38610895e-03, 1.37357795e-03, 1.36142372e-03,
       1.34963725e-03, 1.33820984e-03, 1.32713304e-03, 1.31639871e-03,
       1.30599893e-03, 1.29592606e-03, 1.28617270e-03, 1.27673170e-03,
       1.26759613e-03, 1.25875928e-03, 1.25021468e-03, 1.24195605e-03,
       1.23397732e-03, 1.22627263e-03, 1.21883630e-03, 1.21166285e-03,
       1.20474695e-03, 1.19808350e-03, 1.19166752e-03, 1.18549422e-03,
       1.17955896e-03, 1.17385728e-03, 1.16838482e-03, 1.16313742e-03,
       1.15811104e-03, 1.15330177e-03, 1.14870583e-03, 1.14431960e-03,
       1.14013956e-03, 1.13616232e-03, 1.13238459e-03, 1.12880323e-03,
       1.12541518e-03, 1.12221750e-03, 1.11920737e-03, 1.11638204e-03,
       1.11373888e-03, 1.11127536e-03, 1.10898903e-03, 1.10687753e-03,
       1.10493861e-03, 1.10317007e-03, 1.10156982e-03, 1.10013584e-03,
       1.09886619e-03, 1.09775900e-03, 1.09681250e-03, 1.09602495e-03,
       1.09539470e-03, 1.09492019e-03, 1.09459988e-03, 1.09443232e-03,
       1.09441613e-03, 1.09454997e-03, 1.09483256e-03, 1.09526270e-03,
       1.09583921e-03, 1.09656100e-03, 1.09742699e-03, 1.09843619e-03,
       1.09958764e-03, 1.10088042e-03, 1.10231366e-03, 1.10388655e-03,
       1.10559830e-03, 1.10744818e-03, 1.10943549e-03, 1.11155957e-03,
       1.11381980e-03, 1.11621559e-03, 1.11874639e-03, 1.12141169e-03,
       1.12421101e-03, 1.12714388e-03, 1.13020989e-03, 1.13340865e-03,
       1.13673979e-03, 1.14020297e-03, 1.14379788e-03, 1.14752423e-03,
       1.15138176e-03])]","[[0, 6.376880005047202e-05, 0.00012384871691641303, 0.0001825152391581995, 0.0002412455303026639, 0.0003010343434290753, 0.0003625839785822179, 0.0004264190338711795, 0.0004929561811597072, 0.0005625468191279321, 0.0006355033968591657, 0.0007121158664748701, 0.0007926621458391168, 0.0008774149273007975, 0.000966646241829729, 0.0010606306317130696, 0.0011596474506989402, 0.0012639826091893286, 0.0013739299605591922, 0.00148979245103554, 0.0016118831107143979, 0.001740525935780919, 0.001876056694964265, 0.0020188236825820147, 0.0021691884337291037, 0.0023275264127484456, 0.0024942276831799175, 0.0026696975653715716, 0.002854357286515674, 0.0030486446268351538, 0.003253014564864069, 0.0034679399241570688, 0.003693912023274813, 0.003931441330490326, 0.004181058124321805, 0.004443313160704162, 0.004718778347352796, 0.005008047425640145, 0.005311736660091671, 0.005630485535407978, 0.005964957460729518, 0.006315840480676242, 0.006683847992513901, 0.007069719468618834, 0.007474221183232103, 0.0078981469423097, 0.00834231881508697, 0.00880758786578059, 0.009294834883649704, 0.009804971109427517, 0.010338938955915375, 0.010897712720301966, 0.01148229928553025, 0.012093738807783454, 0.012733105386898588, 0.013401507716240994, 0.01410008970828646, 0.014830031091858157, 0.015592547976654469, 0.016388893380380673, 0.017220357713463117, 0.018088269215979603, 0.018993994341084865, 0.01993893807884685, 0.02092454430497957, 0.021952298319405948, 0.023023734057775545, 0.024140440826452, 0.025304067841770184, 0.02651632736887363, 0.027778997015471447, 0.029093921506859976, 0.030463014131614615, 0.0318882579645823, 0.033371706923680494, 0.034915486686547766, 0.03652179547445499, 0.03819290469934584, 0.039931159462578136, 0.04173897888916942, 0.04361885627807962, 0.04557335904667796, 0.04760512844567712, 0.04971687901926463, 0.05191139778380293, 0.05419154309724385, 0.05656024319028618, 0.05902049432929182, 0.061575358580078204, 0.06422796114094252, 0.0669814872126734, 0.06983917837290042, 0.07280432842195707, 0.07588027866752771, 0.07907041261575552, 0.08237815003725055, 0.08580694037760042, 0.08936025548359822, 0.09304158161850844, 0.0968544107423416, 0.10080223103634454, 0.10488851665478055, 0.10911671669161084, 0.11349024335492938, 0.11801245934797583, 0.12268666446227411, 0.12751608139592685, 0.13250384081833502, 0.1376529657115911, 0.14296635502848015, 0.14844676671736567, 0.154096800175168, 0.1599188782010682, 0.16591522853538326, 0.17208786508011858, 0.17843856890985604, 0.18496886919370006, 0.1916800241607767, 0.19857300225303962, 0.2056484636196453, 0.2129067421166598, 0.2203478279840942, 0.22797135137896357, 0.23577656694796242, 0.2437623396261915, 0.25192713184891563, 0.26026899236136275, 0.26878554680690875, 0.2774739902664837, 0.2863310819115866, 0.2953531419198696, 0.3045360507858626, 0.31387525114014475, 0.323365752168284, 0.3330021366963817, 0.34277857098337505, 0.35268881723172385, 0.362726248798162, 0.3728838680553096, 0.3831543268236308, 0.3935299492620499, 0.40400275707506333, 0.41456449686499797, 0.4252066694307219, 0.4359205607891606, 0.44669727467390197, 0.4575277662464385, 0.468402876740559, 0.4793133687493746, 0.490249961857637, 0.5012033683195156, 0.5121643284838421, 0.5231236456749497, 0.5340722202474478, 0.5450010825473292, 0.5559014245293772, 0.5667646298015165, 0.5775823018900814, 0.5883462905454646, 0.5990487159347295, 0.6096819905959865, 0.620238839058112, 0.6307123150582113, 0.6410958163175952, 0.651383096864506, 0.6615682769179815, 0.6716458503717189, 0.6816106899393231, 0.6914580500426211, 0.7011835675426578, 0.710783260428416, 0.7202535245911799, 0.729591128822782, 0.7387932081837839, 0.7478572558930258, 0.756781113893077, 0.7655629622470703, 0.7742013075214046, 0.782694970306036, 0.7910430720197705, 0.7992450211423248, 0.807300499008159, 0.8152094452894151, 0.8229720432869161, 0.8305887051392958, 0.8380600570511029, 0.845386924631327, 0.8525703184243782, 0.8596114197062235, 0.8665115666092896, 0.8732722406309364, 0.8798950535718958, 0.8863817349431047, 0.8927341198718861, 0.8989541375314835, 0.9050438001115507, 0.9110051923413547, 0.9168404615721556, 0.9225518084204891, 0.9281414779698689, 0.9336117515247325, 0.9389649389072546, 0.9442033712849095, 0.9493293945143589, 0.9543453629853375, 0.9592536339466667, 0.9640565622953352, 0.9687564958086806, 0.9733557707990925, 0.9778567081702717, 0.9822616098539197, 0.9865727556057508, 0.9907924001399054, 0.9949227705811649, 0.9989660642148017, 1.0029244465144387, 1.006800049428897, 1.0105949699096914, 1.01431126866155, 1.0179509690990922, 1.0215160564935788, 1.0250084772944388, 1.0284301386110752, 1.0317829078412506, 1.03506861243313, 1.0382890397688411, 1.0414459371581546, 1.0445410119316298, 1.0475759316232687, 1.0505523242334036, 1.0534717785632028, 1.0563358446127904, 1.0591460340355787, 1.0619038206419689, 1.0646106409461111, 1.067267894749918, 1.069876945758994, 1.0724391222256007, 1.0749557176141775, 1.0774279912853437, 1.079857169194663, 1.082244444602794, 1.0845909787939672, 1.0868979018000207, 1.0891663131274987, 1.0913972824855733, 1.0935918505127764, 1.0957510295007473, 1.0978758041134, 1.0999671321000941, 1.102025945001561, 1.1040531488474923, 1.1060496248448344, 1.108016230055966, 1.1099537980660479, 1.1118631396389447, 1.1137450433612124, 1.115600276273737, 1.1174295844906859, 1.1192336938055094, 1.1210133102837914, 1.1227691208428103, 1.124501793817721, 1.126211979514319, 1.127900310748387, 1.1295674033716647, 1.1312138567845123, 1.1328402544353722, 1.134447164307155, 1.1360351393907016, 1.1376047181454911, 1.1391564249477821, 1.1406907705263905, 1.1422082523863157, 1.1437093552204447, 1.1451945513095603, 1.1466643009109028, 1.1481190526355232, 1.149559243814682, 1.1509853008555466, 1.1523976395864401, 1.1537966655918988, 1.1551827745377938, 1.1565563524867724, 1.1579177762042714, 1.1592674134553564, 1.1606056232926347, 1.1619327563354889, 1.1632491550408743, 1.1645551539659196, 1.1658510800225659, 1.1671372527244763, 1.1684139844264418, 1.169681580556507, 1.1709403398410314, 1.1721905545229014, 1.1734325105730998, 1.174666487895834, 1.1758927605274234, 1.1771115968291397, 1.178323259674181, 1.179528006628973, 1.180726090128966, 1.1819177576491056, 1.1831032518691431, 1.18428281083395, 1.185456668108992, 1.18662505293112, 1.187788190354825, 1.1889463013940997, 1.190099603160049, 1.1912483089943844, 1.1923926285989321, 1.1935327681612837, 1.1946689304767097, 1.1958013150664557, 1.1969301182925383, 1.1980555334691465, 1.199177750970761, 1.2002969583370908, 1.2014133403749294, 1.2025270792570262, 1.203638354618065, 1.2047473436478415, 1.2058542211817251, 1.2069591597884861, 1.208062329855573, 1.2091638996719134, 1.2102640355083147, 1.2113629016955354, 1.2124606607000965, 1.2135574731978982, 1.214653498145707, 1.2157488928505722, 1.216843813037233, 1.2179384129135689, 1.2190328452341515, 1.2201272613619467, 1.221221811328217, 1.2223166438906714, 1.2234119065899098, 1.224507745804203, 1.2256043068026505, 1.2267017337967552, 1.2278001699904544, 1.2288997576286396, 1.230000638044202, 1.2311029517036343, 1.2322068382512206, 1.2333124365518415, 1.234419884732425, 1.2355293202220654, 1.2366408797908381, 1.2377546995873299, 1.2388709151749082, 1.23998966156675, 1.2411110732596475, 1.2422352842666082, 1.243362428148266, 1.2444926380431198, 1.2456260466966085, 1.246762786489041, 1.2479029894623876, 1.249046787345946, 1.2501943115808887, 1.2513456933437004]]"
40.0,40.0,3,60,90,I1-S1,"[[0.01, 0.009218546420913139, 0.008861068736292907, 0.0087750579360058, 0.008868442301030488, 0.009085487217506374, 0.009392359467093546, 0.009768509136491613, 0.010201491610877748, 0.010683852850137428, 0.011211250470804764, 0.011781316619652682, 0.012392966745026447, 0.013045976979804603, 0.013740723847604686, 0.014478022504331153, 0.015259025174092921, 0.016085156681362907, 0.01695807311856518, 0.01787963517201129, 0.018851890925918227, 0.019877064951339677, 0.020957551688901517, 0.02209591186510658, 0.023294871129468386, 0.024557320376291766, 0.025886317387924275, 0.02728508954619433, 0.028757037429848725, 0.030305739162772308, 0.031934955409501864, 0.03364863493644918, 0.03545092067265035, 0.03734615621482302, 0.039338892729338555, 0.041433896209230055, 0.04363615504809977, 0.045950887895117316, 0.048383551756455465, 0.05093985030865828, 0.05362574238869232, 0.056447450623875184, 0.05941147016256103, 0.06252457746342642, 0.06579383909746354, 0.0692266205123626, 0.07283059470385474, 0.07661375073278597, 0.08058440202019446, 0.08475119434545501, 0.08912311346462187, 0.09370949225742904, 0.09852001730198229, 0.10356473476598446, 0.10885405549236862, 0.11439875914546561, 0.12020999727130684, 0.1262992951123705, 0.13267855200304132, 0.13936004015730483, 0.14635640164478914, 0.15368064333526651, 0.1613461295752286, 0.16936657234326505, 0.17775610185405777, 0.18653009989918642, 0.19570565916845092, 0.20530108714343928, 0.21533549801617402, 0.2258285417155384, 0.23680022436170595, 0.24827078808504666, 0.26026062767553215, 0.27279022828349825, 0.28588011316903744, 0.2995507938622748, 0.3138227174558406, 0.32871620739497853, 0.34425139526918863, 0.36044814189283236, 0.37732594649935625, 0.39490384324305305, 0.4132002844600446, 0.4322330103271591, 0.4520189047029435, 0.47257383706036427, 0.49391249054108777, 0.5160481762875677, 0.5389926343493984, 0.5627558216200725, 0.5873456874432255, 0.6127679377360584, 0.6390257887131278, 0.6661197115562287, 0.6940471696648052, 0.7228023504342753, 0.7523758938438718, 0.7827546204868999, 0.813921262039351, 0.8458541975309001, 0.8785271991474976, 0.9119091916476944, 0.945964029804913, 0.9806502985832407, 1.0159211410020992, 1.0517241188316107, 1.0880011113714019, 1.124688257586632, 1.1617159467921898, 1.1990088628762512, 1.2364860867261729, 1.2740612610537752, 1.3116428212070468, 1.349134294798471, 1.3864346720780694, 1.4234388479382933, 1.4600381352697525, 1.4961208481087598, 1.5315729516527252, 1.5662787747959377, 1.600121779389683, 1.6329853789946447, 1.664753798511086, 1.6953129647863436, 1.7245514171530265, 1.7523612258871533, 1.7786389058323298, 1.8032863119482434, 1.8262115033369282, 1.847329562398056, 1.8665633561752653, 1.8838442276793517, 1.8991126060004786, 1.9123185253293151, 1.9234220445649304, 1.9323935609551315, 1.9392140131448574, 1.9438749710466015, 1.9463786120363749, 1.9467375850607453, 1.9449747662572876, 1.9411229115878066, 1.9352242137116145, 1.9273297718426192, 1.9174989846050359, 1.9057988769034895, 1.8923033725392886, 1.8770925247306882, 1.860251716835486, 1.8418708454424242, 1.8220434976143376, 1.8008661334577936, 1.778437284392922, 1.7548567765382894, 1.7302249875458422, 1.7046421440571722, 1.6782076657407317, 1.6510195606439877, 1.6231738753857303, 1.5947642025488709, 1.565881246535977, 1.5366124481368904, 1.5070416671439844, 1.47724892154552, 1.447310181136577, 1.4172972128119816, 1.3872774743449754, 1.3573140531048467, 1.3274656459198915, 1.2977865761406702, 1.2683268438932107, 1.239132205522347, 1.2102442783012917, 1.1817006666142564, 1.1535351059942112, 1.1257776216079716, 1.0984546980167078, 1.0715894572934175, 1.0452018428426342, 1.0193088065352174, 0.9939244970370841, 0.9690604474706354, 0.9447257607977598, 0.9209272915507906, 0.8976698227605302, 0.8749562371369664, 0.852787681747674, 0.8311637256107296, 0.8100825097732398, 0.7895408895836515, 0.7695345689864523, 0.7500582267725064, 0.7311056348080454, 0.7126697683413129, 0.6947429085491557, 0.6773167375376153, 0.660382426051943, 0.6439307141835496, 0.6279519853853075, 0.6124363341233384, 0.5973736275039403, 0.5827535612194821, 0.5685657101577748, 0.5547995740163268, 0.5414446182566912, 0.5284903107253992, 0.5159261542572847, 0.5037417155647832, 0.491926650703457, 0.48047072738988733, 0.4693638444334807, 0.45859604852891833, 0.4481575486411306, 0.4380387281999816, 0.42823015530743563, 0.4187225911459637, 0.4095069967634093, 0.40057453839654683, 0.39191659148316377, 0.38352474350072124, 0.37539079575850665, 0.3675067642596999, 0.35986487973992004, 0.35245758697960344, 0.34527754347896383, 0.33831761757628326, 0.33157088608286, 0.32503063150106437, 0.31869033888560516, 0.31254369240225754, 0.30658457163291725, 0.30080704767090377, 0.2952053790459029, 0.28977400751379145, 0.2845075537428006, 0.2794008129240166, 0.27444875033107374, 0.26964649685103176, 0.2649893445058326, 0.2604727419813772, 0.25609229017913, 0.2518437378032345, 0.24772297699438167, 0.24372603902010906, 0.23984909002979637, 0.23608842688135975, 0.23244047304551063, 0.2289017745924299, 0.22546899626480085, 0.22213891764033541, 0.21890842938621, 0.2157745296071874, 0.21273432028863873, 0.20978500383517903, 0.20692387970519355, 0.20414834114114663, 0.20145587199523057, 0.19884404364961977, 0.19631051203034453, 0.1938530147135821, 0.1914693681229781, 0.1891574648164558, 0.18691527086083992, 0.1847408232925144, 0.18263222766224527, 0.1805876556622317, 0.17860534283339333, 0.1766835863508639, 0.1748207428856339, 0.1730152265402696, 0.17126550685662909, 0.16957010689349922, 0.16792760137208645, 0.16633661488731138, 0.16479582018287736, 0.16330393648811145, 0.16185972791460523, 0.16046200191071736, 0.15910960777203612, 0.15780143520593962, 0.15653641294843154, 0.15531350743147324, 0.15413172149907609, 0.15299009317046255, 0.1518876944486488, 0.15082363017284767, 0.14979703691313495, 0.1488070819058681, 0.14785296202839066, 0.14693390281160038, 0.1460491574890034, 0.1451980060809195, 0.14437975451254656, 0.14359373376463422, 0.14283929905555753, 0.14211582905362197, 0.14142272511846968, 0.14075941057049585, 0.1401253299872211, 0.13951994852560162, 0.13894275126929465, 0.1383932425999308, 0.13787094559147803, 0.13737540142681398, 0.13690616883565498, 0.1364628235530198, 0.1360449577974356, 0.13565217976812152, 0.13528411316041272, 0.1349403966987139, 0.13462068368629646, 0.13432464157127796, 0.13405195152814645, 0.13380230805421395, 0.1335754185804062, 0.13337100309581598, 0.1331887937854678, 0.13302853468076112, 0.13288998132207774, 0.13277290043305692, 0.132677069606059, 0.13260227699835464, 0.13254832103859274, 0.13251501014311493, 0.13250216244169927, 0.1325096055123298, 0.13253717612460142, 0.13258471999138272, 0.13265209152837132, 0.13273915362118824, 0.13284577739966827, 0.13297184201901496, 0.133117234447498, 0.13328184926038103, 0.1334655884397772, 0.1336683611801383, 0.1338900836990918, 0.13413067905334866, 0.13439007695941155, 0.134668213618821, 0.13496503154768413, 0.13528047941023624, 0.13561451185619308, 0.13596708936165672, 0.13633817807334378, 0.13672774965591047, 0.13713578114215383, 0.13756225478587328, 0.13800715791718163, 0.13847048280005864, 0.1389522264919448, 0.13945239070517676, 0.13997098167006974, 0.14050800999945573, 0.1410634905544897, 0.14163744231153974, 0.1422298882299795, 0.14284085512070466, 0.14347037351519817, 0.14411847753497137, 0.14478520476121087, 0.14547059610446397, 0.14617469567419697, 0.14689755064806437, 0.147639211140728, 0.14839973007206844]]","[[0.01, 0.011673645222856313, 0.01362924433757481, 0.01580189464359648, 0.018156395218086843, 0.020675309486201863, 0.02335184335222987, 0.026185646711163364, 0.029180325098491645, 0.032341971949709045, 0.03567830928606161, 0.03919819119465235, 0.04291132339528029, 0.04682811136845309, 0.05095958490160592, 0.055317368049370076, 0.059913676122189626, 0.06476132884210084, 0.06987377328543891, 0.07526511289600765, 0.08095014043202778, 0.08694437364405178, 0.09326409303059213, 0.09992638133952556, 0.10694916466943608, 0.11435125513130863, 0.12215239509027637, 0.13037330303894684, 0.13903572116968776, 0.1481624647198936, 0.15777747316560758, 0.16790586333719368, 0.17857398452730547, 0.18980947565686157, 0.20164132455945177, 0.21409992943869782, 0.22721716254660007, 0.24102643612376728, 0.2555627706345622, 0.27086286532148846, 0.2869651710934675, 0.30390996575186524, 0.32173943154608803, 0.3404977350371142, 0.3602311092323065, 0.38098793793809343, 0.402818842258441, 0.42577676914627827, 0.449917081892009, 0.47529765240773825, 0.5019789551376755, 0.5300241623941374, 0.559499240884457, 0.590473049156712, 0.6230174356512912, 0.6572073370007387, 0.6931208761718332, 0.7308394599913045, 0.7704478755397793, 0.8120343848373247, 0.8556908171782159, 0.9015126584021784, 0.9495991363143098, 1.0000533013861725, 1.0529821893280966, 1.1084978494657647, 1.1667182168369559, 1.2277669947903087, 1.291773502883456, 1.358872575809858, 1.4292044967485151, 1.5029149521843936, 1.5801549978401113, 1.6610810272471983, 1.7458547358601526, 1.834643074614636, 1.9276181875506264, 2.024957328634391, 2.126842753273849, 2.2334615802715985, 2.345005620130821, 2.4616711657471826, 2.583658741605694, 2.711172807672902, 2.8444214142469324, 2.9836158041141694, 3.128969958473892, 3.2807000832421984, 3.4390240325444967, 3.6041606664616523, 3.7763291404178454, 3.9557481239970373, 4.14263494745766, 4.337204674788819, 4.53966910282191, 4.750235686683686, 4.96910639275334, 5.19647648126783, 5.432533221804894, 5.677454546057495, 5.931407643589026, 6.194547507614384, 6.467015439272831, 6.748937520325132, 7.040423065696515, 7.341563068770714, 7.652428653787008, 7.973069551066204, 8.303512612054016, 8.643760382279853, 8.993789751242653, 9.353550698909517, 9.722965158904966, 10.101926018538514, 10.490296275529825, 10.887908370613934, 11.294563714121193, 11.71003242311462, 12.13405328372859, 12.566333950997091, 13.00655139570958, 13.454352604723825, 13.909355537747421, 14.371150339935102, 14.839300805811167, 15.313346086098814, 15.792802625111827, 16.277166312534295, 16.765914829777984, 17.258510167759386, 17.75440128996905, 18.25302691219514, 18.75381836827989, 19.256202529886057, 19.759604747467286, 20.263451779491266, 20.76717467745672, 21.270211595356752, 21.772010493934445, 22.272031712299267, 22.76975038215732, 23.26465866297676, 23.756267779774884, 24.244109848784476, 24.727739479940908, 25.20673514883738, 25.680700334437134, 26.14926442232951, 26.61208337660187, 27.068840186412707, 27.51924509604642, 27.963035629572758, 28.39997642320203, 28.82985888001077, 29.252500662912972, 29.667745042579444, 30.07546011748209, 30.475537923386568, 30.86789344946724, 31.252463577807585, 31.629205962414435, 31.99809786305343, 32.35913494824384, 32.71233008066954, 33.05771209710358, 33.395324593737975, 33.72522472658592, 34.047482035405594, 34.36217729840355, 34.66940142382937, 34.969254383485094, 35.261844192154186, 35.54728593601244, 35.82570085222245, 36.09721546113676, 36.36196075184267, 36.62007142117233, 36.87168516577389, 37.11694202638739, 37.35598378308972, 37.58895339996062, 37.81599451737049, 38.037250989895696, 38.25286646772174, 38.46298401929372, 38.667745792911575, 38.8672927149391, 39.06176422229649, 39.25129802693057, 39.43602991000208, 39.61609354359058, 39.79162033779205, 39.962739311168605, 40.1295769826018, 40.29225728269791, 40.450901482994134, 40.605628141316146, 40.75655306173974, 40.903789267709925, 41.04744698697, 41.18763364704919, 41.3244538801504, 41.4580095363687, 41.588399704256105, 41.715720737829045, 41.840066289191036, 41.96152734601485, 42.080192273195884, 42.19614685805127, 42.30947435849774, 42.42025555369587, 42.52856879669865, 42.634490068688876, 42.73809303443279, 42.83944909861691, 42.9386274627713, 43.0356951825154, 43.13071722489313, 43.223756525591604, 43.314874045862645, 43.40412882898962, 43.49157805616228, 43.577277101641634, 43.66127958711322, 43.74363743514298, 43.82440092166322, 43.903618727428736, 43.981337988394195, 44.05760434497366, 44.13246199015207, 44.20595371642618, 44.27812096155965, 44.34900385314286, 44.41864125195364, 44.48707079411976, 44.55432893208833, 44.62045097441068, 44.685471124354606, 44.74942251735854, 44.8123372573445, 44.87424645190859, 44.93518024640956, 44.99516785697729, 45.05423760246408, 45.11241693536263, 45.16973247171524, 45.22621002003924, 45.2818746092941, 45.336750515915845, 45.390861289944404, 45.44422978026972, 45.49687815902216, 45.548827945132636, 45.60010002708773, 45.650714684904464, 45.7006916113495, 45.750049932426556, 45.79880822715597, 45.846984546669354, 45.89459643264215, 45.94166093508626, 45.98819462952423, 46.034213633566246, 46.079733622910375, 46.124769846786045, 46.16933714286018, 46.213449951624874, 46.25712233028487, 46.30036796616263, 46.34320018963817, 46.38563198664034, 46.42767601070575, 46.46934459462079, 46.51064976166205, 46.55160323644958, 46.592216455427184, 46.63250057698335, 46.672466491225975, 46.71212482942362, 46.75148597312546, 46.79056006297191, 46.829357007207214, 46.867886489905025, 46.906157978917626, 46.944180733558944, 46.981963812031296, 47.019516078605236, 47.05684621056178, 47.09396270490571, 47.13087388485845, 47.167587906138806, 47.204112763039156, 47.24045629430495, 47.276626188824615, 47.31262999113692, 47.348475106762564, 47.38416880736641, 47.41971823575668, 47.45513041072709, 47.490412231747555, 47.52557048350931, 47.56061184032946, 47.59554287042028, 47.6303700400282, 47.66509971744702, 47.699738176910245, 47.7342916023665, 47.76876609114263, 47.80316765749823, 47.83750223607562, 47.871775685249034, 47.905993790376385, 47.940162266957344, 47.974286763700746, 48.008372865504676, 48.04242609635218, 48.07645192212552, 48.11045575334178, 48.14444294781252, 48.17841881322992, 48.21238860968205, 48.246357552099504, 48.28033081263559, 48.31431352298241, 48.348310776624665, 48.38232763103334, 48.41636910980105, 48.45044020472081, 48.484545877810035, 48.518691063281295, 48.55288066946145, 48.587119580660584, 48.62141265899216, 48.65576474614575, 48.6901806651135, 48.72466522187167, 48.759223207018216, 48.79385939736765, 48.8285785575039, 48.863385441292486, 48.898284793352495, 48.93328135048949, 48.9683798430899, 49.00358499647773, 49.03890153223415, 49.074334169480636, 49.109887626126145, 49.14556662007889, 49.18137587042304, 49.21732009856092, 49.253404029320876, 49.28963239203121, 49.32600992156042, 49.362541359323956, 49.39923145425759, 49.436084963757644, 49.473106654588015, 49.510301303754105, 49.54767369934365, 49.58522864133431, 49.622970942368084, 49.66090542849222, 49.69903693986657, 49.73737033143716, 49.775910473575685, 49.81466225268464]]","[array([6.37688001e-05, 6.00799169e-05, 5.86665222e-05, 5.87302912e-05,
       5.97888143e-05, 6.15496524e-05, 6.38351608e-05, 6.65375562e-05,
       6.95918341e-05, 7.29594731e-05, 7.66185912e-05, 8.05579760e-05,
       8.47734478e-05, 8.92656277e-05, 9.40385582e-05, 9.90988416e-05,
       1.04455096e-04, 1.10117611e-04, 1.16098118e-04, 1.22409657e-04,
       1.29066472e-04, 1.36083965e-04, 1.43478653e-04, 1.51268158e-04,
       1.59471200e-04, 1.68107609e-04, 1.77198332e-04, 1.86765461e-04,
       1.96832255e-04, 2.07423174e-04, 2.18563913e-04, 2.30281440e-04,
       2.42604041e-04, 2.55561361e-04, 2.69184452e-04, 2.83505825e-04,
       2.98559499e-04, 3.14381056e-04, 3.31007692e-04, 3.48478278e-04,
       3.66833414e-04, 3.86115487e-04, 4.06368732e-04, 4.27639287e-04,
       4.49975254e-04, 4.73426757e-04, 4.98045996e-04, 5.23887311e-04,
       5.51007226e-04, 5.79464509e-04, 6.09320220e-04, 6.40637752e-04,
       6.73482878e-04, 7.07923786e-04, 7.44031109e-04, 7.81877949e-04,
       8.21539896e-04, 8.63095030e-04, 9.06623926e-04, 9.52209633e-04,
       9.99937650e-04, 1.04989589e-03, 1.10217461e-03, 1.15686645e-03,
       1.21406915e-03, 1.27389112e-03, 1.33645065e-03, 1.40187266e-03,
       1.47028647e-03, 1.54182437e-03, 1.61662056e-03, 1.69481055e-03,
       1.77653062e-03, 1.86191750e-03, 1.95110800e-03, 2.04423868e-03,
       2.14144548e-03, 2.24286329e-03, 2.34862546e-03, 2.45886325e-03,
       2.57370517e-03, 2.69327622e-03, 2.81769715e-03, 2.94708343e-03,
       3.08154435e-03, 3.22118184e-03, 3.36608933e-03, 3.51635042e-03,
       3.67203758e-03, 3.83321060e-03, 3.99991515e-03, 4.17218110e-03,
       4.35002090e-03, 4.53342779e-03, 4.72237411e-03, 4.91680942e-03,
       5.11665875e-03, 5.32182075e-03, 5.53216594e-03, 5.74753496e-03,
       5.96773692e-03, 6.19254788e-03, 6.42170941e-03, 6.65492735e-03,
       6.89187079e-03, 7.13217123e-03, 7.37542211e-03, 7.62117849e-03,
       7.86895725e-03, 8.11823754e-03, 8.36846165e-03, 8.61903636e-03,
       8.86933470e-03, 9.11869817e-03, 9.36643946e-03, 9.61184561e-03,
       9.85418172e-03, 1.00926950e-02, 1.03266193e-02, 1.05551803e-02,
       1.07776002e-02, 1.09931042e-02, 1.12009256e-02, 1.14003120e-02,
       1.15905317e-02, 1.17708795e-02, 1.19406826e-02, 1.20993072e-02,
       1.22461631e-02, 1.23807098e-02, 1.25024611e-02, 1.26109890e-02,
       1.27059284e-02, 1.27869792e-02, 1.28539095e-02, 1.29065570e-02,
       1.29448301e-02, 1.29687080e-02, 1.29782401e-02, 1.29735452e-02,
       1.29548087e-02, 1.29222809e-02, 1.28762730e-02, 1.28171537e-02,
       1.27453448e-02, 1.26613166e-02, 1.25655827e-02, 1.24586951e-02,
       1.23412385e-02, 1.22138249e-02, 1.20770883e-02, 1.19316790e-02,
       1.17782588e-02, 1.16174954e-02, 1.14500577e-02, 1.12766118e-02,
       1.10978159e-02, 1.09143172e-02, 1.07267481e-02, 1.05357231e-02,
       1.03418363e-02, 1.01456589e-02, 9.94773709e-03, 9.74859109e-03,
       9.54871338e-03, 9.34856809e-03, 9.14859039e-03, 8.94918624e-03,
       8.75073234e-03, 8.55357641e-03, 8.35803759e-03, 8.16440704e-03,
       7.97294878e-03, 7.78390051e-03, 7.59747468e-03, 7.41385956e-03,
       7.23322040e-03, 7.05570065e-03, 6.88142320e-03, 6.71049159e-03,
       6.54299135e-03, 6.37899115e-03, 6.21854408e-03, 6.06168884e-03,
       5.90845089e-03, 5.75884357e-03, 5.61286918e-03, 5.47052001e-03,
       5.33177931e-03, 5.19662219e-03, 5.06501653e-03, 4.93692378e-03,
       4.81229969e-03, 4.69109506e-03, 4.57325640e-03, 4.45872649e-03,
       4.34744499e-03, 4.23934896e-03, 4.13437326e-03, 4.03245108e-03,
       3.93351427e-03, 3.83749370e-03, 3.74431959e-03, 3.65392180e-03,
       3.56623010e-03, 3.48117437e-03, 3.39868483e-03, 3.31869220e-03,
       3.24112789e-03, 3.16592411e-03, 3.09301400e-03, 3.02233174e-03,
       2.95381263e-03, 2.88739317e-03, 2.82301113e-03, 2.76060556e-03,
       2.70011690e-03, 2.64148695e-03, 2.58465892e-03, 2.52957743e-03,
       2.47618854e-03, 2.42443974e-03, 2.37427995e-03, 2.32565952e-03,
       2.27853019e-03, 2.23284512e-03, 2.18855885e-03, 2.14562725e-03,
       2.10400758e-03, 2.06365836e-03, 2.02453946e-03, 1.98661195e-03,
       1.94983819e-03, 1.91418171e-03, 1.87960724e-03, 1.84608065e-03,
       1.81356892e-03, 1.78204014e-03, 1.75146344e-03, 1.72180900e-03,
       1.69304797e-03, 1.66515250e-03, 1.63809567e-03, 1.61185148e-03,
       1.58639479e-03, 1.56170135e-03, 1.53774773e-03, 1.51451130e-03,
       1.49197020e-03, 1.47010334e-03, 1.44889035e-03, 1.42831157e-03,
       1.40834801e-03, 1.38898135e-03, 1.37019390e-03, 1.35196858e-03,
       1.33428891e-03, 1.31713899e-03, 1.30050346e-03, 1.28436751e-03,
       1.26871682e-03, 1.25353761e-03, 1.23881654e-03, 1.22454077e-03,
       1.21069787e-03, 1.19727589e-03, 1.18426325e-03, 1.17164881e-03,
       1.15942181e-03, 1.14757186e-03, 1.13608894e-03, 1.12496336e-03,
       1.11418581e-03, 1.10374726e-03, 1.09363903e-03, 1.08385273e-03,
       1.07438027e-03, 1.06521383e-03, 1.05634588e-03, 1.04776915e-03,
       1.03947662e-03, 1.03146152e-03, 1.02371733e-03, 1.01623775e-03,
       1.00901669e-03, 1.00204831e-03, 9.95326934e-04, 9.88847123e-04,
       9.82603615e-04, 9.76591340e-04, 9.70805411e-04, 9.65241113e-04,
       9.59893903e-04, 9.54759403e-04, 9.49833393e-04, 9.45111806e-04,
       9.40590726e-04, 9.36266378e-04, 9.32135129e-04, 9.28193481e-04,
       9.24438065e-04, 9.20865639e-04, 9.17473085e-04, 9.14257403e-04,
       9.11215708e-04, 9.08345226e-04, 9.05643294e-04, 9.03107350e-04,
       9.00734936e-04, 8.98523693e-04, 8.96471357e-04, 8.94575756e-04,
       8.92834811e-04, 8.91246527e-04, 8.89808996e-04, 8.88520392e-04,
       8.87378969e-04, 8.86383061e-04, 8.85531073e-04, 8.84821488e-04,
       8.84252858e-04, 8.83823805e-04, 8.83533019e-04, 8.83379256e-04,
       8.83361333e-04, 8.83478134e-04, 8.83728599e-04, 8.84111729e-04,
       8.84626581e-04, 8.85272270e-04, 8.86047963e-04, 8.86952881e-04,
       8.87986295e-04, 8.89147527e-04, 8.90435949e-04, 8.91850977e-04,
       8.93392078e-04, 8.95058759e-04, 8.96850575e-04, 8.98767120e-04,
       9.00808033e-04, 9.02972991e-04, 9.05261711e-04, 9.07673949e-04,
       9.10209498e-04, 9.12868186e-04, 9.15649878e-04, 9.18554473e-04,
       9.21581903e-04, 9.24732132e-04, 9.28005156e-04, 9.31401002e-04,
       9.34919726e-04, 9.38561412e-04, 9.42326175e-04, 9.46214154e-04,
       9.50225514e-04, 9.54360447e-04, 9.58619168e-04, 9.63001917e-04,
       9.67508955e-04, 9.72140566e-04, 9.76897054e-04, 9.81778744e-04,
       9.86785979e-04])]","[[0, 6.376880005047202e-05, 0.00012384871691641303, 0.0001825152391581995, 0.00024124553031315213, 0.0003010343446414412, 0.00036258399701652786, 0.0004264191577836819, 0.0004929567139639973, 0.0005625485480408212, 0.0006355080211755026, 0.0007121266123376537, 0.0007926845883182818, 0.0008774580360687921, 0.0009667236637402918, 0.0010607622219490631, 0.0011598610635869275, 0.0012643161600191671, 0.0013744337705681483, 0.0014905318889349701, 0.0016129415456132346, 0.0017420080179925215, 0.0018780919829010543, 0.0020215706356991932, 0.002172838793245913, 0.0023323099936368007, 0.002500417602658495, 0.002677615934876688, 0.0028643813958399746, 0.0030612136508343193, 0.0032686368248339153, 0.0034872007376816764, 0.0037174821780429916, 0.003960086219273729, 0.004215647580002941, 0.004484832031934228, 0.0047683378571039044, 0.005066897356588312, 0.005381278412418356, 0.005712286104229356, 0.006060764381942214, 0.006427597795532211, 0.0068137132826890144, 0.007220082014900983, 0.007647721302203714, 0.008097696556512489, 0.008571123313106135, 0.009069169309441356, 0.009593056620047127, 0.010144063845773587, 0.010723528355144249, 0.011332848574979437, 0.011973486326817526, 0.012646969204953963, 0.01335489299114085, 0.01409892410013697, 0.014880802049364325, 0.015702341944907383, 0.016565436974980214, 0.01747206090077974, 0.018424270533335764, 0.019424208183556158, 0.020474104071144972, 0.021576278676439166, 0.022733145129195827, 0.02394721427445659, 0.025221105393987153, 0.026557556042775838, 0.02795942869785149, 0.029429715171281037, 0.030971539542514536, 0.032588160106476555, 0.03428297065362545, 0.03605950127178443, 0.03792141877119781, 0.039872526772788616, 0.04191676545700744, 0.04405821094128346, 0.04630107423388731, 0.0486496996981498, 0.05110856295146664, 0.053682268116990395, 0.05637554434144546, 0.05919324148949984, 0.06214032492322052, 0.06522186927412482, 0.06844305111513779, 0.07180914044038003, 0.07532549086221035, 0.07899752843744365, 0.08283073903830183, 0.08683065418859688, 0.09100283529206582, 0.09535285618785956, 0.09988628397810666, 0.10460865808440031, 0.10952546750414209, 0.11464212625405017, 0.11996394700689726, 0.12549611294874277, 0.13124364790757218, 0.13721138483030365, 0.14340393271345245, 0.14982564212316601, 0.15648056947258224, 0.16337244025815853, 0.17050461149131443, 0.177880033596872, 0.18550121208472273, 0.19337016933515846, 0.20148840687055788, 0.20985686851573349, 0.21847590487527055, 0.2273452395776634, 0.2364639377519936, 0.2458303772123542, 0.25544222282731, 0.26529640454560666, 0.27538909953443796, 0.2857157188623675, 0.29627089912519206, 0.30704849936958906, 0.3180416036165281, 0.32924252922464303, 0.34064284126384775, 0.3522333729925107, 0.36400425244881807, 0.37594493508015714, 0.38804424224522216, 0.4002904053340604, 0.41267111516347477, 0.4251735762211891, 0.4377845652540106, 0.45049049362485033, 0.4632774728026584, 0.47613138229963964, 0.48903793933277545, 0.5019827694626011, 0.5149514774518977, 0.5279297175906108, 0.54090326275065, 0.5538580714646479, 0.5667803523652795, 0.5796566253751129, 0.5924737790996327, 0.6052191239463346, 0.617880440568775, 0.6304460233142549, 0.6429047184354904, 0.6552459569083189, 0.6674597817774565, 0.6795368700289599, 0.6914685490599767, 0.7032468078824019, 0.7148643032562889, 0.7263143610005783, 0.7375909727725026, 0.7486887886426643, 0.7596031058202988, 0.7703298539028235, 0.7808655770358038, 0.7912074133744553, 0.8013530722363597, 0.8113008093278965, 0.8210494004147274, 0.8305981137902856, 0.8399466818763882, 0.8490952722675519, 0.8580444585060691, 0.8667951908490572, 0.8753487672621268, 0.8837068048475804, 0.8918712118886014, 0.8998441606651477, 0.9076280611725338, 0.9152255358502519, 0.9226393954066395, 0.9298726158046876, 0.936928316455708, 0.9438097396507663, 0.9505202312447671, 0.9570632225948013, 0.9634422137428034, 0.969660757822622, 0.9757224466631998, 0.9816308975525871, 0.9873897411218551, 0.9930026103035261, 0.9984731303157747, 1.0038049096212576, 1.009001531807899, 1.0140665483381697, 1.019003472113261, 1.0238157717989733, 1.0285068668610062, 1.0330801232586104, 1.0375388497471216, 1.0418862947417187, 1.0461256436967428, 1.0502600169570555, 1.0542924680401358, 1.0582259823098934, 1.062063476005478, 1.0658077955906429, 1.069461717391489, 1.0730279474926132, 1.076509121863832, 1.0799078066917163, 1.0832264988921505, 1.0864676267820217, 1.0896335508899317, 1.092726564887525, 1.0957488966246165, 1.0987027092527997, 1.101590102423622, 1.1044131135487094, 1.1071737191104405, 1.1098738360128975, 1.1125153229638545, 1.1150999818795295, 1.1176295593047032, 1.1201057478416245, 1.1225301875818616, 1.124904467535937, 1.127230127056207, 1.12950865724901, 1.1317415023726187, 1.133930061218002, 1.1360756884698184, 1.1381796960454484, 1.1402433544102133, 1.142267893867239, 1.144254505820699, 1.1462043440114231, 1.1481185257240754, 1.1499981329653055, 1.151844213612456, 1.1536577825325591, 1.1554398226714977, 1.1571912861133267, 1.158913095109855, 1.1606061430806827, 1.1622712955839705, 1.1639093912582839, 1.1655212427359167, 1.1671076375281515, 1.1686693388829528, 1.1702070866156267, 1.1717215979130131, 1.173213568111793, 1.1746836714515188, 1.1761325618029852, 1.1775608733725702, 1.178969221383182, 1.1803582027324475, 1.1817283966287873, 1.1830803652060073, 1.1844146541170468, 1.1857317931075053, 1.1870322965695719, 1.1883166640769671, 1.1895853809014993, 1.1908389185118273, 1.192077735055008, 1.193302275821396, 1.1945129736934519, 1.1957102495789982, 1.1968945128294532, 1.1980661616435568, 1.1992255834570869, 1.2003731553190562, 1.2015092442548625, 1.2026342076168481, 1.203748393422719, 1.2048521406822505, 1.2059457797127016, 1.2070296324433423, 1.2081040127094858, 1.2091692265364034, 1.2102255724134925, 1.21127334155905, 1.212312818175992, 1.2133442796988545, 1.2143679970323924, 1.215384234782084, 1.2163932514768412, 1.2173952997842086, 1.2183906267183333, 1.2193794738409671, 1.2203620774557602, 1.2213386687960965, 1.2223094742067053, 1.2232747153192811, 1.224234609222335, 1.225189368625488, 1.226139202018412, 1.2270843138246197, 1.2280249045502887, 1.2289611709283061, 1.229893306057711, 1.2308214995386997, 1.2317459376033622, 1.2326668032423045, 1.2335842763273064, 1.2344985337301633, 1.2354097494378478, 1.2363180946641295, 1.2372237379577773, 1.2381268453074734, 1.2390275802435537, 1.239926103936692, 1.2408225752936368, 1.2417171510501068, 1.2426099858609467, 1.2435012323876413, 1.2443910413832802, 1.2452795617750645, 1.2461669407444402, 1.2470533238049446, 1.2479388548778385, 1.2488236763656082, 1.2497079292234043, 1.2505917530284913, 1.2514752860477718, 1.2523586653034515, 1.2532420266369073, 1.2541255047708146, 1.2550092333695932, 1.2558933450982226, 1.256777971679481, 1.2576632439496545, 1.2585492919127659, 1.259436244793366, 1.2603242310879297, 1.2612133786148998, 1.262103814563414, 1.2629956655407542, 1.2638890576185506, 1.2647841163777764, 1.2656809669525602, 1.2665797340728495, 1.2674805421059518, 1.2683835150969764, 1.2692887768082068, 1.2701964507574206, 1.2711066602551846, 1.2720195284411395, 1.272935178319296, 1.273853732792357, 1.2747753146950842, 1.2757000468267223, 1.276628051982491, 1.2775594529841618, 1.2784943727097242, 1.2794329341221555, 1.2803752602972986, 1.2813214744508552, 1.2822716999645012, 1.2832260604111259, 1.284184679579201, 1.2851476814962797, 1.2861151904516275, 1.2870873310179813, 1.2880642280724417, 1.28904600681649, 1.2900327927951292]]"
40.0,40.0,3,60,180,I0-S0,"[[0.01, 0.009218546420913139, 0.008861068736292907, 0.0087750579360058, 0.008868434215258661, 0.009085368524985354, 0.009391803462119156, 0.009766871485088367, 0.010197742880925993, 0.010676526158690882, 0.011198398056203655, 0.01176047153169557, 0.012361107148415823, 0.012999491329214833, 0.013675375672605225, 0.014388913862241287, 0.015140558050981748, 0.015930991779611447, 0.01676108558348466, 0.017631866892496722, 0.0185444991034395, 0.01950026667365687, 0.02050056427402478, 0.021546888760374663, 0.022640833162578478, 0.023784082161498365, 0.024978408692847513, 0.02622567142384855, 0.027527812917505282, 0.028886858344823362, 0.030304914636183688, 0.03178416998460744, 0.033326893629106305, 0.034935435857696005, 0.03661222817822431, 0.038359783611729974, 0.04018069706812899, 0.04207764576797043, 0.04405338967705849, 0.04611077192307201, 0.04825271916505631, 0.05048224188791152, 0.052802434594832505, 0.05521647587113001, 0.05772762829303059, 0.06033923815495682, 0.06305473498846534, 0.06587763084549955, 0.06881151931792462, 0.07186007426447892, 0.07502704821532302, 0.07831627042331385, 0.0817316445300022, 0.08527714581316333, 0.08895681798144653, 0.09277476948049013, 0.09673516927361568, 0.10084224205901306, 0.10510026288418022, 0.10951355111731625, 0.11408646373441005, 0.11882338787995253, 0.12372873265856008, 0.12880692011436637, 0.13406254684631735, 0.13950211823947245, 0.1451350085323149, 0.1509724690470422, 0.15702683166370277, 0.16331099472789937, 0.1698380945242755, 0.17662129890291367, 0.18367368101078843, 0.19100814501052257, 0.19863738484671506, 0.206573863229411, 0.21482980211031927, 0.2234171787110545, 0.23234772306377408, 0.24163291433039136, 0.25128397406702185, 0.2613118552225918, 0.2717272260907512, 0.2825404487314494, 0.2937615515837132, 0.30540019613300173, 0.31746563759529123, 0.3299666796502099, 0.3429116233074591, 0.35630821003187596, 0.37016355928819544, 0.3844841007007248, 0.39927550105853504, 0.4145425864353537, 0.43028925973646426, 0.44651841403344505, 0.4632318421020048, 0.48043014263867817, 0.49811262369862636, 0.5162772039689155, 0.5349203125688409, 0.5540367881503286, 0.5736197781561634, 0.5936606391805033, 0.6141488394633923, 0.6350718646370571, 0.6564151279247789, 0.6781618860709246, 0.7002931623510147, 0.7227876780709896, 0.7456217940125429, 0.7687694633137867, 0.7922021972889132, 0.8158890456841984, 0.8397965928381027, 0.8638889711579559, 0.8881278932426881, 0.9124727038685502, 0.9368804529115399, 0.9613059901056547, 0.9857020823301545, 1.010019553882532, 1.0342074499284701, 1.0582132230282335, 1.0819829423241063, 1.1054615246400175, 1.1285929863976123, 1.1513207148988016, 1.1735877571700561, 1.1953371242157993, 1.2165121081950117, 1.237056609724658, 1.2569154722338325, 1.2760348200514238, 1.2943623967149551, 1.3118478998456378, 1.3284433088501835, 1.34410320168792, 1.3587850569851831, 1.3724495378892214, 1.3850607542306115, 1.3965864998044402, 1.406998461882485, 1.4162724004259248, 1.4243882948738005, 1.4313304568282579, 1.4370876074341887, 1.4416529187480567, 1.445024018897767, 1.4472029613415305, 1.4481961590280685, 1.4480142847329116, 1.4466721392864672, 1.44418848981048, 1.4405858804332285, 1.4358904182544796, 1.4301315375745542, 1.423341745585135, 1.4155563528415716, 1.4068131918978235, 1.3971523274877216, 1.386615761583094, 1.3752471365548073, 1.3630914395121618, 1.3501947107053256, 1.33660375865104, 1.3223658843904607, 1.3075286170165212, 1.292139462323349, 1.2762456661384702, 1.2598939936058293, 1.2431305253995024, 1.2260004715692605, 1.208548003454022, 1.1908161038511706, 1.172846435401469, 1.154679226942863, 1.1363531774032463, 1.1179053766429146, 1.0993712425221889, 1.080784473358134, 1.0621770148456957, 1.0435790404517777, 1.0250189442443471, 1.0065233450909792, 0.9881171011505204, 0.9698233335859049, 0.9516634584436783, 0.9336572256745839, 0.9158227643077776, 0.8981766328371076, 0.8807338739297542, 0.8635080726238471, 0.846511417241043, 0.8297547623012351, 0.8132476927884433, 0.7969985891785583, 0.7810146927001721, 0.7653021703585327, 0.7498661793091698, 0.7347109302215238, 0.719839749323631, 0.7052551388663683, 0.690958835789772, 0.6769518684144724, 0.6632346110182918, 0.649806836191619, 0.6366677648953508, 0.623816114172129, 0.6112501424854417, 0.5989676926820653, 0.5869662325914894, 0.575242893291584, 0.5637945050830256, 0.5526176312261023, 0.5417085995026528, 0.531063531673263, 0.5206783709056115, 0.510548907254206, 0.5006708012748495, 0.49103960585916795, 0.4816507863755559, 0.47249973920310373, 0.46358180874455307, 0.45489230300321903, 0.4464265078072014, 0.43817969976217824, 0.4301471580117138, 0.422324174881384, 0.4147060654801948, 0.4072881763297919, 0.40006589308888413, 0.3930346474371659, 0.38618992317986733, 0.3795272616309045, 0.37304226632948156, 0.36673060714192507, 0.36058802379752974, 0.3546103289042761, 0.3487934104874549, 0.3431332340915104, 0.3376258444827988, 0.332267366988455, 0.3270540085041719, 0.3219820582014237, 0.3170478879625072, 0.31224795256973065, 0.3075787896731525, 0.30303701955944895, 0.29861934474277896, 0.2943225493969041, 0.2901434986463126, 0.2860791377326832, 0.2821264910717025, 0.27828266121401646, 0.27454482772294414, 0.2709102459805133, 0.26737624593237774, 0.2639402307812526, 0.26059967563764297, 0.2573521261358463, 0.25419519702247134, 0.2511265707240335, 0.24814399589955755, 0.245245285983537, 0.2424283177240624, 0.23969102972043826, 0.23703142096415308, 0.23444754938664938, 0.231937530416958, 0.229499535551908, 0.22713179094130267, 0.22483257599015619, 0.22260022197981658, 0.22043311070955454, 0.21832967315997323, 0.2162883881793896, 0.21430778119415303, 0.21238642294369672, 0.21052292824096652, 0.20871595475873148, 0.2069642018421567, 0.2052664093479056, 0.20362135650993823, 0.20202786083207952, 0.20048477700735212, 0.19899099586399338, 0.19754544333801283, 0.19614707947208826, 0.19479489744054793, 0.1934879226001414, 0.19222521156626288, 0.19100585131425624, 0.18982895830540206, 0.18869367763716097, 0.1875991822172271, 0.18654467196092656, 0.18552937301148137, 0.18455253698264734, 0.1836134402232248, 0.18271138310293322, 0.18184568931913725, 0.18101570522390617, 0.18022079917088932, 0.17946036088148806, 0.17873380082980747, 0.17804054964587185, 0.17738005753659292, 0.17675179372398234, 0.17615524590010642, 0.17558991969828575, 0.17505533818004923, 0.17455104133735846, 0.17407658560962594, 0.1736315434150577, 0.1732155026958594, 0.17282806647685212, 0.17246885243705376, 0.17213749249378857, 0.17183363239889748, 0.17155693134662928, 0.17130706159280198, 0.17108370808483211, 0.17088656810223768, 0.1707153509072302, 0.17056977740501827, 0.17044957981345463, 0.17035450134166583, 0.17028429587731278, 0.17023872768213763, 0.17021757109546043, 0.170220610245297, 0.17024763876677657, 0.17029845952754533, 0.17037288435984918, 0.17047073379899602, 0.1705918368279047, 0.17073603062745457, 0.17090316033235586, 0.1710930787922683, 0.17130564633789985, 0.17154073055182584, 0.17179820604377244, 0.17207795423011585, 0.17237986311735307, 0.17270382708930604, 0.1730497466978263, 0.17341752845677227, 0.1738070846390366, 0.1742183330764056, 0.17465119696203782, 0.1751056046553538, 0.17558148948913302, 0.17607878957861947, 0.17659744763244076, 0.1771374107651508, 0.1776986303112104, 0.17828106164022361, 0.17888466397325326, 0.1795094002000414, 0.18015523669696695, 0.18082214314557438, 0.18151009235151364, 0.18221906006373415, 0.18294902479378072, 0.18369996763504293]]","[[0.01, 0.011673645222856313, 0.01362924433757481, 0.01580189464359648, 0.018156386712024717, 0.02067517826327531, 0.023351198313956455, 0.026183656179885585, 0.029175558749365935, 0.03233224265274289, 0.03566051168229152, 0.039168134965389276, 0.042863559691111955, 0.04675575109093965, 0.05085410762946202, 0.05516842044056591, 0.059708858633943374, 0.06448596960561431, 0.06951068795759498, 0.07479434928903256, 0.08034870669579294, 0.08618594874503091, 0.0923187182369401, 0.0987601313835813, 0.10552379721736616, 0.11262383714476883, 0.12007490461704584, 0.12789220491867082, 0.13609151508737197, 0.14468920398388083, 0.15370225252872935, 0.1631482741199662, 0.1730455352408082, 0.18341297626072983, 0.19427023242770924, 0.20563765504348508, 0.2175363328078149, 0.22998811331188176, 0.24301562465515134, 0.25664229715410847, 0.27089238510535857, 0.2857909885595219, 0.3013640750561407, 0.31763850126341986, 0.3346420344599971, 0.3524033737890606, 0.37095217120796725, 0.3903190520490479, 0.4105356350994948, 0.4316345521000912, 0.45364946655406324, 0.4766150917284929, 0.5005672077215353, 0.5255426774591268, 0.5515794614749755, 0.5787166313173913, 0.6069943814159697, 0.6364540392303234, 0.667138073491976, 0.6990901003392651, 0.7323548871336714, 0.7669783537344784, 0.8030075709971473, 0.8404907562493313, 0.8794774458157886, 0.9200204571546897, 0.9621775289274088, 1.006010944606694, 1.051587108287278, 1.0989762371190974, 1.1482521328238617, 1.1994920078110658, 1.2527763494375728, 1.3081888110058817, 1.3658161213157962, 1.4257480066687211, 1.4880771205980472, 1.5528989775235744, 1.6203118871635498, 1.6904168869848424, 1.7633176702932527, 1.8391205078024302, 1.917934160697838, 1.9998697833495007, 2.085040813936267, 2.1735628513339957, 2.26555351669721, 2.3611322982337097, 2.4604203777388105, 2.563540437524053, 2.670616446447765, 2.781773423834726, 2.897137180162179, 3.0168340334920614, 3.140990500746976, 3.2697329630621956, 3.4031873045999146, 3.5414785243866542, 3.6847303209317572, 3.8330646496053307, 3.9866012529987014, 4.14545716475978, 4.309746187689671, 4.479578347204842, 4.65505932161002, 4.836289850988973, 5.023365126900947, 5.216374165466674, 5.41539916683553, 5.620514864439873, 5.83178786785844, 6.049276003521496, 6.273027657889334, 6.50308112811503, 6.739463985553778, 6.982192457796102, 7.231270835171682, 7.486690907885474, 7.748431440099178, 8.016457687350421, 8.29072096370103, 8.571158264917537, 8.857691953805382, 9.150229513538614, 9.448663374446294, 9.75287081923429, 10.062713971037732, 10.37803986801858, 10.698680627450257, 11.024453701375254, 11.355162224992732, 11.690595457944148, 12.030529317630867, 12.374727002635213, 12.722939703243798, 13.074907395008296, 13.430359710244156, 13.789016881381711, 14.150590749166291, 14.514785827872661, 14.881300418971101, 15.249827764072755, 15.620057227502599, 15.991675498509268, 16.36436780292826, 16.73781911407198, 17.11171535272629, 17.485744566385318, 17.859598078247295, 18.232971597014505, 18.605566279177722, 18.97708973620501, 19.3472569798802, 19.715791299930153, 20.082425069023273, 20.446900471196294, 20.808970150753403, 21.16839777966356, 21.524958542441684, 21.878439538421976, 22.228640102203663, 22.575372043858994, 22.91845981123139, 23.257740577310614, 23.593064256246766, 23.92429345205269, 24.251303344444057, 24.573981516578684, 24.892227729684073, 25.205953649708498, 25.515082531201138, 25.819548863627066, 26.119297985259625, 26.41428566967311, 26.70447768969049, 26.989849363430967, 27.270385086858603, 27.54607785696249, 27.816928789408493, 28.08294663419802, 28.344147292557135, 28.60055333796415, 28.852193543910687, 29.099102420684016, 29.341319763160346, 29.578890211312824, 29.811862824866385, 30.04029067327596, 30.26423044196615, 30.48374205555018, 30.69888831854413, 30.909734573909127, 31.116348379589382, 31.318799203066874, 31.51715813382394, 31.711497613491808, 31.901891183365617, 32.08841324888357, 32.271138860598526, 32.45014351111353, 32.62550294740747, 32.797292997941895, 32.96558941391452, 33.13046772400742, 33.292003101967936, 33.450270246356816, 33.60534327179995, 33.7572956110871, 33.90619992747169, 34.052128036540296, 34.195150837037374, 34.33533825005026, 34.47275916598069, 34.60748139875147, 34.7395716467206, 34.8690954597991, 34.99611721229328, 35.12070008101683, 35.242906028242416, 35.3627957890866, 35.48042886294561, 35.59586350862254, 35.70915674280897, 35.820364341605575, 35.929540844787326, 36.03673956253869, 36.14201258440338, 36.2454107902115, 36.34698386276414, 36.446780302071886, 36.544847440959266, 36.6412314618617, 36.73597741465534, 36.82912923537313, 36.920729765672554, 37.01082077293171, 37.09944297086138, 37.18663604053021, 37.27243865170955, 37.35688848445321, 37.44002225083503, 37.52187571677494, 37.60248372389067, 37.68188021131887, 37.76009823745515, 37.83717000156794, 37.91312686524603, 37.98799937364437, 38.06181727649667, 38.13460954886739, 38.206404411619296, 38.27722935157569, 38.34711114135979, 38.416075858896086, 38.48414890656122, 38.55135502997393, 38.61771833641589, 38.68326231287689, 38.74800984371957, 38.811983227960496, 38.87520419616554, 38.93769392695886, 38.999473063145885, 39.06056172745164, 39.120979537876494, 39.180745622672475, 39.23987863494367, 39.29839676687499, 39.35631776359401, 39.41365893667125, 39.47043717726426, 39.526668968911636, 39.5823703999831, 39.63755717579205, 39.692244630377324, 39.746447737960864, 39.8001811240882, 39.853459076458805, 39.906295555453305, 39.95870420436462, 40.01069835934019, 40.06229105904225, 40.11349505403333, 40.16432281589384, 40.21478654607881, 40.264898184520575, 40.314669417984156, 40.36411168818213, 40.41323619965546, 40.46205392742686, 40.51057562443298, 40.558811828741696, 40.606772870560604, 40.65446887904271, 40.701909788895136, 40.749105346796675, 40.7960651176296, 40.842798490531386, 40.88931468477146, 40.93562275545835, 40.981731599082075, 41.02764995889686, 41.07338643014882, 41.11894946515332, 41.16434737822645, 41.209588350475066, 41.25468043444953, 41.299631558663386, 41.344449531983805, 41.389142047896804, 41.4337166886509, 41.47818092928278, 41.52254214152859, 41.566807597624134, 41.61098447399727, 41.65507985485569, 41.69910073567312, 41.74305402657681, 41.786946555639304, 41.830785072077035, 41.87457624935852, 41.918326688224646, 41.96204291962343, 42.005731407561704, 42.04939855187589, 42.09305069092404, 42.13669410420129, 42.180335014880626, 42.22397959228091, 42.267633954264035, 42.311304169562845, 42.35499626004165, 42.39871620289074, 42.442469932756566, 42.48626334380902, 42.53010229174708, 42.57399259574421, 42.61794004033485, 42.66195037724291, 42.70602932715362, 42.75018258142972, 42.79441580377286, 42.83873463183127, 42.88314467875454, 42.927651534696224, 42.972260768265144, 43.01697792792601, 43.06180854335, 43.10675812671594, 43.151832173962575, 43.197036165992415, 43.24237556982762, 43.28785583971834, 43.33348241820372, 43.37926073712606, 43.42519621859821, 43.47129427592453, 43.517560314475475, 43.56399973251602, 43.61061792198792, 43.65742026924596, 43.704412155748074, 43.75159895869933, 43.798986051649834, 43.84657880504623, 43.89438258673684]]","[array([6.37688001e-05, 6.00799169e-05, 5.86665222e-05, 5.87302802e-05,
       5.97884998e-05, 6.15476653e-05, 6.38283076e-05, 6.65202902e-05,
       6.95558604e-05, 7.28934320e-05, 7.65077872e-05, 8.03841327e-05,
       8.45144732e-05, 8.88953817e-05, 9.35266135e-05, 9.84102339e-05,
       1.03550058e-04, 1.08951287e-04, 1.14620260e-04, 1.20564291e-04,
       1.26791545e-04, 1.33310958e-04, 1.40132173e-04, 1.47265492e-04,
       1.54721842e-04, 1.62512752e-04, 1.70650327e-04, 1.79147238e-04,
       1.88016713e-04, 1.97272526e-04, 2.06928993e-04, 2.17000973e-04,
       2.27503865e-04, 2.38453606e-04, 2.49866680e-04, 2.61760112e-04,
       2.74151475e-04, 2.87058894e-04, 3.00501046e-04, 3.14497161e-04,
       3.29067032e-04, 3.44231008e-04, 3.60009998e-04, 3.76425475e-04,
       3.93499467e-04, 4.11254561e-04, 4.29713896e-04, 4.48901158e-04,
       4.68840573e-04, 4.89556896e-04, 5.11075402e-04, 5.33421867e-04,
       5.56622557e-04, 5.80704204e-04, 6.05693983e-04, 6.31619488e-04,
       6.58508702e-04, 6.86389959e-04, 7.15291912e-04, 7.45243485e-04,
       7.76273830e-04, 8.08412272e-04, 8.41688254e-04, 8.76131502e-04,
       9.11777661e-04, 9.48680038e-04, 9.86907926e-04, 1.02654029e-03,
       1.06766145e-03, 1.11035834e-03, 1.15471872e-03, 1.20083012e-03,
       1.24877916e-03, 1.29865118e-03, 1.35053005e-03, 1.40449805e-03,
       1.46063585e-03, 1.51902247e-03, 1.57973529e-03, 1.64284996e-03,
       1.70844042e-03, 1.77657875e-03, 1.84733507e-03, 1.92077734e-03,
       1.99697124e-03, 2.07597984e-03, 2.15786336e-03, 2.24267885e-03,
       2.33047982e-03, 2.42131584e-03, 2.51523210e-03, 2.61226899e-03,
       2.71246151e-03, 2.81583880e-03, 2.92242358e-03, 3.03223152e-03,
       3.14527063e-03, 3.26154066e-03, 3.38103243e-03, 3.50372714e-03,
       3.62959574e-03, 3.75859826e-03, 3.89068308e-03, 4.02578634e-03,
       4.16383128e-03, 4.30472760e-03, 4.44837092e-03, 4.59464221e-03,
       4.74340732e-03, 4.89451656e-03, 5.04780432e-03, 5.20308884e-03,
       5.36017200e-03, 5.51883923e-03, 5.67885958e-03, 5.83998585e-03,
       6.00195486e-03, 6.16448787e-03, 6.32729117e-03, 6.49005673e-03,
       6.65246311e-03, 6.81417644e-03, 6.97485160e-03, 7.13413355e-03,
       7.29165877e-03, 7.44705688e-03, 7.59995243e-03, 7.74996668e-03,
       7.89671966e-03, 8.03983220e-03, 8.17892809e-03, 8.31363629e-03,
       8.44359317e-03, 8.56844478e-03, 8.68784906e-03, 8.80147808e-03,
       8.90902022e-03, 9.01018214e-03, 9.10469085e-03, 9.19229545e-03,
       9.27276882e-03, 9.34590913e-03, 9.41154110e-03, 9.46951714e-03,
       9.51971816e-03, 9.56205424e-03, 9.59646500e-03, 9.62291978e-03,
       9.64141757e-03, 9.65198661e-03, 9.65468393e-03, 9.64959452e-03,
       9.63683038e-03, 9.61652931e-03, 9.58885362e-03, 9.55398858e-03,
       9.51214080e-03, 9.46353651e-03, 9.40841966e-03, 9.34705008e-03,
       9.27970150e-03, 9.20665954e-03, 9.12821982e-03, 9.04468592e-03,
       8.95636748e-03, 8.86357835e-03, 8.76663479e-03, 8.66585371e-03,
       8.56155107e-03, 8.45404036e-03, 8.34363119e-03, 8.23062793e-03,
       8.11532864e-03, 7.99802389e-03, 7.87899590e-03, 7.75851771e-03,
       7.63685246e-03, 7.51425281e-03, 7.39096049e-03, 7.26720591e-03,
       7.14320789e-03, 7.01917352e-03, 6.89529800e-03, 6.77176472e-03,
       6.64874525e-03, 6.52639951e-03, 6.40487594e-03, 6.28431173e-03,
       6.16483312e-03, 6.04655570e-03, 5.92958479e-03, 5.81401577e-03,
       5.69993452e-03, 5.58741781e-03, 5.47653374e-03, 5.36734217e-03,
       5.25989512e-03, 5.15423725e-03, 5.05040627e-03, 4.94843339e-03,
       4.84834367e-03, 4.75015653e-03, 4.65388606e-03, 4.55954144e-03,
       4.46712732e-03, 4.37664416e-03, 4.28808859e-03, 4.20145369e-03,
       4.11672937e-03, 4.03390261e-03, 3.95295774e-03, 3.87387676e-03,
       3.79663951e-03, 3.72122394e-03, 3.64760636e-03, 3.57576157e-03,
       3.50566310e-03, 3.43728340e-03, 3.37059394e-03, 3.30556544e-03,
       3.24216793e-03, 3.18037094e-03, 3.12014362e-03, 3.06145478e-03,
       3.00427306e-03, 2.94856701e-03, 2.89430513e-03, 2.84145599e-03,
       2.78998828e-03, 2.73987086e-03, 2.69107283e-03, 2.64356360e-03,
       2.59731286e-03, 2.55229070e-03, 2.50846760e-03, 2.46581447e-03,
       2.42430268e-03, 2.38390405e-03, 2.34459094e-03, 2.30633618e-03,
       2.26911313e-03, 2.23289570e-03, 2.19765834e-03, 2.16337601e-03,
       2.13002427e-03, 2.09757920e-03, 2.06601744e-03, 2.03531618e-03,
       2.00545317e-03, 1.97640670e-03, 1.94815560e-03, 1.92067924e-03,
       1.89395751e-03, 1.86797084e-03, 1.84270018e-03, 1.81812697e-03,
       1.79423316e-03, 1.77100119e-03, 1.74841401e-03, 1.72645501e-03,
       1.70510805e-03, 1.68435747e-03, 1.66418803e-03, 1.64458494e-03,
       1.62553385e-03, 1.60702079e-03, 1.58903223e-03, 1.57155502e-03,
       1.55457642e-03, 1.53808404e-03, 1.52206588e-03, 1.50651029e-03,
       1.49140597e-03, 1.47674197e-03, 1.46250767e-03, 1.44869276e-03,
       1.43528726e-03, 1.42228149e-03, 1.40966607e-03, 1.39743191e-03,
       1.38557020e-03, 1.37407240e-03, 1.36293025e-03, 1.35213574e-03,
       1.34168110e-03, 1.33155882e-03, 1.32176163e-03, 1.31228248e-03,
       1.30311454e-03, 1.29425122e-03, 1.28568611e-03, 1.27741304e-03,
       1.26942601e-03, 1.26171923e-03, 1.25428710e-03, 1.24712418e-03,
       1.24022524e-03, 1.23358520e-03, 1.22719915e-03, 1.22106236e-03,
       1.21517022e-03, 1.20951832e-03, 1.20410237e-03, 1.19891822e-03,
       1.19396188e-03, 1.18922948e-03, 1.18471731e-03, 1.18042174e-03,
       1.17633932e-03, 1.17246667e-03, 1.16880058e-03, 1.16533790e-03,
       1.16207563e-03, 1.15901087e-03, 1.15614082e-03, 1.15346278e-03,
       1.15097415e-03, 1.14867244e-03, 1.14655523e-03, 1.14462022e-03,
       1.14286516e-03, 1.14128792e-03, 1.13988644e-03, 1.13865874e-03,
       1.13760292e-03, 1.13671717e-03, 1.13599972e-03, 1.13544891e-03,
       1.13506312e-03, 1.13484083e-03, 1.13478055e-03, 1.13488089e-03,
       1.13514050e-03, 1.13555808e-03, 1.13613243e-03, 1.13686236e-03,
       1.13774677e-03, 1.13878460e-03, 1.13997484e-03, 1.14131654e-03,
       1.14280878e-03, 1.14445072e-03, 1.14624153e-03, 1.14818044e-03,
       1.15026674e-03, 1.15249974e-03, 1.15487880e-03, 1.15740330e-03,
       1.16007270e-03, 1.16288645e-03, 1.16584406e-03, 1.16894507e-03,
       1.17218905e-03, 1.17557561e-03, 1.17910437e-03, 1.18277501e-03,
       1.18658720e-03, 1.19054067e-03, 1.19463515e-03, 1.19887041e-03,
       1.20324624e-03, 1.20776243e-03, 1.21241884e-03, 1.21721529e-03,
       1.22215166e-03])]","[[0, 6.376880005047202e-05, 0.00012384871691641303, 0.0001825152391581995, 0.00024124551939652092, 0.0003010340191763625, 0.00036258168446330635, 0.00042640999207265497, 0.0004929302822971413, 0.0005624861427026497, 0.000635379574703581, 0.0007118873619141224, 0.0007922714946154841, 0.0008767859678370084, 0.0009656813495287481, 0.001059207963073367, 0.0011576181969600423, 0.0012611682552208534, 0.0013701195421846838, 0.0014847398025074248, 0.0016053040933078824, 0.0017320956382175083, 0.0018654065964393595, 0.0020055387694339396, 0.0021528042611633166, 0.0023075261034615703, 0.0024700388551739823, 0.002640689181683695, 0.002819836419996537, 0.003007853133482012, 0.0032051256595466405, 0.003412054652866462, 0.0036290556262779717, 0.0038565594909878917, 0.004095013097389221, 0.004344879777448186, 0.004606639889342493, 0.00488079136477692, 0.005167850259171244, 0.005468351304702247, 0.005782848465981878, 0.006111915497963909, 0.006456146505488528, 0.006816156503695842, 0.0071925819783627675, 0.007586081445041659, 0.00799733600570135, 0.008427049901390869, 0.008875951059261568, 0.00934479163209383, 0.00983434852827897, 0.010345423930004656, 0.01087884579718268, 0.01143546835444061, 0.01201617255827348, 0.012621866541218212, 0.013253486029671536, 0.01391199473172235, 0.01459838469111158, 0.015313676603167507, 0.016058920088292506, 0.016835193918299376, 0.017643606190612657, 0.01848529444506403, 0.019361425947259, 0.02027320360818747, 0.021221883646625823, 0.022208791572977976, 0.023235331860352613, 0.024302993308862295, 0.025413351644145106, 0.026568070361250716, 0.02776890047861779, 0.02901767963624311, 0.03031633081737875, 0.03166686086855353, 0.03307135892175919, 0.03453199477435119, 0.03605101724934485, 0.03763075253647927, 0.03927360249938264, 0.04098204292415167, 0.04275862167810617, 0.044605956743326035, 0.04652673408707935, 0.048523705329895986, 0.05059968517147845, 0.052757548534636406, 0.055000227387827366, 0.05733070720758908, 0.05975202304310576, 0.062267255146337755, 0.06487952413256223, 0.06759198563783662, 0.07040782444183152, 0.07333024802672086, 0.07636247954540033, 0.0795077501752722, 0.08276929083722427, 0.0861503232632836, 0.0896540504007757, 0.09328364614570014, 0.09704224440346784, 0.10093292748115175, 0.10495871382199043, 0.10912254510004987, 0.11342727270067979, 0.11787564362066894, 0.12247028583076676, 0.12721369315243866, 0.1321082097102832, 0.13715601403136923, 0.14235910287273837, 0.14771927486833344, 0.1532381140965112, 0.15891697367891305, 0.16475695953062341, 0.17075891439005014, 0.17692340226461414, 0.1832506934349292, 0.1897407501654775, 0.19639321327363676, 0.2032073897110889, 0.2101822413119582, 0.21731637486031682, 0.22460803362582554, 0.23205509051013326, 0.23965504293817635, 0.24740500961766781, 0.2553017292768692, 0.2633415614752658, 0.27152048956414293, 0.27983412585446876, 0.2882777190281507, 0.29684616380594425, 0.305534012861368, 0.3143354909452983, 0.32324451116087793, 0.3322546933034057, 0.3413593841554143, 0.35055167960364936, 0.3598244484225539, 0.36917035754857463, 0.37858189865151565, 0.38805141579362257, 0.39757113395438265, 0.4071331881894055, 0.41672965318538374, 0.4263525729701179, 0.4359939905369606, 0.4456459771467445, 0.4553006610771976, 0.46495025559983744, 0.47458708597713456, 0.48420361528805334, 0.4937924689075798, 0.503346457485165, 0.5128585982877515, 0.5223221347948083, 0.5317305544551729, 0.5410776045380765, 0.5503573060331404, 0.5595639655760152, 0.5686921853973623, 0.5777368713127645, 0.5866932387896531, 0.595556817144249, 0.6043234519366792, 0.6129893056457328, 0.6215508567161043, 0.6300048970803973, 0.6383485282656508, 0.6465791561997495, 0.6546944848368592, 0.6626925087230989, 0.6705715046241426, 0.6783300223354736, 0.6859668747937465, 0.6934811276043006, 0.700872088095476, 0.7081392940051687, 0.7152825018991804, 0.7223016754145168, 0.729196973414017, 0.7359687381316715, 0.7426174833808387, 0.7491438828904017, 0.755548758826812, 0.7618330705530272, 0.7679979036686334, 0.7740444593690132, 0.779974044155308, 0.7857880599211823, 0.7914879944370341, 0.7970754122473425, 0.8025519459922947, 0.8079192881607025, 0.8131791832774905, 0.8183334205257137, 0.8233838268001128, 0.8283322601866474, 0.8331806038602141, 0.8379307603908606, 0.842584646447211, 0.8471441878845051, 0.8516113152035977, 0.8559879593664499, 0.860276047953032, 0.8644775016441439, 0.8685942310144114, 0.8726281336196179, 0.876581091362565, 0.8804549681217944, 0.884251607627751, 0.8879728315712849, 0.8916204379297771, 0.895196199496623, 0.8987018626002906, 0.902139145999693, 0.9055097399431615, 0.9088153053788679, 0.9120574733051159, 0.9152378442495025, 0.9183579878665196, 0.9214194426437426, 0.924423715707311, 0.9273722827179528, 0.9302665878493446, 0.9331080438411099, 0.935898032119264, 0.9386379029773882, 0.9413289758122803, 0.9439725394082635, 0.9465698522647595, 0.94912214296212, 0.9516306105610961, 0.9540964250316736, 0.9565207277073418, 0.9589046317611755, 0.9612492227004086, 0.9635555588764546, 0.9658246720075878, 0.9680575677117457, 0.9702552260471349, 0.9724186020585383, 0.9745486263274136, 0.9766462055240595, 0.9787122229602911, 0.9807475391412263, 0.9827529923149249, 0.9847293990187632, 0.986677554621542, 0.988598233860444, 0.9904921913720616, 0.9923601622168101, 0.9942028623961292, 0.9960209893619576, 0.997815222518039, 0.9995862237126832, 1.0013346377226713, 1.0030610927280437, 1.0047662007775682, 1.0064505582447232, 1.0081147462740798, 1.0097593312179987, 1.011384865063595, 1.012991885849954, 1.014580918075606, 1.0161524730962952, 1.0177070495130986, 1.0192451335509705, 1.0207671994278011, 1.0222737097141026, 1.0237651156834349, 1.0252418576537086, 1.0267043653195038, 1.0281530580755536, 1.0295883453315495, 1.0310106268184316, 1.0324202928863289, 1.0338177247943239, 1.0352032949922105, 1.0365773673944267, 1.0379402976463352, 1.0392924333830322, 1.0406341144808633, 1.0419656733018228, 1.0432874349310164, 1.0445997174073607, 1.0459028319476968, 1.0471970831644897, 1.0484827692772845, 1.0497601823180873, 1.0510296083308392, 1.0522913275651424, 1.0535456146644013, 1.054792738848537, 1.056032964091426, 1.057266549293216, 1.0584937484476657, 1.059714810804653, 1.0609299810279926, 1.062139499348699, 1.0633436017138294, 1.0645425199310379, 1.0657364818089679, 1.066925711293602, 1.0681104286006964, 1.0692908503444114, 1.0704671896622524, 1.0716396563364319, 1.0728084569117595, 1.073973794810162, 1.0751358704419354, 1.0762948813138236, 1.0774510221340217, 1.078604484914189, 1.0797554590685654, 1.0809041315102734, 1.082050686744887, 1.083195306961348, 1.0843381721203076, 1.0854794600399635, 1.0866193464794667, 1.0877580052199651, 1.0888956081433512, 1.090032325308775, 1.0911683250269857, 1.0923037739325605, 1.0934388370540746, 1.0945736778822692, 1.0957084584362684, 1.0968433393278945, 1.0979784798241299, 1.0991140379077702, 1.1002501703363132, 1.1013870326991244, 1.1025247794729192, 1.1036635640755985, 1.1048035389184765, 1.1059448554569302, 1.107087664239507, 1.1082321149555192, 1.1093783564811537, 1.1105265369241262, 1.1116768036669047, 1.112829303408524, 1.1139841822050185, 1.1151415855084905, 1.116301658204835, 1.117464544650139, 1.1186303887057725, 1.1197993337721863, 1.1209715228214303, 1.1221470984284048, 1.1233262028008577, 1.1245089778081372, 1.1256955650087068, 1.1268861056764343, 1.1280807408256581, 1.129279611235038, 1.130482857470194, 1.1316906199051373, 1.1329030387424954, 1.1341202540325304, 1.1353424056909551]]"
40.0,40.0,3,60,180,I1-S0,"[[0.01, 0.009218546420913139, 0.008861068736292907, 0.0087750579360058, 0.008868434226534919, 0.009085369139094938, 0.009391809616170562, 0.009766902115054455, 0.010197846944837313, 0.010676804288813355, 0.011199028749884835, 0.0117617408409743, 0.012363441029587651, 0.013003490049645159, 0.013681849891705735, 0.014398922187172172, 0.015155446011402174, 0.015952432272898345, 0.016791120918262615, 0.0176729526106043, 0.01859954979462816, 0.01957270401847241, 0.02059436756252245, 0.02166664814066898, 0.022791805876002682, 0.02397225202195038, 0.025210549067810648, 0.026509411974281923, 0.02787171035369621, 0.0293004714555687, 0.030798883849359363, 0.032370301718234254, 0.034018249693296074, 0.03574642816918909, 0.03755871905040041, 0.0394591918837572, 0.04145211033706489, 0.043541938986878706, 0.04573335038027779, 0.04803123233637478, 0.05044069545325285, 0.05296708078515477, 0.055615967653107466, 0.05839318154978662, 0.061304802096331226, 0.06435717100501959, 0.06755689999721805, 0.07091087862080854, 0.07442628190538081, 0.07811057778682674, 0.08197153422558053, 0.08601722593459177, 0.09025604062418063, 0.0946966846611862, 0.09934818802926756, 0.1042199084658397, 0.10932153463891836, 0.11466308821411245, 0.12025492464815113, 0.1261077325306931, 0.13223253128077597, 0.13864066698818622, 0.1453438061733451, 0.15235392722212052, 0.15968352325231075, 0.16734777389556188, 0.1753657715005253, 0.1837592854689145, 0.1925517373839646, 0.2017675194399342, 0.21143154627079508, 0.22156896389825917, 0.23220496246417882, 0.24336465537872237, 0.2550729986861764, 0.267354732294639, 0.2802343302363974, 0.2937359510135392, 0.307883381819935, 0.3226999723548386, 0.33820855529510063, 0.3544313514437522, 0.3713898582455265, 0.3891047208434897, 0.4075955852096272, 0.42688093316266934, 0.4469778993226376, 0.4679020702683009, 0.48966726637891467, 0.5122853070681755, 0.5357657603653148, 0.5601156780717043, 0.585339318024803, 0.6114378553361463, 0.6384090848358464, 0.6662471173503464, 0.694942072858748, 0.7244797740098546, 0.7548414439292036, 0.7860034126929619, 0.8179368372819009, 0.8506074402401762, 0.8839752726350585, 0.9179945072283257, 0.9526132680098306, 0.9877735023901518, 1.023410902383395, 1.0594548810148174, 1.09582860994394, 1.1324491238872942, 1.1692274968441083, 1.2060690943653143, 1.2428739051585198, 1.2795369541921682, 1.3159487981608335, 1.3519961027174194, 1.3875622992914687, 1.4225283176277825, 1.456773388435135, 1.4901759087763993, 1.522614361109333, 1.5539682752556052, 1.5841192210899915, 1.612951818457066, 1.640354749791201, 1.6662217601838958, 1.6904526292491975, 1.7129540991121186, 1.7336407432035363, 1.7524357612920745, 1.7692716873089898, 1.7840909980022814, 1.7968466122539248, 1.807502272960036, 1.8160328056484487, 1.8224242504244645, 1.8266738663212287, 1.8287900096122642, 1.8287918900472753, 1.8267092112297345, 1.8225817034041982, 1.816458558710164, 1.8083977804459908, 1.7984654590414624, 1.7867349882442713, 1.7732862354799117, 1.7582046804541116, 1.7415805358507874, 1.7235078634646623, 1.7040836983317948, 1.6834071924244234, 1.661578788303392, 1.6386994318180594, 1.6148698315557832, 1.5901897713145643, 1.564757480443744, 1.5386690655047834, 1.5120180053781378, 1.484894710708442, 1.4573861474583232, 1.4295755233451986, 1.4015420350740868, 1.3733606735565393, 1.3451020837207495, 1.316832475066499, 1.288613578793599, 1.2605026471243161, 1.2325524903377023, 1.2048115470244105, 1.1773239831416547, 1.1501298155864852, 1.123265056198917, 1.0967618723426362, 1.070648760478927, 1.0449507294389642, 1.0196894904017508, 0.9948836508919237, 0.9705489104167824, 0.9466982556597365, 0.9233421534335071, 0.9004887398674649, 0.8781440045569483, 0.8563119686365813, 0.8349948559535151, 0.8141932567097439, 0.793906283115282, 0.7741317167465253, 0.754866147437349, 0.7361051036454542, 0.7178431743343648, 0.7000741224935993, 0.6827909904872742, 0.6659861974761156, 0.6496516292009408, 0.6337787204484442, 0.6183585305438676, 0.6033818122310289, 0.5888390743093572, 0.5747206384010448, 0.5610166902201137, 0.5477173257099412, 0.5348125924073434, 0.5222925263803359, 0.5101471850737656, 0.49836667638262083, 0.48694118425743105, 0.4758609911301158, 0.4651164974322533, 0.4546982384612623, 0.4445968988336457, 0.43480332474839695, 0.4253085342680523, 0.41610372580980076, 0.40718028502459586, 0.39852979022842844, 0.39014401653683173, 0.3820149388413369, 0.3741347337549743, 0.3664957806430266, 0.3590906618450708, 0.35191216218487603, 0.34495326785593516, 0.33820716476226736, 0.3316672363866086, 0.32532706125117633, 0.3191804100298181, 0.31322124236450305, 0.30744370343374827, 0.3018421203156695, 0.29641099818386196, 0.2911450163702333, 0.2860390243251896, 0.281088037502193, 0.2762872331906419, 0.27163194631823667, 0.26711766524147773, 0.26274002754066145, 0.25849481583368294, 0.2543779536210994, 0.25038550117323577, 0.24651365146861465, 0.24275872619163966, 0.239117171796256, 0.23558555564122616, 0.2321605622016926, 0.22883898936083588, 0.22561774478466803, 0.222493842382318, 0.2194643988535605, 0.2165266303248044, 0.21367784907428386, 0.2109154603467805, 0.20823695925784047, 0.20563992778713266, 0.20312203186031713, 0.20068101851855483, 0.1983147131745827, 0.1960210169541038, 0.1937979041210915, 0.19164341958548384, 0.18955567649163868, 0.18753285388583674, 0.18557319446105183, 0.18367500237715473, 0.18183664115467815, 0.18005653164024257, 0.17833315004172556, 0.17666502603124923, 0.17505074091406056, 0.1734889258613859, 0.1719782602053541, 0.17051746979410123, 0.16910532540519202, 0.16774064121551985, 0.1664222733258774, 0.16514911833842175, 0.16392011198529338, 0.1627342278066844, 0.16159047587668984, 0.16048790157531512, 0.15942558440505233, 0.15840263685047976, 0.1574182032793783, 0.15647145888390174, 0.15556160866037713, 0.1546878864263538, 0.1538495538735595, 0.15304589965546248, 0.15227623850817867, 0.1515399104035015, 0.1508362797328707, 0.15016473452113416, 0.14952468566899396, 0.1489155662230635, 0.1483368306724981, 0.1477879542711958, 0.1472684323845986, 0.1467777798601567, 0.14631553042054993, 0.14588123607879178, 0.1454744665743702, 0.1450948088296089, 0.14474186642546083, 0.1444152590959717, 0.14411462224067823, 0.14383960645423086, 0.14358987707255458, 0.14336511373488536, 0.14316500996104206, 0.1429892727433153, 0.14283762215237647, 0.14270979095662906, 0.1426055242544449, 0.1425245791187459, 0.14246672425341025, 0.14243173966099895, 0.14241941632131488, 0.14242955588032322, 0.1424619703489764, 0.14251648181150162, 0.14259292214272315, 0.14269113273400474, 0.1428109642274104, 0.14295227625769388, 0.14311493720173932, 0.14329882393508628, 0.14350382159518327, 0.14372982335102433, 0.1439767301788327, 0.14424445064346514, 0.14453290068521946, 0.1448420034117361, 0.14517168889469295, 0.14552189397100043, 0.1458925620482109, 0.14628364291386406, 0.14669509254849625, 0.1471268729420484, 0.1475789519134134, 0.1480513029328691, 0.14854390494715008, 0.14905674220691453, 0.1495898040963701, 0.15014308496482587, 0.15071658395994278, 0.1513103048624594, 0.15192425592217465, 0.15255844969497234, 0.15321290288067738, 0.15388763616153692, 0.15458267404112372, 0.15529804468346212, 0.15603377975218194, 0.15678991424950728, 0.15756648635489248, 0.1583635372631196, 0.1591811110216758, 0.1600192543672322, 0.1608780165610493, 0.161757449223137, 0.16265760616500116, 0.16357854322081186, 0.16452031807683187, 0.16548299009894776, 0.16646662015814917, 0.16747127045380641]]","[[0.01, 0.011673645222856313, 0.01362924433757481, 0.01580189464359648, 0.018156386723704985, 0.020675178924116806, 0.023351205178917294, 0.026183691590305338, 0.02917568337468012, 0.03233258751801119, 0.035661320897936784, 0.03916981914740147, 0.042866760018315644, 0.04676141399699872, 0.050863570221053034, 0.05518350684289241, 0.05973198757661914, 0.06452027366922006, 0.06956014500122663, 0.07486392667141312, 0.08044451898763703, 0.0863154297094533, 0.0924908079290533, 0.09898547929125412, 0.10581498243349521, 0.11299560662825463, 0.12054443066568647, 0.12847936304294358, 0.13681918353996372, 0.145583586266116, 0.15479322426187445, 0.16446975573680203, 0.1746358920208017, 0.18531544730046837, 0.1965333902067584, 0.20831589731419936, 0.220690408605489, 0.23368568494851716, 0.24733186762548742, 0.26166053994579197, 0.27670479096547124, 0.29249928132632236, 0.3090803112168556, 0.3264858904451805, 0.34475581060036714, 0.36393171926370044, 0.38405719621435624, 0.40517783155518333, 0.42734130566329065, 0.4505974708468147, 0.47499843456336754, 0.500598644027036, 0.5274549719991953, 0.5556268035236016, 0.5851761233280033, 0.6161676035726579, 0.6486686915804196, 0.6827496971332818, 0.7184838788662072, 0.7559475292305826, 0.7952200574365355, 0.8363840697155184, 0.8795254461719303, 0.924733413415045, 0.9721008371381602, 1.0217267550060711, 1.0737185332038341, 1.1281914852340502, 1.1852683940277606, 1.245079160957288, 1.3077605452032426, 1.37345596672744, 1.4423153525935652, 1.5144950108260158, 1.5901575190947157, 1.6694716176995714, 1.7526120978877786, 1.8397596776591194, 1.9311008580267217, 2.0268277532926686, 2.1271378893335053, 2.232233964217765, 2.3423235657328982, 2.457618840611846, 2.5783361104443583, 2.70469542945595, 2.836920079556618, 2.9752359983188716, 3.1198711358556244, 3.271054736947325, 3.429016545227593, 3.5939859267896392, 3.7661909112327776, 3.9458571489386784, 4.1332067842581885, 4.328457245306858, 4.531819952213329, 4.743498946938956, 4.963689449185152, 5.192576344418637, 5.430332611660867, 5.677117700388326, 5.933075867651496, 6.198334488312997, 6.473002353094857, 6.75716797087086, 7.050897893297311, 7.354235081394695, 7.667197335020991, 7.98977580725991, 8.321933626529031, 8.663604649640128, 9.014692369066909, 9.375068997249938, 9.744574749859014, 10.123017348514507, 10.510171761528973, 10.905780198771076, 11.309552373794139, 11.72116604294736, 12.140267827352009, 12.566474319448034, 12.999373471384372, 13.438526257938573, 13.883468602018338, 14.333713546237162, 14.788753649689255, 15.24806358499501, 15.711102907061262, 16.177318961904007, 16.64614990140381, 17.117027768076387, 17.589381612892275, 18.06264060889605, 18.53623712385935, 19.009609716430834, 19.482206022175163, 19.953485498456452, 20.42292200023575, 20.89000616241989, 21.354247568312452, 21.81517668786431, 22.27234657368676, 22.72533430706372, 23.173742190376423, 23.617198686340664, 24.055359108170173, 24.48790606815385, 24.914549695116296, 25.335027633784495, 25.749104841187656, 26.156573196865395, 26.557250944858794, 26.950981986227333, 27.337635041200162, 27.717102700067937, 28.08930038159224, 28.45416521709775, 28.81165487756363, 29.161746359991113, 29.504434748138895, 29.839731961428317, 30.167665504466246, 30.488277228249128, 30.801622112728285, 31.107767079059943, 31.40678983855563, 31.698777784106518, 31.983826928692686, 32.262040894513845, 32.533529955298775, 32.79841013346861, 33.056802353045605, 33.308831648511955, 33.554626429229494, 33.794317798526244, 34.02803892613385, 34.255924472315115, 34.47811006174594, 34.69473180500463, 34.90592586536658, 35.11182806849709, 35.31257355257327, 35.508296456341284, 35.699129642622275, 35.885204454813476, 36.066650503986025, 36.24359548425326, 36.41616501416911, 36.58448250201214, 36.7486690329144, 36.908843275902086, 37.06512140902617, 37.217617060872584, 37.366441266852924, 37.5117024387858, 37.65350634638553, 37.79195610937792, 37.927152199061695, 38.05919244822857, 38.18817206844459, 38.314183673779766, 38.43731731015293, 38.55766048953289, 38.67529822830696, 38.790313089192225, 38.90278522612538, 39.01279243162211, 39.12041018614843, 39.225711709093524, 39.328768010976724, 39.42964794656108, 39.52841826858217, 39.62514368183369, 39.71988689738172, 39.812708686706735, 39.903667935597284, 39.992821697641766, 40.08022524718504, 40.165932131634946, 40.24999422302029, 40.33246176871677, 40.413383441270604, 40.49280638726156, 40.57077627515777, 40.64733734212429, 40.72253243975574, 40.796403078710995, 40.86898947223453, 40.940330578554835, 41.01046414215569, 41.07942673392041, 41.14725379015334, 41.21397965048633, 41.27963759468067, 41.34425987833801, 41.40787776753543, 41.47052157240233, 41.532220679657755, 41.59300358412856, 41.65289791926967, 41.71193048670856, 41.77012728483678, 41.827513536471876, 41.88411371561328, 41.93995157331625, 41.99505016270763, 42.04943186316765, 42.10311840370157, 42.15613088552498, 42.2084898038863, 42.260215069149794, 42.311326027162, 42.36184147892416, 42.41177969959282, 42.46115845683039, 42.509995028526866, 42.55830621991361, 42.606108380089466, 42.65341741797897, 42.70024881774212, 42.74661765365437, 42.79253860447514, 42.8380259673227, 42.88309367107259, 42.927755289296286, 42.97202405275651, 43.01591286147468, 43.05943429638591, 43.10260063059622, 43.14542384025631, 43.18791561506555, 43.23008736841969, 43.27195024721512, 43.31351514132208, 43.354792692738904, 43.395793304438975, 43.436527148921414, 43.4770041764765, 43.51723412317615, 43.557226518599535, 43.596990693303525, 43.636535786047325, 43.675870750780255, 43.71500436340143, 43.75394522829958, 43.7927017846812, 43.831282312694654, 43.869694939357714, 43.907947644295824, 43.94604826529779, 43.98400450369577, 44.0218239295758, 44.059513986825046, 44.097081998021736, 44.13453516917344, 44.171880594309144, 44.20912525993035, 44.246276049326404, 44.28333974675865, 44.32032304151833, 44.357232531862536, 44.39407472883259, 44.430856059958955, 44.467582872856624, 44.504261438714856, 44.54089795568479, 44.577498552168564, 44.6140692900132, 44.65061616761248, 44.68714512291996, 44.72366203637589, 44.76017273375117, 44.79668298891069, 44.833198526498876, 44.86972502454982, 44.90626811702437, 44.94283339627636, 44.979426415450284, 45.016052690812245, 45.05271770401632, 45.08942690430805, 45.12618571066691, 45.16299951388935, 45.19987367861408, 45.236813545290964, 45.273824432095125, 45.3109116367874, 45.348080438522594, 45.3853360996065, 45.42268386720302, 45.46012897499231, 45.497676644780846, 45.5353320880645, 45.57310050754526, 45.61098709860253, 45.64899705071955, 45.687135548865754, 45.725407774835475, 45.76381890854366, 45.802374129278945, 45.84107861691452, 45.879937553077276, 45.918956122275205, 45.95813951298368, 45.99749291869047, 46.03702153889982, 46.07673058009561, 46.116625256663575, 46.156710791772724, 46.196992418215665, 46.23747537920789, 46.27816492914586, 46.31906633432348, 46.36018487360703, 46.40152583906792, 46.4430945365732, 46.484896286333225, 46.52693642340623, 46.56922029815916, 46.61175327668445, 46.654540741172035, 46.69758809023604, 46.740900739195624, 46.7844841203092, 46.82834368296141]]","[array([6.37688001e-05, 6.00799169e-05, 5.86665222e-05, 5.87302802e-05,
       5.97885010e-05, 6.15476825e-05, 6.38284133e-05, 6.65207001e-05,
       6.95570597e-05, 7.28963356e-05, 7.65139262e-05, 8.03958619e-05,
       8.45351937e-05, 8.89297762e-05, 9.35808916e-05, 9.84923873e-05,
       1.03670125e-04, 1.09121628e-04, 1.14855844e-04, 1.20882990e-04,
       1.27214454e-04, 1.33862719e-04, 1.40841319e-04, 1.48164816e-04,
       1.55848780e-04, 1.63909792e-04, 1.72365441e-04, 1.81234341e-04,
       1.90536146e-04, 2.00291574e-04, 2.10522431e-04, 2.21251644e-04,
       2.32503294e-04, 2.44302650e-04, 2.56676215e-04, 2.69651762e-04,
       2.83258382e-04, 2.97526527e-04, 3.12488061e-04, 3.28176309e-04,
       3.44626105e-04, 3.61873845e-04, 3.79957541e-04, 3.98916873e-04,
       4.18793240e-04, 4.39629817e-04, 4.61471603e-04, 4.84365476e-04,
       5.08360242e-04, 5.33506683e-04, 5.59857604e-04, 5.87467877e-04,
       6.16394480e-04, 6.46696531e-04, 6.78435320e-04, 7.11674333e-04,
       7.46479272e-04, 7.82918060e-04, 8.21060844e-04, 8.60979986e-04,
       9.02750041e-04, 9.46447721e-04, 9.92151849e-04, 1.03994358e-03,
       1.08991343e-03, 1.14217612e-03, 1.19686852e-03, 1.25414174e-03,
       1.31415545e-03, 1.37707422e-03, 1.44306504e-03, 1.51229577e-03,
       1.58493416e-03, 1.66114714e-03, 1.74110039e-03, 1.82495798e-03,
       1.91288205e-03, 2.00503246e-03, 2.10156636e-03, 2.20263774e-03,
       2.30839685e-03, 2.41898947e-03, 2.53455616e-03, 2.65523131e-03,
       2.78114211e-03, 2.91240738e-03, 3.04913631e-03, 3.19142705e-03,
       3.33936521e-03, 3.49302221e-03, 3.65245361e-03, 3.81769726e-03,
       3.98877144e-03, 4.16567288e-03, 4.34837477e-03, 4.53682471e-03,
       4.73094269e-03, 4.93061902e-03, 5.13571238e-03, 5.34604786e-03,
       5.56141521e-03, 5.78156714e-03, 6.00621782e-03, 6.23504166e-03,
       6.46767230e-03, 6.70370188e-03, 6.94268077e-03, 7.18411752e-03,
       7.42747944e-03, 7.67219341e-03, 7.91764742e-03, 8.16319243e-03,
       8.40814491e-03, 8.65178983e-03, 8.89338426e-03, 9.13216147e-03,
       9.36733556e-03, 9.59810660e-03, 9.82366620e-03, 1.00432034e-02,
       1.02559111e-02, 1.04609924e-02, 1.06576673e-02, 1.08451796e-02,
       1.10228035e-02, 1.11898502e-02, 1.13456744e-02, 1.14896799e-02,
       1.16213256e-02, 1.17401302e-02, 1.18456768e-02, 1.19376164e-02,
       1.20156710e-02, 1.20796359e-02, 1.21293805e-02, 1.21648491e-02,
       1.21860606e-02, 1.21931070e-02, 1.21861517e-02, 1.21654263e-02,
       1.21312276e-02, 1.20839134e-02, 1.20238975e-02, 1.19516456e-02,
       1.18676688e-02, 1.17725189e-02, 1.16667819e-02, 1.15510727e-02,
       1.14260287e-02, 1.12923042e-02, 1.11505652e-02, 1.10014832e-02,
       1.08457310e-02, 1.06839770e-02, 1.05168818e-02, 1.03450934e-02,
       1.01692440e-02, 9.98994689e-03, 9.80779339e-03, 9.62335097e-03,
       9.43716108e-03, 9.24973778e-03, 9.06156659e-03, 8.87310372e-03,
       8.68477565e-03, 8.49697899e-03, 8.31008058e-03, 8.12441787e-03,
       7.94029947e-03, 7.75800593e-03, 7.57779059e-03, 7.39988061e-03,
       7.22447811e-03, 7.05176134e-03, 6.88188593e-03, 6.71498616e-03,
       6.55117628e-03, 6.39055180e-03, 6.23319079e-03, 6.07915517e-03,
       5.92849191e-03, 5.78123429e-03, 5.63740302e-03, 5.49700742e-03,
       5.36004638e-03, 5.22650949e-03, 5.09637791e-03, 4.96962529e-03,
       4.84621863e-03, 4.72611903e-03, 4.60928247e-03, 4.49566042e-03,
       4.38520052e-03, 4.27784714e-03, 4.17354187e-03, 4.07222405e-03,
       3.97383119e-03, 3.87829937e-03, 3.78556357e-03, 3.69555804e-03,
       3.60821659e-03, 3.52347279e-03, 3.44126028e-03, 3.36151292e-03,
       3.28416501e-03, 3.20915143e-03, 3.13640777e-03, 3.06587048e-03,
       2.99747695e-03, 2.93116561e-03, 2.86687600e-03, 2.80454884e-03,
       2.74412608e-03, 2.68555092e-03, 2.62876787e-03, 2.57372277e-03,
       2.52036278e-03, 2.46863643e-03, 2.41849359e-03, 2.36988548e-03,
       2.32276468e-03, 2.27708508e-03, 2.23280193e-03, 2.18987177e-03,
       2.14825242e-03, 2.10790299e-03, 2.06878384e-03, 2.03085654e-03,
       1.99408386e-03, 1.95842975e-03, 1.92385932e-03, 1.89033878e-03,
       1.85783545e-03, 1.82631769e-03, 1.79575493e-03, 1.76611758e-03,
       1.73737705e-03, 1.70950570e-03, 1.68247680e-03, 1.65626454e-03,
       1.63084397e-03, 1.60619097e-03, 1.58228228e-03, 1.55909539e-03,
       1.53660859e-03, 1.51480088e-03, 1.49365202e-03, 1.47314244e-03,
       1.45325326e-03, 1.43396622e-03, 1.41526374e-03, 1.39712881e-03,
       1.37954502e-03, 1.36249653e-03, 1.34596807e-03, 1.32994486e-03,
       1.31441267e-03, 1.29935774e-03, 1.28476682e-03, 1.27062709e-03,
       1.25692620e-03, 1.24365221e-03, 1.23079363e-03, 1.21833935e-03,
       1.20627864e-03, 1.19460117e-03, 1.18329695e-03, 1.17235636e-03,
       1.16177011e-03, 1.15152923e-03, 1.14162507e-03, 1.13204929e-03,
       1.12279384e-03, 1.11385096e-03, 1.10521315e-03, 1.09687320e-03,
       1.08882412e-03, 1.08105921e-03, 1.07357197e-03, 1.06635617e-03,
       1.05940577e-03, 1.05271497e-03, 1.04627816e-03, 1.04008994e-03,
       1.03414512e-03, 1.02843867e-03, 1.02296577e-03, 1.01772176e-03,
       1.01270216e-03, 1.00790264e-03, 1.00331905e-03, 9.98947396e-04,
       9.94783810e-04, 9.90824591e-04, 9.87066170e-04, 9.83505117e-04,
       9.80138134e-04, 9.76962048e-04, 9.73973812e-04, 9.71170500e-04,
       9.68549301e-04, 9.66107516e-04, 9.63842557e-04, 9.61751942e-04,
       9.59833289e-04, 9.58084321e-04, 9.56502853e-04, 9.55086795e-04,
       9.53834151e-04, 9.52743010e-04, 9.51811549e-04, 9.51038028e-04,
       9.50420787e-04, 9.49958246e-04, 9.49648900e-04, 9.49491320e-04,
       9.49484148e-04, 9.49626096e-04, 9.49915945e-04, 9.50352542e-04,
       9.50934797e-04, 9.51661685e-04, 9.52532239e-04, 9.53545553e-04,
       9.54700778e-04, 9.55997121e-04, 9.57433843e-04, 9.59010257e-04,
       9.60725730e-04, 9.62579677e-04, 9.64571560e-04, 9.66700891e-04,
       9.68967226e-04, 9.71370166e-04, 9.73909356e-04, 9.76584480e-04,
       9.79395266e-04, 9.82341480e-04, 9.85422927e-04, 9.88639447e-04,
       9.91990919e-04, 9.95477254e-04, 9.99098398e-04, 1.00285433e-03,
       1.00674506e-03, 1.01077063e-03, 1.01493110e-03, 1.01922658e-03,
       1.02365719e-03, 1.02822308e-03, 1.03292442e-03, 1.03776143e-03,
       1.04273430e-03, 1.04784330e-03, 1.05308869e-03, 1.05847075e-03,
       1.06398978e-03, 1.06964610e-03, 1.07544005e-03, 1.08137199e-03,
       1.08744227e-03, 1.09365128e-03, 1.09999940e-03, 1.10648704e-03,
       1.11311461e-03])]","[[0, 6.376880005047202e-05, 0.00012384871691641303, 0.0001825152391581995, 0.0002412455194070147, 0.0003010340203901783, 0.0003625817029284865, 0.0004264101162402827, 0.0004929308163595536, 0.0005624878760830609, 0.0006353842116377131, 0.0007118981378292772, 0.0007922939997072207, 0.0008768291934377548, 0.0009657589695934364, 0.0010593398611875387, 0.001157832248447194, 0.001261502373930434, 0.0013706240021549097, 0.0014854798457352943, 0.0016063628361820492, 0.0017335772906748286, 0.0018674400095202823, 0.0020082813285866277, 0.002156446144350456, 0.0023122949248390715, 0.002476204716827943, 0.0026485701576275753, 0.0028298044983446112, 0.0030203406444298, 0.0032206322185068855, 0.003431154649832929, 0.003652406294220926, 0.003884909587825436, 0.00412921223782748, 0.004385888452738757, 0.004655540214764262, 0.004938798596406193, 0.005236325123252198, 0.005548813184660187, 0.005876989493823855, 0.006221615598471887, 0.006583489443214239, 0.0069634469842959484, 0.007362363857247689, 0.007781157097628076, 0.008220786914730866, 0.008682258517775973, 0.009166623993711948, 0.009674984235324367, 0.010208490917864603, 0.01076834852188167, 0.011355816399351033, 0.011972210879543258, 0.012618907410356773, 0.013297342730047228, 0.01400901706341562, 0.014755496335562845, 0.015538414395274187, 0.016359475238958174, 0.017220455224824925, 0.018123205265644995, 0.019069652986976243, 0.020061804836179864, 0.021101748412619477, 0.022191661847026225, 0.023333837966319715, 0.024530706487406125, 0.025784848224514188, 0.027099003675775432, 0.0284760778943493, 0.029919142930628088, 0.031431438704659406, 0.033016372868760885, 0.034677520010611425, 0.036418620400128124, 0.038243578380555365, 0.04015646043235274, 0.04216149288848798, 0.04426305924513845, 0.04646569698801053, 0.04877409383828607, 0.05119308331136033, 0.05372763947450278, 0.056382870785317715, 0.0591640128907346, 0.06207642026581771, 0.06512555657274213, 0.06831698362277171, 0.07165634882802989, 0.07514937103538388, 0.0788018246420243, 0.08261952190150584, 0.08660829334032552, 0.09077396621876214, 0.09512234098588343, 0.0996591656975216, 0.10439010838776888, 0.10932072740924542, 0.11445643978508246, 0.11980248764620689, 0.1253639028609909, 0.13114547000042692, 0.13715168782038106, 0.14338672948272793, 0.14985440177871967, 0.15655810366010167, 0.16350078442545132, 0.17068490195005326, 0.1781123813863017, 0.18578457479701094, 0.1937022222149302, 0.20186541464697114, 0.21027355955994206, 0.21892534939475788, 0.22781873365706712, 0.23695089512305198, 0.24631823067904654, 0.255916337282052, 0.2657400034849599, 0.27578320691539404, 0.286039118030972, 0.2965001103972565, 0.3071577776488702, 0.31800295720070476, 0.3290257606767081, 0.34021561092052083, 0.35156128534760744, 0.36305096529500575, 0.37467229092498516, 0.38641242114531993, 0.3982580979240027, 0.4101957143022948, 0.4222113853489874, 0.4342910212522312, 0.4464204017144511, 0.4585852508014009, 0.47077131139855033, 0.482964418446454, 0.4951505701607834, 0.5073159964911236, 0.5194472241338739, 0.5315311374867733, 0.5435550350135651, 0.555506680574861, 0.5673743493730063, 0.5791468682523649, 0.5908136501896897, 0.6023647229000422, 0.6137907515701997, 0.6250830558120316, 0.63623362100161, 0.6472351042348237, 0.6580808351862734, 0.6687648122048201, 0.6792816940162121, 0.6896267874308423, 0.699796031473236, 0.7097859783598742, 0.7195937717540978, 0.7292171227219135, 0.738654283801408, 0.7479040215820697, 0.7569655881695677, 0.7658386918873186, 0.7745234675393851, 0.7830204465306829, 0.7913305271108778, 0.7994549449783961, 0.807395244451225, 0.8151532503821367, 0.8227310409680433, 0.8301309215766998, 0.8373553996891688, 0.8444071610335196, 0.8512890469642719, 0.8580040331231663, 0.8645552093999561, 0.8709457611970436, 0.8771789519888595, 0.8832581071558203, 0.8891865990633795, 0.8949678333490041, 0.9006052363737076, 0.9061022437899352, 0.9114622901739784, 0.9166887996685577, 0.9217851775796334, 0.9267548028707436, 0.9316010214981234, 0.9363271405304098, 0.9409364229977868, 0.945432083416884, 0.9498172839395226, 0.9540951310754404, 0.9582686729413482, 0.9623408969910254, 0.9663147281835986, 0.9701930275496269, 0.9739785911171024, 0.9776741491619384, 0.9812823657499327, 0.9848058385395475, 0.9882470988171198, 0.9916086117382942, 0.9948927767515527, 0.998101928181695, 1.001238335952983, 1.0043042064334329, 1.0073016833833734, 1.0102328489929435, 1.013099724994624, 1.015904273838243, 1.0186483999171188, 1.0213339508351498, 1.0239627187057112, 1.02653644147418, 1.0290568042567994, 1.0315254406894026, 1.033943934280256, 1.0363138197619584, 1.0386365844379433, 1.0409136695196965, 1.0431464714512968, 1.0453363432183524, 1.0474845956388168, 1.0495924986335379, 1.051661282474733, 1.0536921390108787, 1.0556862228667778, 1.0576446526178034, 1.0595685119375373, 1.0614588507182108, 1.0633166861635235, 1.065143003853569, 1.0669387587817272, 1.0687048763634996, 1.0704422534173668, 1.0721517591178344, 1.0738342359209168, 1.0754905004623643, 1.07712134442901, 1.0787275354036492, 1.080309817683912, 1.0818689130756247, 1.0834055216611784, 1.0849203225434523, 1.0864139745658514, 1.0878871170090378, 1.089340370264938, 1.090774336488622, 1.092189600228648, 1.09358672903647, 1.0949662740555055, 1.0963287705904528, 1.0976747386574481, 1.0990046835156415, 1.1003190961807643, 1.1016184539212543, 1.1029032207374911, 1.104173847824686, 1.10543077401996, 1.1066744262341304, 1.1079052198687138, 1.1091235592186452, 1.110329837861194, 1.111524439031551, 1.112707735985542, 1.1138800923499164, 1.1150418624606435, 1.1161933916896336, 1.1173350167602956, 1.1184670660523228, 1.1195898598960918, 1.1207037108570423, 1.1218089240104003, 1.1229057972065875, 1.1239946213276537, 1.1250756805350584, 1.126149252509111, 1.1272156086803746, 1.1282750144533245, 1.1293277294225428, 1.1303740075817221, 1.13141409752574, 1.1324482426460563, 1.1334766813196775, 1.1344996470919255, 1.1355173688532334, 1.1365300710101889, 1.1375379736510356, 1.1385412927058334, 1.139540240101474, 1.1405350239117384, 1.1415258485025763, 1.1425129146727844, 1.1434964197902466, 1.1444765579238998, 1.1454535199715792, 1.146427493783891, 1.147398664284257, 1.1483672135852692, 1.1493333211014822, 1.150297163658777, 1.1512589156004125, 1.1522187488898845, 1.1531768332107053, 1.1541333360632102, 1.1550884228584954, 1.1560422570095867, 1.156995000019935, 1.1579468115693294, 1.1588978495973155, 1.1598482703842043, 1.1607982286297502, 1.1617478775295778, 1.1626973688494278, 1.1636468529972974, 1.1645964790935381, 1.1655463950389782, 1.16649674758113, 1.1674476823785445, 1.1683993440633615, 1.1693518763021191, 1.170305421854864, 1.1712601226326185, 1.1722161197532435, 1.1731735535957484, 1.1741325638530828, 1.1750932895834534, 1.1760558692602008, 1.177020440820273, 1.1779871417113272, 1.178956108937492, 1.1799274791038181, 1.1809013884594446, 1.1818779729395068, 1.1828573682058092, 1.183839709686286, 1.184825132613266, 1.1858137720605644, 1.1868057629794166, 1.1878012402332685, 1.1888003386314365, 1.1898031929616537, 1.190809938021505, 1.1918207086487682, 1.1928356397506639, 1.1938548663320214, 1.1948785235223667, 1.1959067466019342, 1.1969396710266067, 1.1979774324517818, 1.199020166755166, 1.200068010058495, 1.2011210987481749, 1.202179569494843, 1.2032435592718422, 1.2043132053726002, 1.205388645426908, 1.206470017416088, 1.207557459687043, 1.2086511109651725, 1.2097511103661458, 1.2108575974065192, 1.211970712013183]]"
40.0,40.0,3,60,180,I0-S1,"[[0.01, 0.009218546420913139, 0.008861068736292907, 0.0087750579360058, 0.008868442283668504, 0.009085486421195974, 0.009392352010766386, 0.009768473308366206, 0.010201372427078824, 0.010683538651041116, 0.011210544629824036, 0.011779905361918577, 0.012390383855668909, 0.013041565935785879, 0.013733597682601609, 0.01446702153089544, 0.015242672543959352, 0.01606161165923246, 0.0169250818703689, 0.017834478818620027, 0.01879133058121975, 0.019797283444317172, 0.02085409165868145, 0.021963609912779507, 0.023127787708562948, 0.024348665103531588, 0.025628369456286194, 0.02696911292268374, 0.028373190520475832, 0.02984297862682411, 0.031380933804376655, 0.03298959187317163, 0.03467156716090133, 0.036429551875130146, 0.038266315549242855, 0.04018470452005466, 0.04218764139969973, 0.044278124508001566, 0.046459227234275036, 0.04873409729959753, 0.05110595589214961, 0.05357809664936439, 0.05615388446141809, 0.05883675407110442, 0.06163020844541303, 0.06453781689422149, 0.06756321291144536, 0.07071009171380625, 0.0739822074520991, 0.0773833700694945, 0.08091744178102322, 0.0845883331479795, 0.08839999872056985, 0.09235643222174555, 0.09646166124481034, 0.10071974143711122, 0.10513475014192186, 0.1097107794705349, 0.11445192877661634, 0.11936229650506389, 0.1244459713879767, 0.12970702296091202, 0.13514949137339985, 0.1407773764687388, 0.14659469127698754, 0.15260611590873094, 0.15881737561791273, 0.16523490075924074, 0.1718655676885906, 0.17871654206164733, 0.18579518297157183, 0.19310898293863496, 0.20066552866309342, 0.20847247342952865, 0.21653751565835633, 0.2248683802758301, 0.2334728008843235, 0.24235850150265204, 0.25153317711896545, 0.2610044725817044, 0.2707799595231614, 0.28086711111125173, 0.29127327448599183, 0.30200564077474745, 0.3130712126047665, 0.3244767690490557, 0.3362288279560786, 0.3483336056273678, 0.3607969738213902, 0.3736244140777888, 0.38682096937402405, 0.4003911931468335, 0.4143390957340731, 0.4286680883185587, 0.4433809244846021, 0.45847963953007126, 0.4739654877120006, 0.4898388776419798, 0.506099306088642, 0.5227452904883748, 0.5397743005116574, 0.5571826890808386, 0.5749656232853273, 0.5931170156915552, 0.611629456597101, 0.6304941478303397, 0.6497008387481052, 0.6692377651332193, 0.6890915917403551, 0.7092473592814627, 0.7296884366797182, 0.7503964794524033, 0.7713513951069773, 0.7925313164495305, 0.8139125837094467, 0.8354697363771434, 0.8571755156319167, 0.8790008782030414, 0.9009150224583041, 0.9228854274492564, 0.9448779055610058, 0.9668566693159831, 0.9887844127657738, 1.0106224077730965, 1.0323306153380494, 1.0538678119599312, 1.0751917308498435, 1.0962592176218509, 1.1170263998941774, 1.1374488700295777, 1.1574818800388562, 1.1770805474671266, 1.1962000708825984, 1.214795953396525, 1.2328242324645693, 1.250241714058383, 1.2670062091557028, 1.2830767703815427, 1.2984139265455732, 1.3129799127645554, 1.3267388938361817, 1.3396571785436648, 1.3517034226199733, 1.3628488181869922, 1.3730672676075113, 1.382335539845409, 1.3906334076194138, 1.3979437638553716, 1.4042527161872171, 1.4095496585234484, 1.413827318978871, 1.417081783765394, 1.4193124969351174, 1.4205222361681755, 1.4207170650911254, 1.4199062628936774, 1.418102232277136, 1.4153203870124278, 1.4115790206049932, 1.4068991577547152, 1.4013043904588276, 1.394820700732499, 1.3874762720144764, 1.3793012913834946, 1.3703277447356093, 1.3605892070643462, 1.3501206299464101, 1.338958128268032, 1.327138768133661, 1.3147003577828298, 1.3016812432060665, 1.288120110000285, 1.2740557928418055, 1.2595270937846348, 1.2445726104163686, 1.2292305747273513, 1.2135387033735787, 1.19753405984302, 1.1812529288709475, 1.1647307032945802, 1.1480017833925336, 1.131099488621581, 1.1140559815430104, 1.0969022036240534, 1.0796678225068024, 1.0623811902577214, 1.0450693120451167, 1.0277578246392964, 1.0104709840900268, 0.9932316619074993, 0.9760613490554997, 0.9589801670578377, 0.9420068855203718, 0.9251589453800811, 0.9084524872085851, 0.8919023839192578, 0.8755222772536518, 0.8593246174533976, 0.8433207055572098, 0.8275207377983061, 0.8119338516146821, 0.7965681728226496, 0.7814308635422336, 0.7665281705009412, 0.7518654733796303, 0.7374473329003446, 0.7232775383907684, 0.7093591545931212, 0.695694567516718, 0.6822855291628989, 0.6691332009785238, 0.6562381959196726, 0.6436006190305827, 0.6312201064642147, 0.6190958628901898, 0.607226697253276, 0.5956110568611617, 0.5842470597940552, 0.5731325256407841, 0.5622650045766201, 0.5516418048071714, 0.5412600184104314, 0.5311165456155948, 0.5212081175626332, 0.5115313175909791, 0.5020826011090997, 0.4928583140993363, 0.48385471031424937, 0.4750679672219126, 0.46649420075822884, 0.4581294789444764, 0.4499698344279883, 0.44201127600320056, 0.43424979916932094, 0.42668139577962705, 0.4193020628359444, 0.41210781048022527, 0.405094669233383, 0.3982586965296681, 0.3915959825929308, 0.3851026556991238, 0.378774886867382, 0.37260889401999414, 0.3666009456495624, 0.3607473640296563, 0.35504452800330777, 0.3494888753817785, 0.34407690498416693, 0.3388051783466172, 0.33367032112814515, 0.32866902423842037, 0.32379804471123064, 0.319054206345816, 0.31443440013678653, 0.3099355845119409, 0.305554785395971, 0.30128909611677734, 0.29713567716992934, 0.2930917558556744, 0.2891546258018415, 0.2853216463849824, 0.2815902420611555, 0.27795790161687356, 0.27442217734991176, 0.270980684188897, 0.2676310987598764, 0.2643711584073865, 0.26119866017691573, 0.2581114597650637, 0.2551074704431556, 0.25218466195956113, 0.24934105942549584, 0.24657474218864459, 0.24388384269854083, 0.2412665453672603, 0.23872108542863937, 0.2362457477989072, 0.23383886594132477, 0.23149882073715, 0.22922403936499564, 0.22701299419041607, 0.22486420166734475, 0.22277622125280855, 0.2207476543361659, 0.2187771431839508, 0.2168633699012544, 0.21500505541043757, 0.21320095844784298, 0.21144987457906025, 0.20975063523319348, 0.20810210675648586, 0.2065031894855697, 0.2049528168405332, 0.20344995443792405, 0.20199359922374682, 0.2005827786264542, 0.19921654972988073, 0.19789399846602151, 0.19661423882751794, 0.19537641209967577, 0.19417968611180858, 0.19302325450767152, 0.19190633603472487, 0.19082817385194537, 0.1897880348558846, 0.1887852090246571, 0.18781900877952717, 0.1868887683637523, 0.1859938432383303, 0.18513360949429086, 0.18430746328116504, 0.18351482025126167, 0.1827551150193772, 0.18202780063756163, 0.1813323480845641, 0.18066824576957974, 0.18003499904992162, 0.17943212976224218, 0.178859175766931, 0.17831569050531904, 0.17780124256932164, 0.17731541528315797, 0.17685780629678693, 0.17642802719070577, 0.17602570309176124, 0.17565047229962905, 0.17530198592362173, 0.1749799075294915, 0.17468391279589943, 0.17441368918022834, 0.1741689355934226, 0.17394936208354358, 0.17375468952773537, 0.17358464933230164, 0.17343898314059997, 0.1733174425484655, 0.17321978882688255, 0.17314579265162722, 0.17309523383961117, 0.17306790109166093, 0.1730635917414736, 0.17308211151049513, 0.1731232742684721, 0.1731869017994339, 0.17327282357286733, 0.17338087651985004, 0.1735109048139153, 0.1736627596564242, 0.17383629906622755, 0.17403138767340312, 0.17424789651685957, 0.17448570284560197, 0.17474468992345915, 0.17502474683707644, 0.17532576830698246, 0.17564765450154216, 0.17599031085361294, 0.1763536478797237, 0.17673758100160195, 0.17714203036987658, 0.17756692068978888, 0.1780121810487468, 0.1784777447455627, 0.17896354912121712, 0.1794695353909952, 0.17999564847784605]]","[[0.01, 0.011673645222856313, 0.01362924433757481, 0.01580189464359648, 0.018156395200049573, 0.020675308627199268, 0.023351835013343956, 0.02618560518457421, 0.029180182002604655, 0.032341581398363496, 0.03567740151298763, 0.039196314507925066, 0.04290777434831028, 0.0468218529567941, 0.050949152477918765, 0.0553007625183705, 0.059888243846667945, 0.06472362756636135, 0.06981942326605599, 0.07518863232180954, 0.08084476411481945, 0.08680185386745794, 0.09307448135512518, 0.09967779007623398, 0.10662750665111174, 0.11393996032827455, 0.12163210253649509, 0.12972152645302654, 0.13822648657393605, 0.14716591827864428, 0.15655945738152383, 0.16642745966115247, 0.1767910203539161, 0.18767199359389405, 0.1990930117757648, 0.21107750481207513, 0.22364971925073074, 0.23683473721303921, 0.2506584951070765, 0.2651478020655459, 0.28033035805163936, 0.2962347715706704, 0.31289057691941075, 0.3303282508991052, 0.34857922891205445, 0.36767592035542085, 0.38765172321953534, 0.40854103779144557, 0.43037927935775805, 0.4532028897939927, 0.47704934792069265, 0.5019571784994346, 0.527965959734681, 0.555116329140131, 0.5834499876208867, 0.6130097016153983, 0.6438393031338143, 0.6759836875221006, 0.709488808774144, 0.7444016722070972, 0.7807703243085011, 0.8186438395573301, 0.8580723040151099, 0.8991067954777623, 0.941799428506927, 0.9862040804143934, 1.032377013950981, 1.0803767638998463, 1.1302640229811516, 1.182101577851153, 1.235954274205776, 1.2918889981418025, 1.349974665790413, 1.4102822161733095, 1.472884604002214, 1.5378567902080718, 1.6052757286247215, 1.6752203476314576, 1.7477715257817386, 1.8230120605732558, 1.9010266295853926, 1.981901743246829, 2.0657256885129462, 2.1525884627386085, 2.2425816970324983, 2.335798568378163, 2.4323336998068315, 2.5322830479097025, 2.6357437769842433, 2.7428141191212485, 2.8535932195580505, 2.9681809666493035, 3.0866778058411537, 3.209184537078194, 3.335802095126294, 3.4666313123590085, 3.6017726636315603, 3.7413259929551503, 3.8853902217861265, 4.034063038859979, 4.187440571629575, 4.3456170395108025, 4.508684389296933, 4.6767319132754634, 4.849845850767537, 5.028108974009703, 5.211600159509858, 5.4003939462324135, 5.59456008220054, 5.794163061343824, 5.999261652665392, 6.209908424051005, 6.426149263290542, 6.64802289912627, 6.87556042537862, 7.10878483142451, 7.34771054251141, 7.592342973577509, 7.842678100409812, 8.09870205210302, 8.36039072887759, 8.627709449371077, 8.900612631528016, 9.179043511176507, 9.46293390229049, 9.752204002792935, 10.046762249554433, 10.346505225983039, 10.651317625284298, 10.961072272096292, 11.275630204775213, 11.594840820125773, 11.918542081842197, 12.246560793355433, 12.578712935177217, 12.91480406620003, 13.254629787762376, 13.597976268631081, 13.944620828396651, 14.29433257613485, 14.646873100568277, 15.001997207376673, 15.35945369876419, 15.718986189905548, 16.08033395646997, 16.44323280706935, 16.807415974202065, 17.17261501707084, 17.538560729545612, 17.904984046521957, 18.271616941992217, 18.638193312298455, 19.004449838269743, 19.37012682025675, 19.73496898045704, 20.098726227367713, 20.461154377699142, 20.822015831625194, 21.181080197821387, 21.538124865342844, 21.892935520008088, 22.245306603572857, 22.595041714590185, 22.941953950450234, 23.2858661906672, 23.62661132202392, 23.964032406690958, 24.297982794900914, 24.628326184176217, 24.95493662747667, 25.277698492949828, 25.596506378231734, 25.9112649824581, 26.221888939307412, 26.528302614509773, 26.830439871320788, 27.128243807481777, 27.421666467169356, 27.710668531383007, 27.995218990132436, 28.27529479967183, 28.550880527889397, 28.82196799080225, 29.088555882932543, 29.35064940415473, 29.608259885409456, 29.86140441548015, 30.11010547082683, 30.354390550270857, 30.594291816126304, 30.829845743180794, 31.061092776742342, 31.288077000790643, 31.510845817102272, 31.729449636060416, 31.94394157971156, 32.15437719749436, 32.360814194940005, 32.563312175528615, 32.761932395782694, 32.95673753358576, 33.14779146963206, 33.335159081840885, 33.51890605250625, 33.699098687898854, 33.875803749991704, 34.04908829994305, 34.21901955293962, 34.38566474397908, 34.549091004152245, 34.70936524697305, 34.866554064295514, 35.020723631353675, 35.171939620459725, 35.32026712289883, 35.465770578564786, 35.60851371288889, 35.74855948062447, 35.88597001606139, 36.020806589258, 36.15312956789214, 36.28299838434789, 36.41047150767044, 36.53560642003724, 36.65845959741011, 36.779086494049025, 36.897541530584746, 37.01387808536336, 37.128148488791716, 37.240404020428144, 37.350694908578014, 37.4590703321681, 37.565578424688084, 37.67026628000087, 37.77317995983662, 37.8743645027978, 37.973863934714444, 38.07172128020015, 38.167978575270226, 38.26267688089341, 38.355856297358386, 38.44755597934541, 38.53781415160179, 38.626668125128326, 38.714154313791056, 38.800308251280114, 38.8851646083438, 38.96875721023251, 39.05111905429272, 39.13228232765682, 39.21227842497953, 39.291137966176315, 39.36889081412361, 39.4455660922847, 39.52119220222878, 39.59579684101422, 39.669407018410254, 39.74204907393426, 39.81374869368447, 39.88453092695044, 39.9544202025861, 40.023440345131924, 40.09161459067512, 40.15896560243819, 40.22551548608795, 40.291285804758665, 40.356297593784, 40.420571375134095, 40.48412717155486, 40.54698452040776, 40.60916248720917, 40.67067967886926, 40.7315542566311, 40.79180394871124, 40.85144606264375, 40.910497497330084, 40.96897475479767, 41.026893951670566, 41.08427083035578, 41.14112076994922, 41.19745879686553, 41.25329959519628, 41.30865751680108, 41.363546591136554, 41.417980534828104, 41.471972760989395, 41.525536388294874, 41.57868424981042, 41.63142890158746, 41.68378263102569, 41.73575746500981, 41.7873651778255, 41.83861729885985, 41.88952512009155, 41.940099703375914, 41.990351887530025, 42.040292295222876, 42.08993133967573, 42.13927923117745, 42.188345983419765, 42.23714141965729, 42.285675178696856, 42.33395672072086, 42.381995332949174, 42.4298001351439, 42.477380084961474, 42.524743983156206, 42.57190047863944, 42.61885807339841, 42.66562512727859, 42.71220986263356, 42.758620368845975, 42.80486460672331, 42.850950412771944, 42.89688550335302, 42.94267747872336, 42.98833382696479, 43.03386192780491, 43.07926905633246, 43.124562386610165, 43.169748995188016, 43.214835864519706, 43.25982988628491, 43.3047378646201, 43.3495665192603, 43.39432248859431, 43.43901233263572, 43.483642535911976, 43.5282195102737, 43.57274959762643, 43.617239072586706, 43.66169414506463, 43.7061209627746, 43.75052561367621, 43.794914128347, 43.839292482288684, 43.88366659816855, 43.92804234799756, 43.97242555524661, 44.01682199690238, 44.06123740546417, 44.105677470882945, 44.150147842443914, 44.19465413059374, 44.23920190871359, 44.28379671483903, 44.32844405332781, 44.37314939647649, 44.41791818608685, 44.46275583498288, 44.507667728479184, 44.552659225801655, 44.597735661460945, 44.64290234657958, 44.68816457017324, 44.733527600386786, 44.77899668568562, 44.82457705600285, 44.87027392384263, 44.91609248534023, 44.96203792127906, 45.008115398065115, 45.05433006865898, 45.10068707346578, 45.147191541183254, 45.19384858960809]]","[array([6.37688001e-05, 6.00799169e-05, 5.86665222e-05, 5.87302911e-05,
       5.97888127e-05, 6.15496311e-05, 6.38350357e-05, 6.65370831e-05,
       6.95904720e-05, 7.29562113e-05, 7.66117471e-05, 8.05449700e-05,
       8.47505592e-05, 8.92277344e-05, 9.39788621e-05, 9.90085796e-05,
       1.04323236e-04, 1.09930532e-04, 1.15839276e-04, 1.22059222e-04,
       1.28600958e-04, 1.35475825e-04, 1.42695856e-04, 1.50273735e-04,
       1.58222761e-04, 1.66556827e-04, 1.75290401e-04, 1.84438507e-04,
       1.94016717e-04, 2.04041141e-04, 2.14528421e-04, 2.25495725e-04,
       2.36960741e-04, 2.48941676e-04, 2.61457248e-04, 2.74526690e-04,
       2.88169736e-04, 3.02406628e-04, 3.17258101e-04, 3.32745387e-04,
       3.48890202e-04, 3.65714741e-04, 3.83241672e-04, 4.01494120e-04,
       4.20495662e-04, 4.40270308e-04, 4.60842488e-04, 4.82237034e-04,
       5.04479164e-04, 5.27594452e-04, 5.51608811e-04, 5.76548459e-04,
       6.02439894e-04, 6.29309856e-04, 6.57185294e-04, 6.86093320e-04,
       7.16061170e-04, 7.47116154e-04, 7.79285603e-04, 8.12596811e-04,
       8.47076979e-04, 8.82753144e-04, 9.19652113e-04, 9.57800473e-04,
       9.97226682e-04, 1.03796555e-03, 1.08005779e-03, 1.12354785e-03,
       1.16848261e-03, 1.21491053e-03, 1.26288114e-03, 1.31244473e-03,
       1.36365209e-03, 1.41655443e-03, 1.47120316e-03, 1.52764981e-03,
       1.58594593e-03, 1.64614292e-03, 1.70829193e-03, 1.77244369e-03,
       1.83864837e-03, 1.90695537e-03, 1.97741319e-03, 2.05006915e-03,
       2.12496922e-03, 2.20215773e-03, 2.28167715e-03, 2.36356782e-03,
       2.44786758e-03, 2.53461156e-03, 2.62383177e-03, 2.71555679e-03,
       2.80981139e-03, 2.90661615e-03, 3.00598707e-03, 3.10793515e-03,
       3.21246596e-03, 3.31957923e-03, 3.42926838e-03, 3.54152007e-03,
       3.65631375e-03, 3.77362118e-03, 3.89340601e-03, 4.01562329e-03,
       4.14021901e-03, 4.26712973e-03, 4.39628209e-03, 4.52759245e-03,
       4.66096654e-03, 4.79629906e-03, 4.93347347e-03, 5.07236165e-03,
       5.21282375e-03, 5.35470803e-03, 5.49785074e-03, 5.64207615e-03,
       5.78719658e-03, 5.93301253e-03, 6.07931290e-03, 6.22587529e-03,
       6.37246641e-03, 6.51884256e-03, 6.66475025e-03, 6.80992685e-03,
       6.95410140e-03, 7.09699553e-03, 7.23832441e-03, 7.37779784e-03,
       7.51512147e-03, 7.64999799e-03, 7.78212852e-03, 7.91121398e-03,
       8.03695660e-03, 8.15906137e-03, 8.27723765e-03, 8.39120069e-03,
       8.50067324e-03, 8.60538711e-03, 8.70508471e-03, 8.79952061e-03,
       8.88846291e-03, 8.97169474e-03, 9.04901547e-03, 9.12024200e-03,
       9.18520983e-03, 9.24377401e-03, 9.29581004e-03, 9.34121455e-03,
       9.37990583e-03, 9.41182429e-03, 9.43693261e-03, 9.45521592e-03,
       9.46668163e-03, 9.47135925e-03, 9.46929998e-03, 9.46057613e-03,
       9.44528050e-03, 9.42352552e-03, 9.39544235e-03, 9.36117979e-03,
       9.32090320e-03, 9.27479324e-03, 9.22304458e-03, 9.16586459e-03,
       9.10347192e-03, 9.03609511e-03, 8.96397117e-03, 8.88734414e-03,
       8.80646373e-03, 8.72158390e-03, 8.63296152e-03, 8.54085510e-03,
       8.44552353e-03, 8.34722490e-03, 8.24621539e-03, 8.14274825e-03,
       8.03707281e-03, 7.92943364e-03, 7.82006972e-03, 7.70921375e-03,
       7.59709151e-03, 7.48392130e-03, 7.36991351e-03, 7.25527019e-03,
       7.14018477e-03, 7.02484177e-03, 6.90941669e-03, 6.79407584e-03,
       6.67897631e-03, 6.56426597e-03, 6.45008352e-03, 6.33655859e-03,
       6.22381186e-03, 6.11195525e-03, 6.00109213e-03, 5.89131752e-03,
       5.78271837e-03, 5.67537383e-03, 5.56935553e-03, 5.46472790e-03,
       5.36154844e-03, 5.25986809e-03, 5.15973152e-03, 5.06117747e-03,
       4.96423903e-03, 4.86894401e-03, 4.77531524e-03, 4.68337086e-03,
       4.59312464e-03, 4.50458626e-03, 4.41776162e-03, 4.33265309e-03,
       4.24925978e-03, 4.16757782e-03, 4.08760055e-03, 4.00931882e-03,
       3.93272116e-03, 3.85779402e-03, 3.78452193e-03, 3.71288775e-03,
       3.64287280e-03, 3.57445704e-03, 3.50761923e-03, 3.44233707e-03,
       3.37858735e-03, 3.31634607e-03, 3.25558853e-03, 3.19628952e-03,
       3.13842333e-03, 3.08196390e-03, 3.02688489e-03, 2.97315976e-03,
       2.92076187e-03, 2.86966450e-03, 2.81984093e-03, 2.77126453e-03,
       2.72390875e-03, 2.67774721e-03, 2.63275375e-03, 2.58890242e-03,
       2.54616755e-03, 2.50452377e-03, 2.46394602e-03, 2.42440962e-03,
       2.38589022e-03, 2.34836389e-03, 2.31180707e-03, 2.27619664e-03,
       2.24150989e-03, 2.20772452e-03, 2.17481872e-03, 2.14277107e-03,
       2.11156063e-03, 2.08116690e-03, 2.05156982e-03, 2.02274978e-03,
       1.99468765e-03, 1.96736470e-03, 1.94076268e-03, 1.91486377e-03,
       1.88965057e-03, 1.86510613e-03, 1.84121392e-03, 1.81795784e-03,
       1.79532218e-03, 1.77329167e-03, 1.75185142e-03, 1.73098693e-03,
       1.71068411e-03, 1.69092923e-03, 1.67170894e-03, 1.65301026e-03,
       1.63482056e-03, 1.61712757e-03, 1.59991934e-03, 1.58318429e-03,
       1.56691114e-03, 1.55108893e-03, 1.53570704e-03, 1.52075512e-03,
       1.50622314e-03, 1.49210135e-03, 1.47838029e-03, 1.46505078e-03,
       1.45210388e-03, 1.43953096e-03, 1.42732360e-03, 1.41547365e-03,
       1.40397322e-03, 1.39281461e-03, 1.38199039e-03, 1.37149334e-03,
       1.36131646e-03, 1.35145295e-03, 1.34189623e-03, 1.33263991e-03,
       1.32367781e-03, 1.31500393e-03, 1.30661244e-03, 1.29849772e-03,
       1.29065430e-03, 1.28307690e-03, 1.27576037e-03, 1.26869977e-03,
       1.26189028e-03, 1.25532723e-03, 1.24900613e-03, 1.24292259e-03,
       1.23707241e-03, 1.23145147e-03, 1.22605582e-03, 1.22088164e-03,
       1.21592521e-03, 1.21118294e-03, 1.20665137e-03, 1.20232714e-03,
       1.19820702e-03, 1.19428786e-03, 1.19056664e-03, 1.18704043e-03,
       1.18370641e-03, 1.18056184e-03, 1.17760409e-03, 1.17483062e-03,
       1.17223896e-03, 1.16982676e-03, 1.16759173e-03, 1.16553166e-03,
       1.16364444e-03, 1.16192801e-03, 1.16038042e-03, 1.15899975e-03,
       1.15778418e-03, 1.15673197e-03, 1.15584142e-03, 1.15511090e-03,
       1.15453886e-03, 1.15412379e-03, 1.15386427e-03, 1.15375891e-03,
       1.15380638e-03, 1.15400542e-03, 1.15435482e-03, 1.15485341e-03,
       1.15550008e-03, 1.15629377e-03, 1.15723346e-03, 1.15831819e-03,
       1.15954702e-03, 1.16091908e-03, 1.16243353e-03, 1.16408957e-03,
       1.16588645e-03, 1.16782343e-03, 1.16989984e-03, 1.17211504e-03,
       1.17446840e-03, 1.17695934e-03, 1.17958733e-03, 1.18235183e-03,
       1.18525237e-03, 1.18828849e-03, 1.19145975e-03, 1.19476575e-03,
       1.19820611e-03])]","[[0, 6.376880005047202e-05, 0.00012384871691641303, 0.0001825152391581995, 0.00024124553029561223, 0.00030103434301307264, 0.00036258397409292403, 0.0004264190097716366, 0.0004929560928708009, 0.0005625465648655165, 0.0006355027761860676, 0.0007121145232728962, 0.0007926594933153607, 0.0008774100524937204, 0.000966637786891355, 0.0010606166490253264, 0.0011596252286417818, 0.0012639484651202312, 0.0013738789972905742, 0.001489718272810118, 0.0016117774943792136, 0.0017403784525491116, 0.0018758542778297075, 0.002018550134115701, 0.0021688238686376313, 0.0023270466292141033, 0.002493603456628803, 0.002668893857930982, 0.002853332365024941, 0.003047349081865459, 0.003251390222783044, 0.0034659186438436586, 0.0036914143686497354, 0.003928375109578284, 0.004177316785104468, 0.004438774033558975, 0.004713300723403404, 0.005001470459871108, 0.005303877087605234, 0.0056211351887259335, 0.0059538805755711645, 0.006302770777176783, 0.006668485518389423, 0.007051727190337687, 0.007453221310821859, 0.007873716973018169, 0.008313987280729615, 0.008774829768250376, 0.009257066802744393, 0.009761545966870087, 0.010289140419212197, 0.010840749229907928, 0.011417297688678215, 0.012019737582295728, 0.012649047438339646, 0.01330623273190356, 0.013992326051737466, 0.01470838722211859, 0.015455503376559163, 0.016234788979273596, 0.017047385790143497, 0.01789446276873814, 0.0187772159127717, 0.019696868026208406, 0.02065466849947895, 0.021651895181965267, 0.022689860735923852, 0.023769918523132615, 0.024893466371235354, 0.026061948981545607, 0.027276859512576745, 0.028539740654627742, 0.029852185379930396, 0.03121583747386445, 0.03263239190503528, 0.034103595063175125, 0.035631244876373994, 0.037217190808540426, 0.038863333731500624, 0.04057162566211824, 0.04234406935226577, 0.04418271771780723, 0.04608967309160923, 0.048067086284775636, 0.05011715543968136, 0.0522421246578989, 0.05444428238573385, 0.05672595953980091, 0.0590895273548793, 0.061537394936193764, 0.06407200649828641, 0.06669583827279145, 0.0694113950677164, 0.07222120646128925, 0.07512782261406994, 0.07813380968386852, 0.08124174482907949, 0.0844542107873551, 0.0877737900181165, 0.09120305839926246, 0.09474457847059528, 0.09840089221896012, 0.10217451340289885, 0.10606791941776386, 0.11008354270572562, 0.11422376171894452, 0.11849089144835726, 0.12288717353504401, 0.12741476598597884, 0.13207573252110033, 0.1368720315840435, 0.1418055050545092, 0.14687786670606665, 0.15209069045913612, 0.1574453984849136, 0.1629432492220095, 0.16858532537349333, 0.17437252195777836, 0.18030553449224695, 0.18638484739360422, 0.19261072268354767, 0.19898318909234014, 0.2055020316561622, 0.21216678190658217, 0.21897670875201153, 0.22593081015150662, 0.23302780568063872, 0.2402661300873036, 0.2476439279322109, 0.2551590494043302, 0.2628090473957495, 0.2705911759132116, 0.27850238989505455, 0.28653934649243923, 0.2946984078626662, 0.3029756455101727, 0.311366846197576, 0.319867519435053, 0.3284729065415865, 0.3371779912563714, 0.3459775118631714, 0.35486597477488346, 0.3638376695102395, 0.37288668497970284, 0.38200692698344063, 0.39119213681101167, 0.4004359108203288, 0.4097317208627397, 0.4190729354119067, 0.42845284124671484, 0.43786466553281456, 0.4473015981437162, 0.4567568140606399, 0.46622349569061255, 0.4756948549445695, 0.48516415492140375, 0.49462473104992244, 0.5040700115483837, 0.5134935370705559, 0.5228889794178737, 0.5322501592090719, 0.541571062411438, 0.5508458556513174, 0.5600689002355, 0.5692347648293923, 0.5783382367521971, 0.5873743318634952, 0.5963383030294259, 0.6052256471699369, 0.6140321109011391, 0.6227536947985396, 0.6313866563177003, 0.6399275114186054, 0.6483730349486438, 0.6567202598465822, 0.6649664752361935, 0.67310922348333, 0.6811462962941908, 0.6890757299353784, 0.6968957996581264, 0.7046050134098522, 0.7122021049160475, 0.719686026214526, 0.7270559397222989, 0.7343112099129336, 0.7414513946792664, 0.7484762364528584, 0.7553856531477285, 0.7621797289917103, 0.7688587053043849, 0.775422971275982, 0.7818730547970004, 0.7882096133836438, 0.7944334252395379, 0.8005453804896584, 0.8065464726179824, 0.8124377901361229, 0.8182205085061462, 0.8238958823369202, 0.8294652378697249, 0.8349299657654831, 0.8402915142028422, 0.8455513822934718, 0.85071111381832, 0.8557722912862139, 0.8607365303140617, 0.8656054743260337, 0.8703807895674421, 0.8750641604275942, 0.8796572850646589, 0.8841618713245336, 0.8885796329448276, 0.8929122860343665, 0.8971615458180656, 0.9013291236365883, 0.9054167241899096, 0.9094260430137076, 0.9133587641774137, 0.9172165581927434, 0.9210010801215947, 0.9247139678723371, 0.9283568406737005, 0.9319312977157105, 0.9354389169473926, 0.9388812540212762, 0.942259841375063, 0.9455761874411795, 0.9488317759753018, 0.9520280654953196, 0.9551664888225952, 0.9582484527177542, 0.9612753376036393, 0.9642484973684384, 0.9671692592423777, 0.9700389237417398, 0.9728587646743337, 0.9756300292008886, 0.9783539379471886, 0.9810316851620922, 0.9836644389168953, 0.986253341341799, 0.9887995088955333, 0.9913040326644623, 0.99376797868776, 0.9961923883054908, 0.9985782785266702, 1.0009266424145982, 1.0032384494869702, 1.0055146461284705, 1.0077561560137323, 1.0099638805387305, 1.0121386992588337, 1.0142814703318912, 1.0163930309648812, 1.0184741978627754, 1.0205257676783963, 1.0225485174621687, 1.0245432051107624, 1.0265105698137353, 1.0284513324973668, 1.0303661962649646, 1.0322558468330074, 1.0341209529625524, 1.0359621668854104, 1.0377801247246516, 1.0395754469090603, 1.0413487385812115, 1.0431005899988885, 1.044831576929606, 1.0465422610380426, 1.0482331902662245, 1.0499048992063327, 1.051557909466039, 1.053192730026305, 1.0548098575915985, 1.0564097769325065, 1.0579929612207486, 1.0595598723566053, 1.0611109612887972, 1.0626466683268647, 1.0641674234461087, 1.0656736465851688, 1.0671657479363204, 1.0686441282285835, 1.0701091790037462, 1.0715612828854082, 1.073000813841156, 1.074428137437991, 1.0758436110911294, 1.0772475843063007, 1.078640398915673, 1.080022389307533, 1.0813938826498546, 1.0827551991078885, 1.0841066520559026, 1.085448548283212, 1.0867811881946257, 1.0881048660054493, 1.089419869931169, 1.0907264823719525, 1.0920249800920927, 1.0933156343945265, 1.0945987112905513, 1.0958744716648652, 1.0971431714360544, 1.0984050617126466, 1.0996603889448509, 1.100909395072098, 1.1021523176664976, 1.1033893900723213, 1.1046208415416225, 1.1058468973660984, 1.107067779005299, 1.1082837042112847, 1.109494887149832, 1.110701538518282, 1.1119038656601283, 1.113102072676435, 1.1142963605341716, 1.1154869271715564, 1.1166739676004875, 1.1178576740061459, 1.1190382358438493, 1.120215839933233, 1.121390670549834, 1.1225629095141494, 1.1237327362782383, 1.1249003280099368, 1.1260658596747504, 1.1272295041154878, 1.128391432129698, 1.1295518125449655, 1.1307108122921286, 1.1318685964764674, 1.1330253284469218, 1.1341811698633846, 1.1353362807621235, 1.136490819619377, 1.1376449434131708, 1.1387988076833973, 1.139952566590202, 1.1411063729707152, 1.1422603783941694, 1.1434147332154387, 1.1445695866270338, 1.145725086709591, 1.1468813804808822, 1.1480386139433802, 1.1491969321304079, 1.1503564791508973, 1.1515173982327895, 1.1526798317650941, 1.153843921338638, 1.1550098077855218, 1.1561776312173075, 1.1573475310619565, 1.1585196460995348, 1.1596941144967066, 1.1608710738400287, 1.162050661168063, 1.1632330130023207, 1.1644182653770505, 1.1656065538678828, 1.166798013619341, 1.1679927793712293, 1.1691909854839042]]"
40.0,40.0,3,60,180,I1-S1,"[[0.01, 0.009218546420913139, 0.008861068736292907, 0.0087750579360058, 0.008868442294945638, 0.009085487035489026, 0.009392358168914991, 0.009768503974258318, 0.010201476680068482, 0.01068381750289358, 0.01121117753335329, 0.011781180434381058, 0.012392731042635755, 0.013045592576160506, 0.013740126152213244, 0.014477128821939559, 0.015257731777090897, 0.016083335627919658, 0.01695556878938545, 0.017876260496944393, 0.01884742327020335, 0.019871241629882606, 0.020950065075562817, 0.022086404062484567, 0.023282928163049464, 0.024542465875099857, 0.025868005711923683, 0.027262698318686537, 0.028729859430958092, 0.030272973537845388, 0.03189569814385977, 0.03360186854544285, 0.03539550305338735, 0.03728080860327613, 0.0392621867038263, 0.041344239678496625, 0.043531777159436257, 0.045829822795182495, 0.048243621134698766, 0.050778644650551624, 0.05344060086337663, 0.056235439528361714, 0.059169359842343776, 0.06224881762731219, 0.06548053244266985, 0.0688714945745384, 0.07242897184571963, 0.0761605161846464, 0.08007396988577414, 0.08417747148737786, 0.08847946118562754, 0.09298868569611227, 0.09771420246567229, 0.10266538312847688, 0.1078519160907614, 0.11328380811851974, 0.1189713847917549, 0.12492528967764964, 0.1311564820632654, 0.1376762330761635, 0.14449612000873022, 0.15162801864906217, 0.15908409340812799, 0.16687678501969655, 0.17501887708825173, 0.18352431079335021, 0.1924086368527802, 0.20168853227925262, 0.21138140170991493, 0.22150511203937195, 0.23207781614171347, 0.24311783466357023, 0.2546435741010935, 0.2666734659208726, 0.2792259161177777, 0.29231925786963364, 0.30597170224153836, 0.3202012834928838, 0.33502579665003884, 0.35046272577290694, 0.3665291618691273, 0.3832417097711513, 0.40061638354321716, 0.418668490166513, 0.437412501389672, 0.456861913748357, 0.477029096866481, 0.4979251302628593, 0.519559629008034, 0.5419405587116829, 0.5650740404747532, 0.588964146614267, 0.6136126881635607, 0.6390189953665408, 0.6651796926204544, 0.6920884695759401, 0.7197358503730893, 0.7481089632743766, 0.7771913132450952, 0.806962560323902, 0.83739830691373, 0.8684698973992051, 0.9001442337523797, 0.9323836110147309, 0.9651455767299416, 0.998382818538344, 1.0320430842191035, 1.066069138469314, 1.1003987606295154, 1.1349647873928745, 1.1696952042617637, 1.2045132891338077, 1.2393378109049766, 1.2740832853680883, 1.3086602899624267, 1.342975838099089, 1.3769338128560629, 1.4104354588200427, 1.4433799297660126, 1.47566488873211, 1.507187155891573, 1.5378433984741986, 1.5675308558778562, 1.596148092068922, 1.623595766432325, 1.64977741342979, 1.67460022078939, 1.6979757955079662, 1.7198209067229, 1.740058194518047, 1.7586168339803958, 1.7754331443218079, 1.7904511336186801, 1.8036229706881481, 1.8149093767914113, 1.8242799312045623, 1.8317132861904906, 1.837197288502511, 1.8407290062084196, 1.8423146612979033, 1.841969470181681, 1.839717395764061, 1.8355908162315036, 1.8296301170126155, 1.8218832134998637, 1.8124050130568694, 1.8012568255513945, 1.7885057321444133, 1.774223922328715, 1.758488009252023, 1.7413783331916484, 1.7229782626877037, 1.7033735023118104, 1.6826514153732648, 1.6609003690722208, 1.6382091087280761, 1.6146661667694104, 1.5903593111970493, 1.565375037249921, 1.5397981050377247, 1.5137111249755306, 1.4871941919805938, 1.4603245685847832, 1.4331764163876497, 1.405820574632486, 1.378324384134935, 1.3507515543320903, 1.323162070848498, 1.2956121406907546, 1.268154171979603, 1.2408367850012842, 1.2137048513012056, 1.18679955754493, 1.1601584909259455, 1.133815742998497, 1.1078020289489596, 1.0821448194832324, 1.0568684826932973, 1.0319944334669564, 1.0075412882149888, 0.9835250229044479, 0.9599591326011546, 0.9368547909349014, 0.9142210081044752, 0.8920647862338911, 0.8703912710743992, 0.8492038992175558, 0.8285045401420961, 0.808293632561034, 0.7885703146652344, 0.769332547975795, 0.750577234620335, 0.7323003279382512, 0.714496936397877, 0.6971614208750433, 0.68028748539863, 0.6638682615152122, 0.6478963864627091, 0.6323640753729455, 0.6172631877460599, 0.6025852884565895, 0.5883217035625796, 0.5744635711959423, 0.5610018878151932, 0.5479275501012294, 0.535231392773547, 0.5229042225987194, 0.5109368488555223, 0.49932011051218916, 0.4880449003612576, 0.47710218634662543, 0.4664830303060334, 0.45617860434044866, 0.446180205009932, 0.43647926554368016, 0.4270673662401803, 0.41793624322189277, 0.4090777956976773, 0.40048409187536566, 0.3921473736564961, 0.3840600602353135, 0.3762147507147103, 0.3686042258428624, 0.3612214489659005, 0.3540595662840478, 0.34711190649124884, 0.3403719798713931, 0.3338334769177882, 0.3274902665365461, 0.3213363938889896, 0.31536607792304366, 0.30957370863883055, 0.3039538441293106, 0.2985012074327865, 0.29321068323039123, 0.2880773144182899, 0.2830962985812233, 0.27826298439118424, 0.2735728679524271, 0.26902158911165464, 0.26460492775007516, 0.26031880007207353, 0.25615925490346664, 0.2521224700107108, 0.2482047484509718, 0.24440251496165913, 0.24071231239683857, 0.23713079821687005, 0.2336547410366576, 0.23028101723703487, 0.22700660764303687, 0.22382859427211527, 0.22074415715473703, 0.21775057122925456, 0.21484520331244544, 0.2120255091466846, 0.2092890305243276, 0.20663339248954343, 0.20405630061753813, 0.20155553837084747, 0.19912896453215082, 0.19677451071285934, 0.19449017893656156, 0.19227403929626272, 0.1901242276842302, 0.1880389435931528, 0.18601644798723324, 0.18405506124176352, 0.18215316114967325, 0.18030918099349771, 0.17852160768117714, 0.17678897994407522, 0.1751098865955891, 0.17348296484871484, 0.17190689869093193, 0.17038041731477457, 0.16890229360246728, 0.1674713426630172, 0.1660864204201729, 0.16474642224968178, 0.16345028166430126, 0.1621969690450468, 0.16098549041718777, 0.15981488626953205, 0.15868423041557247, 0.15759262889510048, 0.15653921891492537, 0.15552316782737197, 0.15454367214526338, 0.15359995659212988, 0.1526912731864202, 0.1518169003585246, 0.1509761420994548, 0.1501683271400584, 0.14939280815967973, 0.148648961023212, 0.1479361840455179, 0.14725389728222754, 0.14660154184595495, 0.14597857924700322, 0.14538449075766033, 0.144818776799215, 0.14428095635085209, 0.14377056637961325, 0.14328716129063676, 0.14283031239691596, 0.14239960740784102, 0.1419946499358141, 0.14161505902025112, 0.14126046866830716, 0.14093052741168408, 0.14062489787890137, 0.14034325638243172, 0.140085292520123, 0.1398507087903479, 0.13963922022034136, 0.13945055400720371, 0.1392844491710652, 0.13914065621992416, 0.13901893682568742, 0.13891906351095687, 0.1388408193461213, 0.13878399765632668, 0.13874840173791225, 0.13873384458391252, 0.13874014861823844, 0.1387671454381631, 0.1388146755647487, 0.13888258820086308, 0.1389707409964448, 0.1390789998206858, 0.13920723854081085, 0.13935533880714193, 0.13952318984414555, 0.1397106882471685, 0.13991773778457672, 0.14014424920501925, 0.14039014004954722, 0.14065533446832457, 0.1409397630416742, 0.14124336260520995, 0.14156607607881103, 0.14190785229920105, 0.14226864585590018, 0.14264841693032373, 0.14304713113780615, 0.14346475937233402, 0.14390127765377647, 0.1443566669774059, 0.1448309131655061, 0.1453240067208694, 0.14583594268198774, 0.1463667204797467, 0.146916343795435, 0.14748482041988586, 0.14807216211356888, 0.14867838446745568, 0.14930350676448423, 0.14994755184145087, 0.15061054595116136, 0.1512925186246751, 0.15199350253347968, 0.15271353335143495, 0.1534526496163297, 0.15421089259089493, 0.15498830612312173]]","[[0.01, 0.011673645222856313, 0.01362924433757481, 0.01580189464359648, 0.018156395211730746, 0.020675309288235248, 0.023351841882768336, 0.026185640635243607, 0.029180306845739346, 0.03234192711833563, 0.035678213417966446, 0.039198005894888956, 0.042910991757273885, 0.04682755265547924, 0.050958688424922655, 0.05531598617387638, 0.05991161632139159, 0.06475834471532581, 0.06986955444147867, 0.07525927359854438, 0.08094220689317363, 0.08693376984301121, 0.09325012492474824, 0.09990821932509049, 0.10692582413813095, 0.11432157495830474, 0.12211501387679431, 0.1303266329204395, 0.13897791898739664, 0.14809140033974014, 0.1576906947138401, 0.1678005591069401, 0.17844694129416827, 0.18965703312492777, 0.20145932564157554, 0.2138836660566502, 0.22696131661768332, 0.24072501538077945, 0.25520903890560376, 0.2704492668750672, 0.28648324863273666, 0.3033502716196945, 0.3210914316801005, 0.339749705190934, 0.35937002295617715, 0.3799993457888971, 0.40168674168615, 0.42448346448121493, 0.4484430338352122, 0.47362131640551836, 0.5000766080013982, 0.5278697165077744, 0.5570640453258892, 0.587725677044629, 0.619923457018324, 0.6537290764857652, 0.6892171548208657, 0.7264653204577076, 0.7655542899815773, 0.806567944822901, 0.8495934049327311, 0.8947210987565674, 0.9420448287578765, 0.9916618316737764, 1.0436729183434104, 1.098183462021421, 1.1553042373508597, 1.2151512913986497, 1.277845779564423, 1.343513850598526, 1.412286564816423, 1.4842998331443034, 1.5596943671524737, 1.638615632076572, 1.721213796176945, 1.807643670774755, 1.8980646360240483, 1.9926405480015783, 2.0915396230725394, 2.1949342957601092, 2.3030010465404867, 2.4159201961273014, 2.533875662919484, 2.657054680381257, 2.785647471215652, 2.919846875295852, 3.059847928442445, 3.205847389288914, 3.358043211671357, 3.5166339602196284, 3.6818181671234336, 3.8537936284053598, 4.032756638459543, 4.21890116211514, 4.4124179440623, 4.613493556138207, 4.822309383713624, 5.039040553246402, 5.263854803975519, 5.496911307713373, 5.73835944174836, 5.988337520984845, 6.246971496610876, 6.5143736297797625, 6.790641150001003, 7.075854909136906, 7.370078043068313, 7.673354654198051, 7.985708528973666, 8.307141905499094, 8.637634307034821, 8.977141457723798, 9.325594297192993, 9.682898110736598, 10.048931791558747, 10.42354725101731, 10.806568991948357, 11.197793858952133, 11.596990977983413, 12.00390189571823, 12.418240926981602, 12.839695716043284, 13.267928014857663, 13.70257467838611, 14.143248874050986, 14.58954149919347, 15.041022797211829, 15.497244159916425, 15.957740100627827, 16.422030379739905, 16.889622261941827, 17.36001288210725, 17.832691695072885, 18.307142983189003, 18.782848394665557, 19.259289485381395, 19.73595023697627, 20.212319524699414, 20.6878935096219, 21.16217793139837, 21.63469027974023, 22.104961825080725, 22.572539491508547, 23.036987557851297, 23.497889175731675, 23.954847696425286, 24.407487801349706, 24.85545643394413, 25.29842353349809, 25.736082574104135, 26.168150914299815, 26.59436996509468, 27.014505185923138, 27.428345919609605, 27.835705078671094, 28.23641869621711, 28.63034535534618, 29.017365511298355, 29.397380720724414, 29.77031279229949, 30.13610287256928, 30.494710480399537, 30.84611250273405, 31.190302163581986, 31.527287977280963, 31.857092696143912, 32.179752261620656, 32.49531476711102, 32.80383943957513, 33.10539564611449, 33.40006193075927, 33.687925085803506, 33.96907926118975, 34.24362511466464, 34.5116690047109, 34.773322227611786, 35.028700299422034, 35.27792228310408, 35.52111016063774, 35.75838824952356, 35.98988266277065, 36.21572081118535, 36.43603094655374, 36.65094174413339, 36.86058192273446, 37.065079900571995, 37.26456348500617, 37.45915959425094, 37.64899400912009, 37.83419115288958, 38.01487389738269, 38.19116339342687, 38.363178923885464, 38.531037777531374, 38.69485514210053, 38.8547440149393, 39.010815129739804, 39.163176897938904, 39.31193536343937, 39.45719416939443, 39.59905453587825, 39.73761524734487, 39.8729726488554, 40.00522065012841, 40.13445073653965, 40.26075198626611, 40.384211092834065, 40.50491239239233, 40.62293789508971, 40.738367319990004, 40.85127813300851, 40.96174558740166, 41.069842766385094, 41.17564062749671, 41.27920804835867, 41.38061187352758, 41.47991696215399, 41.577186236202, 41.67248072900688, 41.765859633973385, 41.85738035324024, 41.94709854615677, 42.035068177436735, 42.121341564871365, 42.20596942649915, 42.28900092714421, 42.37048372424739, 42.450464012926275, 42.52898657020998, 42.60609479840448, 42.681830767552185, 42.756235256957076, 42.82934779575337, 42.901206702501554, 42.97184912380104, 43.04131107191316, 43.109627461392506, 43.17683214472823, 43.24295794699999, 43.30803669955608, 43.37209927272379, 43.435175607563906, 43.497294746683174, 43.5584848641201, 43.61877329432059, 43.678186560221185, 43.73675040045834, 43.79448979572295, 43.85142899427997, 43.90759153667316, 43.96300027963554, 44.017677419226146, 44.071644513213705, 44.12492250272811, 44.177531733200254, 44.22949197461069, 44.2808224410676, 44.33154180973403, 44.38166823912423, 44.431219386788705, 44.480212426406986, 44.52866406430707, 44.57659055542985, 44.62400771875658, 44.67093095221703, 44.71737524709538, 44.76335520195079, 44.808885036068716, 44.85397860245914, 44.89864940041686, 44.94291058765908, 44.98677499205468, 45.03025512295943, 45.07336318217079, 45.11611107451557, 45.15851041808342, 45.200572554118416, 45.242308556581065, 45.28372924139213, 45.32484517536979, 45.36566668487087, 45.40620386414681, 45.4464665834245, 45.486464496721794, 45.5262070494073, 45.56570348551347, 45.60496285481203, 45.64399401966009, 45.6828056616253, 45.72140628789796, 45.759804237497754, 45.79800768728244, 45.8360246577657, 45.87386301875091, 45.91153049478755, 45.94903467045651, 45.98638299549051, 46.02358278973546, 46.060641247958536, 46.09756544450841, 46.13436233783284, 46.171038774858815, 46.20760149524001, 46.24405713547639, 46.280412232910294, 46.316673229603566, 46.35284647609973, 46.38893823507531, 46.42495468488416, 46.46090192299851, 46.49678596935025, 46.53261276957598, 46.56838819816903, 46.604118061541634, 46.63980810100031, 46.675463995637394, 46.71109136514139, 46.74669577252904, 46.78228272680141, 46.81785768552674, 46.853426057352145, 46.88899320444669, 46.924564444877795, 46.96014505492311, 46.9957402713199, 47.03135529345376, 47.066995285488424, 47.10266537843855, 47.13837067218694, 47.17411623744781, 47.20990711767777, 47.24574833093562, 47.28164487169252, 47.317601712593806, 47.3536238061735, 47.38971608652286, 47.425883470913824, 47.462130861378554, 47.498463146245896, 47.534885201635724, 47.57140189291195, 47.60801807609498, 47.64473859923438, 47.68156830374236, 47.718512025688696, 47.75557459705768, 47.79276084696759, 47.8300756028531, 47.86752369161109, 47.90510994071019, 47.94283917926438, 47.98071623907088, 48.018745955612594, 48.056933169025235, 48.09528272502934, 48.13379947582713, 48.172488280964416, 48.2113540081574, 48.250401534084475, 48.28963574514281, 48.32906153816972, 48.36868382112854, 48.40850751375893, 48.44853754819126, 48.48877886952492, 48.52923643637007]]","[array([6.37688001e-05, 6.00799169e-05, 5.86665222e-05, 5.87302911e-05,
       5.97888139e-05, 6.15496483e-05, 6.38351415e-05, 6.65374936e-05,
       6.95916740e-05, 7.29591239e-05, 7.66179111e-05, 8.05567598e-05,
       8.47714121e-05, 8.92623946e-05, 9.40336384e-05, 9.90916154e-05,
       1.04444793e-04, 1.10103287e-04, 1.16078635e-04, 1.22383650e-04,
       1.29032327e-04, 1.36039783e-04, 1.43422219e-04, 1.51196902e-04,
       1.59382159e-04, 1.67997379e-04, 1.77063024e-04, 1.86600648e-04,
       1.96632915e-04, 2.07183630e-04, 2.18277766e-04, 2.29941498e-04,
       2.42202241e-04, 2.55088686e-04, 2.68630843e-04, 2.82860080e-04,
       2.97809172e-04, 3.13512342e-04, 3.30005310e-04, 3.47325339e-04,
       3.65511281e-04, 3.84603630e-04, 4.04644564e-04, 4.25677999e-04,
       4.47749629e-04, 4.70906977e-04, 4.95199440e-04, 5.20678329e-04,
       5.47396908e-04, 5.75410439e-04, 6.04776208e-04, 6.35553560e-04,
       6.67803924e-04, 7.01590831e-04, 7.36979933e-04, 7.74039004e-04,
       8.12837942e-04, 8.53448757e-04, 8.95945554e-04, 9.40404498e-04,
       9.86903771e-04, 1.03552351e-03, 1.08634575e-03, 1.13945441e-03,
       1.19493792e-03, 1.25289479e-03, 1.31343269e-03, 1.37666542e-03,
       1.44271067e-03, 1.51168857e-03, 1.58372077e-03, 1.65892973e-03,
       1.73743826e-03, 1.81936919e-03, 1.90484501e-03, 1.99398756e-03,
       2.08691768e-03, 2.18375485e-03, 2.28461672e-03, 2.38961856e-03,
       2.49887277e-03, 2.61248813e-03, 2.73056911e-03, 2.85321505e-03,
       2.98051927e-03, 3.11256805e-03, 3.24943967e-03, 3.39120321e-03,
       3.53791737e-03, 3.68962922e-03, 3.84637286e-03, 4.00816801e-03,
       4.17501861e-03, 4.34691129e-03, 4.52381390e-03, 4.70567394e-03,
       4.89241706e-03, 5.08394547e-03, 5.28013654e-03, 5.48084123e-03,
       5.68588282e-03, 5.89505557e-03, 6.10812353e-03, 6.32481960e-03,
       6.54484461e-03, 6.76786671e-03, 6.99352096e-03, 7.22140916e-03,
       7.45109999e-03, 7.68212947e-03, 7.91400171e-03, 8.14619007e-03,
       8.37813868e-03, 8.60926432e-03, 8.83895874e-03, 9.06659133e-03,
       9.29151223e-03, 9.51305579e-03, 9.73054438e-03, 9.94329257e-03,
       1.01506116e-02, 1.03518141e-02, 1.05462189e-02, 1.07331564e-02,
       1.09119735e-02, 1.10820387e-02, 1.12427477e-02, 1.13935280e-02,
       1.15338439e-02, 1.16632011e-02, 1.17811509e-02, 1.18872941e-02,
       1.19812844e-02, 1.20628313e-02, 1.21317022e-02, 1.21877246e-02,
       1.22307866e-02, 1.22608381e-02, 1.22778900e-02, 1.22820140e-02,
       1.22733408e-02, 1.22520583e-02, 1.22184095e-02, 1.21726889e-02,
       1.21152395e-02, 1.20464492e-02, 1.19667461e-02, 1.18765950e-02,
       1.17764923e-02, 1.16669615e-02, 1.15485486e-02, 1.14218177e-02,
       1.12873460e-02, 1.11457196e-02, 1.09975293e-02, 1.08433663e-02,
       1.06838185e-02, 1.05194671e-02, 1.03508832e-02, 1.01786249e-02,
       1.00032348e-02, 9.82523755e-03, 9.64513800e-03, 9.46341962e-03,
       9.28054310e-03, 9.09694533e-03, 8.91303867e-03, 8.72921046e-03,
       8.54582273e-03, 8.36321225e-03, 8.18169062e-03, 8.00154465e-03,
       7.82303689e-03, 7.64640618e-03, 7.47186849e-03, 7.29961770e-03,
       7.12982651e-03, 6.96264745e-03, 6.79821387e-03, 6.63664100e-03,
       6.47802698e-03, 6.32245395e-03, 6.16998910e-03, 6.02068573e-03,
       5.87458423e-03, 5.73171315e-03, 5.59209009e-03, 5.45572266e-03,
       5.32260939e-03, 5.19274055e-03, 5.06609895e-03, 4.94266070e-03,
       4.82239598e-03, 4.70526961e-03, 4.59124177e-03, 4.48026854e-03,
       4.37230242e-03, 4.26729290e-03, 4.16518685e-03, 4.06592898e-03,
       3.96946224e-03, 3.87572815e-03, 3.78466713e-03, 3.69621881e-03,
       3.61032226e-03, 3.52691628e-03, 3.44593957e-03, 3.36733094e-03,
       3.29102948e-03, 3.21697473e-03, 3.14510676e-03, 3.07536636e-03,
       3.00769508e-03, 2.94203533e-03, 2.87833051e-03, 2.81652498e-03,
       2.75656420e-03, 2.69839472e-03, 2.64196424e-03, 2.58722163e-03,
       2.53411695e-03, 2.48260146e-03, 2.43262764e-03, 2.38414920e-03,
       2.33712105e-03, 2.29149932e-03, 2.24724134e-03, 2.20430565e-03,
       2.16265197e-03, 2.12224117e-03, 2.08303529e-03, 2.04499749e-03,
       2.00809204e-03, 1.97228430e-03, 1.93754070e-03, 1.90382871e-03,
       1.87111682e-03, 1.83937451e-03, 1.80857224e-03, 1.77868142e-03,
       1.74967435e-03, 1.72152427e-03, 1.69420526e-03, 1.66769225e-03,
       1.64196102e-03, 1.61698812e-03, 1.59275089e-03, 1.56922742e-03,
       1.54639652e-03, 1.52423773e-03, 1.50273125e-03, 1.48185795e-03,
       1.46159936e-03, 1.44193762e-03, 1.42285547e-03, 1.40433624e-03,
       1.38636381e-03, 1.36892263e-03, 1.35199766e-03, 1.33557438e-03,
       1.31963875e-03, 1.30417722e-03, 1.28917670e-03, 1.27462455e-03,
       1.26050854e-03, 1.24681690e-03, 1.23353820e-03, 1.22066147e-03,
       1.20817605e-03, 1.19607170e-03, 1.18433850e-03, 1.17296686e-03,
       1.16194756e-03, 1.15127165e-03, 1.14093052e-03, 1.13091584e-03,
       1.12121957e-03, 1.11183395e-03, 1.10275148e-03, 1.09396494e-03,
       1.08546732e-03, 1.07725189e-03, 1.06931214e-03, 1.06164178e-03,
       1.05423474e-03, 1.04708518e-03, 1.04018743e-03, 1.03353604e-03,
       1.02712576e-03, 1.02095151e-03, 1.01500838e-03, 1.00929166e-03,
       1.00379678e-03, 9.98519351e-04, 9.93455138e-04, 9.88600052e-04,
       9.83950156e-04, 9.79501653e-04, 9.75250887e-04, 9.71194333e-04,
       9.67328597e-04, 9.63650411e-04, 9.60156629e-04, 9.56844221e-04,
       9.53710275e-04, 9.50751987e-04, 9.47966661e-04, 9.45351707e-04,
       9.42904635e-04, 9.40623055e-04, 9.38504669e-04, 9.36547275e-04,
       9.34748759e-04, 9.33107096e-04, 9.31620343e-04, 9.30286642e-04,
       9.29104214e-04, 9.28071356e-04, 9.27186445e-04, 9.26447926e-04,
       9.25854318e-04, 9.25404211e-04, 9.25096259e-04, 9.24929183e-04,
       9.24901769e-04, 9.25012863e-04, 9.25261372e-04, 9.25646263e-04,
       9.26166558e-04, 9.26821335e-04, 9.27609728e-04, 9.28530922e-04,
       9.29584152e-04, 9.30768706e-04, 9.32083917e-04, 9.33529168e-04,
       9.35103886e-04, 9.36807544e-04, 9.38639658e-04, 9.40599785e-04,
       9.42687525e-04, 9.44902517e-04, 9.47244440e-04, 9.49713010e-04,
       9.52307978e-04, 9.55029134e-04, 9.57876301e-04, 9.60849336e-04,
       9.63948128e-04, 9.67172597e-04, 9.70522697e-04, 9.73998409e-04,
       9.77599743e-04, 9.81326737e-04, 9.85179457e-04, 9.89157994e-04,
       9.93262465e-04, 9.97493009e-04, 1.00184979e-03, 1.00633300e-03,
       1.01094283e-03, 1.01567953e-03, 1.02054333e-03, 1.02553450e-03,
       1.03065333e-03])]","[[0, 6.376880005047202e-05, 0.00012384871691641303, 0.0001825152391581995, 0.0002412455303061067, 0.00030103434422717453, 0.00036258399256761944, 0.0004264191340515661, 0.0004929566276797629, 0.0005625483016997937, 0.0006355074255743676, 0.0007121253366365686, 0.0007926820964841072, 0.0008774535085537333, 0.0009667159031872573, 0.0010607495416087487, 0.0011598411569948232, 0.0012642859503222373, 0.0013743892377167065, 0.0014904678727688304, 0.0016128515226745523, 0.0017418838496916515, 0.0018779236324463744, 0.002021345850976777, 0.002172542752599519, 0.002331924911252075, 0.00249992228999664, 0.002676985314331246, 0.0028635859625048984, 0.0030602188779712933, 0.0032674025083111783, 0.0034856802743246057, 0.003715621772487818, 0.0039578240135493955, 0.004212912699681801, 0.004481543542289707, 0.004764403622292135, 0.005062212794431094, 0.005375725136906627, 0.005705730447390019, 0.006053055786217149, 0.006418567067307351, 0.006803170697084596, 0.00720781526139278, 0.007633493260091104, 0.008081242888684646, 0.008552149865985209, 0.009047349306404382, 0.009568027635050344, 0.010115424543328328, 0.010690834982227813, 0.011295611189913303, 0.011931164749616025, 0.012598968673146811, 0.013300559504612017, 0.014037539438110274, 0.014811578442314566, 0.015624416383897612, 0.01647786514073538, 0.017373810694720458, 0.018314215192831194, 0.019301118963831305, 0.020336642476616845, 0.021422988224781298, 0.02256244263000413, 0.023757380551378476, 0.025010275337612468, 0.02632370802907526, 0.02770037345076646, 0.029143084118419604, 0.03065477269284961, 0.03223849346703204, 0.03389742319613975, 0.0356348614585896, 0.03745423065088747, 0.03935907565987328, 0.04135306321513013, 0.04343998089632973, 0.04562373575123379, 0.047908352467200065, 0.05029797103042492, 0.052796843801458465, 0.05540933193185111, 0.05813990104453884, 0.060993116099376125, 0.06397363536487004, 0.06708620341755754, 0.07033564309158585, 0.07372684630294347, 0.07726476367553108, 0.08095439289996575, 0.08480076576080763, 0.08880893377392164, 0.09298395238308052, 0.0973308636738142, 0.10185467757304593, 0.10656035151533864, 0.11145276857070205, 0.11653671404494616, 0.12181685058154476, 0.12729769181388653, 0.13298357463858806, 0.1388786302041168, 0.1449867537341567, 0.1513115733317159, 0.15785641793762506, 0.16462428464543408, 0.1716178056033439, 0.1788392147621858, 0.18629031475600583, 0.19397244422787174, 0.2018864459374025, 0.21003263600748104, 0.21841077468489647, 0.22702003900250192, 0.23585899773813568, 0.24492558906733236, 0.2542171013021323, 0.26373015709655595, 0.27346070148015905, 0.28340399405428657, 0.29355460565114516, 0.3039064197137613, 0.3144526386056414, 0.32518579500308226, 0.33609776846139444, 0.3471798071798038, 0.3584225549197004, 0.36981608295856966, 0.3813499268888796, 0.3930131279989984, 0.4047942789035181, 0.41668157302478476, 0.42866285746755484, 0.440725688775952, 0.45285739101758016, 0.4650451156048256, 0.4772759022388807, 0.4895367403484022, 0.5018146303922201, 0.5140966444041183, 0.5263699851770562, 0.5386220435136895, 0.550840453008797, 0.563013141876151, 0.5751283813861928, 0.587174830540216, 0.5991415766701227, 0.6110181717186853, 0.6227946640221329, 0.6344616254833292, 0.646010174088493, 0.6574319917821126, 0.6687193377723727, 0.6798650573921787, 0.6908625866880271, 0.7017059529500462, 0.7123897714312031, 0.7229092385318053, 0.7332601217470591, 0.7434387466907469, 0.7534419815173754, 0.7632672190688125, 0.7729123570699832, 0.7823757766921686, 0.7916563197924413, 0.8007532651243786, 0.8096663037990269, 0.8183955142567374, 0.8269413369905169, 0.8353045492404676, 0.8434862398572032, 0.8514877845102556, 0.8593108213958108, 0.8669572275769462, 0.874429096069165, 0.8817287137646449, 0.8888585402704106, 0.8958211877187222, 0.9026194015924311, 0.909256042593928, 0.9157340695736161, 0.9220565235225678, 0.9282265126241283, 0.9342471983506647, 0.9401217825843537, 0.94585349573477, 0.9514455858210098, 0.9569013084820542, 0.9622239178759578, 0.967416658426154, 0.9724827573715992, 0.9774254180765519, 0.9822478140554166, 0.9869530836681956, 0.991544325442616, 0.9960245939798608, 1.0003968964019803, 1.0046641893004276, 1.008829376146712, 1.0128953051278364, 1.0168647673709694, 1.020740495523623, 1.024525162657487, 1.0282213814659338, 1.0318317037270803, 1.0353586200061136, 1.0388045595723852, 1.0421718905085078, 1.0454629199903578, 1.0486798947184914, 1.0518250014830042, 1.0549003678453164, 1.0579080629217352, 1.0608500982549356, 1.0637284287607125, 1.066544953738497, 1.0693015179351781, 1.0719999126527675, 1.0746418768913486, 1.0772290985196091, 1.079763215466028, 1.0822458169245166, 1.0846784445689734, 1.0870625937718212, 1.089399714822155, 1.0916912141396367, 1.09393845548074, 1.096142761134375, 1.0983054131042986, 1.1004276542760818, 1.102510689566708, 1.104555687055171, 1.1065637790926959, 1.1085360633914463, 1.1104736040907766, 1.112377432800294, 1.1142485496191452, 1.1160879241311066, 1.1178964963751807, 1.119675177791526, 1.121424852142646, 1.1231463764098637, 1.12484058166518, 1.1265082739186925, 1.128150234941807, 1.1297672230665337, 1.1313599739611984, 1.1329292013829446, 1.134475597907433, 1.1359998356361702, 1.1375025668819243, 1.138984424832702, 1.140446024194777, 1.141887961815269, 1.1433108172847808, 1.1447151535206062, 1.1461015173310272, 1.1474704399612143, 1.1488224376212446, 1.1501580119967505, 1.1514776507427082, 1.1527818279608661, 1.1540710046613085, 1.1553456292086457, 1.1566061377533061, 1.1578529546484053, 1.1590864928526494, 1.1603071543197276, 1.1615153303746342, 1.1627114020773497, 1.163895740574303, 1.1650687074380233, 1.1662306549953798, 1.1673819266447971, 1.1685228571628232, 1.1696537730004157, 1.1707749925693016, 1.1718868265187539, 1.1729895780031212, 1.174083542940432, 1.1751690102623853, 1.176246262156036, 1.1773155742974633, 1.178377216077709, 1.1794314508212582, 1.1804785359973295, 1.1815187234242286, 1.1825522594670161, 1.183579385228725, 1.1846003367353615, 1.185615345114909, 1.1866246367705537, 1.1876284335483356, 1.1886269528994269, 1.1896204080372301, 1.1906090080894816, 1.1915929582455396, 1.1925724598990293, 1.1935477107860117, 1.1945189051188372, 1.1954862337158352, 1.1964498841269928, 1.197410040755762, 1.1983668849771354, 1.1993205952521222, 1.2002713472387516, 1.2012193138997285, 1.202164665606856, 1.2031075702423442, 1.2040481932971068, 1.204986697966159, 1.2059232452412114, 1.2068579940005597, 1.2077911010963638, 1.208722721439405, 1.2096530080814085, 1.2105821122950133, 1.2115101836514683, 1.2124373700961324, 1.2133638180218502, 1.2142896723402758, 1.2152150765512084, 1.2161401728100065, 1.2170651019931442, 1.217990003761963, 1.2189150166246838, 1.219840277996724, 1.2207659242593802, 1.2216920908169202, 1.2226189121521338, 1.2235465218803863, 1.2244750528022195, 1.2254046369545384, 1.226335405660426, 1.2272674895776197, 1.228201018745685, 1.2291361226319242, 1.230072930176043, 1.2310115698336137, 1.2319521696183588, 1.2328948571432792, 1.2338397596606563, 1.2347870041009492, 1.2357367171106093, 1.2366890250888303, 1.2376440542232559, 1.23860193052466, 1.2395627798606175, 1.240526727988176, 1.2414939005855483, 1.2424644232828308, 1.2434384216917647, 1.2444160214345428, 1.2453973481716765, 1.2463825276289262, 1.2473716856233001, 1.2483649480881303, 1.249362441097224, 1.2503642908880976, 1.2513706238842897, 1.2523815667167575, 1.2533972462443532, 1.2544177895733777, 1.2554433240762113, 1.2564739774090143]]"
40.0,40.0,3,60,270,I0-S0,"[[0.01, 0.009218546420913139, 0.008861068736292907, 0.0087750579360058, 0.008868434213224847, 0.009085368463819861, 0.009391803022545862, 0.009766869720378575, 0.010197737719804555, 0.010676513787902518, 0.011198372185063603, 0.011760422535684108, 0.012361021085548384, 0.01299934882068669, 0.013675150637644608, 0.014388572095957376, 0.015140055633103593, 0.015930273301273397, 0.016760082178552935, 0.017630494059305044, 0.018542654302182243, 0.01949782668406072, 0.020497382297276903, 0.021542791248624616, 0.022635616358653105, 0.023777508330776055, 0.024970202028534335, 0.02621551360618803, 0.027515338306741383, 0.02887164878702777, 0.030286493860360402, 0.031761997568806426, 0.033300358512621295, 0.034903849375797706, 0.03657481659529841, 0.03831568012815963, 0.040128933275794705, 0.04201714252884954, 0.04398294739910375, 0.04602906020735043, 0.04815826579805027, 0.05037342115294211, 0.0526774548767794, 0.0550733665290129, 0.05756422577560715, 0.060153171335304796, 0.06284340969457777, 0.06563821356525956, 0.06854092005846903, 0.07155492854793945, 0.07468369819528248, 0.07793074510906792, 0.08129963910891022, 0.08479400006504301, 0.0884174937831557, 0.09217382740358475, 0.09606674428331714, 0.10010001832870223, 0.10427744774630161, 0.10860284817896396, 0.11308004519401896, 0.11771286609047153, 0.12250513099227438, 0.12746064319519748, 0.13258334763862067, 0.1378790378703926, 0.14335629825796684, 0.1490255230500855, 0.15489812857467444, 0.16098604440265493, 0.1673013879036279, 0.17385625961201417, 0.18066261790108037, 0.18773220521317002, 0.1950765071592626, 0.20270673183816296, 0.21063380078539184, 0.21886834571570207, 0.22742070710498585, 0.23630093195075672, 0.24551876894293517, 0.25508365989390763, 0.26500472670384795, 0.2752907534324245, 0.28595016325168954, 0.2969909901954632, 0.3084208457178475, 0.32024688014184055, 0.3324757391284942, 0.34511351533494095, 0.35816569546110066, 0.37163710291368357, 0.3855318363448515, 0.3998532043534098, 0.4146036566698996, 0.42978471218420033, 0.44539688421565016, 0.46143960347135277, 0.47791113918814593, 0.49480851900732375, 0.51212744818811, 0.5298622288253778, 0.5480056797983391, 0.5665490582388595, 0.5854819833695156, 0.60479236362117, 0.6244663279962214, 0.6444881626952101, 0.6648402540693881, 0.6855030389984242, 0.7064549638187214, 0.7276724529419951, 0.749129888303922, 0.7707996007669756, 0.7926518745683304, 0.8146549658513821, 0.8367751362466833, 0.8589767023739302, 0.8812221020203662, 0.90347197761239, 0.9256852774364778, 0.9478193748835488, 0.9698302057889505, 0.9916724237202809, 1.013299572829851, 1.0346642776409087, 1.0557184488805584, 1.0764135042119236, 1.0967006024582862, 1.1165308896578598, 1.1358557550449364, 1.1546270948269404, 1.1727975814230096, 1.190320935653434, 1.2071521992257268, 1.2232480047567658, 1.2385668405052717, 1.2530693069679044, 1.2667183625176588, 1.2794795553360747, 1.2913212390110755, 1.3022147693388095, 1.3121346800783777, 1.3210588356593622, 1.328968559129083, 1.3358487339441347, 1.341687878552736, 1.34647819307394, 1.350215577749558, 1.352899623217237, 1.3545335730210655, 1.3551242591320343, 1.3546820115878522, 1.3532205436736708, 1.3507568143467419, 1.3473108698542469, 1.3429056667008579, 1.3375668782883905, 1.3313226876726656, 1.324203568961895, 1.3162420599171272, 1.3074725283099726, 1.2979309345483576, 1.2876545930004692, 1.276681934334073, 1.2650522710471284, 1.252805568200595, 1.2399822211801708, 1.2266228421151435, 1.2127680563742178, 1.1984583103445612, 1.1837336914855772, 1.1686337614369018, 1.1531974027542489, 1.1374626796499716, 1.1214667129300633, 1.1052455691477912, 1.088834163837779, 1.0722661785542102, 1.0555739913135267, 1.0387886199358285, 1.0219396776899956, 1.0050553405749554, 0.9881623255128226, 0.9712858786879501, 0.9544497732381888, 0.9376763154896894, 0.9209863589231135, 0.9043993250658605, 0.8879332305205386, 0.87160471936311, 0.8554291001736671, 0.839420386997449, 0.8235913435723573, 0.8079535302008427, 0.7925173526876691, 0.7772921128098629, 0.7622860598303868, 0.74750644261208, 0.7329595619326348, 0.7186508226443646, 0.7045847853638841, 0.690765217416271, 0.6771951427955801, 0.6638768909385775, 0.650812144141139, 0.638001983476872, 0.6254469331051448, 0.6131470028808819, 0.6011017292012475, 0.5893102140447799, 0.5777711621767523, 0.5664829165106318, 0.5554434916296117, 0.5446506054844333, 0.534101709294225, 0.5237940156860038, 0.5137245251159476, 0.5038900506216683, 0.4942872409596556, 0.48491260218590587, 0.47576251774064265, 0.46683326710007034, 0.4581210430593874, 0.4496219677119154, 0.4413321071892605, 0.4332474852269975, 0.42536409561952604, 0.41767791362655954, 0.4101849063922305, 0.4028810424360839, 0.3957623002733356, 0.38882467621972694, 0.38206419143416354, 0.37547689825009933, 0.3690588858443623, 0.36280628528982745, 0.35671527403605463, 0.3507820798597351, 0.3450029843245528, 0.33937432578787113, 0.3338925019895155, 0.3285539722558444, 0.323355259350295, 0.31829295099965305, 0.3133637011234402, 0.30856423079203527, 0.30389132893744675, 0.2993418528390397, 0.2949127284049833, 0.2906009502687312, 0.286403581718469, 0.2823177544761632, 0.2783406683416189, 0.2744695907158023, 0.27070185601659635, 0.26703486499914375, 0.2634660839919753, 0.259993044059232, 0.25661334009845316, 0.25332462988262533, 0.2501246330544614, 0.2470111300802018, 0.24398196116960189, 0.2410350251681845, 0.23816827842729366, 0.23537973365698198, 0.23266745876629857, 0.23002957569511093, 0.2274642592411963, 0.22496973588596833, 0.22254428262186454, 0.22018622578410577, 0.21789393988925018, 0.21566584648269754, 0.21350041299705505, 0.21139615162305161, 0.20935161819448098, 0.20736541108846515, 0.20543617014215723, 0.2035625755868442, 0.20174334700026647, 0.19997724227783906, 0.1982630566233397, 0.19659962155952068, 0.19498580395900178, 0.1934205050957128, 0.19190265971707268, 0.19043123513701993, 0.1890052303499423, 0.1876236751654954, 0.18628562936424675, 0.18499018187403402, 0.1837364499668847, 0.18252357847630696, 0.18135073903472745, 0.18021712933082465, 0.1791219723864787, 0.1780645158530385, 0.17704403132658633, 0.17605981368186474, 0.17511118042451648, 0.1741974710612765, 0.17331804648774551, 0.17247228839336765, 0.17165959868322778, 0.17087939891628065, 0.1701311297596204, 0.16941425045839728, 0.1687282383209882, 0.16807258821902704, 0.167446812101903, 0.16685043852533624, 0.16628301219364353, 0.16574409351530903, 0.16523325817147974, 0.16475009669700935, 0.1642942140736783, 0.1638652293352235, 0.16346277518381594, 0.16308649761763042, 0.1627360555691565, 0.16241112055390666, 0.16211137632918265, 0.1618365185625678, 0.1615862545098187, 0.16136030270183618, 0.16115839264040144, 0.1609802645023694, 0.16082566885201763, 0.16069436636125495, 0.16058612753740037, 0.16050073245824853, 0.16043797051414393, 0.16039764015679184, 0.16037954865454004, 0.16038351185387026, 0.16040935394684444, 0.1604569072442561, 0.160526011954242, 0.16061651596611504, 0.160728274639184, 0.16086115059633058, 0.16101501352211914, 0.16118973996521907, 0.16138521314492457, 0.16160132276156056, 0.16183796481056797, 0.16209504140006595, 0.1623724605716925, 0.1626701361245288, 0.16298798744191687, 0.16332593932098313, 0.1636839218046852, 0.16406187001620148, 0.16445972399548794, 0.16487742853782864, 0.16531493303421074, 0.1657721913133576, 0.1662491614852566, 0.16674580578602174, 0.16726209042393414, 0.16779798542650579, 0.16835346448841623, 0.16892850482017335, 0.16952308699735344]]","[[0.01, 0.011673645222856313, 0.01362924433757481, 0.01580189464359648, 0.018156386709900316, 0.020675178196759725, 0.023351197816584512, 0.026183654104562745, 0.029175552449082216, 0.03233222699779061, 0.03566047778586458, 0.039168068584042495, 0.04286343926201943, 0.04675554536374516, 0.05085377284655561, 0.05516789701573535, 0.05970806727546246, 0.06448480682588527, 0.06950902090741863, 0.07479200985040606, 0.08034548476280881, 0.0861815846179569, 0.0923128940498873, 0.09875246148131016, 0.10551381739173367, 0.11261099263608276, 0.12005853678016379, 0.12787153644806606, 0.13606563368958724, 0.14465704437981206, 0.1536625766620322, 0.16309964944156805, 0.1729863109330513, 0.18334125725808295, 0.19418385108428282, 0.20553414029079276, 0.21741287663936718, 0.22984153442430433, 0.24284232906862888, 0.25643823562810064, 0.27065300715876434, 0.2855111928978328, 0.3010381562016779, 0.31726009217855833, 0.3342040449474134, 0.3518979244475744, 0.37037052271757187, 0.38965152955433235, 0.40977154745695177, 0.4307621057519031, 0.4526556737889758, 0.47548567308946377, 0.4992864883201234, 0.5240934769582289, 0.5499429775046762, 0.5768723160935593, 0.6049198113379937, 0.6341247772432294, 0.6645275240093248, 0.6961693565369093, 0.7290925704408872, 0.7633404453684252, 0.7989572354092771, 0.8359881563785464, 0.8744795473529704, 0.9144807942109827, 0.9560459331611398, 0.9992332664280279, 1.0441049307493226, 1.0907265807882005, 1.1391671505034147, 1.1894986683809718, 1.241796110347017, 1.2961372791684864, 1.3526027023328104, 1.4112755424652896, 1.4722415157107482, 1.5355888144311542, 1.6014080312114707, 1.6697920816207734, 1.7408361235068548, 1.8146374708499842, 1.89129550039124, 1.9709115494003493, 2.0535888030693115, 2.1394321701199392, 2.2285481453022893, 2.3210446575417825, 2.4170309025697616, 2.5166171589486126, 2.6199145864814244, 2.727035006079958, 2.8380906602557956, 2.9531939534999654, 3.0724571719279505, 3.19599218169141, 3.3239101057965947, 3.4563209791235523, 3.593333381610703, 3.7350540497569718, 3.881587466798733, 4.033035432141456, 4.1894966108658, 4.351066064384325, 4.517834763596764, 4.689889086177372, 4.867310299925086, 5.050174034413468, 5.238549743489436, 5.4325001614840325, 5.632080756310452, 5.837339182929759, 6.048314740957686, 6.265037840461128, 6.48752948024438, 6.715800743146482, 6.949852313056023, 7.189674018491807, 7.43524440769083, 7.686530360182979, 7.943486739809368, 8.206056094053382, 8.47416840439641, 8.747740892180932, 9.026677884160394, 9.310870741537677, 9.600197855843147, 9.89452471448178, 10.19370403819119, 10.49757599200426, 10.805968470609319, 11.118697458256378, 11.43556746258049, 11.756372020914611, 12.08089427685718, 12.408907624057557, 12.7401764133995, 13.074456719012872, 13.411497157840856, 13.75103975684686, 14.092820861374726, 14.436572077688103, 14.782021242319763, 15.128893410566207, 15.476911856272727, 15.825799074972162, 16.17527778246785, 16.525071901086285, 16.87490752606387, 17.2245138648696, 17.57362414269303, 17.921976467835886, 18.26931465132474, 18.615388975699727, 18.95995690861729, 19.302783757620876, 19.643643263168368, 19.982318127746755, 20.318600479639894, 20.65229227063317, 20.983205607628545, 21.311163018795515, 21.635997655490016, 21.957553431727472, 22.27568510349324, 22.59025829060941, 22.901149444249853, 23.20824576350402, 23.511445064635033, 23.81065560686074, 24.105795878609726, 24.39679434827173, 24.683589183476865, 24.966127942905917, 25.244367244558767, 25.51827241429568, 25.787817118321477, 26.052982983111068, 26.313759206081347, 26.570142160104034, 26.822134994731357, 27.069747236775637, 27.31299439264882, 27.551897554632465, 27.786483013015292, 28.016781875807403, 28.242829697519213, 28.46466611828161, 28.68233451438274, 28.895881661107513, 29.10535740858928, 29.31081437121965, 29.512307631012064, 29.709894455178205, 29.90363402805267, 30.093587197391038, 30.27981623496832, 30.46238461131905, 30.641356784385504, 30.816798001776732, 30.988774116287157, 31.157351414278732, 31.322596456494416, 31.484575930842123, 31.6433565166668, 31.799004760012853, 31.95158695936953, 32.1011690613869, 32.24781656604968, 32.39159444079937, 32.532567043101615, 32.67079805096483, 32.80635040092775, 32.93928623304686, 33.0696668424294, 33.197552636873894, 33.32300310019704, 33.446076760843304, 33.56683116539166, 33.68532285659222, 33.80160735558351, 33.91573914795963, 34.02777167337418, 34.13775731838584, 34.24574741226711, 34.3517922255152, 34.45594097081954, 34.55824180625645, 34.658741840496326, 34.75748713982312, 34.85452273677956, 34.949892640264714, 35.043639846922915, 35.13580635367472, 35.22643317125195, 35.315560338609124, 35.40322693809375, 35.48947111126704, 35.574330075275604, 35.657840139682726, 35.74003672367552, 35.820954373571574, 35.90062678055526, 35.9790867985802, 36.056366462380254, 36.13249700553667, 36.20750887855416, 36.28143176690331, 36.35429460899108, 36.426125614025004, 36.49695227974051, 36.56680140996423, 36.6356991319891, 36.703670913740154, 36.770741580712404, 36.83693533266476, 36.902275760056085, 36.96678586021154, 37.03048805320924, 37.09340419747907, 37.155555605106755, 37.21696305683808, 37.2776468167791, 37.337626646789545, 37.39692182056764, 37.4555511374254, 37.513532935754434, 37.570885106183056, 37.627625104426045, 37.68376996382922, 37.739336307611296, 37.79434036080621, 37.84879796190932, 37.90272457423138, 37.95613529696448, 38.0090448759644, 38.06146771425401, 38.113417882252776, 38.164909127737246, 38.215954885537805, 38.26656828697704, 38.31676216905501, 38.36654908338698, 38.415941304899015, 38.46495084028701, 38.51358943624464, 38.561868587465746, 38.60979954442672, 38.65739332095417, 38.70466070158345, 38.75161224871332, 38.79825830956205, 38.844609022930136, 38.890674325774874, 38.936463959601774, 38.98198747667784, 39.02725424607152, 39.07227345952426, 39.11705413715821, 39.1616051330248, 39.20593514049857, 39.250052697520786, 39.29396619169701, 39.33768386525288, 39.38121381985215, 39.424564021281064, 39.46774230400278, 39.51075637558579, 39.55361382100986, 39.59632210685324, 39.63888858536438, 39.681320498421755, 39.72362498138493, 39.76580906684009, 39.8078796882431, 39.84984368346307, 39.89170779822938, 39.93347868948488, 39.97516292864799, 40.01676700478647, 40.05829732770512, 40.09976023095011, 40.14116197473221, 40.18250874877119, 40.22380667506359, 40.2650618105761, 40.30628014986643, 40.3474676276338, 40.388630121200805, 40.429773452928664, 40.470903392567436, 40.512025659542985, 40.553145925182356, 40.59426981487899, 40.63540291019938, 40.67655075093258, 40.717718837083865, 40.758912630813974, 40.80013755832502, 40.8413990116944, 40.88270235065777, 40.92405290434216, 40.96545597295024, 41.00691682939676, 41.04844072089802, 41.090032870515266, 41.13169847865281, 41.173442724511624, 41.215270767499206, 41.257187748596245, 41.299198791680844, 41.34130900481076, 41.38352348146434, 41.42584730174045, 41.46828553351804, 41.51084323357557, 41.553525448670776, 41.59633721658107, 41.639283567104826, 41.682369523023816, 41.725600101027, 41.768980312595794, 41.81251516485106, 41.856209661361724, 41.90006880291531, 41.94409758825014]]","[array([6.37688001e-05, 6.00799169e-05, 5.86665222e-05, 5.87302802e-05,
       5.97884996e-05, 6.15476639e-05, 6.38283010e-05, 6.65202687e-05,
       6.95558047e-05, 7.28933089e-05, 7.65075441e-05, 8.03836916e-05,
       8.45137238e-05, 8.88941731e-05, 9.35247457e-05, 9.84074473e-05,
       1.03546023e-04, 1.08945590e-04, 1.14612391e-04, 1.20553628e-04,
       1.26777337e-04, 1.33292307e-04, 1.40108012e-04, 1.47234566e-04,
       1.54682682e-04, 1.62463648e-04, 1.70589301e-04, 1.79072014e-04,
       1.87924681e-04, 1.97160707e-04, 2.06794002e-04, 2.16838975e-04,
       2.27310531e-04, 2.38224068e-04, 2.49595472e-04, 2.61441122e-04,
       2.73777884e-04, 2.86623111e-04, 2.99994643e-04, 3.13910804e-04,
       3.28390400e-04, 3.43452716e-04, 3.59117515e-04, 3.75405027e-04,
       3.92335947e-04, 4.09931426e-04, 4.28213064e-04, 4.47202894e-04,
       4.66923372e-04, 4.87397361e-04, 5.08648114e-04, 5.30699253e-04,
       5.53574745e-04, 5.77298879e-04, 6.01896233e-04, 6.27391646e-04,
       6.53810178e-04, 6.81177074e-04, 7.09517717e-04, 7.38857582e-04,
       7.69222183e-04, 8.00637017e-04, 8.33127500e-04, 8.66719131e-04,
       9.01443029e-04, 9.37347495e-04, 9.74496324e-04, 1.01296257e-03,
       1.05282427e-03, 1.09416172e-03, 1.13705574e-03, 1.18158659e-03,
       1.22783329e-03, 1.27587328e-03, 1.32578222e-03, 1.37763388e-03,
       1.43150010e-03, 1.48745079e-03, 1.54555391e-03, 1.60587545e-03,
       1.66847939e-03, 1.73342760e-03, 1.80077980e-03, 1.87059335e-03,
       1.94292312e-03, 2.01782129e-03, 2.09533709e-03, 2.17551652e-03,
       2.25840208e-03, 2.34403240e-03, 2.43244187e-03, 2.52366028e-03,
       2.61771234e-03, 2.71461730e-03, 2.81438842e-03, 2.91703252e-03,
       3.02254946e-03, 3.13093160e-03, 3.24216333e-03, 3.35622046e-03,
       3.47306973e-03, 3.59266825e-03, 3.71496299e-03, 3.83989024e-03,
       3.96737513e-03, 4.09733115e-03, 4.22965973e-03, 4.36424981e-03,
       4.50097748e-03, 4.63970571e-03, 4.78028409e-03, 4.92254864e-03,
       5.06632174e-03, 5.21141210e-03, 5.35761485e-03, 5.50471168e-03,
       5.65247115e-03, 5.80064908e-03, 5.94898901e-03, 6.09722285e-03,
       6.24507161e-03, 6.39224622e-03, 6.53844857e-03, 6.68337254e-03,
       6.82670526e-03, 6.96812839e-03, 7.10731957e-03, 7.24395391e-03,
       7.37770563e-03, 7.50824969e-03, 7.63526358e-03, 7.75842903e-03,
       7.87743387e-03, 7.99197383e-03, 8.10175433e-03, 8.20649230e-03,
       8.30591790e-03, 8.39977619e-03, 8.48782873e-03, 8.56985509e-03,
       8.64565418e-03, 8.71504556e-03, 8.77787046e-03, 8.83399279e-03,
       8.88329984e-03, 8.92570293e-03, 8.96113777e-03, 8.98956468e-03,
       9.01096866e-03, 9.02535917e-03, 9.03276984e-03, 9.03325795e-03,
       9.02690370e-03, 9.01380941e-03, 8.99409853e-03, 8.96791451e-03,
       8.93541956e-03, 8.89679331e-03, 8.85223142e-03, 8.80194405e-03,
       8.74615436e-03, 8.68509689e-03, 8.61901605e-03, 8.54816443e-03,
       8.47280131e-03, 8.39319108e-03, 8.30960172e-03, 8.22230338e-03,
       8.13156696e-03, 8.03766280e-03, 7.94085944e-03, 7.84142247e-03,
       7.73961346e-03, 7.63568895e-03, 7.52989965e-03, 7.42248955e-03,
       7.31369533e-03, 7.20374567e-03, 7.09286081e-03, 6.98125210e-03,
       6.86912167e-03, 6.75666216e-03, 6.64405655e-03, 6.53147806e-03,
       6.41909008e-03, 6.30704622e-03, 6.19549032e-03, 6.08455662e-03,
       5.97436990e-03, 5.86504568e-03, 5.75669044e-03, 5.64940190e-03,
       5.54326929e-03, 5.43837367e-03, 5.33478823e-03, 5.23257864e-03,
       5.13180336e-03, 5.03251403e-03, 4.93475579e-03, 4.83856763e-03,
       4.74398273e-03, 4.65102884e-03, 4.55972854e-03, 4.47009968e-03,
       4.38215559e-03, 4.29590546e-03, 4.21135461e-03, 4.12850480e-03,
       4.04735450e-03, 3.96789915e-03, 3.89013142e-03, 3.81404144e-03,
       3.73961706e-03, 3.66684404e-03, 3.59570625e-03, 3.52618589e-03,
       3.45826367e-03, 3.39191894e-03, 3.32712989e-03, 3.26387371e-03,
       3.20212667e-03, 3.14186431e-03, 3.08306153e-03, 3.02569271e-03,
       2.96973179e-03, 2.91515240e-03, 2.86192792e-03, 2.81003159e-03,
       2.75943653e-03, 2.71011587e-03, 2.66204274e-03, 2.61519041e-03,
       2.56953225e-03, 2.52504184e-03, 2.48169298e-03, 2.43945974e-03,
       2.39831648e-03, 2.35823787e-03, 2.31919896e-03, 2.28117513e-03,
       2.24414217e-03, 2.20807628e-03, 2.17295405e-03, 2.13875252e-03,
       2.10544917e-03, 2.07302191e-03, 2.04144910e-03, 2.01070956e-03,
       1.98078258e-03, 1.95164789e-03, 1.92328568e-03, 1.89567660e-03,
       1.86880176e-03, 1.84264272e-03, 1.81718147e-03, 1.79240048e-03,
       1.76828263e-03, 1.74481124e-03, 1.72197008e-03, 1.69974332e-03,
       1.67811555e-03, 1.65707176e-03, 1.63659737e-03, 1.61667818e-03,
       1.59730035e-03, 1.57845047e-03, 1.56011546e-03, 1.54228263e-03,
       1.52493963e-03, 1.50807447e-03, 1.49167549e-03, 1.47573138e-03,
       1.46023112e-03, 1.44516406e-03, 1.43051980e-03, 1.41628830e-03,
       1.40245978e-03, 1.38902474e-03, 1.37597399e-03, 1.36329860e-03,
       1.35098989e-03, 1.33903946e-03, 1.32743915e-03, 1.31618105e-03,
       1.30525750e-03, 1.29466104e-03, 1.28438448e-03, 1.27442081e-03,
       1.26476326e-03, 1.25540525e-03, 1.24634043e-03, 1.23756262e-03,
       1.22906584e-03, 1.22084429e-03, 1.21289238e-03, 1.20520465e-03,
       1.19777585e-03, 1.19060089e-03, 1.18367482e-03, 1.17699286e-03,
       1.17055040e-03, 1.16434295e-03, 1.15836619e-03, 1.15261591e-03,
       1.14708808e-03, 1.14177877e-03, 1.13668418e-03, 1.13180064e-03,
       1.12712462e-03, 1.12265269e-03, 1.11838154e-03, 1.11430796e-03,
       1.11042888e-03, 1.10674130e-03, 1.10324235e-03, 1.09992925e-03,
       1.09679932e-03, 1.09384997e-03, 1.09107871e-03, 1.08848313e-03,
       1.08606092e-03, 1.08380984e-03, 1.08172775e-03, 1.07981257e-03,
       1.07806233e-03, 1.07647509e-03, 1.07504903e-03, 1.07378238e-03,
       1.07267344e-03, 1.07172057e-03, 1.07092223e-03, 1.07027690e-03,
       1.06978316e-03, 1.06943963e-03, 1.06924499e-03, 1.06919800e-03,
       1.06929745e-03, 1.06954219e-03, 1.06993113e-03, 1.07046325e-03,
       1.07113753e-03, 1.07195306e-03, 1.07290892e-03, 1.07400429e-03,
       1.07523835e-03, 1.07661035e-03, 1.07811958e-03, 1.07976536e-03,
       1.08154706e-03, 1.08346409e-03, 1.08551589e-03, 1.08770194e-03,
       1.09002176e-03, 1.09247490e-03, 1.09506094e-03, 1.09777949e-03,
       1.10063022e-03, 1.10361279e-03, 1.10672690e-03, 1.10997230e-03,
       1.11334875e-03, 1.11685603e-03, 1.12049396e-03, 1.12426237e-03,
       1.12816112e-03])]","[[0, 6.376880005047202e-05, 0.00012384871691641303, 0.0001825152391581995, 0.00024124551939416799, 0.0003010340190373991, 0.0003625816829620428, 0.00042640998400478357, 0.0004929302527085107, 0.0005624860573996909, 0.0006353793662545709, 0.0007118869103469712, 0.0007922706019862609, 0.0008767843257937266, 0.0009656784989327532, 0.001059203244669558, 0.0011576106920093215, 0.001261156714924984, 0.0013701023046458626, 0.0014847146958727542, 0.0016052683236526387, 0.0017320456606206808, 0.0018653379676002706, 0.002005445980069755, 0.0021526805463137817, 0.002307363228709266, 0.0024698268766657015, 0.002640416177711119, 0.002819488191762231, 0.0030074128725398525, 0.003204573579264204, 0.003411367581110693, 0.0036282065563748075, 0.003855517087851567, 0.004093741155558038, 0.0043433366276008625, 0.004604777749703182, 0.004878555633648177, 0.005165178744662991, 0.005465173387551954, 0.005779084191187379, 0.006107474590776382, 0.006450927307140221, 0.006810044822066116, 0.007185449848618345, 0.007577785795123885, 0.007987717221376471, 0.008415930285430463, 0.00886313317918137, 0.009330056550752303, 0.009817453911524502, 0.010326102025464825, 0.010856801278213327, 0.011410376023199633, 0.011987674901857674, 0.01258957113480453, 0.013216962780640948, 0.013870772958818885, 0.014551950032805796, 0.015261467749557018, 0.016000325331087487, 0.016769547513713085, 0.017570184530311762, 0.01840331203073634, 0.019270031161411686, 0.020171474190664687, 0.02110882168579671, 0.022083318009816694, 0.023096280575964898, 0.02414910484118301, 0.02524326656103343, 0.026380322305687216, 0.027561908894699654, 0.02878974218065757, 0.03006561545905319, 0.03139139767862667, 0.032769031556502765, 0.03420053165494681, 0.035687982444324286, 0.03723353635506537, 0.03883941180685506, 0.04050789119366433, 0.042241318797075114, 0.044042098596569476, 0.045912691943314855, 0.04785561506297341, 0.04987343635284264, 0.05196877343895953, 0.05414428995951344, 0.056402692041913546, 0.058746724442086326, 0.06117916631600712, 0.06370282659508945, 0.06632053893887158, 0.06903515624046887, 0.07184954466252494, 0.07476657718392066, 0.07778912664031688, 0.08092005824474176, 0.08416222157791296, 0.0875184420418344, 0.09099151177444362, 0.09458418002772628, 0.09829914301676537, 0.10213903325265584, 0.1061064083780832, 0.11020373953061993, 0.11443339926540937, 0.11879764907584547, 0.1232986265580678, 0.12793833227251253, 0.1327186163633186, 0.1376411650039939, 0.1427074867453027, 0.14791889884872858, 0.15327651369597664, 0.1587812253716712, 0.1644336965225423, 0.1702343456018303, 0.17618333461222316, 0.18228055746423097, 0.1885256290693464, 0.19491787528850552, 0.20145632385612086, 0.20813969639819596, 0.2149664016596564, 0.22193453005097638, 0.2290418496173989, 0.23628580352553, 0.24366350915185456, 0.25117175884582815, 0.25880702242673864, 0.26656545145863586, 0.27444288533145916, 0.2824348591592585, 0.2905366134883322, 0.29874310578946045, 0.30704902368947967, 0.31544879987852453, 0.3239366286106697, 0.33250648369775715, 0.34115213787920246, 0.3498671834348412, 0.3586450538936843, 0.3674790466790557, 0.37636234652020845, 0.38528804945234063, 0.39424918722109975, 0.4032387519042677, 0.412249720562399, 0.4212750797317394, 0.4303078495767234, 0.4393411075256335, 0.448368011221456, 0.4573818206304039, 0.4663759191627696, 0.47534383367448085, 0.4842792532326849, 0.49317604654460345, 0.5020282779654878, 0.5108302220184786, 0.5195763763762482, 0.5282614732712122, 0.5368804893175849, 0.5454286537443943, 0.553901455053566, 0.5622946461311499, 0.5706042478525678, 0.5788265512342832, 0.5869581181944554, 0.5949957809939008, 0.6029366404360045, 0.6107780629101294, 0.6185176763675763, 0.6261533653223069, 0.633683264970536, 0.6411057545239923, 0.6484194498512548, 0.6556231955201858, 0.6627160563322213, 0.6696973084362479, 0.6765664301061208, 0.6833230922616592, 0.6899671488083027, 0.6964986268656457, 0.7029177169498501, 0.7092247631695983, 0.7154202534898314, 0.7215048101121271, 0.7274791800152464, 0.7333442256941864, 0.7391009161310645, 0.7447503180263536, 0.7502935873144375, 0.7557319609831643, 0.7610667492130744, 0.7662993278482715, 0.7714311312074977, 0.7764636452408682, 0.7813984010349116, 0.7862369686660466, 0.7909809514003858, 0.7956319802357962, 0.80019170878043, 0.8046618084604736, 0.8090439640486162, 0.8133398695037056, 0.8175512241112145, 0.8216797289134753, 0.8257270834181333, 0.8296949825729051, 0.8335851139944956, 0.8373991554394058, 0.8411387725043442, 0.8448056165440252, 0.8484013227942774, 0.8519275086885987, 0.8553857723565549, 0.8587776912927273, 0.8621048211852615, 0.8653686948934444, 0.8685708215641296, 0.87171268587725, 0.874795747411077, 0.8778214401183171, 0.8807911719045702, 0.8837063243011053, 0.886568252224336, 0.8893782838147996, 0.8921377203488549, 0.8948478362167143, 0.8975098789608157, 0.9001250693689147, 0.9026946016166386, 0.9052196434545944, 0.9077013364354494, 0.9101407961767262, 0.912539112655351, 0.9148973505302831, 0.9172165494898235, 0.9194977246204592, 0.92174186679434, 0.9239499430727128, 0.9261228971228554, 0.9282616496462504, 0.9303670988159292, 0.9324401207210952, 0.9344815698172964, 0.9364922793805739, 0.9384730619641578, 0.9404247098564112, 0.9423479955388524, 0.9442436721431946, 0.9461124739064567, 0.9479551166232895, 0.9497722980947587, 0.9515646985729088, 0.9533329812005092, 0.955077792445456, 0.9567997625293679, 0.9584995058499788, 0.9601776213969786, 0.9618346931610118, 0.9634712905355844, 0.9650879687116758, 0.9666852690648874, 0.9682637195350002, 0.9698238349978392, 0.9713661176293763, 0.9728910572620281, 0.974399131733127, 0.9758908072255691, 0.9773665386006565, 0.9788267697231737, 0.9802719337787491, 0.9817024535835687, 0.9831187418865197, 0.9845212016638534, 0.9859102264064635, 0.9872862003998888, 0.9886494989971498, 0.9900004888845407, 0.9913395283404991, 0.9926669674876819, 0.9939831485383783, 0.9952884060333949, 0.996583067074548, 0.9978674515509016, 0.9991418723588886, 1.0004066356164565, 1.0016620408713741, 1.002908381303841, 1.004145943923537, 1.0053750097612482, 1.0065958540552087, 1.0078087464322902, 1.0090139510841754, 1.010211726938645, 1.0114023278261097, 1.0125860026415132, 1.0137629955017338, 1.0149335458986055, 1.0160978888476826, 1.0172562550328617, 1.0184088709469825, 1.0195559590285164, 1.0206977377944557, 1.0218344219695121, 1.0229662226117278, 1.0240933472346052, 1.0252159999258545, 1.0263343814628545, 1.0274486894249257, 1.0285591183025065, 1.0296658596033206, 1.030769101955627, 1.0318690312086345, 1.0329658305301623, 1.0340596805016318, 1.03515075921046, 1.0362392423399365, 1.0373253032566498, 1.0384091130955422, 1.039490840842651, 1.0405706534156127, 1.041648715741983, 1.0427251908354458, 1.04380023986996, 1.0448740222519088, 1.045946695690304, 1.047018416265097, 1.0480893384936532, 1.049159615395433, 1.0502293985549327, 1.051298838182926, 1.0523680831760545, 1.0534372811748067, 1.0545065786199272, 1.0555761208072942, 1.0566460519413046, 1.0577165151867982, 1.0587876527195597, 1.0598596057754281, 1.0609325146980444, 1.0620065189852692, 1.063081757334296, 1.0641583676854884, 1.065236487264964, 1.0663162526259533, 1.067397799688951, 1.068481263780685, 1.0695667796719197, 1.0706544816141148, 1.0717445033749566, 1.0728369782727767, 1.0739320392098737, 1.0750298187047531, 1.0761304489232963, 1.0772340617088705, 1.0783407886113923, 1.079450760915351, 1.0805641096668024, 1.0816809656993398, 1.0828014596590478, 1.083925722028446, 1.0850538831494239]]"
40.0,40.0,3,60,270,I1-S0,"[[0.01, 0.009218546420913139, 0.008861068736292907, 0.0087750579360058, 0.008868434224504028, 0.00908536907826936, 0.009391809181796641, 0.009766900385510863, 0.01019784193588718, 0.010676792414976703, 0.011199004216413243, 0.011761694972901637, 0.012363361539360889, 0.01300336024125754, 0.013681647796678848, 0.014398619625888764, 0.015155007571962576, 0.015951814198691346, 0.016790269894678023, 0.01767180444067473, 0.01859802795280517, 0.019570718071171483, 0.020591811443482235, 0.021663398268544236, 0.0227877191009354, 0.02396716338713388, 0.025204269371273593, 0.026501725115272327, 0.02786237044714022, 0.029289199697116405, 0.030785365112512297, 0.03235418086397935, 0.03399912757155152, 0.0357238572902029, 0.037532198903036516, 0.039428163876362436, 0.0414159523353386, 0.04349995942187272, 0.04568478189834665, 0.04797522496158385, 0.05037630923144766, 0.05289327787761181, 0.055531603846440764, 0.058296997147594155, 0.0611954121569519, 0.06423305488875918, 0.0674163901855195, 0.07075214876911999, 0.0742473340909495, 0.07790922891235956, 0.08174540153970856, 0.08576371163040762, 0.08997231547784153, 0.09437967067375669, 0.09899454003668395, 0.103825994684192, 0.10888341611525028, 0.1141764971567296, 0.11971524161510344, 0.12550996246076945, 0.13157127835813573, 0.13791010833977818, 0.14453766440766433, 0.15146544182876623, 0.15870541916561515, 0.16627221147764543, 0.17418428566156896, 0.18246273366072832, 0.19113025465387745, 0.20021047782377263, 0.20972751676523893, 0.2197056799225739, 0.2301692841932591, 0.24114253466751642, 0.25264944455302746, 0.26471377711719485, 0.27735899695852995, 0.2906082217789136, 0.30448416854684035, 0.3190090898539794, 0.33420469761140664, 0.3500920721774895, 0.36669155567849715, 0.3840226287634083, 0.4021037703896604, 0.42095230051283106, 0.4405842057839637, 0.46101394856775724, 0.4822542598007093, 0.5043159164230914, 0.5272075043510884, 0.5509351682113246, 0.5755023493426668, 0.6009095138809258, 0.6271538730802897, 0.6542290983886943, 0.6821250341788452, 0.7108274114365087, 0.7403175661155525, 0.7705721662758678, 0.8015629525148823, 0.8332564965733841, 0.8656139833278281, 0.8985910216589165, 0.9321374898937576, 0.9661974216394705, 1.0007089378427654, 1.0356042308063935, 1.0708096056542318, 1.106245584348968, 1.141827076819562, 1.1774636230432423, 1.21305970904669, 1.2485151587464949, 1.2837256023491834, 1.3185830206917664, 1.3529763634472463, 1.386792237574877, 1.4199156607975774, 1.4522308732797193, 1.4836221991030751, 1.513974947645705, 1.5431763436080985, 1.571116473252561, 1.5976892334726327, 1.6227932696313971, 1.6463328877361432, 1.6682189264783474, 1.688369574978311, 1.706711122737202, 1.7231786293076339, 1.7377165025265942, 1.750278975778909, 1.7608304766319223, 1.7693458812498468, 1.7758106511992897, 1.7802208515310223, 1.7825830513003935, 1.782914109903853, 1.7812408546991985, 1.77759965728566, 1.7720359174979459, 1.7646034655767557, 1.7553638940885632, 1.7443858319626309, 1.7317441734875336, 1.7175192752681472, 1.701796134002259, 1.6846635575175306, 1.666213340845382, 1.6465394582347275, 1.6257372809651411, 1.6039028296474602, 1.5811320684416066, 1.5575202473166248, 1.533161297164042, 1.5081472812863206, 1.4825679055466814, 1.4565100883092807, 1.4300575902388397, 1.4032907030804962, 1.3762859957131266, 1.3491161150673407, 1.3218496389234775, 1.294550977152363, 1.2672803176265963, 1.2400936128046849, 1.2130426028647092, 1.1861748712274967, 1.1595339283499981, 1.1331593197759535, 1.107086754591461, 1.081348250636621, 1.0559722930606235, 1.030984003066977, 1.0064053139694829, 0.9822551519605693, 0.95854961927527, 0.9353021777110837, 0.9125238307317977, 0.8902233026386434, 0.8684072135322782, 0.8470802490122106, 0.8262453237652423, 0.8059037383806937, 0.7860553288974872, 0.7666986087368839, 0.7478309028053953, 0.7294484736659576, 0.7115466397729021, 0.6941198858487073, 0.6771619655492028, 0.6606659966200659, 0.6446245487923551, 0.6290297246997011, 0.6138732341257899, 0.5991464619090674, 0.5848405298432018, 0.5709463529177438, 0.5574546902445059, 0.5443561910122549, 0.53164143580609, 0.5193009736190191, 0.5073253548722985, 0.4957051607485844, 0.4844310291282598, 0.4734936774048414, 0.46288392244043475, 0.45259269790705486, 0.44261106924448823, 0.43293024645040956, 0.42354159490383053, 0.41443664440875616, 0.40560709663124517, 0.3970448310899754, 0.38874190984794804, 0.3806905810411523, 0.37288328136887017, 0.3653126376598325, 0.3579714676186327, 0.3508527798476599, 0.34394977323129766, 0.3372558357612371, 0.3307645428744393, 0.32446965536853023, 0.31836511695318637, 0.3124450514903476, 0.30670375997083904, 0.30113571727016886, 0.2957355687218672, 0.2904981265427067, 0.28541836614048033, 0.28049142233166957, 0.27571258549330113, 0.2710772976705331, 0.2665811486590099, 0.2622198720787614, 0.2579893414543751, 0.25388556631431847, 0.24990468832062268, 0.24604297743863374, 0.24229682815518763, 0.23866275575235027, 0.23513739264277472, 0.23171748477175289, 0.22839988809016679, 0.22518156510176648, 0.2220595814875087, 0.2190311028090737, 0.2160933912931313, 0.21324380269744359, 0.2104797832594646, 0.20779886672772127, 0.20519867147593143, 0.20267689769952538, 0.20023132469398838, 0.1978598082142233, 0.1955602779139469, 0.19333073486397256, 0.1911692491480979, 0.18907395753520076, 0.18704306122605305, 0.18507482367328498, 0.18316756847286922, 0.18131967732544751, 0.1795295880657848, 0.17779579275861124, 0.17611683585909543, 0.17449131243618562, 0.17291786645705343, 0.17139518913088156, 0.16992201731024806, 0.1684971319483752, 0.16711935661053187, 0.16578755603790135, 0.16450063476225432, 0.16325753576979438, 0.16205723921257612, 0.1608987611659282, 0.15978115243034818, 0.15870349737637165, 0.15766491283095396, 0.15666454700394017, 0.1557015784532358, 0.1547752150873282, 0.15388469320384582, 0.15302927656288012, 0.15220825549383127, 0.15142094603457615, 0.150666689101793, 0.14994484969131233, 0.14925481610739946, 0.14859599921990838, 0.14796783174827952, 0.14736976757138834, 0.14680128106228255, 0.14626186644687805, 0.14575103718571406, 0.14526832537789758, 0.1448132811863963, 0.14438547228386736, 0.14398448331823635, 0.14360991539726764, 0.14326138559139281, 0.142938526454088, 0.142640985559116, 0.14236842505397138, 0.14212052122888916, 0.1418969641008, 0.1416974570116343, 0.1415217162403992, 0.14136947062847022, 0.14124046121755943, 0.14113444089983843, 0.141051174079713, 0.1409904363467616, 0.14095201415936684, 0.14093570453858353, 0.14094131477180186, 0.14096866212577866, 0.14101757356862243, 0.14108788550033152, 0.14117944349149664, 0.14129210202979112, 0.1414257242738835, 0.14158018181441814, 0.14175535444171955, 0.14195112991988645, 0.14216740376695108, 0.14240407904078795, 0.14266106613046553, 0.14293828255274227, 0.14323565275341638, 0.1435531079132461, 0.14389058575816538, 0.14424803037352518, 0.1446253920220989, 0.14502262696559537, 0.14543969728942996, 0.1458765707305088, 0.14633322050778816, 0.1468096251553747, 0.14730576835793854, 0.14782163878821508, 0.14835722994637643, 0.14891254000105783, 0.14948757163182821, 0.15008233187289838, 0.15069683195786432, 0.15133108716528668, 0.15198511666491096, 0.15265894336433705, 0.15335259375594948, 0.15406609776392333, 0.15479948859112455, 0.15555280256572565, 0.1563260789873616, 0.1571193599726536, 0.157932690299932, 0.15876611725299136, 0.1596196904637157, 0.16049346175341378, 0.16138748497270697, 0.16230181583981765, 0.16323651177710652, 0.1641916317457128]]","[[0.01, 0.011673645222856313, 0.01362924433757481, 0.01580189464359648, 0.018156386721583585, 0.02067517885796345, 0.023351204687264045, 0.026183689554875596, 0.02917567725236691, 0.0323325724619828, 0.035661288661987874, 0.03916975676316653, 0.04286664823098081, 0.04676122544146762, 0.050863267317064684, 0.055183039384300026, 0.05973128998686245, 0.06451926189190084, 0.06955871299157082, 0.07486194245122237, 0.0804418202230536, 0.08631181876744756, 0.0924860463649622, 0.09897928171592481, 0.1058070097045991, 0.11298545830611244, 0.12053163666946769, 0.12846337443835762, 0.13679936238453097, 0.14555919443278023, 0.15476341115608303, 0.16443354481622396, 0.17459216602056798, 0.18526293206019329, 0.19647063698863146, 0.20824126349411592, 0.2206020366115156, 0.23358147931296247, 0.24720947000847734, 0.26151730197953327, 0.27653774475934695, 0.292305107463609, 0.3088553040642117, 0.32622592058615857, 0.3444562841940824, 0.3635875341195021, 0.38366269436294176, 0.40472674808614584, 0.4268267135886782, 0.45001172173999543, 0.4743330947124621, 0.4998444258325166, 0.5266016603361195, 0.5546631767805142, 0.5840898688270044, 0.6149452270687175, 0.647295420532974, 0.6812093774397572, 0.7167588647456956, 0.7540185659467968, 0.7930661565527813, 0.8339823765811751, 0.876851099350284, 0.9217593957767967, 0.9687978165489104, 1.0180628963636364, 1.069659284728124, 1.123699359063646, 1.1803027415072882, 1.239595941331123, 1.3017120868266885, 1.3667907202156322, 1.4349776355845272, 1.506424744259524, 1.5812899551175876, 1.6597370595107275, 1.741935612039954, 1.8280607995434166, 1.91829329148486, 2.01281906553234, 2.1118292025663528, 2.2155196456981496, 2.3240909181490976, 2.4377477950692885, 2.5566989245818963, 2.681156393549274, 2.811335233785193, 2.947452864700882, 3.089728468685141, 3.2383822958940836, 3.393634895576271, 3.5557062715951977, 3.7248149604431506, 3.9011770307767226, 4.085005004351318, 4.276506699194307, 4.475883996936027, 4.683331537413563, 4.899035344969798, 5.123171392281273, 5.355904109050499, 5.597384844474245, 5.84775029402705, 6.107120902751539, 6.375599258892006, 6.65326849330811, 6.940190701619987, 7.236405407419405, 7.541928086085761, 7.856748769721006, 8.180830754414128, 8.514109431415235, 8.856491263796629, 9.20785292976399, 9.568040652923091, 9.936869738483795, 10.314124332583042, 10.699557419634484, 11.092891069881476, 11.493816946175132, 11.901997075468017, 12.317064886670646, 12.73862651243969, 13.166262348243924, 13.59952885778614, 14.037960609653101, 14.481072526030628, 14.9283623205658, 15.379313099086678, 15.833396093996399, 16.290073500824803, 16.748801383712348, 17.20903261556464, 17.670219818277523, 18.13181826879617, 18.5932887378203, 19.054100229662154, 19.513732594048196, 19.97167898345499, 20.427448132798457, 20.880566441856796, 21.330579844599377, 21.77705545351304, 22.219582970961937, 22.657775863491565, 23.091272298703988, 23.519735847813212, 23.942855960172736, 24.36034821890129, 24.771954389181456, 25.177442272846733, 25.576605384497043, 25.969262465593655, 26.355256853796114, 26.734455725239116, 27.10674922753667, 27.47204952108007, 27.83028974570462, 28.1814229290792, 28.525420852264375, 28.86227288682985, 29.191984816760193, 29.51457765714471, 29.830086480376696, 30.138559259307957, 30.440055735541883, 30.734646319823508, 31.022411030315116, 31.30343847344448, 31.577824870989463, 31.845673136124198, 32.10709200030218, 32.362195192091676, 32.61110066840826, 32.853929898005646, 33.09080719658524, 33.321859112463166, 33.54721386138411, 33.7670008087895, 33.98134999762651, 34.190391719617814, 34.39425612779407, 34.59307288801572, 34.78697086717176, 34.97607785573614, 35.1605203223814, 35.34042319839046, 35.51590968966654, 35.687101114214215, 35.854116763048886, 36.01707378258413, 36.176087076644016, 36.33126922634906, 36.48273042622712, 36.63057843500395, 36.77491853962994, 36.91585353119989, 37.05348369151952, 37.18790678916614, 37.31921808398094, 37.447510339015224, 37.572873839034486, 37.69539641476023, 37.815163472101375, 37.932258025694075, 38.04676073613165, 38.15874995032427, 38.268301744482216, 38.37548996926634, 38.48038629669534, 38.58306026844183, 38.68357934518798, 38.78200895674719, 38.87841255269055, 38.972851653246785, 39.0653859002712, 39.156073108103705, 39.244969314158396, 39.33212882910725, 39.417604286538676, 39.501446691988285, 39.583705471253914, 39.66442851792042, 39.74366224003156, 39.82145160585725, 39.89784018871376, 39.97287021080336, 40.04658258604714, 40.11901696189189, 40.19021176007757, 40.2602042163575, 40.329030419167886, 40.396725347247425, 40.46332290621138, 40.52885596408759, 40.59335638582457, 40.656855066784175, 40.71938196523341, 40.780966133851436, 40.84163575026949, 40.90141814666241, 40.96033983841153, 41.01842655185949, 41.075703251178034, 41.132194164370354, 41.187922808429896, 41.242912013677696, 41.29718394730038, 41.35076013611111, 41.40366148855544, 41.45590831598415, 41.50752035321485, 41.55851677840367, 41.608916232248475, 41.6587368365443, 41.707996212111574, 41.75671149611724, 41.80489935880841, 41.85257601967786, 41.89975726308012, 41.94645845331654, 41.992694549207215, 42.03848011816715, 42.0838293498036, 42.128756069051086, 42.17327374886007, 42.21739552245477, 42.261134195175245, 42.304502255918244, 42.347511888191114, 42.39017498079231, 42.432503138131864, 42.4745076902046, 42.51619970222854, 42.557589983960455, 42.59868909870016, 42.63950737199477, 42.680054900053726, 42.72034155788502, 42.76037700716272, 42.800170703835434, 42.83973190548529, 42.87906967844623, 42.9181929046905, 42.957110288491734, 42.99583036287269, 43.03436149584544, 43.0727118964516, 43.110889620609825, 43.148902576777466, 43.18675853143328, 43.22446511438746, 43.26202982392544, 43.299460031791185, 43.33676298801607, 43.3739458255986, 43.41101556504048, 43.447979118744115, 43.48484329527649, 43.52161480350414, 43.55830025660385, 43.59490617595337, 43.63143899490642, 43.66790506245603, 43.7043106467901, 43.74066193874286, 43.77696505514588, 43.813226042082036, 43.84945087804574, 43.88564547701254, 43.92181569142126, 43.957967315071414, 43.994106085938796, 44.03023768891185, 44.06636775845144, 44.10250188117637, 44.138645598377074, 44.17480440845961, 44.21098376932219, 44.24718910066623, 44.28342578624383, 44.319699176043535, 44.35601458841624, 44.39237731214272, 44.42879260844456, 44.465265712939846, 44.50180183754514, 44.538406172325026, 44.57508388729054, 44.611840134147634, 44.64868004799692, 44.68560874898555, 44.72263134391247, 44.75975292778773, 44.79697858534696, 44.83431339252158, 44.87176241786561, 44.90933072393979, 44.94702336865348, 44.98484540656506, 45.0228018901412, 45.06089787097561, 45.09913840096744, 45.13752853345991, 45.17607332433928, 45.21477783309448, 45.2536471238376, 45.29268626628529, 45.33190033670126, 45.37129441879989, 45.410873604610885, 45.450642995305, 45.490607701980736, 45.53077284641174, 45.57114356175498, 45.61172499321913, 45.652522298693206, 45.693540649334935, 45.73478523011861, 45.77626124034198, 45.81797389409177, 45.85992842066737, 45.90213006496215, 45.9445840878019, 45.98729576623976, 46.0302703938071]]","[array([6.37688001e-05, 6.00799169e-05, 5.86665222e-05, 5.87302802e-05,
       5.97885008e-05, 6.15476812e-05, 6.38284069e-05, 6.65206791e-05,
       6.95570060e-05, 7.28962181e-05, 7.65136973e-05, 8.03954520e-05,
       8.45345067e-05, 8.89286836e-05, 9.35792270e-05, 9.84899391e-05,
       1.03666631e-04, 1.09116764e-04, 1.14849219e-04, 1.20874137e-04,
       1.27202816e-04, 1.33847642e-04, 1.40822040e-04, 1.48140446e-04,
       1.55818294e-04, 1.63872010e-04, 1.72319014e-04, 1.81177730e-04,
       1.90467605e-04, 2.00209125e-04, 2.10423842e-04, 2.21134403e-04,
       2.32364580e-04, 2.44139307e-04, 2.56484715e-04, 2.69428173e-04,
       2.82998328e-04, 2.97225149e-04, 3.12139972e-04, 3.27775546e-04,
       3.44166079e-04, 3.61347289e-04, 3.79356447e-04, 3.98232431e-04,
       4.18015771e-04, 4.38748700e-04, 4.60475198e-04, 4.83241044e-04,
       5.07093853e-04, 5.32083126e-04, 5.58260286e-04, 5.85678718e-04,
       6.14393799e-04, 6.44462927e-04, 6.75945548e-04, 7.08903170e-04,
       7.43399373e-04, 7.79499814e-04, 8.17272217e-04, 8.56786356e-04,
       8.98114027e-04, 9.41329005e-04, 9.86506987e-04, 1.03372580e-03,
       1.08307240e-03, 1.13465751e-03, 1.18861367e-03, 1.24508731e-03,
       1.30423316e-03, 1.36621056e-03, 1.43118104e-03, 1.49930678e-03,
       1.57074956e-03, 1.64567016e-03, 1.72422784e-03, 1.80658007e-03,
       1.89288215e-03, 1.98328689e-03, 2.07794423e-03, 2.17700076e-03,
       2.28059918e-03, 2.38887764e-03, 2.50196893e-03, 2.61999969e-03,
       2.74308932e-03, 2.87134896e-03, 3.00488021e-03, 3.14377384e-03,
       3.28810833e-03, 3.43794836e-03, 3.59334317e-03, 3.75432488e-03,
       3.92090664e-03, 4.09308089e-03, 4.27081739e-03, 4.45406135e-03,
       4.64273151e-03, 4.83671826e-03, 5.03588174e-03, 5.24005014e-03,
       5.44901796e-03, 5.66254449e-03, 5.88035248e-03, 6.10212696e-03,
       6.32751436e-03, 6.55612187e-03, 6.78751722e-03, 7.02122867e-03,
       7.25674558e-03, 7.49351928e-03, 7.73096444e-03, 7.96846094e-03,
       8.20535627e-03, 8.44096830e-03, 8.67458876e-03, 8.90548705e-03,
       9.13291462e-03, 9.35610979e-03, 9.57430296e-03, 9.78672217e-03,
       9.99259903e-03, 1.01911748e-02, 1.03817067e-02, 1.05634740e-02,
       1.07357848e-02, 1.08979818e-02, 1.10494482e-02, 1.11896138e-02,
       1.13179597e-02, 1.14340234e-02, 1.15374028e-02, 1.16277600e-02,
       1.17048234e-02, 1.17683908e-02, 1.18183298e-02, 1.18545790e-02,
       1.18771471e-02, 1.18861125e-02, 1.18816209e-02, 1.18638833e-02,
       1.18331725e-02, 1.17898198e-02, 1.17342101e-02, 1.16667780e-02,
       1.15880024e-02, 1.14984012e-02, 1.13985261e-02, 1.12889568e-02,
       1.11702958e-02, 1.10431628e-02, 1.09081893e-02, 1.07660138e-02,
       1.06172766e-02, 1.04626154e-02, 1.03026611e-02, 1.01380340e-02,
       9.96934027e-03, 9.79716885e-03, 9.62208886e-03, 9.44464732e-03,
       9.26536720e-03, 9.08474600e-03, 8.90325453e-03, 8.72133612e-03,
       8.53940612e-03, 8.35785167e-03, 8.17703170e-03, 7.99727727e-03,
       7.81889196e-03, 7.64215256e-03, 7.46730985e-03, 7.29458950e-03,
       7.12419309e-03, 6.95629921e-03, 6.79106461e-03, 6.62862540e-03,
       6.46909822e-03, 6.31258153e-03, 6.15915677e-03, 6.00888961e-03,
       5.86183110e-03, 5.71801882e-03, 5.57747804e-03, 5.44022270e-03,
       5.30625652e-03, 5.17557393e-03, 5.04816097e-03, 4.92399620e-03,
       4.80305150e-03, 4.68529282e-03, 4.57068089e-03, 4.45917191e-03,
       4.35071812e-03, 4.24526839e-03, 4.14276871e-03, 4.04316270e-03,
       3.94639201e-03, 3.85239674e-03, 3.76111578e-03, 3.67248712e-03,
       3.58644819e-03, 3.50293605e-03, 3.42188769e-03, 3.34324020e-03,
       3.26693096e-03, 3.19289782e-03, 3.12107920e-03, 3.05141427e-03,
       2.98384302e-03, 2.91830635e-03, 2.85474619e-03, 2.79310551e-03,
       2.73332841e-03, 2.67536016e-03, 2.61914723e-03, 2.56463732e-03,
       2.51177937e-03, 2.46052360e-03, 2.41082149e-03, 2.36262580e-03,
       2.31589054e-03, 2.27057102e-03, 2.22662377e-03, 2.18400658e-03,
       2.14267847e-03, 2.10259968e-03, 2.06373160e-03, 2.02603685e-03,
       1.98947914e-03, 1.95402334e-03, 1.91963541e-03, 1.88628239e-03,
       1.85393236e-03, 1.82255443e-03, 1.79211872e-03, 1.76259630e-03,
       1.73395920e-03, 1.70618036e-03, 1.67923362e-03, 1.65309370e-03,
       1.62773613e-03, 1.60313729e-03, 1.57927435e-03, 1.55612522e-03,
       1.53366859e-03, 1.51188385e-03, 1.49075110e-03, 1.47025110e-03,
       1.45036530e-03, 1.43107574e-03, 1.41236511e-03, 1.39421667e-03,
       1.37661426e-03, 1.35954229e-03, 1.34298568e-03, 1.32692988e-03,
       1.31136086e-03, 1.29626504e-03, 1.28162933e-03, 1.26744109e-03,
       1.25368811e-03, 1.24035861e-03, 1.22744122e-03, 1.21492495e-03,
       1.20279920e-03, 1.19105374e-03, 1.17967869e-03, 1.16866452e-03,
       1.15800203e-03, 1.14768234e-03, 1.13769686e-03, 1.12803734e-03,
       1.11869578e-03, 1.10966448e-03, 1.10093600e-03, 1.09250318e-03,
       1.08435908e-03, 1.07649704e-03, 1.06891060e-03, 1.06159355e-03,
       1.05453990e-03, 1.04774386e-03, 1.04119986e-03, 1.03490252e-03,
       1.02884666e-03, 1.02302726e-03, 1.01743952e-03, 1.01207880e-03,
       1.00694060e-03, 1.00202063e-03, 9.97314715e-04, 9.92818868e-04,
       9.88529230e-04, 9.84442088e-04, 9.80553873e-04, 9.76861144e-04,
       9.73360596e-04, 9.70049048e-04, 9.66923439e-04, 9.63980831e-04,
       9.61218398e-04, 9.58633425e-04, 9.56223308e-04, 9.53985545e-04,
       9.51917736e-04, 9.50017582e-04, 9.48282877e-04, 9.46711509e-04,
       9.45301456e-04, 9.44050784e-04, 9.42957643e-04, 9.42020267e-04,
       9.41236969e-04, 9.40606139e-04, 9.40126246e-04, 9.39795828e-04,
       9.39613499e-04, 9.39577938e-04, 9.39687896e-04, 9.39942185e-04,
       9.40339685e-04, 9.40879335e-04, 9.41560135e-04, 9.42381144e-04,
       9.43341479e-04, 9.44440311e-04, 9.45676865e-04, 9.47050419e-04,
       9.48560301e-04, 9.50205890e-04, 9.51986612e-04, 9.53901941e-04,
       9.55951395e-04, 9.58134538e-04, 9.60450976e-04, 9.62900356e-04,
       9.65482367e-04, 9.68196737e-04, 9.71043233e-04, 9.74021657e-04,
       9.77131849e-04, 9.80373683e-04, 9.83747067e-04, 9.87251941e-04,
       9.90888278e-04, 9.94656081e-04, 9.98555382e-04, 1.00258624e-03,
       1.00674875e-03, 1.01104302e-03, 1.01546919e-03, 1.02002744e-03,
       1.02471793e-03, 1.02954090e-03, 1.03449656e-03, 1.03958517e-03,
       1.04480700e-03, 1.05016235e-03, 1.05565151e-03, 1.06127482e-03,
       1.06703260e-03, 1.07292522e-03, 1.07895304e-03, 1.08511643e-03,
       1.09141578e-03])]","[[0, 6.376880005047202e-05, 0.00012384871691641303, 0.0001825152391581995, 0.00024124551940466377, 0.0003010340202517943, 0.00036258170144071145, 0.0004264101082951877, 0.0004929307874410318, 0.0005624877934287296, 0.000635384011573367, 0.0007118977088380491, 0.0007922931608212965, 0.0008768276675379242, 0.0009657563511788528, 0.001059335578140552, 0.0011578255172701266, 0.0012614921478755713, 0.0013706089116076049, 0.001485458130144094, 0.0016063322667596992, 0.001733535083020158, 0.001867382725233246, 0.0020082047648670278, 0.002156345210484771, 0.002312163504389053, 0.002476035514238807, 0.0026483545278723447, 0.0028295322581140454, 0.0030199998632639952, 0.003220208988144694, 0.003430632829928432, 0.003651767232441986, 0.003884131812207543, 0.004128271119106362, 0.004384755834227363, 0.004654184007173427, 0.0049371823348334995, 0.005234407483380018, 0.005546547455011673, 0.005874323000724657, 0.00621848908015577, 0.00657983636929275, 0.006959192816586088, 0.007357425247717674, 0.007775441018980335, 0.008214189718894082, 0.008674664917325344, 0.009157905960979961, 0.009664999813704823, 0.010197082939552035, 0.010755343226028799, 0.011341021944370852, 0.011955415743032658, 0.012599878669878448, 0.013275824217779878, 0.013984727387473339, 0.014728126760598115, 0.015507626574820573, 0.016324898791844865, 0.017181685147912868, 0.018079799175101212, 0.019021128180327775, 0.020007635167481302, 0.021041360970994676, 0.022124433373662097, 0.023259090884845585, 0.024447704555919936, 0.025692791866322357, 0.026997025026164946, 0.02836323558601168, 0.029794416630988533, 0.03129372341276022, 0.03286447297641579, 0.03451014313154702, 0.036234370971260595, 0.03804095104107596, 0.0399338331886884, 0.04191712007631221, 0.04399506430333405, 0.046172065063764846, 0.04845266424728988, 0.05084154188235327, 0.05334351081313975, 0.055963510498499625, 0.05870659981912838, 0.061577948779252704, 0.06458282899047077, 0.06772660282816705, 0.07101471115509068, 0.07445265951234238, 0.07804600268529538, 0.0818003275610515, 0.08572123420508561, 0.08981431509794877, 0.09408513248845747, 0.09853919383784887, 0.10318192535005336, 0.10801864360660376, 0.11305452535078976, 0.11829457549443162, 0.12374359345197045, 0.12940613794023959, 0.13528649041799024, 0.1413886173765779, 0.147716131731653, 0.15427225360460317, 0.1610597708211172, 0.16808099949172803, 0.1753377450745984, 0.18283126435310562, 0.19056222878888296, 0.19853068973376461, 0.2067360460004544, 0.215177014300621, 0.2238516030595332, 0.23275709010742326, 0.24189000472882094, 0.2512461145216597, 0.2608204174778029, 0.2706071396458426, 0.2805997386759725, 0.2907909134761452, 0.3011726201296458, 0.3117360941380131, 0.3224718789616027, 0.33336986073492164, 0.34441930893733635, 0.3556089227041133, 0.36692688237036863, 0.37836090575369263, 0.3898983086022273, 0.40152606856586315, 0.4132308919907947, 0.4249992827934109, 0.43681761263950664, 0.4486721916397696, 0.46054933877267024, 0.47243545126106856, 0.4843170721584224, 0.4961809554434062, 0.5080141279766607, 0.5198039477386049, 0.531538157840867, 0.5432049358838685, 0.5547929383173106, 0.5662913395466251, 0.5776898656148177, 0.5889788223736043, 0.6001491181385995, 0.6111922808990132, 0.6221004702216079, 0.6328664840505506, 0.6434837606585586, 0.6539463760499349, 0.6642490371525359, 0.6743870711634742, 0.6843564114326738, 0.6941535802797383, 0.7037756691435205, 0.7132203164610224, 0.7224856836635604, 0.7315704296643475, 0.7404736841935904, 0.74919502031573, 0.7577344264393584, 0.7660922781043854, 0.7742693098039071, 0.7822665870705714, 0.7900854790295968, 0.7977276315934613, 0.8051949414470321, 0.8124895309468849, 0.8196137240350041, 0.8265700232451606, 0.8333610878601497, 0.8399897132598078, 0.8464588114833465, 0.8527713930150238, 0.8589305497894733, 0.8649394394020566, 0.8708012705003068, 0.8765192893247669, 0.8820967673612087, 0.8875369900611809, 0.8928432465839983, 0.8980188205104831, 0.9030669814769134, 0.9079909776765787, 0.9127940291760003, 0.9174793219931284, 0.9220500028855801, 0.9265091747981562, 0.9308598929203841, 0.9351051613066044, 0.9392479300130953, 0.9432910927088531, 0.9472374847188657, 0.9510898814609977, 0.9548509972399077, 0.9585234843637138, 0.9621099325513871, 0.9656128686010705, 0.9690347562916644, 0.9723779964920907, 0.9756449274546334, 0.9788378252706343, 0.9819589044686176, 0.9850103187366048, 0.9879941617519704, 0.9909124681036734, 0.993767214293095, 0.9965603198009985, 0.9992936482093328, 1.0019690083677097, 1.0045881555954095, 1.007152792910716, 1.0096645722802478, 1.0121250958817514, 1.0145359173745467, 1.016898543172484, 1.0192144337148732, 1.0214850047314072, 1.0237116284975876, 1.025895635077629, 1.0280383135522224, 1.030140913228909, 1.0322046448331503, 1.0342306816784859, 1.0362201608144332, 1.038174184151033, 1.040093819559153, 1.0419801019458632, 1.043834034304365, 1.0456565887381046, 1.047448707458845, 1.0492113037585813, 1.0509452629552987, 1.0526514433126515, 1.054330676933736, 1.0559837706291881, 1.0576115067599041, 1.05921464405473, 1.0607939184035124, 1.062350043625937, 1.0638837122166158, 1.0653955960669066, 1.0668863471639702, 1.0683565982675851, 1.0698069635652543, 1.071238039306148, 1.0726504044144252, 1.0740446210824917, 1.0754212353447408, 1.076780777632331, 1.078123763309547, 1.0794506931922856, 1.0807620540492064, 1.0820583190860746, 1.0833399484138182, 1.0846073895008135, 1.0858610776098998, 1.0871014362206195, 1.0883288774371613, 1.0895438023824835, 1.0907466015790717, 1.0919376553167828, 1.093117334008211, 1.0942859985320008, 1.0954440005645205, 1.0965916829002964, 1.0977293797616, 1.0988574170975638, 1.0999761128731949, 1.1010857773486378, 1.1021867133490366, 1.1032792165253242, 1.1043635756062637, 1.1054400726420546, 1.1065089832398018, 1.1075705767911446, 1.1086251166923204, 1.1096728605569426, 1.1107140604217471, 1.1117489629455692, 1.1127778096017884, 1.1138008368644823, 1.1148182763885137, 1.115830355183773, 1.116837295783784, 1.1178393164088825, 1.118836631124158, 1.119829449992352, 1.1208179792218944, 1.1218024213102524, 1.1227829751827625, 1.1237598363271075, 1.1247331969235959, 1.125703245971393, 1.1266701694108514, 1.1276341502420784, 1.1285953686398744, 1.1295540020651733, 1.130510225373108, 1.131464210917819, 1.1324161286541237, 1.1333661462361537, 1.1343144291130691, 1.1352611406219466, 1.1362064420779459, 1.137150492861841, 1.1380934505050122, 1.1390354707719808, 1.1399767077405725, 1.1409173138797857, 1.1418574401254449, 1.142797235953707, 1.1437368494524944, 1.1446764273909196, 1.1456161152867654, 1.1465560574720837, 1.1474963971569667, 1.148437276491552, 1.14937883662631, 1.150321217770667, 1.1512645592500113, 1.1522089995611278, 1.1531546764261076, 1.1541017268447686, 1.1550502871456325, 1.1560004930354926, 1.1569524796476058, 1.1579063815885473, 1.1588623329837533, 1.1598204675217874, 1.1607809184973523, 1.1617438188530784, 1.1627093012201093, 1.1636774979575082, 1.1646485411905079, 1.1656225628476211, 1.1665996946966293, 1.1675800683794673, 1.1685638154460178, 1.1695510673868283, 1.170541955664764, 1.1715366117456043, 1.1725351671275943, 1.173537753369958, 1.174544502120379, 1.1755555451414534, 1.1765710143361208, 1.1775910417720719, 1.1786157597051379, 1.1796453006016583, 1.1806797971598284, 1.1817193823300216, 1.182764189334085, 1.183814351683602, 1.1848700031971167, 1.1859312780163132, 1.1869983106211417, 1.1880712358438816, 1.189150188882132, 1.1902353053107184, 1.1913267210925036]]"
40.0,40.0,3,60,270,I0-S1,"[[0.01, 0.009218546420913139, 0.008861068736292907, 0.0087750579360058, 0.008868442281634675, 0.009085486360028747, 0.009392351571159946, 0.009768471543391501, 0.01020136726460912, 0.010683526275097156, 0.011210518742538306, 0.011779856322309544, 0.012390297687836971, 0.0130414231966625, 0.01373337217758094, 0.01446667886430832, 0.015242168490254424, 0.016060890339802666, 0.016924073720134, 0.017833098325702533, 0.01878947378230597, 0.019794825157562243, 0.02085088243529044, 0.021959472687674345, 0.023122514129828253, 0.024342011519625048, 0.025620052539305757, 0.026958804905309844, 0.028360514023558943, 0.02982750105397265, 0.03136216127932578, 0.03296696269518768, 0.034644444753008916, 0.03639721719954905, 0.038227958964100535, 0.04013941705120907, 0.042134405401378944, 0.04421580368595481, 0.04638655600524917, 0.04864966946121916, 0.05100821257772321, 0.05346531354270882, 0.05602415824767729, 0.0586879881005027, 0.061460097588204046, 0.06434383156662414, 0.06734258225419465, 0.07045978590709659, 0.07369891915318869, 0.07706349496209851, 0.0805570582288784, 0.08418318094864204, 0.08794545695964065, 0.0918474962323312, 0.09589291868215293, 0.10008534748398462, 0.1044284018666228, 0.10892568936612183, 0.11358079751749112, 0.11839728496507426, 0.12337867197296043, 0.1285284303180216, 0.13384997254965394, 0.13934664060204657, 0.14502175793296773, 0.1508792731722782, 0.1569241319621877, 0.16316194122781721, 0.16959871308146604, 0.17624070963803817, 0.1830943478593151, 0.19016613984678202, 0.19746265374155214, 0.2049904862735731, 0.2127562415555584, 0.2207665128615195, 0.22902786542260398, 0.23754681905123265, 0.2463298298722251, 0.25538327072014655, 0.2647134099302136, 0.27432638835099715, 0.28422819446823455, 0.29442463756688575, 0.3049213188831785, 0.31572360071585526, 0.32683657347985373, 0.33826502069845166, 0.3500133819428509, 0.3620857137420969, 0.37448564850163574, 0.3872163514860101, 0.4002804759403738, 0.4136801164467623, 0.42741676063442663, 0.44149123938902773, 0.45590367573302026, 0.47065343257906467, 0.48573905958962704, 0.5011582394088949, 0.5169077335675024, 0.5329833283960375, 0.5493797813195453, 0.5660907679418369, 0.5831088303648819, 0.6004253272243842, 0.6180303859571831, 0.6359128578487534, 0.6540602764390477, 0.6724588198914638, 0.6910932779520136, 0.7099470241429421, 0.7290019938462351, 0.7482386689367586, 0.7676360696213304, 0.7871717541279856, 0.806821826868281, 0.8265609556639832, 0.8463623985873017, 0.8661980409105031, 0.8860384425959733, 0.9058528966814609, 0.9256094988274597, 0.9452752281947864, 0.9648160397109933, 0.9841969676651867, 1.003382240443239, 1.0223354060807153, 1.0410194681707812, 1.0593970315208776, 1.077430456807222, 1.0950820233326446, 1.1123140988534277, 1.1290893153073758, 1.145370749151027, 1.161122104901438, 1.1763079003799806, 1.1908936520745776, 1.2048460589750511, 1.2181331831957305, 1.2307246256818347, 1.2425916953025749, 1.2537075696652102, 1.2640474460406628, 1.2735886808724657, 1.282310916446008, 1.2901961934228363, 1.2972290480933717, 1.3033965933684244, 1.3086885827125703, 1.3130974564176918, 1.3166183698193297, 1.3192492032683507, 1.320990553882075, 1.321845709308676, 1.3218206039427094, 1.3209237582245312, 1.3191662018388903, 1.3165613817951896, 1.313125056521286, 1.3088751772321165, 1.3038317579423175, 1.298016735577185, 1.2914538216982374, 1.2841683473981331, 1.2761871029351615, 1.2675381736707572, 1.2582507738457087, 1.2483550796834908, 1.23788206324432, 1.2268633283731762, 1.2153309499914238, 1.2033173178771426, 1.1908549859662514, 1.177976528087351, 1.164714400920261, 1.1511008148436526, 1.1371676132130921, 1.1229461604890243, 1.1084672395164505, 1.0937609581457326, 1.0788566652782727, 1.063782876322803, 1.0485672079583874, 1.0332363220195413, 1.0178158782474338, 1.002330495589081, 0.9868037216737298, 0.9712580100520721, 0.9557147047492041, 0.9401940316558952, 0.9247150962642753, 0.9092958872428442, 0.893953285341168, 0.8787030771160446, 0.8635599729776342, 0.8485376290653767, 0.833648672478775, 0.8189047294066816, 0.8043164557199576, 0.7898935696157066, 0.7756448859261842, 0.7615783517314626, 0.7477010829415375, 0.734019401540425, 0.7205388732115481, 0.7072643450900715, 0.6941999834135526, 0.6813493108671245, 0.6687152434432505, 0.6563001266587498, 0.6441057709931923, 0.6321334864328368, 0.6203841160229803, 0.6088580683488947, 0.5975553488814459, 0.5864755901380256, 0.5756180806226331, 0.5649817925208431, 0.5545654081360539, 0.5443673450628818, 0.5343857801019198, 0.5246186719273824, 0.5150637825254735, 0.5057186974267333, 0.49658084476019043, 0.48764751316095445, 0.47891586856599605, 0.4703829699353356, 0.4620457839377714, 0.45390119864167516, 0.4459460362523285, 0.438177064937818, 0.43059100978570186, 0.4231845629325472, 0.4159543929080646, 0.4088971532349638, 0.40200949032486627, 0.39528805070965933, 0.38872948764659865, 0.3823304671342835, 0.3760876733753624, 0.36999781372050305, 0.36405762312678924, 0.3582638681623123, 0.3526133505873125, 0.34710291054081344, 0.3417294293602864, 0.3364898320604953, 0.3313810894963045, 0.32640022023290005, 0.3215442921455731, 0.31681042376995244, 0.3121957854223527, 0.30769760010873126, 0.30331314423961253, 0.29903974816725837, 0.2948747965603248, 0.2908157286302579, 0.28686003822273876, 0.2830052737865935, 0.27924903823173564, 0.27558898868690257, 0.2720228361671901, 0.26854834516066917, 0.2651633331426935, 0.2618656700258692, 0.2586532775530585, 0.2555241286402286, 0.2524762466754259, 0.2495077047796648, 0.2466166250350555, 0.2438011776850636, 0.24105958031138977, 0.23839009699158104, 0.23579103744113405, 0.2332607561435231, 0.23079765147128178, 0.2284001648009839, 0.22606677962470656, 0.2237960206603151, 0.2215864529626829, 0.21943668103775085, 0.21734534796113686, 0.21531113450282752, 0.21333275825931877, 0.21140897279442009, 0.20953856678979607, 0.2077203632061906, 0.20595321845615966, 0.20423602158902923, 0.20256769348869572, 0.2009471860847933, 0.19937348157766976, 0.1978455916775343, 0.19636255685807238, 0.1949234456247572, 0.19352735379803016, 0.19217340381147013, 0.19086074402502282, 0.18958854805331818, 0.188356014109066, 0.18716236436148287, 0.18600684430967335, 0.18488872217085922, 0.18380728828332574, 0.18276185452393112, 0.1817517537400057, 0.18077633919544941, 0.17983498403082104, 0.1789270807371991, 0.17805204064358277, 0.1772092934175911, 0.17639828657921006, 0.17561848502733088, 0.17486937057881555, 0.17415044151982262, 0.1734612121691212, 0.17280121245311916, 0.17216998749232929, 0.17156709719899602, 0.1709921158856052, 0.17044463188399925, 0.16992424717482044, 0.16943057702700723, 0.16896324964706896, 0.16852190583786716, 0.16810619866663384, 0.16771579314195909, 0.16735036589948465, 0.1670096048960416, 0.16669320911197488, 0.16640088826140018, 0.16613236251014243, 0.16588736220110914, 0.165665627586855, 0.1654669085690989, 0.16529096444495758, 0.16513756365966456, 0.165006483565547, 0.1648975101870367, 0.16481043799149575, 0.16474506966564145, 0.16470121589735845, 0.16467869516269057, 0.16467733351780814, 0.16469696439575085, 0.16473742840774974, 0.1647985731489355, 0.1648802530082441, 0.16498232898233414, 0.16510466849333427, 0.16524714521024172, 0.16540963887379728, 0.16559203512466442, 0.16579422533474444, 0.16601610644146195, 0.16625758078485847, 0.1665185559473352, 0.16679894459588834, 0.1670986643266841, 0.1674176375118227, 0.16775579114814382, 0.16811305670792895, 0.1684893699913582, 0.1688846709805824]]","[[0.01, 0.011673645222856313, 0.01362924433757481, 0.01580189464359648, 0.018156395197925158, 0.02067530856068175, 0.023351834515935543, 0.02618560310895307, 0.02918017570076354, 0.032341565737304026, 0.03567736759695819, 0.039196248072355624, 0.04290765378555131, 0.0468216469290541, 0.050948817068217044, 0.05530023786577397, 0.05988745020749349, 0.06472246073834914, 0.06981774930771788, 0.07518628149420518, 0.08084152396789408, 0.08679746138778087, 0.09306861408639125, 0.09967005611823287, 0.10661743343703248, 0.11392698207420247, 0.12161554625078182, 0.12970059638688103, 0.13820024698810812, 0.14713327439446658, 0.1565191343778596, 0.16637797957198594, 0.17673067671444226, 0.1875988236760399, 0.19900476624713634, 0.21097161464540487, 0.22352325970403752, 0.23668438869394806, 0.25048050072812544, 0.26493792169088337, 0.2800838186293441, 0.2959462135390709, 0.3125539964703076, 0.3299369378757877, 0.3481257001155273, 0.36715184802841233, 0.38704785847473383, 0.40784712874811535, 0.4295839837495244, 0.4522936818102801, 0.4760124190451725, 0.5007773321110259, 0.5266264992402907, 0.5535989394135631, 0.581734609529359, 0.6110743994240295, 0.6416601245894715, 0.6735345164312809, 0.7067412099053076, 0.7413247283662363, 0.7773304654579204, 0.8148046638718085, 0.853794390797005, 0.8943475098833816, 0.9365127170402003, 0.9803402469528089, 1.0258824776368927, 1.0731938095115636, 1.1223305434892163, 1.1733508082336994, 1.2263145159870803, 1.281283334373533, 1.338320666373123, 1.3974916335508512, 1.4588630593746024, 1.5225034505112014, 1.5884829746257136, 1.6568734335907798, 1.727748231240408, 1.8011823349371021, 1.8772522302995982, 1.9560358684834318, 2.0376126054320287, 2.1220631325306534, 2.209469398104812, 2.2999145192121513, 2.3934826831848386, 2.490259038389574, 2.590329573685943, 2.693780986081807, 2.8007005361076627, 2.911175890461077, 3.0252949515081697, 3.143145673272205, 3.264815863590314, 3.3903929721786947, 3.5199638644148434, 3.6536145807228353, 3.791430081534797, 3.9334939778987197, 4.07988824790981, 4.230692939259733, 4.385985858325184, 4.545842246354084, 4.710334443453758, 4.879531541240179, 5.053499025169872, 5.232298407745266, 5.415986853958903, 5.6046168005203425, 5.798235570590101, 5.996884985925387, 6.200600978520526, 6.409413203998219, 6.623344659173389, 6.842411306366433, 7.066621707184103, 7.295976668610792, 7.530468904357391, 7.770082714495938, 8.014793686462694, 8.264568420537024, 8.519364282895763, 8.779129189299827, 9.043801422389805, 9.313309485448102, 9.587571995325922, 9.866497617033344, 10.149985042249925, 10.43792301373272, 10.730190397279646, 11.026656302551444, 11.327180253667889, 11.631612410077818, 11.939793837762226, 12.251556830370887, 12.566725279421552, 12.885115092213297, 13.206534655629067, 13.5307853435339, 13.857662065022295, 14.186953850337627, 14.518444470885717, 14.851913089400206, 15.187134935995354, 15.523882005567833, 15.861923771787541, 16.201027912752323, 16.54096104327521, 16.881489448727223, 17.22237981537426, 17.56339995222263, 17.904319499522405, 18.2449106192686, 18.58494866328286, 18.92421281474889, 19.262486699407354, 19.599558962984496, 19.935223811827267, 20.269281514138633, 20.601538859643806, 20.93180957596414, 21.259914700423376, 21.58568290645452, 21.90895078420894, 22.229563075385983, 22.547372862697497, 22.862241714751885, 23.174039787483625, 23.482645883563382, 23.78794747149892, 24.0898406663764, 24.388230174394597, 24.68302920351126, 24.974159342651234, 25.26155041202166, 25.54514028714188, 25.824874699226267, 26.100707014559717, 26.37259799548028, 26.64051554553391, 26.904434441295585, 27.164336053261742, 27.42020805811403, 27.672044144536443, 27.919843714639672, 28.163611582910715, 28.40335767446425, 28.639096724227976, 28.870847978548262, 29.098634900557357, 29.32248488050034, 29.542428952080503, 29.758501515746854, 29.970740069718236, 30.179184949415447, 30.38387907585684, 30.584867713464096, 30.782198237623938, 30.97591991225824, 31.16608367756971, 31.35274194805249, 31.535948420787307, 31.715757893977848, 31.892226095629827, 32.06540952222528, 32.23536528720248, 32.40215097901546, 32.56582452851667, 32.72644408538077, 32.88406790326699, 33.03875423340133, 33.19056122624768, 33.339546840928215, 33.48576876204819, 33.62928432357771, 33.770150439443064, 33.90842354048248, 34.04415951742531, 34.17741366955954, 34.30824065875969, 34.43669446855552, 34.562828367931395, 34.686694879556214, 34.808345752154494, 34.927831936740404, 35.045203566447924, 35.160509939702045, 35.27379950648755, 35.385119857483716, 35.49451771584487, 35.60203893141817, 35.70772847720134, 35.81163044785405, 35.91378806008729, 36.01424365476565, 36.11303870056715, 36.21021379905537, 36.305808691027394, 36.399862264010444, 36.49241256078832, 36.58349678884683, 36.67315133063542, 36.761411754549044, 36.848312826541715, 36.93388852228947, 37.01817203982673, 37.101195812585956, 37.182991522775886, 37.263590115038916, 37.343021810332985, 37.421316119987864, 37.49850185989003, 37.574607164754354, 37.64965950244442, 37.72368568830682, 37.79671189948808, 37.868763689205764, 37.93986600094815, 38.0100431825795, 38.07931900033023, 38.1477166526537, 38.21525878393324, 38.28196749802501, 38.34786437162404, 38.41297046744237, 38.477306347189824, 38.540892084349146, 38.603747276738616, 38.66589105885637, 38.72734211400167, 38.78811868616946, 38.848238591715166, 38.907719230787855, 38.96657759853024, 39.02483029604492, 39.08249354112671, 39.139583178761555, 39.19611469139287, 39.252103208956775, 39.30756351868778, 39.36251007469725, 39.41695700732681, 39.47091813227954, 39.52440695953171, 39.57743670202827, 39.630020284165354, 39.682170350063146, 39.73389927163286, 39.78521915644132, 39.83614185537704, 39.88667897012154, 39.93684186042986, 39.98664165122422, 40.03608923950467, 40.0851953010808, 40.133970297128485, 40.182424480575555, 40.23056790232043, 40.278410417287596, 40.32596169032383, 40.37323120193905, 40.42022825389559, 40.46696197464968, 40.51344132464886, 40.55967510148897, 40.60567194493434, 40.6514403418047, 40.69698863073233, 40.7423250067928, 40.7874575260127, 40.832394109757615, 40.877142549003516, 40.921710508494755, 40.96610553079165, 41.010335040210755, 41.0544063466606, 41.098326649375835, 41.14210304055254, 41.18574250888728, 41.229251943022724, 41.272638134902216, 41.31590778303584, 41.359067495680414, 41.40212379393568, 41.44508311475902, 41.48795181390093, 41.53073616876324, 41.57344238118238, 41.61607658013946, 41.658644824399275, 41.70115310508, 41.74360734815551, 41.786013416891905, 41.828377114220146, 41.870704185046215, 41.91300031850058, 41.95527115012829, 41.99752226402134, 42.039759194894614, 42.08198743010672, 42.12421241162718, 42.16643953795099, 42.20867416596206, 42.250921612746275, 42.29318715735571, 42.335476042524725, 42.377793476339065, 42.42014463385898, 42.46253465869718, 42.50496866455251, 42.54745173670021, 42.58998893343956, 42.632585287499516, 42.67524580740322, 42.71797547879192, 42.76077926570891, 42.80366211184418, 42.84662894174019, 42.88968466195934, 42.932834162213624, 42.976082316456804, 43.019433983939614, 43.06289401022828, 43.10646722818668, 43.150158458922526]]","[array([6.37688001e-05, 6.00799169e-05, 5.86665222e-05, 5.87302911e-05,
       5.97888126e-05, 6.15496297e-05, 6.38350291e-05, 6.65370616e-05,
       6.95904163e-05, 7.29560881e-05, 7.66115038e-05, 8.05445285e-05,
       8.47498087e-05, 8.92265236e-05, 9.39769899e-05, 9.90057848e-05,
       1.04319187e-04, 1.09924810e-04, 1.15831366e-04, 1.22048494e-04,
       1.28586651e-04, 1.35457024e-04, 1.42671475e-04, 1.50242490e-04,
       1.58183149e-04, 1.66507095e-04, 1.75228514e-04, 1.84362116e-04,
       1.93923127e-04, 2.03927266e-04, 2.14390747e-04, 2.25330262e-04,
       2.36762974e-04, 2.48706514e-04, 2.61178969e-04, 2.74198876e-04,
       2.87785213e-04, 3.01957395e-04, 3.16735260e-04, 3.32139060e-04,
       3.48189453e-04, 3.64907486e-04, 3.82314586e-04, 4.00432539e-04,
       4.19283479e-04, 4.38889864e-04, 4.59274458e-04, 4.80460305e-04,
       5.02470708e-04, 5.25329194e-04, 5.49059490e-04, 5.73685484e-04,
       5.99231192e-04, 6.25720719e-04, 6.53178210e-04, 6.81627813e-04,
       7.11093619e-04, 7.41599619e-04, 7.73169637e-04, 8.05827275e-04,
       8.39595846e-04, 8.74498304e-04, 9.10557170e-04, 9.47794541e-04,
       9.86234147e-04, 1.02590576e-03, 1.06684474e-03, 1.10908993e-03,
       1.15268229e-03, 1.19766414e-03, 1.24407861e-03, 1.29196930e-03,
       1.34138012e-03, 1.39235508e-03, 1.44493818e-03, 1.49917329e-03,
       1.55510403e-03, 1.61277368e-03, 1.67222501e-03, 1.73350016e-03,
       1.79664051e-03, 1.86168652e-03, 1.92867751e-03, 1.99765154e-03,
       2.06864518e-03, 2.14169328e-03, 2.21682878e-03, 2.29408244e-03,
       2.37348261e-03, 2.45505494e-03, 2.53882211e-03, 2.62480355e-03,
       2.71301510e-03, 2.80346873e-03, 2.89617220e-03, 2.99112872e-03,
       3.08833661e-03, 3.18778893e-03, 3.28947316e-03, 3.39337080e-03,
       3.49945705e-03, 3.60770042e-03, 3.71806237e-03, 3.83049700e-03,
       3.94495067e-03, 4.06136169e-03, 4.17966002e-03, 4.29976695e-03,
       4.42159489e-03, 4.54504707e-03, 4.67001738e-03, 4.79639020e-03,
       4.92404027e-03, 5.05283258e-03, 5.18262241e-03, 5.31325527e-03,
       5.44456708e-03, 5.57638423e-03, 5.70852384e-03, 5.84079403e-03,
       5.97299429e-03, 6.10491585e-03, 6.23634226e-03, 6.36704991e-03,
       6.49680870e-03, 6.62538278e-03, 6.75253133e-03, 6.87800943e-03,
       7.00156904e-03, 7.12295995e-03, 7.24193088e-03, 7.35823053e-03,
       7.47160883e-03, 7.58181802e-03, 7.68861394e-03, 7.79175724e-03,
       7.89101457e-03, 7.98615991e-03, 8.07697568e-03, 8.16325400e-03,
       8.24479781e-03, 8.32142198e-03, 8.39295434e-03, 8.45923667e-03,
       8.52012556e-03, 8.57549323e-03, 8.62522822e-03, 8.66923598e-03,
       8.70743938e-03, 8.73977904e-03, 8.76621360e-03, 8.78671984e-03,
       8.80129270e-03, 8.80994516e-03, 8.81270797e-03, 8.80962936e-03,
       8.80077454e-03, 8.78622517e-03, 8.76607864e-03, 8.74044740e-03,
       8.70945807e-03, 8.67325057e-03, 8.63197714e-03, 8.58580135e-03,
       8.53489703e-03, 8.47944718e-03, 8.41964291e-03, 8.35568226e-03,
       8.28776916e-03, 8.21611228e-03, 8.14092398e-03, 8.06241922e-03,
       7.98081457e-03, 7.89632720e-03, 7.80917394e-03, 7.71957042e-03,
       7.62773023e-03, 7.53386411e-03, 7.43817927e-03, 7.34087874e-03,
       7.24216074e-03, 7.14221821e-03, 7.04123827e-03, 6.93940188e-03,
       6.83688348e-03, 6.73385067e-03, 6.63046404e-03, 6.52687692e-03,
       6.42323531e-03, 6.31967779e-03, 6.21633546e-03, 6.11333196e-03,
       6.01078352e-03, 5.90879902e-03, 5.80748010e-03, 5.70692131e-03,
       5.60721024e-03, 5.50842772e-03, 5.41064801e-03, 5.31393900e-03,
       5.21836245e-03, 5.12397421e-03, 5.03082447e-03, 4.93895800e-03,
       4.84841441e-03, 4.75922839e-03, 4.67142996e-03, 4.58504473e-03,
       4.50009414e-03, 4.41659571e-03, 4.33456327e-03, 4.25400721e-03,
       4.17493468e-03, 4.09734984e-03, 4.02125405e-03, 3.94664609e-03,
       3.87352235e-03, 3.80187701e-03, 3.73170225e-03, 3.66298837e-03,
       3.59572402e-03, 3.52989630e-03, 3.46549094e-03, 3.40249241e-03,
       3.34088408e-03, 3.28064835e-03, 3.22176670e-03, 3.16421988e-03,
       3.10798797e-03, 3.05305048e-03, 2.99938644e-03, 2.94697447e-03,
       2.89579288e-03, 2.84581972e-03, 2.79703285e-03, 2.74941001e-03,
       2.70292887e-03, 2.65756705e-03, 2.61330223e-03, 2.57011214e-03,
       2.52797459e-03, 2.48686757e-03, 2.44676921e-03, 2.40765784e-03,
       2.36951203e-03, 2.33231059e-03, 2.29603257e-03, 2.26065734e-03,
       2.22616454e-03, 2.19253414e-03, 2.15974643e-03, 2.12778203e-03,
       2.09662190e-03, 2.06624735e-03, 2.03664004e-03, 2.00778201e-03,
       1.97965562e-03, 1.95224363e-03, 1.92552914e-03, 1.89949564e-03,
       1.87412696e-03, 1.84940729e-03, 1.82532121e-03, 1.80185363e-03,
       1.77898981e-03, 1.75671540e-03, 1.73501635e-03, 1.71387899e-03,
       1.69328998e-03, 1.67323629e-03, 1.65370524e-03, 1.63468449e-03,
       1.61616199e-03, 1.59812600e-03, 1.58056512e-03, 1.56346822e-03,
       1.54682448e-03, 1.53062336e-03, 1.51485462e-03, 1.49950828e-03,
       1.48457464e-03, 1.47004427e-03, 1.45590800e-03, 1.44215690e-03,
       1.42878230e-03, 1.41577578e-03, 1.40312914e-03, 1.39083442e-03,
       1.37888388e-03, 1.36727002e-03, 1.35598553e-03, 1.34502332e-03,
       1.33437650e-03, 1.32403839e-03, 1.31400250e-03, 1.30426253e-03,
       1.29481234e-03, 1.28564602e-03, 1.27675779e-03, 1.26814205e-03,
       1.25979339e-03, 1.25170654e-03, 1.24387638e-03, 1.23629798e-03,
       1.22896651e-03, 1.22187733e-03, 1.21502591e-03, 1.20840788e-03,
       1.20201899e-03, 1.19585513e-03, 1.18991231e-03, 1.18418666e-03,
       1.17867445e-03, 1.17337205e-03, 1.16827594e-03, 1.16338274e-03,
       1.15868914e-03, 1.15419197e-03, 1.14988814e-03, 1.14577466e-03,
       1.14184865e-03, 1.13810733e-03, 1.13454798e-03, 1.13116801e-03,
       1.12796489e-03, 1.12493618e-03, 1.12207953e-03, 1.11939267e-03,
       1.11687341e-03, 1.11451962e-03, 1.11232926e-03, 1.11030036e-03,
       1.10843103e-03, 1.10671942e-03, 1.10516378e-03, 1.10376240e-03,
       1.10251366e-03, 1.10141597e-03, 1.10046782e-03, 1.09966776e-03,
       1.09901438e-03, 1.09850635e-03, 1.09814238e-03, 1.09792123e-03,
       1.09784172e-03, 1.09790271e-03, 1.09810311e-03, 1.09844189e-03,
       1.09891805e-03, 1.09953065e-03, 1.10027877e-03, 1.10116156e-03,
       1.10217819e-03, 1.10332789e-03, 1.10460990e-03, 1.10602353e-03,
       1.10756810e-03, 1.10924298e-03, 1.11104757e-03, 1.11298131e-03,
       1.11504366e-03, 1.11723413e-03, 1.11955223e-03, 1.12199752e-03,
       1.12456960e-03])]","[[0, 6.376880005047202e-05, 0.00012384871691641303, 0.0001825152391581995, 0.0002412455302932593, 0.000301034342874104, 0.0003625839725915739, 0.00042641900170289784, 0.000492956063276738, 0.0005625464795378407, 0.0006355025676472698, 0.0007121140714297684, 0.0007926585999406322, 0.0008774084086335481, 0.0009666349322243144, 0.001060611922115991, 0.0011596177069412746, 0.0012639368934687398, 0.0013738617035736075, 0.0014896930693117573, 0.001611741563262029, 0.0017403282137719123, 0.00187578523769093, 0.0020184567124820396, 0.002168699202784525, 0.0023268823520669456, 0.002493389447051326, 0.0026686179605602896, 0.002852980077001277, 0.003046903203649193, 0.0032508304700917872, 0.0034652212175791753, 0.0036905514795177487, 0.003927314453934826, 0.0041760209683905395, 0.004437199937511578, 0.0047113988130560655, 0.004999184026181641, 0.005301141421373407, 0.005617876681289976, 0.005950015741600539, 0.0062982051947107, 0.006663112681107276, 0.007045427266890515, 0.007445859805904496, 0.007865143284721767, 0.00830403314858543, 0.008763307606260222, 0.00924376791159313, 0.009746238619433283, 0.01027156781341023, 0.010820627302919055, 0.011394312786510383, 0.01199354397873329, 0.01261926469733002, 0.013272442907533629, 0.013954070720073989, 0.014665164339354777, 0.0154067639581251, 0.016179933594835372, 0.016985760869739214, 0.01782535671568277, 0.01869985501941171, 0.019610412189125577, 0.020558206730057982, 0.021544440877416374, 0.022570346640901424, 0.023637191383993412, 0.02474628130929222, 0.025898963599887304, 0.027096627743578315, 0.028340706351344183, 0.029632675652768076, 0.030974055773435795, 0.0323664108524427, 0.03381134902986187, 0.03531052231696388, 0.03686562635167655, 0.038478400035537215, 0.040150625044596246, 0.0418841252043996, 0.04368076571772558, 0.04554245223282583, 0.04747112973931865, 0.049468781278484, 0.05153742645444925, 0.05367911973259701, 0.05589594851145773, 0.05819003095436603, 0.060563513567265206, 0.06301856850924746, 0.06555739062272901, 0.0681821941705921, 0.07089520926819333, 0.07369867799885423, 0.07659485020232902, 0.07958597892680061, 0.08267431553620185, 0.08586210446610833, 0.08915157762311234, 0.09254494842447555, 0.09604440547697912, 0.09965210589625036, 0.10337016827044798, 0.10720066527503574, 0.11114561594846221, 0.11520697764188804, 0.1193866376596497, 0.12368640461090534, 0.128107999496854, 0.13265304656202828, 0.1373230639424012, 0.14211945414738422, 0.14704349441718084, 0.15209632700135226, 0.15727894940879092, 0.16259220468352795, 0.16803677176485227, 0.17361315599402838, 0.179321679833388, 0.18516247386666815, 0.19113546815209265, 0.1972403840017742, 0.20347672626246868, 0.20984377617347574, 0.2163405848774784, 0.22296596765929053, 0.22971849898578262, 0.23659650841764018, 0.2435980774600479, 0.25072103741486823, 0.2579629682913974, 0.2653211988263497, 0.27279280765637515, 0.280374625678213, 0.2880632396225831, 0.29585499685822264, 0.30374601143217456, 0.31173217134166276, 0.3198091470217706, 0.3279724010218301, 0.3362171988320793, 0.3445386208109223, 0.352931575152196, 0.36139081182137384, 0.36991093737978775, 0.37848643060687553, 0.3871116588223105, 0.3957808948027738, 0.4044883341821988, 0.41322811321965114, 0.4219943268156701, 0.4307810466559495, 0.4395823393606891, 0.4483922845188101, 0.4572049924884724, 0.4660146218489046, 0.4748153963933924, 0.48360162155927483, 0.4923677001978533, 0.5011081475951089, 0.5098176056629047, 0.5184908562297713, 0.5271228333702932, 0.5357086347223587, 0.5442435317519695, 0.5527229789357596, 0.561142621841719, 0.5694983040987049, 0.5777860732550407, 0.5860021855357338, 0.5941431095164931, 0.6022055287407132, 0.6101863433128575, 0.6180826705081528, 0.6258918444441922, 0.6336114148648891, 0.6412391450912515, 0.6487730091966415, 0.6562111884665931, 0.6635520672048878, 0.6707942279485017, 0.6779364461542583, 0.6849776844196274, 0.6919170862991405, 0.698753969776422, 0.7054878204499129, 0.7121182844880658, 0.7186451614071667, 0.7250683967220538, 0.7313880745169214, 0.7376044099801579, 0.7437177419438356, 0.7497285254650831, 0.7556373244831741, 0.7614448045828006, 0.7671517258906876, 0.7727589361294891, 0.778267363849799, 0.7836780118581375, 0.7889919508559483, 0.7942103133019822, 0.7993342875079443, 0.8043651119749695, 0.8093040699763485, 0.8141524843899676, 0.8189117127821409, 0.823583142742907, 0.8281681874714171, 0.8326682816087669, 0.8370848773144998, 0.8414194405820296, 0.8456734477873986, 0.8498483824650711, 0.8539457323038778, 0.8579669863557472, 0.8619136324494817, 0.8657871548015547, 0.8695890318157006, 0.873320734062948, 0.8769837224336836, 0.8805794464533404, 0.8841093427533511, 0.8875748336891103, 0.8909773260968252, 0.8943182101813046, 0.8975988585269348, 0.9008206252243134, 0.9039848451052526, 0.9070928330791157, 0.9101458835637197, 0.9131452700043079, 0.9160922444743776, 0.918988037352425, 0.9218338570689548, 0.9246308899183792, 0.9273802999307065, 0.9300832287981953, 0.932740795852409, 0.9353540980873729, 0.9379242102247802, 0.9404521848174409, 0.9429390523874005, 0.9453858215953832, 0.9477934794384261, 0.9501629914727834, 0.9524953020593746, 0.9547913346292384, 0.9570519919666337, 0.9592781565076006, 0.9614706906519507, 0.9636304370868131, 0.9657582191200023, 0.9678548410216108, 0.9699210883723559, 0.9719577284173304, 0.9739655104239178, 0.9759451660427388, 0.9778974096705948, 0.9798229388144615, 0.981722434455679, 0.9835965614135576, 0.9854459687076972, 0.9872712899183851, 0.9890731435445032, 0.9908521333584331, 0.9926088487575053, 0.9943438651115867, 0.9960577441064516, 0.9977510340826219, 0.9994242703694027, 1.0010779756138806, 1.0027126601046779, 1.0043288220902977, 1.005926948091913, 1.0075075132104878, 1.0090709814281347, 1.0106178059036433, 1.012148429262127, 1.013663283878755, 1.0151627921565574, 1.0166473667983003, 1.018117411072443, 1.019573319073205, 1.0210154759747758, 1.0224442582797129, 1.0238600340615824, 1.025263163201905, 1.0266539976214717, 1.028032881506108, 1.0294001515269613, 1.0307561370553984, 1.032101160372599, 1.0334355368739363, 1.034759575268237, 1.0360735777720185, 1.0373778402987976, 1.0386726526435714, 1.0399582986625697, 1.0412350564483779, 1.0425031985005322, 1.0437629918916873, 1.0450146984294566, 1.0462585748140254, 1.0474948727916358, 1.0487238393040421, 1.0499457166340358, 1.051160742547134, 1.0523691504295285, 1.0535711694223882, 1.0547670245526095, 1.0559569368601038, 1.0571411235217114, 1.0583197979718313, 1.0594931700198513, 1.0606614459644648, 1.061824828704954, 1.0629835178495242, 1.0641377098207634, 1.0652875979583096, 1.0664333726187973, 1.067575221273158, 1.068713328601346, 1.0698478765845605, 1.07097904459503, 1.0721070094834269, 1.073231945663975, 1.074354025197314, 1.0754734178711793, 1.07659029127896, 1.0777048108961873, 1.078817140155013, 1.0799274405167294, 1.081035871542383, 1.0821425909615328, 1.0832477547392036, 1.084351517141077, 1.0854540307969691, 1.0865554467626406, 1.0876559145799753, 1.0887555823355757, 1.0898545967178093, 1.0909531030723463, 1.0920512454562255, 1.093149166690482, 1.0942470084113733, 1.0953449111202322, 1.0964430142319814, 1.0975414561223382, 1.098640374173738, 1.0997399048200038, 1.1008401835897883, 1.1019413451488127, 1.103043523340927, 1.104146851228014, 1.1052514611287572, 1.1063574846562967, 1.107465052754787, 1.1085742957348785, 1.109685343308141, 1.1107983246204394, 1.1119133682842846, 1.1130306024101675, 1.1141501546368915, 1.115272152160917, 1.1163967217647255]]"
40.0,40.0,3,60,270,I1-S1,"[[0.01, 0.009218546420913139, 0.008861068736292907, 0.0087750579360058, 0.008868442292914733, 0.009085486974661825, 0.009392357734511678, 0.009768502244494411, 0.010201471670068497, 0.010683805625290714, 0.01121115298877706, 0.011781134537960154, 0.012392651487614648, 0.013045462632095979, 0.01373992379259842, 0.014476825774221871, 0.015257292486690343, 0.016082716126844733, 0.016954715459256905, 0.017875108715576467, 0.018845895930291626, 0.019869247517761417, 0.020947497097393537, 0.022083137304600535, 0.02327881777250291, 0.02453734474572509, 0.02586168196044662, 0.027254952534573433, 0.028720441682806876, 0.0302616001181841, 0.03188204803323081, 0.03358557957562299, 0.03537616774852588, 0.03725796967663174, 0.03923533218665348, 0.04131279765648031, 0.04349511009090705, 0.045787221384172204, 0.04819429773072756, 0.05072172614588469, 0.053375121057363153, 0.05616033092738723, 0.059083444862905704, 0.062150799168786866, 0.0653689837955003, 0.06874484862886017, 0.0722855095648861, 0.07599835430774621, 0.0798910478230885, 0.08397153737284391, 0.08824805705079902, 0.09272913173089216, 0.09742358033228472, 0.10234051829680998, 0.10748935916541168, 0.11287981513067404, 0.11852189643253509, 0.12442590945379903, 0.13060245336116544, 0.137062415126227, 0.14381696274932496, 0.15087753649737978, 0.15825583795493853, 0.165963816675831, 0.1740137350776096, 0.1824189759693607, 0.1911944912737751, 0.20035632305377535, 0.2099212079386935, 0.21990631351340065, 0.23032906296796882, 0.24120701735667785, 0.25255779394235167, 0.2643990055770674, 0.27674821065356425, 0.2896228663947116, 0.30304028051855236, 0.3170175579017054, 0.33157153996420796, 0.3467187352581401, 0.36247524026427236, 0.37885664976016614, 0.3958779563733413, 0.4135534391128953, 0.43189654080999995, 0.45091973451181266, 0.470634378978654, 0.4910505635408208, 0.5121769426861522, 0.5340205608772509, 0.5565866682412406, 0.5798785279369749, 0.6038972161855167, 0.6286414161493746, 0.6541072070634898, 0.6802878502545606, 0.7071735739324339, 0.7347513588945911, 0.7630047275479879, 0.7919135389165377, 0.8214537925613747, 0.8515974445877975, 0.8823122391397752, 0.913561558981622, 0.9453042989278079, 0.9774947659963216, 1.0100826102187117, 1.0430127900311523, 1.0762255760861794, 1.1096565971554646, 1.14323693153259, 1.176893246985323, 1.2105479918454718, 1.2441196392596008, 1.277522985957211, 1.3106695061291755, 1.3434677601565894, 1.3758238570007433, 1.4076419680744419, 1.4388248893827706, 1.4692746476704175, 1.498893145268427, 1.5275828373236717, 1.5552474341486568, 1.581792620577272, 1.6071267834828848, 1.6311617380360834, 1.653813442874811, 1.6750026941499312, 1.6946557884096598, 1.7127051445060437, 1.7290898751484043, 1.7437562993880087, 1.7566583881836717, 1.767758136251086, 1.777025854614621, 1.7844403796286752, 1.789989195681505, 1.7936684702996035, 1.7954830018951884, 1.7954460819028832, 1.7935792744951389, 1.7899121184128233, 1.784481756665115, 1.77733250091367, 1.76851533823817, 1.758087388668223, 1.7461113223512676, 1.7326547455052699, 1.7177895643824879, 1.701591336356121, 1.6841386169499062, 1.665512311180541, 1.645795036996222, 1.6250705078957952, 1.6034229410274152, 1.5809364962188273, 1.5576947505084076, 1.5337802118505492, 1.5092738747824777, 1.4842548199812888, 1.4587998588263091, 1.4329832233261663, 1.4068763010826304, 1.380547414351719, 1.3540616417313807, 1.3274806805562398, 1.300862747713143, 1.2742625163042811, 1.2477310853735732, 1.2213159797715412, 1.1950611771579216, 1.1690071591228754, 1.1431909834396834, 1.1176463745368892, 1.092403829388754, 1.0674907361626067, 1.0429315031236541, 1.0187476954759684, 0.9949581780072139, 0.9715792615993087, 0.9486248518634302, 0.9261065983519204, 0.9040340429887637, 0.8824147665419407, 0.8612545321332638, 0.8405574249428281, 0.8203259874150535, 0.8005613494108127, 0.7812633528751353, 0.7624306707024056, 0.7440609195811307, 0.7261507666886243, 0.7086960301829117, 0.6916917735054783, 0.6751323935648748, 0.6590117029184546, 0.6433230061084351, 0.6280591703398528, 0.6132126907125971, 0.5987757502383295, 0.5847402748864339, 0.5710979839118804, 0.557840435722664, 0.5449590695458643, 0.5324452431499114, 0.5202902668768098, 0.5084854342323, 0.4970220492746133, 0.4858914510339351, 0.47508503518523615, 0.4645942731870166, 0.4544107290879546, 0.4445260741926502, 0.4349320997667671, 0.42562072795102446, 0.4165840210428005, 0.4078141892936522, 0.3993035973609112, 0.39104476954173467, 0.38303039390861043, 0.3752533254563691, 0.36770658836225745, 0.36038337745258797, 0.35327705896190337, 0.34638117066347623, 0.33968942144329756, 0.3331956903834812, 0.32689402541521173, 0.3207786415959717, 0.3148439190607866, 0.3090844006926007, 0.3034947895526247, 0.29806994610756044, 0.29280488528698156, 0.2876947734008254, 0.28273492494389335, 0.2779207993114655, 0.27324799744757683, 0.26871225844516866, 0.2643094561152014, 0.26003559553987565, 0.25588680962334825, 0.25185935565172807, 0.24794961187268727, 0.2441540741037091, 0.24046935237680497, 0.23689216762646204, 0.2334193484266138, 0.23004782778155702, 0.22677463997495442, 0.22359691748036123, 0.22051188793608445, 0.21751687118662125, 0.21460927639242167, 0.21178659920927387, 0.20904641903821428, 0.20638639634651273, 0.2038042700599742, 0.20129785502652406, 0.19886503955080564, 0.19650378299930937, 0.19421211347537093, 0.19198812556321918, 0.1898299781401194, 0.18773589225554235, 0.18570414907619287, 0.18373308789565, 0.18182110420730457, 0.1799666478392255, 0.1781682211495436, 0.17642437728090946, 0.1747337184725581, 0.17309489442849788, 0.17150660074033203, 0.16996757736322007, 0.16847660714348808, 0.16703251439640543, 0.1656341635326577, 0.1642804577320606, 0.1629703376630787, 0.16170278024673368, 0.16047679746351073, 0.15929143520189684, 0.15814577214721148, 0.1570389187094185, 0.15597001598863722, 0.15493823477710036, 0.15394277459633704, 0.15298286276839002, 0.15205775351990722, 0.15116672711797888, 0.15030908903662238, 0.14948416915284873, 0.1486913209712739, 0.14792992087627022, 0.14719936741068157, 0.14649908058015695, 0.1458285011821851, 0.14518709015894166, 0.14457432797308853, 0.143989714005692, 0.14343276597545299, 0.1429030193784689, 0.14240002694777198, 0.1419233581319132, 0.14147259859188538, 0.1410473497157021, 0.14064722814997163, 0.14027186534782715, 0.13992090713259567, 0.1395940132766083, 0.13929085709457537, 0.13901112505096752, 0.13875451638086436, 0.13852074272374848, 0.13830952776974098, 0.1381206069177911, 0.1379537269453483, 0.1378086456890612, 0.13768513173606203, 0.1375829641254102, 0.13750193205928213, 0.1374418346235076, 0.13740248051706602, 0.137383687790168, 0.13738528359055927, 0.13740710391769576, 0.13744899338444888, 0.13751080498601095, 0.13759239987568028, 0.13769364714721521, 0.13781442362345547, 0.13795461365091788, 0.138114108900082, 0.138292808171089, 0.13849061720458514, 0.13870744849744793, 0.13894322112314092, 0.13919786055644878, 0.13947129850235135, 0.13976347272880138, 0.14007432690317626, 0.14040381043217953, 0.14075187830497377, 0.14111849093933096, 0.1415036140305914, 0.14190721840322715, 0.14232927986480987, 0.14276977906218746, 0.14322870133967788, 0.14370603659909228, 0.14420177916140295, 0.14471592762987584, 0.1452484847544901, 0.14579945729747004, 0.1463688558997594, 0.1469566949482687, 0.14756299244373144, 0.14818776986900592, 0.1488310520576632, 0.14949286706270412, 0.15017324602525017, 0.15087222304305664, 0.15158983503869777, 0.15232612162727674]]","[[0.01, 0.011673645222856313, 0.01362924433757481, 0.01580189464359648, 0.018156395209609336, 0.02067530922208007, 0.02335184139108266, 0.026185638599564937, 0.02918030072220741, 0.032341912057816086, 0.03567818116842245, 0.03919794347504457, 0.042910879886476544, 0.04682736392082712, 0.05095838516309918, 0.055315518041676094, 0.05991091752557221, 0.06475733086912297, 0.06986811901181415, 0.07525728390459645, 0.08093949961351468, 0.08693014598491756, 0.09324534420551919, 0.09990199391125332, 0.10691781168423524, 0.11431137088260347, 0.1221021428064565, 0.13031053923402472, 0.13895795637713404, 0.14806682031068205, 0.15766063393119467, 0.16776402549681932, 0.17840279879661208, 0.18960398499137718, 0.20139589616196377, 0.21380818059396378, 0.22687187982021403, 0.24061948743435185, 0.25508500967982933, 0.27030402780916013, 0.2863137621976449, 0.3031531381842795, 0.3208628535998671, 0.3394854479284095, 0.3590653730325084, 0.3796490653566312, 0.40128501950355583, 0.4240238630589592, 0.44791843251681984, 0.4730238501339206, 0.49939760151512225, 0.5270996137020885, 0.5561923335066423, 0.5867408057957841, 0.6188127513984725, 0.6524786442644486, 0.6878117874625544, 0.7248883875600726, 0.763787626875525, 0.8045917330450635, 0.8473860452870543, 0.8922590766907217, 0.9393025717928345, 0.9886115586415221, 1.040284479532461, 1.0944241636420404, 1.1511386525462277, 1.2105410656723323, 1.2727494304598896, 1.337886560897794, 1.40607996876454, 1.4774617954102396, 1.5521687544171818, 1.6303420773048185, 1.7121274557879274, 1.7976749750826873, 1.8871390334777745, 1.9806782439148642, 2.078455313706238, 2.180636898795552, 2.2873934291713485, 2.398898902195427, 2.5153306407289713, 2.6368690130441803, 2.7636971116114, 2.8960003879630034, 3.033966240965562, 3.1777835559904215, 3.3276421926678106, 3.4837324191487427, 3.646244291089111, 3.815366973917797, 3.991288007360946, 4.174192511672457, 4.364262335570096, 4.5616751464999625, 4.766603464550729, 4.979213642112684, 5.199664792223073, 5.42810766945433, 5.664683508178818, 5.9095228240738535, 6.16274418580197, 6.424452964899258, 6.694740073011435, 6.973680696712896, 7.261333041205108, 7.557737095191809, 7.8629134301419175, 8.176862047947427, 8.4995612916327, 8.830966834243144, 9.171010761305482, 9.519600762281044, 9.876619446202739, 10.241923796174694, 10.61534477660548, 10.996687105931857, 11.385729206168264, 11.782223338893894, 12.185895935279046, 12.596448125479649, 13.013556470226483, 13.4368738947456, 13.866030822318814, 14.30063650188464, 14.740280521153391, 15.184534493831146, 15.632953906784005, 16.085080110393765, 16.54044243302326, 16.99856039848365, 17.458946023729133, 17.921106172739673, 18.384544941722048, 18.848766050383578, 19.313275214119336, 19.77758247249692, 20.241204450404943, 20.703666529622534, 21.164504910326734, 21.62326854413326, 22.0795209226069, 22.53284170771919, 22.982828193408576, 23.429096590146727, 23.8712831271707, 24.30904496974408, 24.742060951406128, 25.17003212360774, 25.592682127376015, 26.009757393662255, 26.421027180787306, 26.82628345888717, 27.22534065247322, 27.61803525315486, 28.004225315234713, 28.38378984729015, 28.756628113017136, 29.122658854554672, 29.48181945125412, 29.83406502643369, 30.179367514090416, 30.517714696857016, 30.849109225715402, 31.17356763113605, 31.49111933442699, 31.80180566716788, 32.105678905692294, 32.402801326681264, 32.69324428905647, 32.977087346523774, 33.2544173943256, 33.52532785302107, 33.78991789142984, 34.04829169025259, 34.30055774731943, 34.546828224916496, 34.78721833920046, 35.02184579132765, 35.25083023959677, 35.474292811628096, 35.69235565537431, 35.905141527574465, 36.112773418118955, 36.31537420868605, 36.51306636393525, 36.70597165349578, 36.894210902965845, 37.07790377213743, 37.25716855867759, 37.43212202552907, 37.60287925033706, 37.769553495262464, 37.93225609560365, 38.09109636571624, 38.2461815207915, 38.39761661312858, 38.545504481611026, 38.68994571317452, 38.83103861512791, 38.96887919726442, 39.10356116277224, 39.23517590702419, 39.36381252339403, 39.48955781531152, 39.61249631383069, 39.73271030004398, 39.85027983173051, 39.96528277367894, 40.07779483117424, 40.18788958618336, 40.29563853581767, 40.401111132689444, 40.504374826816544, 40.605495108763684, 40.704535553739674, 40.80155786639943, 40.896621926125775, 40.98978583259076, 41.081105951418415, 41.17063695979129, 41.25843189186192, 41.34454218384722, 41.42901771869925, 41.51190687025991, 41.59325654681967, 41.673112234012144, 41.75151803698642, 41.828516721808604, 41.90414975605239, 41.978457348545895, 42.05147848824894, 42.12325098224083, 42.19381149280416, 42.26319557359483, 42.33143770489296, 42.39857132793276, 42.46462887831299, 42.529641818492536, 42.59364066937788, 42.65665504101186, 42.718713662374554, 42.77984441030916, 42.84007433758683, 42.89942970012571, 42.95793598338053, 43.01561792791949, 43.07249955420643, 43.128604186606076, 43.183954476631264, 43.238572425450606, 43.29247940567585, 43.34569618244776, 43.39824293383977, 43.45013927059832, 43.50140425523879, 43.55205642051576, 43.602113787286136, 43.6515938817834, 43.700513752320965, 43.748889985442375, 43.79673872153561, 43.844075669928664, 43.89091612348285, 43.93727497270028, 43.983166719361286, 44.028605489707374, 44.07360504718475, 44.118178804763104, 44.16233983684407, 44.206100890773094, 44.2494743979684, 44.29247248467999, 44.33510698239157, 44.377389437877625, 44.41933112292759, 44.46094304374881, 44.502235950059436, 44.54322034388204, 44.58390648804863, 44.624304414427066, 44.66442393187875, 44.70427463395714, 44.74386590635618, 44.78320693411752, 44.822306708605204, 44.86117403425583, 44.89981753511247, 44.93824566114981, 44.97646669439804, 45.01448875487265, 45.052319806316994, 45.089967661764355, 45.127439988925886, 45.16474431541063, 45.20188803378357, 45.23887840646749, 45.275722570494196, 45.31242754211035, 45.34900022124316, 45.385447395830845, 45.42177574602259, 45.45799184825264, 45.49410217919294, 45.53011311958855, 45.566030957979905, 45.601861894315974, 45.63761204346193, 45.6732874386051, 45.70889403456266, 45.74443771099442, 45.77992427552393, 45.81535946677111, 45.85074895729922, 45.886098356479174, 45.92141321327395, 45.95669901894563, 45.99196120968771, 46.02720516918508, 46.062436231103995, 46.097659681514266, 46.13288076124587, 46.16810466818193, 46.203336559490154, 46.23858155379444, 46.273844733288655, 46.309131145794105, 46.34444580676244, 46.37979370122554, 46.41517978569383, 46.450608990004504, 46.48608621912091, 46.52161635488448, 46.55720425772032, 46.59285476829772, 46.62857270914651, 46.664362886230485, 46.70023009047865, 46.736179099275404, 46.77221467791038, 46.808341580988724, 46.844564553802684, 46.880888333665055, 46.91731765120521, 46.95385723162829, 46.99051179593806, 47.027286062123935, 47.064184746312634, 47.101212563884864, 47.138374230557346, 47.17567446343053, 47.213117982002224, 47.25070950914738, 47.288453772064216, 47.32635550318681, 47.36441944106419, 47.40265033120611, 47.44105292689537, 47.47963198996677, 47.51839229155259, 47.55733861279443, 47.596475745521424, 47.63580849289446, 47.67534167001636, 47.71508010450763]]","[array([6.37688001e-05, 6.00799169e-05, 5.86665222e-05, 5.87302911e-05,
       5.97888138e-05, 6.15496470e-05, 6.38351350e-05, 6.65374727e-05,
       6.95916203e-05, 7.29590064e-05, 7.66176820e-05, 8.05563497e-05,
       8.47707244e-05, 8.92613008e-05, 9.40319713e-05, 9.90891629e-05,
       1.04441291e-04, 1.10098411e-04, 1.16071991e-04, 1.22374766e-04,
       1.29020644e-04, 1.36024640e-04, 1.43402844e-04, 1.51172398e-04,
       1.59351486e-04, 1.67959343e-04, 1.77016256e-04, 1.86543584e-04,
       1.96563779e-04, 2.07100408e-04, 2.18178182e-04, 2.29822990e-04,
       2.42061929e-04, 2.54923342e-04, 2.68436856e-04, 2.82633423e-04,
       2.97545359e-04, 3.13206387e-04, 3.29651681e-04, 3.46917908e-04,
       3.65043276e-04, 3.84067571e-04, 4.04032208e-04, 4.24980272e-04,
       4.46956558e-04, 4.70007616e-04, 4.94181787e-04, 5.19529245e-04,
       5.46102028e-04, 5.73954070e-04, 6.03141234e-04, 6.33721330e-04,
       6.65754138e-04, 6.99301422e-04, 7.34426932e-04, 7.71196413e-04,
       8.09677586e-04, 8.49940140e-04, 8.92055699e-04, 9.36097782e-04,
       9.82141757e-04, 1.03026477e-03, 1.08054567e-03, 1.13306500e-03,
       1.18790762e-03, 1.24516815e-03, 1.30495016e-03, 1.36736311e-03,
       1.43252013e-03, 1.50053658e-03, 1.57152915e-03, 1.64561513e-03,
       1.72291198e-03, 1.80353697e-03, 1.88760685e-03, 1.97523751e-03,
       2.06654372e-03, 2.16163864e-03, 2.26063350e-03, 2.36363702e-03,
       2.47075490e-03, 2.58208914e-03, 2.69773739e-03, 2.81779213e-03,
       2.94233981e-03, 3.07145996e-03, 3.20522417e-03, 3.34369500e-03,
       3.48692489e-03, 3.63495492e-03, 3.78781359e-03, 3.94551546e-03,
       4.10805985e-03, 4.27542943e-03, 4.44758877e-03, 4.62448297e-03,
       4.80603617e-03, 4.99215017e-03, 5.18270301e-03, 5.37754766e-03,
       5.57651075e-03, 5.77939136e-03, 5.98595998e-03, 6.19595761e-03,
       6.40909498e-03, 6.62505196e-03, 6.84347725e-03, 7.06398828e-03,
       7.28617134e-03, 7.50958206e-03, 7.73374616e-03, 7.95816058e-03,
       8.18229490e-03, 8.40559317e-03, 8.62747610e-03, 8.84734354e-03,
       9.06457747e-03, 9.27854517e-03, 9.48860289e-03, 9.69409969e-03,
       9.89438163e-03, 1.00887962e-02, 1.02766968e-02, 1.04574478e-02,
       1.06304290e-02, 1.07950406e-02, 1.09507083e-02, 1.10968873e-02,
       1.12330678e-02, 1.13587784e-02, 1.14735905e-02, 1.15771221e-02,
       1.16690405e-02, 1.17490655e-02, 1.18169712e-02, 1.18725880e-02,
       1.19158037e-02, 1.19465637e-02, 1.19648714e-02, 1.19707870e-02,
       1.19644270e-02, 1.19459619e-02, 1.19156142e-02, 1.18736556e-02,
       1.18204041e-02, 1.17562204e-02, 1.16815041e-02, 1.15966898e-02,
       1.15022429e-02, 1.13986554e-02, 1.12864412e-02, 1.11661323e-02,
       1.10382741e-02, 1.09034214e-02, 1.07621342e-02, 1.06149742e-02,
       1.04625007e-02, 1.03052676e-02, 1.01438202e-02, 9.97869225e-03,
       9.81040354e-03, 9.63945774e-03, 9.46634039e-03, 9.29151729e-03,
       9.11543320e-03, 8.93851077e-03, 8.76114976e-03, 8.58372649e-03,
       8.40659356e-03, 8.23007969e-03, 8.05448987e-03, 7.88010561e-03,
       7.70718531e-03, 7.53596487e-03, 7.36665828e-03, 7.19945845e-03,
       7.03453794e-03, 6.87204992e-03, 6.71212908e-03, 6.55489259e-03,
       6.40044108e-03, 6.24885967e-03, 6.10021890e-03, 5.95457577e-03,
       5.81197467e-03, 5.67244838e-03, 5.53601889e-03, 5.40269838e-03,
       5.27249002e-03, 5.14538880e-03, 5.02138229e-03, 4.90045137e-03,
       4.78257095e-03, 4.66771057e-03, 4.55583507e-03, 4.44690508e-03,
       4.34087764e-03, 4.23770660e-03, 4.13734315e-03, 4.03973617e-03,
       3.94483266e-03, 3.85257809e-03, 3.76291669e-03, 3.67579175e-03,
       3.59114593e-03, 3.50892142e-03, 3.42906023e-03, 3.35150433e-03,
       3.27619585e-03, 3.20307723e-03, 3.13209135e-03, 3.06318166e-03,
       2.99629225e-03, 2.93136801e-03, 2.86835464e-03, 2.80719875e-03,
       2.74784791e-03, 2.69025069e-03, 2.63435673e-03, 2.58011674e-03,
       2.52748251e-03, 2.47640699e-03, 2.42684423e-03, 2.37874944e-03,
       2.33207896e-03, 2.28679028e-03, 2.24284203e-03, 2.20019397e-03,
       2.15880698e-03, 2.11864303e-03, 2.07966522e-03, 2.04183768e-03,
       2.00512565e-03, 1.96949536e-03, 1.93491410e-03, 1.90135012e-03,
       1.86877269e-03, 1.83715201e-03, 1.80645920e-03, 1.77666632e-03,
       1.74774629e-03, 1.71967292e-03, 1.69242083e-03, 1.66596548e-03,
       1.64028312e-03, 1.61535078e-03, 1.59114622e-03, 1.56764793e-03,
       1.54483514e-03, 1.52268774e-03, 1.50118627e-03, 1.48031194e-03,
       1.46004658e-03, 1.44037263e-03, 1.42127309e-03, 1.40273155e-03,
       1.38473216e-03, 1.36725956e-03, 1.35029895e-03, 1.33383600e-03,
       1.31785687e-03, 1.30234820e-03, 1.28729705e-03, 1.27269093e-03,
       1.25851779e-03, 1.24476597e-03, 1.23142420e-03, 1.21848159e-03,
       1.20592763e-03, 1.19375218e-03, 1.18194540e-03, 1.17049782e-03,
       1.15940028e-03, 1.14864393e-03, 1.13822023e-03, 1.12812092e-03,
       1.11833801e-03, 1.10886382e-03, 1.09969090e-03, 1.09081206e-03,
       1.08222036e-03, 1.07390910e-03, 1.06587180e-03, 1.05810222e-03,
       1.05059432e-03, 1.04334227e-03, 1.03634044e-03, 1.02958340e-03,
       1.02306592e-03, 1.01678292e-03, 1.01072953e-03, 1.00490103e-03,
       9.99292866e-04, 9.93900658e-04, 9.88720171e-04, 9.83747320e-04,
       9.78978169e-04, 9.74408920e-04, 9.70035913e-04, 9.65855619e-04,
       9.61864638e-04, 9.58059694e-04, 9.54437632e-04, 9.50995412e-04,
       9.47730109e-04, 9.44638907e-04, 9.41719096e-04, 9.38968070e-04,
       9.36383323e-04, 9.33962446e-04, 9.31703124e-04, 9.29603135e-04,
       9.27660345e-04, 9.25872706e-04, 9.24238256e-04, 9.22755110e-04,
       9.21421468e-04, 9.20235603e-04, 9.19195864e-04, 9.18300672e-04,
       9.17548520e-04, 9.16937969e-04, 9.16467646e-04, 9.16136245e-04,
       9.15942520e-04, 9.15885291e-04, 9.15963433e-04, 9.16175883e-04,
       9.16521633e-04, 9.16999729e-04, 9.17609274e-04, 9.18349419e-04,
       9.19219370e-04, 9.20218379e-04, 9.21345748e-04, 9.22600826e-04,
       9.23983008e-04, 9.25491730e-04, 9.27126477e-04, 9.28886771e-04,
       9.30772178e-04, 9.32782302e-04, 9.34916788e-04, 9.37175316e-04,
       9.39557605e-04, 9.42063408e-04, 9.44692515e-04, 9.47444746e-04,
       9.50319958e-04, 9.53318036e-04, 9.56438899e-04, 9.59682494e-04,
       9.63048797e-04, 9.66537813e-04, 9.70149573e-04, 9.73884137e-04,
       9.77741587e-04, 9.81722031e-04, 9.85825601e-04, 9.90052452e-04,
       9.94402759e-04, 9.98876721e-04, 1.00347455e-03, 1.00819650e-03,
       1.01304280e-03])]","[[0, 6.376880005047202e-05, 0.00012384871691641303, 0.0001825152391581995, 0.00024124553030375578, 0.0003010343440887855, 0.0003625839910797657, 0.0004264191261057279, 0.0004929565987568549, 0.0005625482190266329, 0.0006355072254453348, 0.0007121249074567381, 0.0007926812571132961, 0.0008774519815254842, 0.0009667132823506692, 0.0010607452537001098, 0.0011598344165943345, 0.0012642757075916426, 0.0013743741182482402, 0.0014904461088057137, 0.0016128208748889105, 0.0017418415186274327, 0.0018778661586526147, 0.0020212690027702025, 0.0021724414003047358, 0.0023317928866721654, 0.00249975222976649, 0.0026767684857000335, 0.002863312069982524, 0.003059875849155791, 0.00326697625708997, 0.0034851544395115923, 0.00371497742982042, 0.003957039358824555, 0.0042119627006574085, 0.004480399556817751, 0.004763032979981998, 0.005060578338965704, 0.005373784725950695, 0.005703436406838323, 0.006050354315331993, 0.0064153975910881105, 0.006799465161998995, 0.007203497370379806, 0.007628477642519688, 0.008075434200721323, 0.008545441816588823, 0.00903962360392761, 0.009559152849187826, 0.010105254876911083, 0.01067920894712528, 0.011282350181070034, 0.011916071511022275, 0.012581825649324002, 0.01328112707098859, 0.01401555400347466, 0.014786750416364135, 0.01559642800276035, 0.016446368143230118, 0.0173384238420477, 0.018274521624356607, 0.019256663381645243, 0.02028692815163366, 0.021367473817290674, 0.022500538817009128, 0.023688446433056617, 0.024933614578505268, 0.026238564743339143, 0.027605927857693405, 0.02903844798401021, 0.0305389845661447, 0.03211051371567693, 0.033756128843502084, 0.03547904082409743, 0.037282577795697755, 0.03917018464124613, 0.041145422154785005, 0.04321196587047167, 0.045373604512780004, 0.04763423801395875, 0.04999787503654744, 0.0524686299333834, 0.05505071907417221, 0.05774845646574766, 0.06056624859224416, 0.06350858840132963, 0.06658004836329631, 0.06978527253115847, 0.07312896753199115, 0.07661589242263618, 0.08025084734669796, 0.08403866093456684, 0.08798417639416702, 0.09209223624735281, 0.09636766567549628, 0.10081525444793253, 0.10543973741865706, 0.11024577359008035, 0.11523792375779444, 0.1204206267672154, 0.12579817443162195, 0.13137468518145604, 0.13715407653668044, 0.14314003651734122, 0.14933599413204227, 0.15574508910952145, 0.16237014106458175, 0.16921361831586124, 0.1762776065988504, 0.1835637779426484, 0.19107336000260025, 0.19880710616254077, 0.206765266739221, 0.21494756163692055, 0.22335315481157206, 0.2319806309102731, 0.24082797445321782, 0.24989255192028856, 0.2591710970933459, 0.2686596999873018, 0.2783537996781461, 0.2882481813041875, 0.29833697747799504, 0.3086136743012193, 0.3190711221231569, 0.32970155112731825, 0.3404965917692807, 0.35144730002483987, 0.3625441873411448, 0.3737772551164703, 0.38513603346797964, 0.3966096239827337, 0.40818674608678246, 0.41985578661184414, 0.43160485209015487, 0.44342182326672624, 0.4552944112854718, 0.4672102149822187, 0.47915677870403495, 0.49112165007084024, 0.5030924371019182, 0.5150568641464447, 0.527002826082963, 0.5389184402871188, 0.5507920959089586, 0.5626125000495729, 0.5743687204805837, 0.5860502246076055, 0.5976469144389833, 0.6091491573824742, 0.6205478127537636, 0.6318342539405806, 0.6430003862235524, 0.6540386603088558, 0.6649420816773358, 0.6757042158994142, 0.6863191901043088, 0.6967816908254998, 0.7070869584718594, 0.7172307786953817, 0.7272094709421514, 0.7370198744833086, 0.7466593322276428, 0.7561256726175165, 0.7654171899055502, 0.7745326231014199, 0.7834711338667728, 0.7922322836222011, 0.8008160101139744, 0.8092226036703295, 0.81745268335805, 0.8255071732302817, 0.833387278836434, 0.8410944641449707, 0.848630429010206, 0.8559970872951642, 0.8631965457443329, 0.8702310836829307, 0.877103133603233, 0.8838152626836472, 0.8903701552726611, 0.8967705963575235, 0.9030194560265553, 0.9091196749243038, 0.9150742506903119, 0.9208862253650072, 0.9265586737400628, 0.9320946926254732, 0.9374973910014293, 0.9427698810197999, 0.9479152698175372, 0.9529366521025437, 0.9578371034713881, 0.9626196744176507, 0.967287384989563, 0.9718432200558796, 0.9762901251395597, 0.980631002779744, 0.9848687093836669, 0.9890060525314784, 0.9930457886984306, 0.9969906213604671, 1.0008431994509184, 1.0046061161377022, 1.0082819078921603, 1.0118730538223797, 1.0153819752455557, 1.0188110354756286, 1.0221625398040497, 1.0254387356531174, 1.0286418128828316, 1.0317739042336718, 1.0348370858890843, 1.0378333781427744, 1.0407647461571377, 1.0436331008003292, 1.0464402995505686, 1.0491881474572933, 1.051878398149737, 1.0545127548843907, 1.0570928716236319, 1.0596203541385698, 1.0620967611298617, 1.0645236053608997, 1.066902354798373, 1.0692344337557518, 1.0715212240357503, 1.0737640660682775, 1.075964260040811, 1.0781230670185105, 1.0802417100517305, 1.0823213752689171, 1.0843632129531515, 1.086368338600865, 1.0883378339614858, 1.0902727480569878, 1.092174098180496, 1.0940428708732808, 1.0958800228796215, 1.0976864820791525, 1.0994631483964334, 1.1012108946875843, 1.1029305676039278, 1.104622988432661, 1.1062889539146534, 1.107929237039533, 1.109544587818279, 1.111135734033586, 1.1127033819683074, 1.1142482171123258, 1.1157709048482163, 1.1172720911161107, 1.118752403058176, 1.1202124496431465, 1.1216528222713598, 1.1230740953607545, 1.1244768269143008, 1.1258615590693313, 1.1272288186292512, 1.1285791175781008, 1.1299129535784458, 1.1312308104530666, 1.1325331586509155, 1.133820455697804, 1.135093146632279, 1.136351664427136, 1.1375964303970154, 1.1388278545925123, 1.140046336181232, 1.1412522638162044, 1.1424460159920653, 1.1436279613894071, 1.1447984592076836, 1.1459578594870512, 1.1471065034195125, 1.1482447236497246, 1.1493728445658207, 1.1504911825805821, 1.1516000464032932, 1.1526997373025971, 1.153790549360664, 1.15487276971897, 1.1559466788159805, 1.1570125506170195, 1.1580706528365965, 1.1591212471534573, 1.1601645894186121, 1.1612009298565904, 1.1622305132601594, 1.1632535791787382, 1.1642703621007309, 1.1652810916299916, 1.1662859926566331, 1.1672852855223768, 1.1682791861806392, 1.1692679063515417, 1.1702516536720227, 1.171230631841229, 1.1722050407613507, 1.1731750766740623, 1.1741409322927288, 1.175102796930523, 1.1760608566246005, 1.1770152942564716, 1.1779662896687053, 1.1789140197780938, 1.1798586586854025, 1.1808003777818248, 1.1817393458522583, 1.1826757291755134, 1.1836096916215602, 1.1845413947459174, 1.1854709978812823, 1.1863986582264974, 1.1873245309329443, 1.1882487691884527, 1.1891715242988108, 1.190092945766957, 1.1910131813699316, 1.191932377233663, 1.1928506779056607, 1.1937682264256848, 1.1946851643944572, 1.195601632040479, 1.1965177682850157, 1.197433710805306, 1.1983495960960546, 1.1992655595292574, 1.2001817354124154, 1.2010982570451825, 1.2020152567744975, 1.2029328660482415, 1.2038512154674665, 1.2047704348372354, 1.2056906532161102, 1.2066119989643282, 1.2075345997906997, 1.2084585827982608, 1.2093840745287145, 1.2103112010056873, 1.2112400877768321, 1.2121708599548036, 1.2131036422571304, 1.21403855904501, 1.2149757343610452, 1.215915291965947, 1.21685735537422, 1.2178020478888494, 1.2187494926350082, 1.2196998125927965, 1.22065313062903, 1.221609569528089, 1.2225692520218394, 1.2235323008186363, 1.2244988386314213, 1.2254689882049177, 1.2264428723419332, 1.2274206139287749, 1.2284023359597824, 1.2293881615609807, 1.230378214012855, 1.2313726167722525, 1.232371493493407, 1.2333749680480883, 1.2343831645448742, 1.2353962073475415]]"
40.0,40.0,3,60,360,I0-S0,"[[0.01, 0.009218546420913139, 0.008861068736292907, 0.0087750579360058, 0.00886843421220745, 0.009085368433207909, 0.009391802802440764, 0.009766868836298266, 0.010197735132863824, 0.010676507583962635, 0.011198359203800438, 0.011760397937883001, 0.01236097785525611, 0.012999277197716859, 0.013675037475130509, 0.014388400137051364, 0.015139802700455052, 0.01592991139252499, 0.016759576460742165, 0.017629801754723066, 0.018541723457910712, 0.019496594817072978, 0.020495774906648417, 0.02154072018604831, 0.022632978048098485, 0.02377418182776845, 0.024966046909163944, 0.026210367675590655, 0.027509015116426033, 0.028863934950064406, 0.030277146153086916, 0.031750739807371545, 0.03328687819235354, 0.03488779406108422, 0.03655579004737666, 0.038293238157974724, 0.04010257930886199, 0.041986322868891854, 0.0439470461771136, 0.0459873940026661, 0.04811007791804059, 0.05031787555797646, 0.052613629737327174, 0.05500024740198124, 0.0574806983873983, 0.06005801395956783, 0.06273528511325646, 0.0655156606023129, 0.06840234467657834, 0.07139859449963175, 0.07450771722121019, 0.07773306667770699, 0.08107803969369098, 0.0845460719569279, 0.08814063343894539, 0.09186522333278714, 0.09572336447927318, 0.09971859725284647, 0.10385447287796358, 0.10813454614700795, 0.1125623675108913, 0.11714147451389322, 0.12187538254489799, 0.12676757487805268, 0.1318216595448413, 0.1370430622469105, 0.14243995933425427, 0.14802230242700742, 0.15380103509978085, 0.1597875867515571, 0.16599354875011246, 0.17243047069561449, 0.17910973558009852, 0.18604248627841585, 0.19323958481286024, 0.20071159183373719, 0.2084687577940428, 0.21652102003483703, 0.2248780018697253, 0.23354901104378403, 0.24254303583060666, 0.251868737645674, 0.26153443947950905, 0.2715481097480219, 0.2819173413602538, 0.2926493259434753, 0.3037508232621198, 0.31522812593439126, 0.32708701959862085, 0.3393327387177201, 0.3519699182395165, 0.3650025413569923, 0.3784338836380356, 0.39226645382102304, 0.40650193160154086, 0.42114110276754285, 0.4361837920756023, 0.4516287942997353, 0.4674738039264201, 0.4837153440145845, 0.500348694786986, 0.5173678225689198, 0.5347653097407695, 0.5525322864216355, 0.5706583646510961, 0.5891315758839037, 0.6079383126568176, 0.6270632753264587, 0.6464894248105882, 0.6661979422910512, 0.6861681968532382, 0.7063777220427652, 0.7268022023136164, 0.7474154703217911, 0.7681895159832037, 0.78909450816301, 0.8100988297947079, 0.8311691271405565, 0.8522703737996644, 0.873365949946471, 0.8944177371406083, 0.915386228890098, 0.9362306569747291, 0.9569091333470502, 0.9773788072269033, 0.9975960367945585, 1.0175165746704609, 1.0370957661499667, 1.056288758943204, 1.0750507229575732, 1.0933370784578766, 1.1111037307511438, 1.1283073093744238, 1.1449054096184867, 1.1608568341025907, 1.1761218320288664, 1.1906623336925795, 1.204442177808972, 1.2174273292403064, 1.22958608476895, 1.2408892646638519, 1.251310387927605, 1.260825829287571, 1.2694149562044998, 1.2770602444120835, 1.283747370766558, 1.2894652824718025, 1.2942062420468694, 1.2979658477136065, 1.3007430291959485, 1.3025400192334635, 1.3033623014138513, 1.3032185352166836, 1.3021204594284879, 1.300082775332726, 1.2971230112933074, 1.293261370533848, 1.2885205640645816, 1.2829256308231438, 1.2765037471737293, 1.2692840279515596, 1.2612973212471559, 1.252575999099245, 1.2431537462085658, 1.2330653487001835, 1.222346484852424, 1.211033519579752, 1.1991633043085852, 1.1867729837229917, 1.1738998106852851, 1.1605809704584233, 1.1468534151763583, 1.1327537093283633, 1.1183178868468342, 1.1035813202177638, 1.0885786018712567, 1.0733434379579803, 1.0579085544777669, 1.0423056155998587, 1.02656515390119, 1.0107165121500996, 0.9947877961779995, 0.9788058383106695, 0.9627961707735571, 0.9467830084411483, 0.9307892402683697, 0.9148364287211883, 0.8989448165131195, 0.8831333399531983, 0.867419648218037, 0.8518201278748321, 0.8363499320025172, 0.8210230132836894, 0.805852160469487, 0.7908490376523558, 0.7760242258167861, 0.7613872661748579, 0.7469467048311259, 0.732710138359396, 0.7186842599117734, 0.7048749055175476, 0.6912871002656409, 0.6779251040991829, 0.6647924569840377, 0.6518920232446037, 0.6392260348898193, 0.6267961337799111, 0.6146034125100153, 0.6026484539103235, 0.5909313690839038, 0.57945183392285, 0.5682091240609803, 0.5572021482370132, 0.5464294800560981, 0.5358893881498427, 0.5255798647456921, 0.5154986526657603, 0.5056432707831165, 0.49601103797018975, 0.4865990955794862, 0.47740442850131615, 0.4684238848468038, 0.45965419430720045, 0.45109198524252686, 0.44273380055392275, 0.43457611239485927, 0.4266153357766451, 0.4188478411234991, 0.4112699658319345, 0.40387802488835534, 0.39666832059765883, 0.38963715147431305, 0.38278082034588, 0.37609564171731386, 0.36957794844261876, 0.36322409774862696, 0.35703047665378246, 0.35099350682290725, 0.3451096488970092, 0.33937540633527535, 0.33378732880449685, 0.32834201514930494, 0.32303611597476684, 0.31786633587110946, 0.31282943530860663, 0.3079222322289949, 0.3031416033581708, 0.2984844852633743, 0.2939478751765816, 0.28952883160441445, 0.2852244747435228, 0.28103198671911644, 0.2769486116631018, 0.2729716556471289, 0.26909848648476187, 0.26532653341595935, 0.2616532866860795, 0.25807629703071466, 0.25459317507680157, 0.25120159066965, 0.24789927213477875, 0.24468400548274283, 0.2415536335644751, 0.23850605518405144, 0.23553922417521267, 0.23265114844744184, 0.2298398890068969, 0.22710355895703518, 0.22444032248333642, 0.2218483938261299, 0.2193260362451625, 0.21687156097919985, 0.21448332620363592, 0.21215973598879198, 0.2098992392613153, 0.20770032877083663, 0.20556154006381577, 0.20348145046629065, 0.20145867807705087, 0.19949188077257585, 0.19757975522491347, 0.195721035933523, 0.19391449427196777, 0.19215893755021612, 0.19045320809319283, 0.18879618233611806, 0.1871867699370737, 0.18562391290714975, 0.18410658475844316, 0.18263378967011018, 0.18120456167260662, 0.17981796385019225, 0.1784730875617218, 0.1771690516796976, 0.1759050018475152, 0.17468010975479564, 0.1734935724306633, 0.17234461155479813, 0.17123247278606413, 0.17015642510849188, 0.16911576019437316, 0.16810979178420649, 0.16713785508321785, 0.16619930617416667, 0.165293521446137, 0.16441989703900287, 0.16357784830325095, 0.16276680927483553, 0.1619862321647375, 0.16123558686289474, 0.16051436045616913, 0.1598220567600139, 0.15915819586350458, 0.15852231368739705, 0.15791396155487752, 0.15733270577467046, 0.15677812723617338, 0.15624982101628945, 0.15574739599763285, 0.15527047449778467, 0.1548186919092817, 0.1543916963500243, 0.15398914832379382, 0.15361072039057538, 0.15325609684638616, 0.15292497341231384, 0.15261705693247613, 0.1523320650806162, 0.15206972607505495, 0.15182977840172576, 0.15161197054502246, 0.15141606072619734, 0.15124181664905037, 0.15108901525265606, 0.15095744247088025, 0.1508468929984434, 0.15075717006329223, 0.1506880852050468, 0.15063945805929446, 0.15061111614750725, 0.15060289467236396, 0.1506146363182624, 0.15064619105681232, 0.15069741595710326, 0.15076817500054648, 0.15085833890009395, 0.15096778492364127, 0.15109639672142575, 0.15124406415723457, 0.1514106831432416, 0.15159615547829486, 0.15180038868948095, 0.1520232958767952, 0.1522647955607502, 0.15252481153275854, 0.1528032727081285, 0.15310011298151482, 0.15341527108466912, 0.15374869044633793, 0.15410031905415866, 0.1544701093184069, 0.15485801793745052, 0.15526400576476931, 0.15568803767740078, 0.15613008244567528, 0.1565901126041064]]","[[0.01, 0.011673645222856313, 0.01362924433757481, 0.01580189464359648, 0.018156386708837603, 0.020675178163470552, 0.023351197567544474, 0.026183653064918145, 0.029175549291367113, 0.03233221914760232, 0.03566046077997552, 0.03916803526366235, 0.04286337878157928, 0.046755441993421985, 0.05085360454468884, 0.055167633745250605, 0.05970766903637384, 0.0644842213738694, 0.06950818112632007, 0.07479083074432946, 0.08034386003116817, 0.08617938277447829, 0.09230995404409358, 0.09874858777845265, 0.10550877446447303, 0.11260449881846141, 0.12005025743155394, 0.12786107637182392, 0.1360525287480974, 0.1446407522444703, 0.15364246663349518, 0.1630749912723012, 0.1729562625808385, 0.18330485149573245, 0.1941399808872863, 0.20548154292117704, 0.21735011634043994, 0.22976698363744985, 0.2427541480797782, 0.2563343505480038, 0.27053108613775506, 0.28536862047242595, 0.3008720056671078, 0.3170670958782852, 0.3339805623677346, 0.3516399080028186, 0.37007348110897126, 0.3893104885836139, 0.409381008174016, 0.43031599981472773, 0.4521473159131551, 0.47490771046464564, 0.4986308468711036, 0.5233513043296907, 0.5491045826506059, 0.5759271053553162, 0.6038562208989589, 0.6329302018530022, 0.6631882418766949, 0.6946704502983911, 0.7274178441206045, 0.7614723372556674, 0.7968767267922552, 0.8336746760868565, 0.871910870673955, 0.9116329219351408, 0.9528929517805261, 0.9957472042380222, 1.0402556101761808, 1.0864814660677928, 1.1344911901337742, 1.1843541319691564, 1.2361424196109287, 1.28993083296139, 1.345796695647244, 1.403819779452903, 1.4640822168308987, 1.5266684179173011, 1.591664989122753, 1.6591606508280479, 1.7292461520488653, 1.802014180186838, 1.8775592641793706, 1.9559776695158497, 2.037367283714981, 2.121827490965513, 2.2094590347268492, 2.3003638671719413, 2.39464498443623, 2.492406246716574, 2.5937521823457703, 2.6987877750537845, 2.8076182337183386, 2.920348744006772, 3.037084201419819, 3.1579289253674583, 3.2829863540385165, 3.412358719970232, 3.546146706382206, 3.684449084511612, 3.8273623323734243, 3.974980235570622, 4.127393470994477, 4.284689174483354, 4.446950493748775, 4.614256128128307, 4.786679856984166, 4.964290058831829, 5.147149223551643, 5.335313460305054, 5.528832004042016, 5.727746723743155, 5.932091635785004, 6.141892426044189, 6.357165984561806, 6.577919956767248, 6.804152315405997, 7.035850957423268, 7.272993330119739, 7.5155460909120935, 7.763464804995496, 8.016693685113527, 8.275165377490575, 8.538800797769984, 8.807509020527267, 9.08118722559138, 9.3597207040095, 9.642982926034563, 9.930835673003699, 10.223129234414849, 10.519702670904662, 10.820384143191049, 11.12499130637725, 11.43333176833084, 11.745203610161374, 12.060395966135468, 12.378689659699718, 12.699857891641365, 13.023666975815594, 13.349877117317474, 13.678243227486032, 14.008515769706765, 14.340441629634745, 14.673765003199657, 15.008228295581178, 15.343573024260788, 15.679540719265487, 16.015873813818907, 16.352316518803278, 16.68861567470727, 17.02452157508341, 17.359788755957858, 17.69417674611513, 18.027450773712204, 18.359382425249404, 18.68975025352903, 19.018340331856017, 19.344946752367072, 19.669372067005572, 19.99142767027877, 20.310934123533155, 20.627721421054133, 20.941629198831368, 21.252506887324497, 21.560213810011188, 21.864619229896785, 22.165602346510088, 22.46305224620136, 22.75686780879689, 23.04695757384957, 23.33323956985916, 23.615641109921064, 23.894098557302147, 24.168557064439362, 24.43897028881593, 24.705300089094717, 24.967516204783227, 25.22559592257404, 25.479523732352515, 25.729290975694504, 25.974895489494607, 26.21634124717372, 26.453637999717085, 26.686800918593395, 26.915850242405053, 27.14081092892138, 27.36171231395309, 27.578587778338996, 27.791474424136478, 28.00041276093688, 28.20544640306637, 28.406621778283075, 28.603987848442014, 28.79759584247198, 28.987499001891646, 29.173752338986922, 29.356412407677066, 29.53553708701279, 29.711185377175855, 29.88341720778495, 30.052293258257404, 30.217874789929038, 30.38022348959533, 30.539401324104865, 30.695470405610546, 30.848492867064426, 30.998530747527777, 31.14564588685854, 31.28989982933313, 31.431353735758105, 31.57006830362896, 31.706103694898072, 31.839519470920692, 31.970374534157106, 32.09872707621975, 32.224634531866315, 32.348153538552964, 32.46933990117618, 32.58824856164608, 32.70493357294966, 32.819448077377345, 32.93184428860224, 33.042173477316695, 33.15048596014609, 33.256831091575265, 33.36125725863744, 33.46381187813026, 33.564541396137486, 33.663491289648555, 33.760706070081206, 33.856229288525114, 33.95010354253646, 34.04237048432485, 34.133070830185005, 34.22224437103618, 34.30992998394195, 34.39616564449259, 34.480988439941044, 34.56443458299175, 34.64653942614968, 34.72733747654399, 34.80686241114805, 34.88514709232377, 34.96222358362429, 35.038123165795064, 35.11287635291826, 35.18651290865063, 35.25906186250948, 35.330551526165905, 35.40100950970781, 35.47046273783982, 35.538937465989754, 35.606459296295064, 35.67305319344529, 35.73874350035936, 35.80355395367906, 35.86750769906222, 35.93062730626146, 35.99293478397585, 36.05445159446527, 36.11519866791814, 36.1751964165653, 36.23446474853371, 36.29302308143528, 36.35089035568686, 36.408085047558764, 36.46462518195003, 36.52052834488928, 36.57581169576108, 36.63049197925825, 36.68458553706107, 36.7381083192451, 36.79107589541966, 36.84350346559944, 36.895405870812226, 36.94679760344596, 36.99769281733859, 37.04810533761461, 37.098048670272185, 37.14753601152516, 37.1965802569042, 37.2451940101216, 37.29338959170437, 37.34117904740018, 37.388574156361024, 37.435586439109215, 37.482227165290716, 37.52850736122045, 37.57443781722453, 37.62002909478413, 37.665291533485885, 37.710235257783495, 37.75487018357525, 37.79920602460219, 37.84325229867149, 37.88701833370958, 37.930513273649574, 37.973746084157305, 38.01672555820043, 38.05946032146472, 38.10195883762191, 38.14422941345297, 38.18628020383105, 38.22811921656784, 38.26975431712729, 38.3111932332104, 38.35244355921479, 38.39351276057253, 38.43440817796983, 38.47513703145195, 38.51570642441659, 38.556123347499046, 38.59639468235223, 38.63652720532467, 38.6765275910393, 38.71640241587619, 38.75615816136168, 38.79580121746692, 38.835337885818284, 38.87477438282229, 38.914116842707465, 38.95337132048557, 38.992543794834525, 39.031640170905234, 39.07066628305459, 39.109627897506634, 39.148530714943995, 39.18738037303159, 39.226182448874376, 39.264942461411174, 39.30366587374611, 39.342358095419584, 39.38102448462029, 39.41967035033992, 39.458300954472044, 39.49692151385669, 39.535537202272, 39.57415315237431, 39.61277445758794, 39.65140617394603, 39.69005332188351, 39.72872088798343, 39.76741382667767, 39.80613706190315, 39.84489548871451, 39.88369397485421, 39.922537362280906, 39.961430468657085, 40.00037808879666, 40.03938499607332, 40.07845594379046, 40.11759566651321, 40.156808881363375, 40.19610028927782, 40.235474576230835, 40.274936414421084, 40.314490463423596, 40.35414137130723, 40.393893775718084, 40.43375230492918, 40.47372157885681, 40.513806210043825, 40.55401080461017, 40.5943399631709, 40.634798281721885, 40.67539035249336]]","[array([6.37688001e-05, 6.00799169e-05, 5.86665222e-05, 5.87302802e-05,
       5.97884996e-05, 6.15476632e-05, 6.38282978e-05, 6.65202579e-05,
       6.95557768e-05, 7.28932471e-05, 7.65074221e-05, 8.03834701e-05,
       8.45133473e-05, 8.88935656e-05, 9.35238062e-05, 9.84060449e-05,
       1.03543991e-04, 1.08942719e-04, 1.14608424e-04, 1.20548249e-04,
       1.26770166e-04, 1.33282888e-04, 1.40095804e-04, 1.47218930e-04,
       1.54662872e-04, 1.62438793e-04, 1.70558394e-04, 1.79033894e-04,
       1.87878017e-04, 1.97103979e-04, 2.06725480e-04, 2.16756699e-04,
       2.27212287e-04, 2.38107361e-04, 2.49457505e-04, 2.61278760e-04,
       2.73587630e-04, 2.86401068e-04, 2.99736484e-04, 3.13611732e-04,
       3.28045109e-04, 3.43055351e-04, 3.58661625e-04, 3.74883520e-04,
       3.91741041e-04, 4.09254596e-04, 4.27444987e-04, 4.46333390e-04,
       4.65941346e-04, 4.86290737e-04, 5.07403769e-04, 5.29302945e-04,
       5.52011044e-04, 5.75551087e-04, 5.99946307e-04, 6.25220114e-04,
       6.51396057e-04, 6.78497777e-04, 7.06548965e-04, 7.35573311e-04,
       7.65594445e-04, 7.96635883e-04, 8.28720960e-04, 8.61872985e-04,
       8.96120742e-04, 9.31509942e-04, 9.68101542e-04, 1.00596554e-03,
       1.04517673e-03, 1.08581200e-03, 1.12794857e-03, 1.17166293e-03,
       1.21703020e-03, 1.26412374e-03, 1.31301498e-03, 1.36377328e-03,
       1.41646594e-03, 1.47115817e-03, 1.52791305e-03, 1.58679160e-03,
       1.64785263e-03, 1.71115278e-03, 1.77674637e-03, 1.84468526e-03,
       1.91501877e-03, 1.98779341e-03, 2.06305272e-03, 2.14083698e-03,
       2.22118294e-03, 2.30412354e-03, 2.38968752e-03, 2.47789913e-03,
       2.56877767e-03, 2.66233713e-03, 2.75858579e-03, 2.85752570e-03,
       2.95915230e-03, 3.06345394e-03, 3.17041138e-03, 3.27999733e-03,
       3.39217598e-03, 3.50690255e-03, 3.62412277e-03, 3.74377249e-03,
       3.86577722e-03, 3.99005174e-03, 4.11649972e-03, 4.24501338e-03,
       4.37547323e-03, 4.50774777e-03, 4.64169336e-03, 4.77715407e-03,
       4.91396162e-03, 5.05193540e-03, 5.19088260e-03, 5.33059836e-03,
       5.47086610e-03, 5.61145782e-03, 5.75213467e-03, 5.89264745e-03,
       6.03273736e-03, 6.17213673e-03, 6.31056997e-03, 6.44775452e-03,
       6.58340196e-03, 6.71721923e-03, 6.84890988e-03, 6.97817543e-03,
       7.10471682e-03, 7.22823587e-03, 7.34843688e-03, 7.46502817e-03,
       7.57772368e-03, 7.68624461e-03, 7.79032099e-03, 7.88969330e-03,
       7.98411397e-03, 8.07334890e-03, 8.15717886e-03, 8.23540079e-03,
       8.30782906e-03, 8.37429659e-03, 8.43465576e-03, 8.48877933e-03,
       8.53656110e-03, 8.57791645e-03, 8.61278273e-03, 8.64111946e-03,
       8.66290843e-03, 8.67815352e-03, 8.68688049e-03, 8.68913653e-03,
       8.68498970e-03, 8.67452820e-03, 8.65785954e-03, 8.63510959e-03,
       8.60642148e-03, 8.57195449e-03, 8.53188278e-03, 8.48639409e-03,
       8.43568842e-03, 8.37997662e-03, 8.31947900e-03, 8.25442390e-03,
       8.18504633e-03, 8.11158654e-03, 8.03428870e-03, 7.95339956e-03,
       7.86916722e-03, 7.78183990e-03, 7.69166481e-03, 7.59888710e-03,
       7.50374882e-03, 7.40648808e-03, 7.30733815e-03, 7.20652674e-03,
       7.10427536e-03, 7.00079867e-03, 6.89630403e-03, 6.79099105e-03,
       6.68505126e-03, 6.57866780e-03, 6.47201523e-03, 6.36525938e-03,
       6.25855726e-03, 6.15205705e-03, 6.04589809e-03, 5.94021097e-03,
       5.83511762e-03, 5.73073149e-03, 5.62715769e-03, 5.52449322e-03,
       5.42282719e-03, 5.32224110e-03, 5.22280906e-03, 5.12459814e-03,
       5.02766859e-03, 4.93207420e-03, 4.83786257e-03, 4.74507545e-03,
       4.65374901e-03, 4.56391418e-03, 4.47559693e-03, 4.38881858e-03,
       4.30359610e-03, 4.21994238e-03, 4.13786651e-03, 4.05737405e-03,
       3.97846731e-03, 3.90114553e-03, 3.82540522e-03, 3.75124031e-03,
       3.67864237e-03, 3.60760088e-03, 3.53810335e-03, 3.47013555e-03,
       3.40368168e-03, 3.33872450e-03, 3.27524555e-03, 3.21322523e-03,
       3.15264298e-03, 3.09347738e-03, 3.03570628e-03, 2.97930691e-03,
       2.92425598e-03, 2.87052977e-03, 2.81810422e-03, 2.76695503e-03,
       2.71705770e-03, 2.66838760e-03, 2.62092008e-03, 2.57463047e-03,
       2.52949414e-03, 2.48548660e-03, 2.44258347e-03, 2.40076056e-03,
       2.35999390e-03, 2.32025977e-03, 2.28153469e-03, 2.24379553e-03,
       2.20701944e-03, 2.17118391e-03, 2.13626679e-03, 2.10224630e-03,
       2.06910104e-03, 2.03680999e-03, 2.00535252e-03, 1.97470841e-03,
       1.94485785e-03, 1.91578143e-03, 1.88746016e-03, 1.85987546e-03,
       1.83300917e-03, 1.80684353e-03, 1.78136120e-03, 1.75654525e-03,
       1.73237914e-03, 1.70884674e-03, 1.68593233e-03, 1.66362057e-03,
       1.64189650e-03, 1.62074556e-03, 1.60015354e-03, 1.58010663e-03,
       1.56059137e-03, 1.54159464e-03, 1.52310371e-03, 1.50510616e-03,
       1.48758993e-03, 1.47054326e-03, 1.45395474e-03, 1.43781327e-03,
       1.42210806e-03, 1.40682862e-03, 1.39196476e-03, 1.37750656e-03,
       1.36344441e-03, 1.34976896e-03, 1.33647113e-03, 1.32354210e-03,
       1.31097331e-03, 1.29875645e-03, 1.28688344e-03, 1.27534645e-03,
       1.26413788e-03, 1.25325035e-03, 1.24267670e-03, 1.23240998e-03,
       1.22244345e-03, 1.21277056e-03, 1.20338499e-03, 1.19428057e-03,
       1.18545135e-03, 1.17689153e-03, 1.16859551e-03, 1.16055785e-03,
       1.15277328e-03, 1.14523670e-03, 1.13794314e-03, 1.13088782e-03,
       1.12406608e-03, 1.11747343e-03, 1.11110550e-03, 1.10495806e-03,
       1.09902703e-03, 1.09330843e-03, 1.08779845e-03, 1.08249336e-03,
       1.07738958e-03, 1.07248362e-03, 1.06777212e-03, 1.06325184e-03,
       1.05891961e-03, 1.05477241e-03, 1.05080729e-03, 1.04702140e-03,
       1.04341201e-03, 1.03997645e-03, 1.03671217e-03, 1.03361669e-03,
       1.03068762e-03, 1.02792266e-03, 1.02531958e-03, 1.02287625e-03,
       1.02059059e-03, 1.01846062e-03, 1.01648441e-03, 1.01466013e-03,
       1.01298598e-03, 1.01146026e-03, 1.01008134e-03, 1.00884762e-03,
       1.00775759e-03, 1.00680979e-03, 1.00600283e-03, 1.00533536e-03,
       1.00480610e-03, 1.00441383e-03, 1.00415736e-03, 1.00403557e-03,
       1.00404739e-03, 1.00419179e-03, 1.00446780e-03, 1.00487449e-03,
       1.00541097e-03, 1.00607640e-03, 1.00686999e-03, 1.00779098e-03,
       1.00883866e-03, 1.01001235e-03, 1.01131142e-03, 1.01273526e-03,
       1.01428333e-03, 1.01595509e-03, 1.01775005e-03, 1.01966776e-03,
       1.02170779e-03, 1.02386974e-03, 1.02615326e-03, 1.02855802e-03,
       1.03108370e-03, 1.03373005e-03, 1.03649680e-03, 1.03938373e-03,
       1.04239067e-03])]","[[0, 6.376880005047202e-05, 0.00012384871691641303, 0.0001825152391581995, 0.00024124551939299106, 0.00030103401896786086, 0.00036258168221048597, 0.0004264099799641527, 0.0004929302378832022, 0.0005624860146399916, 0.0006353792617188331, 0.0007118866837864763, 0.0007922701539304714, 0.0008767835011871455, 0.0009656770667417742, 0.0010592008729402393, 0.0011576069178160715, 0.0012611509086063474, 0.0013700936276773473, 0.0014847020516780872, 0.001605250300604089, 0.001732020466426111, 0.0018653033542193537, 0.0020053991582442677, 0.002152618088737, 0.0023072809607972184, 0.00246971975382831, 0.0026402781479541093, 0.0028193120423810726, 0.0030071900595949556, 0.00320429403845216, 0.0034110195185695995, 0.0036277762178827237, 0.0038549885047960554, 0.004093095865971676, 0.004342553370472785, 0.004603832130690334, 0.004877419760222284, 0.005163820828640637, 0.005463557312865913, 0.005777169044667906, 0.006105214153622062, 0.006448269504669625, 0.0068069311292546465, 0.007181814648839903, 0.007573555689435084, 0.00798281028560298, 0.008410255272241582, 0.008856588662271106, 0.009322530008184308, 0.00980882074524532, 0.010316224513946455, 0.010845527459153572, 0.011397538503188639, 0.011973089589913253, 0.012573035896689063, 0.013198256010900921, 0.013849652067536508, 0.014528149844122885, 0.015234698809126831, 0.015970272119732808, 0.016735866564721407, 0.0175325024479833, 0.018361223408020873, 0.019223096392963986, 0.02011921713475922, 0.021050727076526533, 0.02201882861846791, 0.023024794157828564, 0.02406997089133079, 0.025155782893082113, 0.02628373146165043, 0.027455394390411166, 0.028672424589168154, 0.029936548333360614, 0.031249563314783527, 0.03261333659835989, 0.03402980254240166, 0.03550096070787086, 0.03702887376063024, 0.03861566535631843, 0.0402635179880822, 0.04197467077142499, 0.04375141713682672, 0.04559610239882411, 0.04751112116940359, 0.04949891458349948, 0.051561967304871455, 0.05370280428149636, 0.05592398722074948, 0.05822811075600662, 0.06061779827783878, 0.06309569740468321, 0.06566447506975973, 0.06832681220307217, 0.07108539798960821, 0.07394292368734844, 0.0769020759914415, 0.07996552993391653, 0.08313594131161112, 0.0864159386386088, 0.08980811462342085, 0.09331501717542098, 0.09693913994965506, 0.10068291244409559, 0.10454868966868583, 0.1085387414111, 0.11265524113000966, 0.1169002545127547, 0.12127572774062348, 0.12578347551139687, 0.13042516887533484, 0.13520232294730883, 0.14011628456421818, 0.14516821996308066, 0.15035910256114912, 0.1556897009249686, 0.16116056702033021, 0.1667720248394825, 0.17252415950560063, 0.17841680695726983, 0.1844495443174917, 0.1906216810523597, 0.19693225102397233, 0.20338000554026922, 0.20996340750121623, 0.21668062673607905, 0.2235295366203792, 0.2305077120535194, 0.23761242886902015, 0.24484066473887753, 0.25218910162181574, 0.25965412979228125, 0.2672318534730482, 0.27491809807944895, 0.282708419067704, 0.2905981123638218, 0.29858222633330894, 0.3066555752357218, 0.31481275409216947, 0.3230481548784982, 0.33135598394231586, 0.33973028052849796, 0.3481649362855884, 0.3566537156147816, 0.3651902767141358, 0.3737681931634723, 0.3823809758901827, 0.3910220953529785, 0.39968500377951477, 0.4083631572948037, 0.4170500377803637, 0.4257391743090504, 0.43442416400736905, 0.44309869220562775, 0.45175655174638213, 0.46039166133304305, 0.46899808281305144, 0.4775700373034394, 0.4861019200806501, 0.4945883141709503, 0.5030240025923888, 0.5114039792138212, 0.5197234582108032, 0.5279778821119739, 0.5361629284427105, 0.5442745149852034, 0.5523088036855265, 0.5602622032486725, 0.5681313704717995, 0.575913210374045, 0.583604875188174, 0.5912037622850334, 0.5987075111062994, 0.6061139991843678, 0.6134213373304793, 0.6206278640733828, 0.6277321394310718, 0.6347329380974712, 0.6416292421245013, 0.6484202331777791, 0.655105284441447, 0.6616839522443222, 0.6681559674758397, 0.6745212268562051, 0.680779784120857, 0.6869318411748542, 0.6929777392682042, 0.6989179502385264, 0.7047530678628268, 0.7104837993556241, 0.7161109570462479, 0.7216354502638522, 0.7270582774546099, 0.7323805185516695, 0.7376033276148084, 0.7427279257533037, 0.7477555943423806, 0.7526876685406868, 0.7575255311135886, 0.762270606564671, 0.7669243555756722, 0.7714882697531462, 0.7759638666784625, 0.7803526852562577, 0.7846562813551841, 0.7888762237337102, 0.7930140902428183, 0.7970714642966958, 0.8010499316019268, 0.8049510771352232, 0.8087764823594046, 0.8125277226671082, 0.8162063650415843, 0.8198139659238934, 0.8233520692758599, 0.8268222048282386, 0.8302258865037154, 0.8335646110045682, 0.8368398565550691, 0.8400530817889872, 0.843205724772868, 0.8462992021560902, 0.849334908439053, 0.8523142153512031, 0.8552384713309754, 0.858109001100093, 0.8609271053250379, 0.8636940603588726, 0.8664111180569566, 0.8690795056604528, 0.8717004257418733, 0.8742750562072452, 0.8768045503498093, 0.8792900369504812, 0.8817326204206049, 0.8841333809828252, 0.8864933748861844, 0.8888136346518106, 0.8910951693458278, 0.8933389648763496, 0.8955459843116549, 0.8977171682168562, 0.8998534350065751, 0.9019556813113356, 0.9040247823555645, 0.9060615923452576, 0.9080669448635345, 0.910041653272449, 0.9119865111195677, 0.9139022925479547, 0.9157897527083271, 0.9176496281722576, 0.9194826373454057, 0.9212894808798586, 0.9230708420847547, 0.9248273873344441, 0.9265597664735246, 0.9282686132181559, 0.9299545455531317, 0.931618166124242, 0.9332600626255196, 0.9348808081810179, 0.93648096172081, 0.9380610683509505, 0.939621659717176, 0.9411632543621582, 0.942686358076161, 0.9441914642409791, 0.9456790541670668, 0.9471495974237885, 0.9486035521627494, 0.9500413654341812, 0.951463473496379, 0.952870302118204, 0.954262266874677, 0.9556397734357068, 0.9570032178480067, 0.9583529868102617, 0.9596894579416241, 0.9610130000436162, 0.9623239733555329, 0.9636227298034373, 0.9649096132428546, 0.9661849596952666, 0.9674490975785203, 0.9687023479312618, 0.9699450246315127, 0.971177434609507, 0.9723998780549078, 0.9736126486185249, 0.9748160336086554, 0.9760103141821678, 0.9771957655304525, 0.978372657060361, 0.9795412525702522, 0.9807018104212685, 0.9818545837039594, 0.9829998204003713, 0.9841377635417184, 0.9852686513617525, 0.9863927174459403, 0.9875101908765654, 0.98862129637386, 0.989726254433275, 0.9908252814589957, 0.9919185898938045, 0.9930063883453928, 0.9940888817092213, 0.9951662712880256, 0.9962387549080611, 0.9973065270321809, 0.9983697788698354, 0.9994286984840831, 1.0004834708956976, 1.0015342781844534, 1.0025812995876737, 1.0036247115961185, 1.0046646880472878, 1.0057014002162192, 1.0067350169038471, 1.0077657045229995, 1.008793627182095, 1.0098189467666125, 1.0108418230183929, 1.0118624136128374, 1.0128808742340631, 1.0138973586480746, 1.014912018774006, 1.0159250047534898, 1.0169364650182078, 1.01794654635567, 1.0189553939732767, 1.019963151560706, 1.0209699613506773, 1.021975964178134, 1.0229812995378864, 1.023986105640758, 1.0249905194682742, 1.0259946768259334, 1.0269987123950926, 1.0280027597835086, 1.0290069515745655, 1.03001141937522, 1.0310162938626983, 1.0320217048299751, 1.033027781230057, 1.0340346512191063, 1.0350424421984248, 1.0360512808553248, 1.0370612932029113, 1.038072604618796, 1.0390853398827664, 1.0400996232134285, 1.0411155783038442, 1.042133328356179, 1.043152996115377, 1.044174703901883, 1.0451985736434202, 1.046224726905843, 1.0472532849230736, 1.0482843686261378, 1.0493180986713075, 1.0503545954673619, 1.0513939792019775, 1.0524363698672514]]"
40.0,40.0,3,60,360,I1-S0,"[[0.01, 0.009218546420913139, 0.008861068736292907, 0.0087750579360058, 0.008868434223488092, 0.009085369047827488, 0.009391808964294075, 0.009766899519039656, 0.010197839425174673, 0.010676786460078769, 0.011198991905784189, 0.011761671943936179, 0.01236332160701808, 0.013003294993579093, 0.013681546154715162, 0.014398467364608909, 0.015154786798042635, 0.015951502780565126, 0.01678984083983106, 0.01767122521481997, 0.01859725973526321, 0.01956971494046707, 0.020590519486847057, 0.021661754608673825, 0.022785650832980085, 0.02396458641850635, 0.025201087156427465, 0.026497827277146464, 0.02785763127647259, 0.029283476520309697, 0.030778496518182263, 0.03234598477773703, 0.03398939916796407, 0.03571236673024606, 0.03751868888469747, 0.03941234698537721, 0.04139750818235663, 0.04347853155163629, 0.04565997445575894, 0.04794659909882164, 0.05034337923955931, 0.052855507025334876, 0.05548839990828513, 0.05824770760257508, 0.061139319038734465, 0.06416936926740319, 0.06734424626050771, 0.0706705975529279, 0.07415533666209177, 0.07780564921664768, 0.08162899871839951, 0.0856331318540432, 0.08982608326490019, 0.09421617967380033, 0.09881204325851616, 0.10362259415069376, 0.10865705192806933, 0.11392493595591838, 0.1194360644211826, 0.12520055188959645, 0.1312288052024419, 0.13753151751537177, 0.1441196602671473, 0.15100447285125748, 0.15819766113621, 0.16571354093327717, 0.173570247571343, 0.1817885136185806, 0.19039065465887048, 0.1993998942434919, 0.20883991957250256, 0.21873459264044223, 0.2291077642264356, 0.23998315387258803, 0.25138427002778524, 0.2633343522855837, 0.2758563231029041, 0.28897274023228353, 0.3027057438095188, 0.31707699394472943, 0.3321075960050193, 0.3478180117200163, 0.3642279549088703, 0.3813562711061865, 0.39922080071804156, 0.41783822561349465, 0.4372238992850888, 0.45739166091783934, 0.47835363390749036, 0.5001200095777693, 0.5226988170715663, 0.5460956806380456, 0.5703135658098865, 0.5953525162633744, 0.6212093834782818, 0.6478775516621202, 0.6753466607704318, 0.703602330835768, 0.7326258912056465, 0.7623941186752576, 0.7928789888735646, 0.824047445609754, 0.855861193197379, 0.8882765170314638, 0.9212441378838653, 0.9547091054883592, 0.9886107369932664, 1.022882605750511, 1.0574525856715922, 1.0922429560007811, 1.127170570824368, 1.1621470969459964, 1.197079322910342, 1.2318695409539857, 1.2664160025123152, 1.300613446629765, 1.334353699229077, 1.3675263397212205, 1.4000194299147375, 1.4317202986504336, 1.4625163740876286, 1.4922960541476329, 1.520949604326088, 1.548370070965158, 1.5744541971736246, 1.5991033279375404, 1.622224290609558, 1.6437302369263342, 1.6635414329956775, 1.6815859843225054, 1.6978004838977183, 1.7121305726375635, 1.7245314030023613, 1.7349679984017397, 1.7434155029590739, 1.7498593183041404, 1.7542951262289967, 1.756728798214705, 1.7571761949531781, 1.7556628609896885, 1.7522236214433684, 1.7469020893786564, 1.7397500937624144, 1.7308270390217053, 1.7201992079990123, 1.7079390205787637, 1.6941242604354854, 1.678837282243305, 1.6621642113107207, 1.6441941469922157, 1.6250183804132956, 1.6047296360652274, 1.5834213457193234, 1.5611869619174459, 1.5381193170537, 1.5143100328077803, 1.4898489834555668, 1.4648238153955353, 1.4393195241140861, 1.4134180887878274, 1.3871981638002495, 1.3607348256434653, 1.3340993729878339, 1.3073591771345006, 1.2805775796159542, 1.2538138333725846, 1.2271230837016318, 1.200556385039864, 1.174160749592643, 1.1479792238489106, 1.1220509891129422, 1.096411482328468, 1.0710925336583552, 1.0461225175034734, 1.0215265138884766, 0.9973264774017108, 0.9735414111440434, 0.9501875434107656, 0.9272785050965829, 0.9048255060716912, 0.8828375090236074, 0.8613213994921401, 0.8402821510417467, 0.8197229847152989, 0.7996455220952771, 0.7800499314624332, 0.7609350666881883, 0.7422985986259744, 0.7241371388791236, 0.7064463559197088, 0.6892210836149768, 0.6724554222868584, 0.6561428324866574, 0.6402762217125977, 0.6248480243336388, 0.6098502750099686, 0.5952746759199383, 0.5811126581159398, 0.5673554373387671, 0.5539940646222355, 0.5410194720180286, 0.528422513765615, 0.516194003224269, 0.5043247458742776, 0.4928055686828365, 0.48162734611733804, 0.47078102307510566, 0.46025763498444705, 0.4500483253174425, 0.44014436074037067, 0.43053714411329014, 0.4212182255361754, 0.41217931162527593, 0.4034122731901077, 0.39490915146876704, 0.38666216306712825, 0.3786637037359701, 0.37090635110920067, 0.3633828665161153, 0.35608619597102326, 0.3490094704346147, 0.34214600543308327, 0.33548930011325856, 0.3290330358048119, 0.322771074153948, 0.31669745488686346, 0.3108063932556067, 0.3050922772137866, 0.2995496643648203, 0.29417327872105453, 0.2889580073081152, 0.2838988966452046, 0.2789911491287569, 0.27423011934384756, 0.26961131032501745, 0.26513036978568355, 0.2607830863330614, 0.25656538568348247, 0.2524733268911499, 0.2485030986017121, 0.24465101534053568, 0.24091351384420776, 0.23728714944258678, 0.23376859249763007, 0.2303546249042504, 0.22704213665758083, 0.22382812249024542, 0.22070967858253848, 0.21768399934779392, 0.2147483742946774, 0.21190018496764507, 0.20913690196638204, 0.206456082044654, 0.20385536528867038, 0.2013324723747663, 0.19888520190595438, 0.19651142782667647, 0.19420909691489424, 0.19197622635049275, 0.18981090135883147, 0.18771127292815926, 0.18567555559951027, 0.18370202532761687, 0.1817890174113093, 0.17993492449181908, 0.1781381946173639, 0.17639732937236122, 0.17471088206959887, 0.17307745600367905, 0.17149570276404794, 0.16996432060592606, 0.16848205287746204, 0.16704768650144575, 0.1656600505099336, 0.1643180146301603, 0.16302048792013435, 0.161766417452342, 0.1605547870440126, 0.15938461603242918, 0.1582549580937997, 0.1571649001042383, 0.1561135610414394, 0.15510009092566227, 0.15412366979867975, 0.15318350673937903, 0.15227883891473912, 0.15140893066494437, 0.15057307262142972, 0.14977058085668685, 0.14900079606469743, 0.14826308277089165, 0.14755682857056562, 0.1468814433947233, 0.14623635880234215, 0.14562102729809243, 0.14503492167457235, 0.14447753437815075, 0.14394837689753928, 0.14344697917424457, 0.1429728890340791, 0.14252567163893684, 0.14210490895806618, 0.14171019925809816, 0.1413411566111136, 0.14099741042005584, 0.1406786049608202, 0.14038439894037305, 0.1401144650702757, 0.139868489655009, 0.1396461721945155, 0.13944722500039444, 0.13927137282520535, 0.1391183525043528, 0.1389879126100433, 0.13887981311682168, 0.13879382507821092, 0.1387297303139948, 0.13868732110769755, 0.13866639991382956, 0.13866677907448174, 0.13868828054486418, 0.13873073562739813, 0.13879398471398174, 0.13887787703606258, 0.13898227042216024, 0.13910703106249386, 0.13925203328037913, 0.13941715931006962, 0.13960229908072633, 0.13980735000620853, 0.14003221678038755, 0.14027681117769344, 0.14054105185861224, 0.1408248641798589, 0.14112818000895877, 0.1414509375429763, 0.14179308113113717, 0.14215456110109584, 0.1425353335886064, 0.14293536037036048, 0.1433546086997614, 0.14379305114540886, 0.14425066543207302, 0.144727434283943, 0.14522334526993702, 0.1457383906508681, 0.14627256722826174, 0.1468258761946268, 0.14739832298498456, 0.14798991712946383, 0.14860067210677505, 0.14923060519837827, 0.14987973734316362, 0.15054809299246683, 0.15123569996524452, 0.1519425893032376, 0.15266879512595352, 0.15341435448530208, 0.15417930721972145, 0.15496369580763394, 0.1557675652200749, 0.15659096277233978, 0.15743393797449787, 0.15829654238062438, 0.15917882943660444, 0.160080854326367]]","[[0.01, 0.011673645222856313, 0.01362924433757481, 0.01580189464359648, 0.018156386720522378, 0.020675178824855513, 0.023351204441086435, 0.026183688535206612, 0.029175674183800834, 0.03233256491192426, 0.03566127248851739, 0.03916972544738865, 0.04286659208623902, 0.04676113068992616, 0.050863115022377815, 0.055182804227387174, 0.059730938870155174, 0.06451875235579477, 0.06955799142517469, 0.07486094207782042, 0.08044045883896528, 0.08630999621116027, 0.09248364169151325, 0.0989761500495037, 0.105802978740219, 0.11298032442895056, 0.12052516065808784, 0.12845527671549653, 0.136789317776445, 0.14554682639530372, 0.1547482854225363, 0.16441516241912246, 0.1745699556357185, 0.1852362416182135, 0.1964387244951913, 0.2082032869962713, 0.22055704324338388, 0.23352839334967654, 0.2471470798528491, 0.26144424600116684, 0.27645249590106685, 0.29220595652502124, 0.30874034156700725, 0.326093017120413, 0.3443030691393243, 0.3634113726287372, 0.38346066249216193, 0.404495605946158, 0.42656287639039486, 0.44971122859869517, 0.4739915750710037, 0.4994570633581496, 0.5261631541404522, 0.5541676998074672, 0.5835310232492994, 0.6143159965297379, 0.6465881190678266, 0.6804155949071994, 0.7158694086014452, 0.7530233991887916, 0.7919543316704014, 0.8327419653435193, 0.8754691182735308, 0.9202217271177663, 0.967089123735168, 1.0161665243242484, 1.067557146564313, 1.1213718194734494, 1.177728497158614, 1.236751897505726, 1.2985732298601054, 1.3633299854162313, 1.4311657704458909, 1.502230166895691, 1.5766786079578106, 1.6546722583945515, 1.7363778909582, 1.8219677513786707, 1.9116194052181743, 2.005515560502376, 2.103843860494053, 2.206796641324732, 2.314570649477942, 2.427366714352974, 2.5453893713537985, 2.6688464311638675, 2.7979484911013075, 2.932908384715982, 3.0739405661041017, 3.2212604257903545, 3.375083535473646, 3.5356248194610362, 3.7030976512346907, 3.8777128743164186, 4.059677747419827, 4.249194814815233, 4.446460703878903, 4.651664852954618, 4.864988173917489, 5.086601655189105, 5.316664912397263, 5.555324695385877, 5.802713361840002, 6.058947329370985, 6.324125519476776, 6.598327808316972, 6.881613500681613, 7.174019844844139, 7.475560607126484, 7.7862247259209685, 8.105975065562193, 8.434747290776833, 8.772448882417784, 9.118958314774245, 9.474124413911381, 9.837765915211119, 10.209671236550074, 10.589598481364042, 10.97727568322781, 11.372401300555333, 11.774644966644606, 12.183648496614238, 12.599027148878546, 13.020371134770356, 13.447247365840026, 13.879201424336827, 14.315759738518096, 14.75643194083594, 15.200713383818856, 15.64808778568648, 16.09802997548744, 16.550008705895824, 17.00348950078581, 17.457937504351904, 17.912820298859256, 18.367610659078576, 18.82178921304844, 19.27484698096066, 19.72628776661325, 20.175630378938497, 20.62241066450024, 21.06618333546829, 21.506523581320444, 21.943028456297817, 22.37531803835478, 22.80303635891766, 23.22585210612193, 23.643459107274445, 24.055576599035696, 24.461949296201766, 24.86234727196345, 25.25656566412144, 25.64442422294317, 26.02576671717077, 26.40046021515174, 26.768394258192217, 27.129479943060527, 27.48364893013282, 27.830852393012595, 28.17105992461107, 28.50425841368507, 28.83045090473088, 29.149655452961294, 29.46190398488071, 29.767241173748317, 30.065723338006272, 30.357417369569536, 30.642399697743404, 30.920755293467224, 31.192576717588118, 31.45796321595389, 31.71701986328344, 31.96985675702796, 32.21658826177651, 32.45733230418344, 32.692209717899075, 32.92134363756486, 33.144858940585095, 33.362881735103024, 33.57553889238475, 33.78295762164315, 33.985265085210656, 34.18258805188807, 34.37505258625138, 34.56278377168474, 34.7459054649201, 34.92454007989832, 35.0988083988196, 35.268829408317245, 35.43472015876754, 35.596595644834686, 35.754568705442324, 35.90874994145957, 36.059247649487745, 36.206167770233094, 36.34961385004893, 36.48968701432714, 36.62648595151314, 36.76010690660907, 36.89064368311725, 37.01818765245912, 37.1428277699839, 37.264650596755736, 37.38374032637831, 37.5001788161818, 37.61404562215831, 37.72541803708908, 37.83437113136013, 37.940977796011644, 38.045308787612186, 38.14743277459023, 38.24741638469404, 38.34532425328608, 38.441219072210174, 38.53516163899922, 38.627210906217805, 38.71742403075864, 38.8058564229337, 38.89256179522103, 38.97759221054641, 39.06099812999542, 39.14282845986606, 39.22313059798578, 39.301950479228225, 39.37933262017628, 39.45532016288699, 39.5299549177232, 39.60327740522368, 39.67532689699094, 39.74614145558152, 39.815757973389225, 39.884212210516054, 39.95153883163033, 40.017771441814475, 40.08294262140861, 40.147083959858584, 40.21022608857954, 40.27239871284811, 40.33363064273812, 40.39394982311612, 40.45338336271428, 40.51195756229923, 40.5696979419562, 40.626629267508484, 40.682775576092794, 40.73816020091129, 40.7928057951815, 40.84673435530537, 40.89996724327867, 40.95252520836209, 41.00442840803522, 41.05569642825425, 41.10634830303437, 41.15640253337717, 41.20587710556336, 41.25478950883065, 41.30315675245623, 41.35099538226302, 41.39832149656831, 41.445150761593126, 41.4914984263502, 41.5373793370278, 41.582807950886526, 41.627798349685484, 41.67236425265391, 41.71651902902387, 41.76027571013918, 41.803647001155156, 41.846645292343574, 41.889282670016655, 41.93157092708336, 41.97352157325104, 42.015145844885055, 42.05645471453833, 42.09745890016282, 42.138168874014, 42.178594871259556, 42.21874689830277, 42.258634740830864, 42.298267971598186, 42.33765595795381, 42.37680786912266, 42.41573268324924, 42.454439194212284, 42.492936018218806, 42.531231600185386, 42.56933421991445, 42.607251998072876, 42.64499290198012, 42.68256475121271, 42.71997522303171, 42.757231857639525, 42.79434206327222, 42.83131312113325, 42.86815219017427, 42.904866311728476, 42.94146241400182, 42.97794731642711, 43.014327733885885, 43.05061028080273, 43.08680147511657, 43.1229077421333, 43.15893541826384, 43.194890754651695, 43.23077992069384, 43.2666090074586, 43.30238403100412, 43.33811093560081, 43.37379559686106, 43.40944382477928, 43.44506136668545, 43.480653910114846, 43.516227085596924, 43.551786469365844, 43.58733758599532, 43.6228859109601, 43.65843687312652, 43.69399585717427, 43.72956820595159, 43.765159222765796, 43.80077417361128, 43.836418289336635, 43.87209676775278, 43.9078147756838, 43.94357745096199, 43.97938990436868, 44.015257221522376, 44.05118446471544, 44.08717667470064, 44.12323887242893, 44.1593760607394, 44.19559322600267, 44.23189533971871, 44.268287360069905, 44.30477423343049, 44.341360895833034, 44.378052274392786, 44.414853288690644, 44.45176885211536, 44.488803873165566, 44.52596325671232, 44.563251905222444, 44.600674719943285, 44.638236602049226, 44.67594245375028, 44.7137971793631, 44.75180568634458, 44.78997288628838, 44.82830369588436, 44.86680303784114, 44.90547584177186, 44.94432704504309, 44.983361593586864, 45.02258444267585, 45.06200055766144, 45.10161491467471, 45.14143250128997, 45.18145831715071, 45.22169737455765, 45.262154699018666, 45.30283532976007, 45.343744320199036, 45.384886738376636, 45.4262676673511, 45.467892205550726, 45.509765467085984]]","[array([6.37688001e-05, 6.00799169e-05, 5.86665222e-05, 5.87302802e-05,
       5.97885008e-05, 6.15476805e-05, 6.38284036e-05, 6.65206686e-05,
       6.95569790e-05, 7.28961592e-05, 7.65135824e-05, 8.03952461e-05,
       8.45341615e-05, 8.89281343e-05, 9.35783895e-05, 9.84887067e-05,
       1.03664870e-04, 1.09114312e-04, 1.14845877e-04, 1.20869669e-04,
       1.27196939e-04, 1.33840024e-04, 1.40812292e-04, 1.48128116e-04,
       1.55802860e-04, 1.63852870e-04, 1.72295479e-04, 1.81149015e-04,
       1.90432815e-04, 2.00167248e-04, 2.10373733e-04, 2.21074775e-04,
       2.32293985e-04, 2.44056123e-04, 2.56387127e-04, 2.69314157e-04,
       2.82865630e-04, 2.97071262e-04, 3.11962117e-04, 3.27570643e-04,
       3.43930723e-04, 3.61077718e-04, 3.79048516e-04, 3.97881574e-04,
       4.17616968e-04, 4.38296438e-04, 4.59963433e-04, 4.82663152e-04,
       5.06442588e-04, 5.31350571e-04, 5.57437796e-04, 5.84756867e-04,
       6.13362318e-04, 6.43310646e-04, 6.74660322e-04, 7.07471812e-04,
       7.41807580e-04, 7.77732084e-04, 8.15311769e-04, 8.54615043e-04,
       8.95712243e-04, 9.38675589e-04, 9.83579124e-04, 1.03049892e-03,
       1.07952002e-03, 1.13075105e-03, 1.18432226e-03, 1.24037758e-03,
       1.29906911e-03, 1.36055343e-03, 1.42498916e-03, 1.49253541e-03,
       1.56335083e-03, 1.63759285e-03, 1.71541736e-03, 1.79697823e-03,
       1.88242710e-03, 1.97191299e-03, 2.06558195e-03, 2.16357657e-03,
       2.26603546e-03, 2.37309260e-03, 2.48487659e-03, 2.60150980e-03,
       2.72310740e-03, 2.84977627e-03, 2.98161382e-03, 3.11870671e-03,
       3.26112945e-03, 3.40894291e-03, 3.56219274e-03, 3.72090770e-03,
       3.88509799e-03, 4.05475340e-03, 4.22984154e-03, 4.41030597e-03,
       4.59606439e-03, 4.78700677e-03, 4.98299361e-03, 5.18385421e-03,
       5.38938510e-03, 5.59934854e-03, 5.81347126e-03, 6.03144336e-03,
       6.25291743e-03, 6.47750807e-03, 6.70479157e-03, 6.93430604e-03,
       7.16555191e-03, 7.39799285e-03, 7.63105712e-03, 7.86413937e-03,
       8.09660297e-03, 8.32778279e-03, 8.55698850e-03, 8.78350828e-03,
       9.00661310e-03, 9.22556134e-03, 9.43960386e-03, 9.64798937e-03,
       9.84997013e-03, 1.00448078e-02, 1.02317797e-02, 1.04101845e-02,
       1.05793488e-02, 1.07386325e-02, 1.08874352e-02, 1.10252012e-02,
       1.11514247e-02, 1.12656543e-02, 1.13674972e-02, 1.14566225e-02,
       1.15327638e-02, 1.15957218e-02, 1.16453648e-02, 1.16816298e-02,
       1.17045220e-02, 1.17141140e-02, 1.17105441e-02, 1.16940136e-02,
       1.16647845e-02, 1.16231751e-02, 1.15695566e-02, 1.15043484e-02,
       1.14280132e-02, 1.13410521e-02, 1.12439995e-02, 1.11374172e-02,
       1.10218899e-02, 1.08980193e-02, 1.07664191e-02, 1.06277104e-02,
       1.04825163e-02, 1.03314583e-02, 1.01751514e-02, 1.00142009e-02,
       9.84919883e-03, 9.68072089e-03, 9.50932382e-03, 9.33554322e-03,
       9.15989167e-03, 8.98285717e-03, 8.80490202e-03, 8.62646198e-03,
       8.44794573e-03, 8.26973458e-03, 8.09218252e-03, 7.91561639e-03,
       7.74033636e-03, 7.56661644e-03, 7.39470530e-03, 7.22482708e-03,
       7.05718236e-03, 6.89194925e-03, 6.72928442e-03, 6.56932431e-03,
       6.41218625e-03, 6.25796968e-03, 6.10675731e-03, 5.95861627e-03,
       5.81359930e-03, 5.67174585e-03, 5.53308313e-03, 5.39762722e-03,
       5.26538400e-03, 5.13635012e-03, 5.01051395e-03, 4.88785634e-03,
       4.76835152e-03, 4.65196775e-03, 4.53866810e-03, 4.42841106e-03,
       4.32115114e-03, 4.21683943e-03, 4.11542413e-03, 4.01685100e-03,
       3.92106377e-03, 3.82800457e-03, 3.73761427e-03, 3.64983278e-03,
       3.56459937e-03, 3.48185292e-03, 3.40153213e-03, 3.32357577e-03,
       3.24792282e-03, 3.17451267e-03, 3.10328526e-03, 3.03418115e-03,
       2.96714172e-03, 2.90210918e-03, 2.83902672e-03, 2.77783851e-03,
       2.71848980e-03, 2.66092697e-03, 2.60509755e-03, 2.55095023e-03,
       2.49843493e-03, 2.44750278e-03, 2.39810613e-03, 2.35019857e-03,
       2.30373493e-03, 2.25867126e-03, 2.21496482e-03, 2.17257409e-03,
       2.13145875e-03, 2.09157965e-03, 2.05289879e-03, 2.01537934e-03,
       1.97898556e-03, 1.94368284e-03, 1.90943760e-03, 1.87621737e-03,
       1.84399065e-03, 1.81272698e-03, 1.78239686e-03, 1.75297174e-03,
       1.72442402e-03, 1.69672698e-03, 1.66985477e-03, 1.64378241e-03,
       1.61848574e-03, 1.59394140e-03, 1.57012682e-03, 1.54702016e-03,
       1.52460034e-03, 1.50284697e-03, 1.48174036e-03, 1.46126149e-03,
       1.44139195e-03, 1.42211400e-03, 1.40341047e-03, 1.38526480e-03,
       1.36766096e-03, 1.35058351e-03, 1.33401750e-03, 1.31794851e-03,
       1.30236262e-03, 1.28724636e-03, 1.27258675e-03, 1.25837125e-03,
       1.24458774e-03, 1.23122452e-03, 1.21827030e-03, 1.20571418e-03,
       1.19354562e-03, 1.18175445e-03, 1.17033087e-03, 1.15926538e-03,
       1.14854885e-03, 1.13817245e-03, 1.12812763e-03, 1.11840618e-03,
       1.10900015e-03, 1.09990186e-03, 1.09110391e-03, 1.08259916e-03,
       1.07438071e-03, 1.06644191e-03, 1.05877633e-03, 1.05137778e-03,
       1.04424027e-03, 1.03735803e-03, 1.03072551e-03, 1.02433733e-03,
       1.01818831e-03, 1.01227345e-03, 1.00658795e-03, 1.00112716e-03,
       9.95886598e-04, 9.90861951e-04, 9.86049060e-04, 9.81443917e-04,
       9.77042661e-04, 9.72841573e-04, 9.68837070e-04, 9.65025703e-04,
       9.61404153e-04, 9.57969226e-04, 9.54717846e-04, 9.51647057e-04,
       9.48754018e-04, 9.46035996e-04, 9.43490365e-04, 9.41114603e-04,
       9.38906292e-04, 9.36863106e-04, 9.34982817e-04, 9.33263290e-04,
       9.31702477e-04, 9.30298418e-04, 9.29049236e-04, 9.27953138e-04,
       9.27008407e-04, 9.26213406e-04, 9.25566572e-04, 9.25066414e-04,
       9.24711513e-04, 9.24500519e-04, 9.24432147e-04, 9.24505179e-04,
       9.24718458e-04, 9.25070892e-04, 9.25561444e-04, 9.26189140e-04,
       9.26953059e-04, 9.27852336e-04, 9.28886160e-04, 9.30053772e-04,
       9.31354462e-04, 9.32787572e-04, 9.34352490e-04, 9.36048650e-04,
       9.37875533e-04, 9.39832663e-04, 9.41919607e-04, 9.44135973e-04,
       9.46481411e-04, 9.48955609e-04, 9.51558293e-04, 9.54289226e-04,
       9.57148209e-04, 9.60135076e-04, 9.63249695e-04, 9.66491967e-04,
       9.69861824e-04, 9.73359231e-04, 9.76984181e-04, 9.80736696e-04,
       9.84616826e-04, 9.88624648e-04, 9.92760264e-04, 9.97023803e-04,
       1.00141541e-03, 1.00593527e-03, 1.01058358e-03, 1.01536054e-03,
       1.02026640e-03, 1.02530142e-03, 1.03046587e-03, 1.03576003e-03,
       1.04118423e-03, 1.04673878e-03, 1.05242401e-03, 1.05824029e-03,
       1.06418796e-03])]","[[0, 6.376880005047202e-05, 0.00012384871691641303, 0.0001825152391581995, 0.00024124551940348792, 0.00030103402018254616, 0.00036258170069590554, 0.00042641010431602495, 0.000492930772951329, 0.0005624877519959869, 0.0006353839112398235, 0.0007118974935961682, 0.0007922927397200245, 0.00087682690120382, 0.0009657550355237053, 0.0010593334250072277, 0.001157822131743183, 0.001261487001954017, 0.0013706013139050295, 0.001485447191246765, 0.0016063168598364173, 0.0017335137992387842, 0.001867353823497823, 0.0020081661153462304, 0.0021562942313568547, 0.002312097091180369, 0.002475949961082088, 0.0026482454399571445, 0.0028293944545447376, 0.0030198272694803635, 0.003219994516996208, 0.003430368250425595, 0.0036514430251364774, 0.003883737010077075, 0.004127793132740099, 0.004384180260023222, 0.004653494417169538, 0.004936360046702343, 0.005233431309015328, 0.00554539342603494, 0.005872964069130066, 0.006216894792199644, 0.006577972510616156, 0.006957021026437346, 0.007354902600015319, 0.007772519567826856, 0.008210816006016993, 0.0086707794387852, 0.009153442590345536, 0.009659885178754482, 0.010191235749418291, 0.010748673545561204, 0.011333430412351998, 0.011946792730744591, 0.012590103376383976, 0.013264763698156988, 0.013972235510123563, 0.014714043089643658, 0.01549177517351331, 0.01630708694283623, 0.017161701986180757, 0.018057414229302522, 0.01899608981834761, 0.019979668941987227, 0.02101016785971318, 0.022089687880284953, 0.023220438934882324, 0.02440476119103554, 0.025645138766227083, 0.026944207876941125, 0.028304761306171485, 0.02972975046170879, 0.031222285875829994, 0.03278563670189876, 0.03442322955662402, 0.03613864691192122, 0.037935625139098574, 0.03981805223756847, 0.04178996523139362, 0.043855547183315455, 0.046019123752961875, 0.04828515921051208, 0.050658251806988866, 0.05314312839602045, 0.05574463819833135, 0.058467745598710985, 0.06131752186535633, 0.06429913568306865, 0.0674178423947172, 0.07067897184967757, 0.07408791476369041, 0.0776501075018959, 0.0813710152058391, 0.085256113196183, 0.08931086659588432, 0.09354070813384711, 0.09795101410671357, 0.10254707849659356, 0.10733408526524268, 0.11231707887048957, 0.11750093307853765, 0.12289031817600324, 0.12848966671799025, 0.13430313798284474, 0.14033458134007562, 0.14658749877476918, 0.15306500684904797, 0.1597697984180163, 0.1667041044533738, 0.17386965636156332, 0.18126764921396948, 0.1888987063332685, 0.19676284570149194, 0.204859448670656, 0.2131872314649107, 0.22174421996315194, 0.2305277282421037, 0.2395343413413719, 0.24875990268345632, 0.25819950654298435, 0.26784749591057083, 0.2776974660380936, 0.2877422738844794, 0.2979740536053298, 0.30838423814717925, 0.31896358691946197, 0.3297022194261958, 0.3405896546470028, 0.3516148558655372, 0.3627662805549085, 0.3740319348464863, 0.3853994320326822, 0.3968560544878819, 0.40838881833636803, 0.4199845401532516, 0.43162990495518033, 0.4433115347225831, 0.4550160566947003, 0.4667301706924696, 0.47844071475191724, 0.49013472839108774, 0.5017995128854451, 0.5134226879885203, 0.5249922446045744, 0.5364965929962537, 0.5479246061906207, 0.5592656583295181, 0.5705096577930167, 0.5816470750058435, 0.5926689649145337, 0.6035669841961078, 0.6143334033261352, 0.6249611136941258, 0.6354436300065798, 0.6457750882622866, 0.6559502396203749, 0.6659644405092197, 0.6758136393438254, 0.68549436023113, 0.6950036840473568, 0.7043392272697354, 0.7134991189373354, 0.7224819761032067, 0.7312868781232782, 0.7399133401073341, 0.7483612858346412, 0.7566310204121534, 0.7647232029273647, 0.7726388193214178, 0.7803791556815379, 0.787945772125739, 0.7953404774274021, 0.8025653045031068, 0.8096224868642349, 0.8165144361115578, 0.8232437205323994, 0.8298130448420995, 0.8362252310954376, 0.8424832007793885, 0.8485899580860539, 0.8545485743537548, 0.860362173655027, 0.8660339195025024, 0.8715670026373012, 0.8769646298594673, 0.8822300138560438, 0.8873663639794847, 0.8923768779271078, 0.8972647342711207, 0.902033085788256, 0.9066850535381749, 0.9112237216404023, 0.9156521327005956, 0.919973283838316, 0.9241901232701164, 0.92830554740361, 0.9323223984001876, 0.9362434621661615, 0.940071466734294, 0.9438090809998708, 0.9474589137776911, 0.9510235131485274, 0.9545053660657528, 0.9579068981949102, 0.9612304739610124, 0.9644783967802851, 0.9676529094549086, 0.9707561947110567, 0.9737903758621871, 0.9767575175810862, 0.9796596267656349, 0.9824986534846201, 0.9852764919911898, 0.9879949817927292, 0.9906559087670248, 0.993261006315602, 0.9958119565460434, 0.998310391475961, 1.0007578942520754, 1.003156000378581, 1.005506198949631, 1.0078099338813757, 1.0100686051395456, 1.0122835699590493, 1.0144561440525275, 1.0165876028051977, 1.0186791824537034, 1.0207320812470098, 1.0227474605876907, 1.0247264461522194, 1.0266701289891191, 1.0285795665940474, 1.0304557839610793, 1.032299774609626, 1.0341125015865862, 1.0358948984434515, 1.03764787018822, 1.0393722942120678, 1.0410690211908298, 1.0427388759614125, 1.0443826583733433, 1.0460011441157142, 1.0475950855198335, 1.0491652123379438, 1.050712232498403, 1.0522368328377578, 1.0537396798101615, 1.055221420174618, 1.0566826816605412, 1.0581240736121396, 1.0595461876121437, 1.0609495980853982, 1.0623348628828488, 1.0637025238464535, 1.065053107355547, 1.066387124855186, 1.0677050733670008, 1.0690074359830675, 1.070294682343319, 1.0715672690969937, 1.0728256403486236, 1.0740702280890457, 1.075301452611919, 1.0765197229162113, 1.0777254370951184, 1.0789189827118566, 1.0801007371627738, 1.0812710680281954, 1.082430333411425, 1.0835788822663006, 1.0847170547136984, 1.0858451823473645, 1.086963588529443, 1.0880725886760612, 1.0891724905333149, 1.0902635944439956, 1.0913461936053814, 1.0924205743184086, 1.0934870162285302, 1.0945457925585549, 1.0955971703337544, 1.0966414105995117, 1.0976787686317808, 1.0987094941406128, 1.0997338314669978, 1.1007520197732634, 1.1017642932272596, 1.1027708811805566, 1.103772008340868, 1.104767894938909, 1.105758756889891, 1.1067448059498426, 1.1077262498669476, 1.1087032925280753, 1.1096761341006796, 1.1106449711702306, 1.1116099968733415, 1.1125714010267418, 1.1135293702522502, 1.1144840880978868, 1.115435735155263, 1.1163844891733825, 1.1173305251689802, 1.1182740155335216, 1.1192151301369815, 1.1201540364285139, 1.1210908995341233, 1.1220258823514426, 1.1229591456417156, 1.123890848119085, 1.1248211465372744, 1.1257501957737572, 1.1266781489114956, 1.1276051573183328, 1.1285313707241171, 1.1294569372956338, 1.1303820037094165, 1.131306715222509, 1.1322312157412409, 1.1331556478880864, 1.1340801530666604, 1.1350048715249155, 1.1359299424165923, 1.1368555038609804, 1.1377816930010345, 1.138708646059901, 1.1396364983958962, 1.1405653845559838, 1.1414954383277902, 1.1424267927902008, 1.143359580362572, 1.1442939328525974, 1.1452299815028604, 1.1461678570361058, 1.1471076896992611, 1.1480496093062358, 1.1489937452795238, 1.1499402266906382, 1.1508891822993967, 1.1518407405920839, 1.1527950298185086, 1.1537521780279754, 1.1547123131041876, 1.1556755627990984, 1.1566420547657235, 1.1576119165899283, 1.1585852758212034, 1.1595622600024356, 1.1605429966986853, 1.1615276135249788, 1.1625162381731196, 1.1635089984375255, 1.1645060222400967, 1.1655074376541144, 1.1665133729271744, 1.1675239565031557, 1.1685393170432217, 1.1695595834458552, 1.1705848848659206, 1.1716153507327545, 1.1726511107672728, 1.1736922949980961, 1.1747390337766792, 1.1757914577914412, 1.1768496980808867, 1.1779138860457048]]"
40.0,40.0,3,60,360,I0-S1,"[[0.01, 0.009218546420913139, 0.008861068736292907, 0.0087750579360058, 0.008868442280617268, 0.009085486329415927, 0.009392351351038261, 0.00976847065917854, 0.010201364676992966, 0.010683520068573444, 0.011210505753179925, 0.011779831702639644, 0.012390254404870512, 0.013041351457921414, 0.013733258778964325, 0.014466506452989905, 0.015241914735206454, 0.016060527002055992, 0.01692356561444404, 0.01783240216487778, 0.018788536895056978, 0.019793584070337177, 0.020849261308175524, 0.021957381594052826, 0.023119847169111453, 0.024338644751995184, 0.02561584173104555, 0.026953583072941514, 0.02835408876467865, 0.029819651652349708, 0.03135263557154324, 0.032955473685836865, 0.03463066696522022, 0.03638078274745023, 0.038208453333647426, 0.04011637457573927, 0.04210730441820209, 0.04418406136032253, 0.04634952280815008, 0.048606623287628714, 0.05095835249221346, 0.05340775313969881, 0.05595791861409073, 0.05861199036920712, 0.061373155071344936, 0.06424464145885136, 0.06722971689681836, 0.07033168360541879, 0.07355387454064723, 0.07689964890644693, 0.08037238727741991, 0.08397548631155424, 0.08771235303268221, 0.09158639866272653, 0.09560103198421956, 0.09975965221411343, 0.10406564137055513, 0.10852235611510237, 0.1131331190538204, 0.11790120948184893, 0.12282985355737999, 0.12792221389256225, 0.13318137855066464, 0.13861034944091055, 0.1442120937842764, 0.1499901824915675, 0.15594915877479681, 0.1620942046223817, 0.1684308862463418, 0.17496499968168538, 0.1817024760005754, 0.18864932176808966, 0.1958115800238115, 0.2031953029094587, 0.21080653058827964, 0.2186512732303914, 0.22673549412198743, 0.23506509272959944, 0.24364588701562087, 0.2524835945805139, 0.26158381237465844, 0.2709519948235246, 0.28059343027092876, 0.2905132156830068, 0.30071622958014765, 0.31120710318150036, 0.3219901897604276, 0.3330695322216315, 0.3444488289229492, 0.3561313977778053, 0.36812013868849386, 0.38041749437612554, 0.3930254096903675, 0.40594528950109976, 0.41917795529482715, 0.432723600621083, 0.44658174555807795, 0.4607511903923685, 0.4752299687341997, 0.49001530031823215, 0.5051035437683629, 0.5204901496350177, 0.5361696140433153, 0.5521354333205046, 0.5683800600006418, 0.5848948606331312, 0.6016700758489921, 0.6186947831639561, 0.6359568630201577, 0.6534429685875958, 0.6711384998620459, 0.6890275826070157, 0.7070930526929263, 0.7253164463863067, 0.7436779971347012, 0.762156639378594, 0.7807300198993352, 0.7993745171813307, 0.8180652692271844, 0.8367762102157783, 0.855480116335266, 0.874148661055636, 0.892752480029042, 0.9112612457208462, 0.9296437517808636, 0.9478680070633702, 0.9659013390970878, 0.983710506693737, 1.0012618212673303, 1.0185212763177318, 1.0354546844129615, 1.052027820887183, 1.06820657335737, 1.0839570960534028, 1.0992459678559798, 1.1140403528463882, 1.1283081620939255, 1.1420182153425509, 1.155140401209953, 1.1676458344811647, 1.179507009066403, 1.19069794519989, 1.2011943294835619, 1.2109736464270062, 1.2200153002023941, 1.228300725419975, 1.235813485834784, 1.2425393600170986, 1.2484664131560412, 1.2535850543153717, 1.25788807862049, 1.2613706940232787, 1.2640305324638252, 1.2658676454222986, 1.2668844840273785, 1.2670858640566987, 1.2664789163269823, 1.265073023124293, 1.2628797414657114, 1.2599127141106978, 1.256187569351667, 1.2517218107074646, 1.2465346977195306, 1.2406471191079256, 1.2340814595828618, 1.2268614616270963, 1.2190120835660074, 1.2105593552262373, 1.201530232451568, 1.1919524516975866, 1.181854385866264, 1.1712649024695432, 1.1602132251292525, 1.1487287993310131, 1.1368411632541846, 1.1245798244001886, 1.111974142639538, 1.0990532201953074, 1.0858457989791561, 1.072380165596813, 1.0586840642443855, 1.044784617626058, 1.0307082559386098, 1.016480653889411, 1.0021266756427123, 0.9876703275244986, 0.9731347182591354, 0.9585420264615969, 0.9439134750671309, 0.9292693123456468, 0.9146287991206101, 0.9000102017914444, 0.8854307907439561, 0.8709068437246339, 0.856453653751323, 0.8420855411342087, 0.8278158691867196, 0.8136570632153363, 0.7996206323898472, 0.7857171941107997, 0.7719565005082822, 0.7583474667252756, 0.7448982006591965, 0.7316160338565525, 0.7185075532774625, 0.7055786336688704, 0.6928344703073055, 0.6802796118937872, 0.6679179934047254, 0.6557529687232586, 0.6437873428952631, 0.6320234038731429, 0.6204629536283922, 0.6091073385307392, 0.5979574789074077, 0.5870138977106338, 0.5762767482350593, 0.5657458408389876, 0.5554206686347685, 0.5453004321237889, 0.5353840627607429, 0.525670245440071, 0.5161574399047477, 0.5068439010840158, 0.4977276983722632, 0.48880673386607737, 0.48007875958064344, 0.4715413936701375, 0.4631921356796549, 0.4550283808585639, 0.4470474335670324, 0.43924651980889734, 0.43162279892506694, 0.4241733744823241, 0.4168953043927591, 0.40978561029915483, 0.40284128626150034, 0.3960593067794615, 0.3894366341851109, 0.3829702254395487, 0.37665703836625025, 0.37049403735307934, 0.3644781985539277, 0.3586065146199001, 0.3528759989888746, 0.34728368976114393, 0.34182665318769745, 0.3365019867965495, 0.33130682218135865, 0.3262383274754322, 0.3212937095330721, 0.31647021583909574, 0.31176513616627094, 0.30717580399933425, 0.30269959774322247, 0.2983339417321439, 0.29407630705514287, 0.2899242122128798, 0.2858752236194504, 0.28192695596221046, 0.2780770724317511, 0.2743232848333878, 0.2706633535907799, 0.26709508765159196, 0.26361634430443415, 0.2602250289156849, 0.2569190945941961, 0.2536965417913142, 0.25055541784311386, 0.24749381646123594, 0.24450987717824793, 0.24160178475299712, 0.23876776854100887, 0.23600610183458898, 0.2333151011769215, 0.23069312565410854, 0.2281385761687771, 0.22564989469857696, 0.22322556354261316, 0.22086410455859518, 0.21856407839324102, 0.21632408370824782, 0.21414275640393013, 0.21201876884243034, 0.20995082907222537, 0.20793768005548385, 0.20597809889967303, 0.20407089609466947, 0.20221491475649436, 0.2004090298786711, 0.19865214759208816, 0.1969432044341461, 0.19528116662787035, 0.1936650293715829, 0.19209381613964352, 0.19056657799469695, 0.1890823929117933, 0.1876403651146857, 0.18623962442455225, 0.18487932562133597, 0.1835586478178495, 0.18227679384674647, 0.18103298966042314, 0.17982648374387672, 0.17865654654051563, 0.17752246989088616, 0.17642356648425467, 0.17535916932296053, 0.17432863119943307, 0.173331324185748, 0.17236663913558095, 0.17143398519840117, 0.1705327893457358, 0.16966249590932267, 0.16882256613096072, 0.16801247772385733, 0.16723172444526563, 0.16647981568019787, 0.16575627603599594, 0.1650606449475362, 0.1643924762928421, 0.1637513380188755, 0.1631368117772762, 0.1625484925698173, 0.1619859884033438, 0.16144891995396218, 0.16093692024024764, 0.1604496343052383, 0.15998671890698524, 0.15954784221742993, 0.15913268352938145, 0.15874093297136865, 0.15837229123014424, 0.15802646928062034, 0.15770318812301792, 0.15740217852701496, 0.15712318078268117, 0.1568659444579903, 0.1566302281627039, 0.15641579931842367, 0.1562224339346127, 0.15604991639038895, 0.15589803922189824, 0.15576660291507585, 0.15565541570361102, 0.15556429337193023, 0.15549305906301922, 0.15544154309090658, 0.1554095827576355, 0.15539702217455237, 0.15540371208774492, 0.1554295097074655, 0.15547427854137763, 0.15553788823146758, 0.15562021439446494, 0.1557211384656197, 0.15584054754568552, 0.15597833425096222, 0.15613439656625247, 0.15630863770059106, 0.15650096594560708, 0.1567112945363821, 0.15693954151467002, 0.15718562959434626, 0.1574494860289567, 0.15773104248123881]]","[[0.01, 0.011673645222856313, 0.01362924433757481, 0.01580189464359648, 0.018156395196862435, 0.020675308527391602, 0.02335183426687724, 0.02618560206915909, 0.029180172542268255, 0.03234155788405511, 0.03567735058124126, 0.039196214724779056, 0.04290759323803958, 0.04682154340785744, 0.050948648451563765, 0.05529997397841786, 0.05988705082200713, 0.06472187325056092, 0.06981690605116811, 0.07518509665589199, 0.0808398900648856, 0.08679524526148168, 0.09306565236836611, 0.09966615011851032, 0.10661234340273644, 0.1139204207631954, 0.12160717176175204, 0.12969000418397686, 0.13818696105481834, 0.14711673744797946, 0.15649869707161176, 0.16635288861054784, 0.17670006180129272, 0.1875616832111737, 0.198959951687841, 0.21091781343995525, 0.22345897670451192, 0.23660792595088703, 0.2503899355663637, 0.26483108296261243, 0.27995826103734023, 0.2957991899200826, 0.3123824279258795, 0.3297373816353398, 0.34789431501435536, 0.36688435748147624, 0.38673951082570246, 0.40749265487219577, 0.4291775517881803, 0.45182884891609404, 0.47548208001590375, 0.5001736647934221, 0.5259409065865008, 0.5528219880761561, 0.5808559648850392, 0.610082756921261, 0.6405431373214395, 0.6722787188430418, 0.7053319375526731, 0.7397460336540138, 0.7755650292966645, 0.8128337032053257, 0.8515975619675803, 0.891902807818145, 0.9337963697283101, 0.977326599928445, 1.0225438691216362, 1.0695004416842984, 1.1182503497419556, 1.168849315943193, 1.221354704530588, 1.2758254882467899, 1.3323222233585417, 1.3909070279519469, 1.45164356038898, 1.5145969958654686, 1.579833999645166, 1.6474226959269185, 1.7174326315316806, 1.7899347337335854, 1.8650012616411487, 1.942705750583456, 2.023122948985613, 2.106328747236402, 2.1924000980643323, 2.281414927949583, 2.373452039110953, 2.4685910016204735, 2.566912035214922, 2.6684958803940257, 2.7734236584203438, 2.8817767198663446, 2.993636481390559, 3.109084250467431, 3.228201037845034, 3.351067357561582, 3.4777630144160097, 3.6083668788601098, 3.7429566493599995, 3.88160860236322, 4.024397330104562, 4.171395466588721, 4.322673402200899, 4.478298987517182, 4.638337227014451, 4.802849963514105, 4.971895554334121, 5.145528540269004, 5.323799308665808, 5.506753752015115, 5.694432923627288, 5.8868726921144106, 6.084103396545349, 6.28614950428303, 6.493029273647057, 6.704754423668776, 6.921329813317274, 7.142753132670926, 7.369014608587415, 7.600096727483008, 7.835973977866667, 8.076612615284079, 8.321970452308486, 8.57199667616752, 8.826631696516385, 9.085807025756425, 9.349445194153658, 9.617459701833845, 9.889755009519462, 10.16622656963026, 10.446760899094528, 10.73123569491466, 11.01951999320099, 11.311474372035324, 11.606951198154178, 11.905794917055768, 12.207842385739248, 12.512923246884894, 12.82086034288544, 13.131470167747395, 13.444563354502765, 13.759945195412124, 14.077416191904762, 14.396772630896518, 14.717807183855339, 15.040309524753278, 15.364066962855338, 15.688865086153063, 16.014488411156673, 16.340721034714893, 16.6673472835372, 16.994152357148455, 17.32092296010965, 17.64744791948871, 17.973518783758813, 18.298930399535475, 18.623481462832757, 18.946975041819417, 19.26921906838195, 19.590026796148116, 19.90921722298617, 20.226615476365872, 20.542053160341958, 20.85536866329404, 21.166407425923115, 21.4750221693603, 21.781073083582935, 22.084427976653537, 22.38496238559504, 22.682559649988487, 22.977110949624947, 23.2685153077604, 23.55667956170984, 23.841518302674313, 24.12295378682238, 24.400915819746082, 24.675341616481788, 24.94617563932972, 25.21336941572423, 25.476881338401625, 25.736676450085785, 25.992726214866128, 26.245008278379732, 26.4935062188321, 26.73820929080128, 26.979112163670035, 27.216214656422725, 27.449521470429342, 27.679041921720838, 27.904789674139035, 28.126782474622672, 28.345041891770045, 28.559593058699182, 28.77046442111009, 28.977687491340756, 29.18129660910039, 29.381328709460465, 29.57782309858657, 29.77082123760276, 29.960366534895012, 30.146504147081423, 30.329280788804585, 30.50874455143543, 30.684944730718115, 30.857931663331865, 31.027756572297868, 31.194471421117147, 31.35812877648849, 31.518781679423732, 31.676483524550594, 31.83128794737046, 31.983248719220057, 32.13241964967077, 32.278854496088044, 32.42260688006461, 32.5637302104359, 32.702277612582385, 32.83830186372305, 32.97185533390471, 33.1029899323948, 33.231757059189256, 33.358207561352486, 33.48239169391281, 33.60435908504412, 33.72415870527254, 33.841838840455296, 33.95744706828843, 34.07103023810891, 34.18263445376661, 34.29230505935133, 34.4000866275696, 34.50602295057606, 34.610157033073634, 34.71253108750638, 34.81318653117835, 34.912163985140694, 35.00950327469839, 35.105243431396524, 35.19942269635439, 35.292078524823694, 35.383247591855024, 35.47296579896399, 35.56126828169564, 35.64818941799251, 35.73376283727813, 35.81802143017382, 35.90099735877274, 35.982722067400196, 36.06322629379489, 36.14254008065044, 36.22069278746119, 36.29771310262078, 36.373629055725985, 36.44846803004216, 36.52225677509039, 36.59502141931967, 36.66678748283068, 36.73757989012071, 36.80742298282207, 36.876340532408726, 36.94435575284862, 37.011491313181054, 37.0777693500007, 37.14321147983191, 37.20783881137843, 37.271671957635604, 37.33473104785346, 37.3970357393406, 37.45860522910013, 37.519458265289884, 37.57961315850062, 37.639087792846546, 37.69789963686372, 37.75606575421249, 37.81360281418127, 37.87052710198913, 37.926854528885954, 37.98260064204894, 38.037780634275165, 38.092409353470146, 38.14650131193301, 38.200070695439024, 38.25313137212082, 38.3056969011498, 38.35778054121965, 38.409395258833904, 38.46055373640007, 38.511268380132634, 38.56155132776774, 38.611414456092355, 38.66086938829085, 38.709927501112055, 38.758599931860005, 38.806897585211495, 38.854831139863876, 38.90241105501626, 38.949647576687674, 38.99655074387544, 39.04313039455717, 39.089396171539924, 39.1353575281598, 39.18102373383535, 39.22640387947834, 39.271506882764996, 39.316341493271274, 39.360916297475214, 39.40523972362985, 39.449320046509676, 39.49316539203402, 39.536783741770236, 39.58018293731993, 39.62337068459118, 39.66635455795964, 39.709142004321535, 39.751740347041235, 39.794156789796354, 39.836398420322936, 39.878472214063514, 39.920385037720514, 39.96214365271765, 40.00375471857171, 40.04522479617721, 40.086560351006156, 40.127767756225374, 40.16885329573348, 40.209823167119744, 40.25068348454696, 40.29144028156033, 40.33209951382439, 40.37266706178996, 40.41314873329287, 40.45355026608643, 40.493877330309324, 40.534135530890666, 40.57433040989391, 40.614467448801165, 40.65455207073953, 40.69458964265089, 40.73458547740674, 40.77454483586926, 40.81447292890023, 40.854374919318886, 40.89425592381011, 40.9341210147841, 40.973975222188784, 41.01382353527596, 41.053670904322416, 41.09352224230692, 41.13338242654417, 41.17325630027669, 41.21314867422546, 41.25306432810029, 41.29300801207072, 41.3329844481983, 41.37299833183088, 41.413054332959796, 41.453157097540604, 41.49331124877793, 41.53352138837515, 41.57379209774948, 41.614127939213, 41.65453345712008, 41.695013178981895, 41.735571616548214, 41.77621326685712, 41.81694261325291]]","[array([6.37688001e-05, 6.00799169e-05, 5.86665222e-05, 5.87302911e-05,
       5.97888125e-05, 6.15496290e-05, 6.38350258e-05, 6.65370508e-05,
       6.95903883e-05, 7.29560263e-05, 7.66113817e-05, 8.05443068e-05,
       8.47494316e-05, 8.92259149e-05, 9.39760481e-05, 9.90043782e-05,
       1.04317147e-04, 1.09921927e-04, 1.15827378e-04, 1.22043083e-04,
       1.28579429e-04, 1.35447529e-04, 1.42659155e-04, 1.50226694e-04,
       1.58163111e-04, 1.66481923e-04, 1.75197171e-04, 1.84323407e-04,
       1.93875675e-04, 2.03869499e-04, 2.14320868e-04, 2.25246231e-04,
       2.36662484e-04, 2.48586958e-04, 2.61037416e-04, 2.74032037e-04,
       2.87589411e-04, 3.01728524e-04, 3.16468751e-04, 3.31829841e-04,
       3.47831902e-04, 3.64495390e-04, 3.81841090e-04, 3.99890096e-04,
       4.18663794e-04, 4.38183842e-04, 4.58472139e-04, 4.79550805e-04,
       5.01442150e-04, 5.24168642e-04, 5.47752876e-04, 5.72217534e-04,
       5.97585347e-04, 6.23879052e-04, 6.51121346e-04, 6.79334837e-04,
       7.08541994e-04, 7.38765085e-04, 7.70026121e-04, 8.02346794e-04,
       8.35748405e-04, 8.70251795e-04, 9.05877272e-04, 9.42644612e-04,
       9.80575104e-04, 1.01969592e-03, 1.06003965e-03, 1.10164225e-03,
       1.14454163e-03, 1.18877694e-03, 1.23438800e-03, 1.28141498e-03,
       1.32989823e-03, 1.37987805e-03, 1.43139462e-03, 1.48448787e-03,
       1.53919734e-03, 1.59556211e-03, 1.65362064e-03, 1.71341065e-03,
       1.77496900e-03, 1.83833151e-03, 1.90353280e-03, 1.97060615e-03,
       2.03958328e-03, 2.11049414e-03, 2.18336675e-03, 2.25822693e-03,
       2.33509809e-03, 2.41400096e-03, 2.49495340e-03, 2.57797003e-03,
       2.66306206e-03, 2.75023692e-03, 2.83949804e-03, 2.93084447e-03,
       3.02427064e-03, 3.11976603e-03, 3.21731484e-03, 3.31689570e-03,
       3.41848131e-03, 3.52203821e-03, 3.62752639e-03, 3.73489903e-03,
       3.84410223e-03, 3.95507469e-03, 4.06774750e-03, 4.18204386e-03,
       4.29787890e-03, 4.41515949e-03, 4.53378405e-03, 4.65364245e-03,
       4.77461595e-03, 4.89657711e-03, 5.01938981e-03, 5.14290933e-03,
       5.26698239e-03, 5.39144737e-03, 5.51613449e-03, 5.64086608e-03,
       5.76545695e-03, 5.88971475e-03, 6.01344047e-03, 6.13642894e-03,
       6.25846945e-03, 6.37934640e-03, 6.49884000e-03, 6.61672709e-03,
       6.73278195e-03, 6.84677718e-03, 6.95848466e-03, 7.06767651e-03,
       7.17412613e-03, 7.27760920e-03, 7.37790478e-03, 7.47479635e-03,
       7.56807293e-03, 7.65753013e-03, 7.74297121e-03, 7.82420811e-03,
       7.90106246e-03, 7.97336655e-03, 8.04096421e-03, 8.10371167e-03,
       8.16147833e-03, 8.21414747e-03, 8.26161686e-03, 8.30379927e-03,
       8.34062292e-03, 8.37203181e-03, 8.39798593e-03, 8.41846142e-03,
       8.43345056e-03, 8.44296171e-03, 8.44701911e-03, 8.44566262e-03,
       8.43894733e-03, 8.42694307e-03, 8.40973390e-03, 8.38741744e-03,
       8.36010421e-03, 8.32791680e-03, 8.29098913e-03, 8.24946551e-03,
       8.20349978e-03, 8.15325435e-03, 8.09889926e-03, 8.04061121e-03,
       7.97857260e-03, 7.91297053e-03, 7.84399588e-03, 7.77184237e-03,
       7.69670563e-03, 7.61878234e-03, 7.53826940e-03, 7.45536308e-03,
       7.37025832e-03, 7.28314799e-03, 7.19422224e-03, 7.10366787e-03,
       7.01166783e-03, 6.91840065e-03, 6.82404006e-03, 6.72875455e-03,
       6.63270704e-03, 6.53605460e-03, 6.43894820e-03, 6.34153254e-03,
       6.24394585e-03, 6.14631984e-03, 6.04877960e-03, 5.95144358e-03,
       5.85442362e-03, 5.75782494e-03, 5.66174624e-03, 5.56627980e-03,
       5.47151156e-03, 5.37752129e-03, 5.28438274e-03, 5.19216379e-03,
       5.10092664e-03, 5.01072802e-03, 4.92161938e-03, 4.83364710e-03,
       4.74685269e-03, 4.66127304e-03, 4.57694062e-03, 4.49388367e-03,
       4.41212649e-03, 4.33168958e-03, 4.25258989e-03, 4.17484106e-03,
       4.09845355e-03, 4.02343490e-03, 3.94978991e-03, 3.87752082e-03,
       3.80662749e-03, 3.73710759e-03, 3.66895675e-03, 3.60216873e-03,
       3.53673557e-03, 3.47264774e-03, 3.40989428e-03, 3.34846293e-03,
       3.28834025e-03, 3.22951174e-03, 3.17196197e-03, 3.11567464e-03,
       3.06063274e-03, 3.00681858e-03, 2.95421394e-03, 2.90280009e-03,
       2.85255789e-03, 2.80346789e-03, 2.75551034e-03, 2.70866529e-03,
       2.66291263e-03, 2.61823214e-03, 2.57460356e-03, 2.53200660e-03,
       2.49042099e-03, 2.44982653e-03, 2.41020312e-03, 2.37153078e-03,
       2.33378967e-03, 2.29696013e-03, 2.26102273e-03, 2.22595821e-03,
       2.19174757e-03, 2.15837207e-03, 2.12581322e-03, 2.09405280e-03,
       2.06307290e-03, 2.03285588e-03, 2.00338442e-03, 1.97464151e-03,
       1.94661044e-03, 1.91927484e-03, 1.89261863e-03, 1.86662608e-03,
       1.84128176e-03, 1.81657060e-03, 1.79247781e-03, 1.76898896e-03,
       1.74608991e-03, 1.72376687e-03, 1.70200635e-03, 1.68079516e-03,
       1.66012046e-03, 1.63996968e-03, 1.62033057e-03, 1.60119117e-03,
       1.58253985e-03, 1.56436521e-03, 1.54665619e-03, 1.52940198e-03,
       1.51259207e-03, 1.49621619e-03, 1.48026437e-03, 1.46472687e-03,
       1.44959424e-03, 1.43485725e-03, 1.42050692e-03, 1.40653454e-03,
       1.39293160e-03, 1.37968984e-03, 1.36680121e-03, 1.35425790e-03,
       1.34205229e-03, 1.33017700e-03, 1.31862483e-03, 1.30738879e-03,
       1.29646209e-03, 1.28583813e-03, 1.27551048e-03, 1.26547290e-03,
       1.25571935e-03, 1.24624393e-03, 1.23704093e-03, 1.22810479e-03,
       1.21943012e-03, 1.21101168e-03, 1.20284439e-03, 1.19492332e-03,
       1.18724366e-03, 1.17980077e-03, 1.17259013e-03, 1.16560737e-03,
       1.15884823e-03, 1.15230859e-03, 1.14598445e-03, 1.13987193e-03,
       1.13396727e-03, 1.12826682e-03, 1.12276704e-03, 1.11746451e-03,
       1.11235591e-03, 1.10743801e-03, 1.10270769e-03, 1.09816194e-03,
       1.09379782e-03, 1.08961250e-03, 1.08560323e-03, 1.08176737e-03,
       1.07810233e-03, 1.07460564e-03, 1.07127488e-03, 1.06810773e-03,
       1.06510194e-03, 1.06225533e-03, 1.05956580e-03, 1.05703132e-03,
       1.05464994e-03, 1.05241974e-03, 1.05033892e-03, 1.04840571e-03,
       1.04661840e-03, 1.04497535e-03, 1.04347499e-03, 1.04211580e-03,
       1.04089631e-03, 1.03981511e-03, 1.03887084e-03, 1.03806220e-03,
       1.03738793e-03, 1.03684684e-03, 1.03643777e-03, 1.03615960e-03,
       1.03601128e-03, 1.03599179e-03, 1.03610016e-03, 1.03633546e-03,
       1.03669679e-03, 1.03718331e-03, 1.03779421e-03, 1.03852871e-03,
       1.03938609e-03, 1.04036564e-03, 1.04146671e-03, 1.04268866e-03,
       1.04403089e-03, 1.04549285e-03, 1.04707401e-03, 1.04877387e-03,
       1.05059195e-03])]","[[0, 6.376880005047202e-05, 0.00012384871691641303, 0.0001825152391581995, 0.00024124553029208234, 0.0003010343428045631, 0.0003625839718399736, 0.0004264189976618327, 0.000492956048448709, 0.0005625464367657576, 0.0006355024630665283, 0.0007121138447308937, 0.000792658151510885, 0.0008774075831152216, 0.000966633497989596, 0.0010606095461150123, 0.0011596139243324854, 0.0012639310713897386, 0.0013738529983564694, 0.0014896803763899793, 0.0016117234589565874, 0.0017403028880816755, 0.0018757504171478076, 0.002018409572063831, 0.002168636265808441, 0.002326799376914291, 0.0024932812994988697, 0.002668478470416502, 0.002852801877665965, 0.003046677553133239, 0.0032505470519498315, 0.003464867920122363, 0.003690114151586298, 0.003926776635421389, 0.004175363593615418, 0.004436401009460155, 0.004710433046397658, 0.004998022456897779, 0.005299750980732819, 0.005616219731817758, 0.0059480495726006955, 0.0062958814748151634, 0.0066603768652412675, 0.007042217954964485, 0.007442108050467802, 0.007860771844743503, 0.008298955686464523, 0.00875742782511109, 0.009236978629806053, 0.009738420779471353, 0.010262589421778802, 0.010810342298230333, 0.011382559832566717, 0.0119801451795696, 0.012604024231190123, 0.013255145576809029, 0.013934480414308687, 0.014643022408517907, 0.015381787493476694, 0.016151813614861427, 0.016954160408812584, 0.017789908813318534, 0.018660160608231578, 0.01956603787992817, 0.020508682492052826, 0.02148925759576305, 0.02250895351550232, 0.023568993170439395, 0.024670635415470488, 0.025815177045753444, 0.027003953987792532, 0.028238341986459744, 0.02951975696973325, 0.030849655195908786, 0.03222953324157663, 0.033660927860651356, 0.03514541572787477, 0.03668461307006023, 0.03828017518223532, 0.039933795822157704, 0.041647206474454294, 0.04342217547428393, 0.0452605069796022, 0.04716403978060768, 0.04913464593465416, 0.0511742292147554, 0.05328472335975391, 0.05546809011425563, 0.05772631704654473, 0.06006141513288882, 0.06247541609693115, 0.06497036949325243, 0.06754833952468027, 0.07021140158354104, 0.07296163850779756, 0.07580113654390905, 0.0787319810092969, 0.08175625164851273, 0.08487601767859218, 0.08809333252064902, 0.09141022821652463, 0.09482870953126502, 0.09835074774435285, 0.10197827413497866, 0.10571317316918988, 0.10955727539950585, 0.11351235009052284, 0.11758009758714412, 0.12176214144534156, 0.12606002034876673, 0.13047517983805823, 0.13500896388330896, 0.13966260633382918, 0.14443722228303182, 0.14933379938993135, 0.15435318920234242, 0.1594960985303361, 0.16476308092180772, 0.170154528295071, 0.17567066278616186, 0.18131152887094554, 0.18707698582411547, 0.19296670057868692, 0.19898014105056303, 0.2051165699931305, 0.2113750394465729, 0.21775438584562523, 0.22425322584779506, 0.23086995294161386, 0.23760273489123454, 0.2444495120696511, 0.25140799672798647, 0.2584756732426915, 0.26564979937615385, 0.272927408579174, 0.2803053133560879, 0.2877801097050734, 0.29534818263746354, 0.30300571277079197, 0.31074868398094113, 0.31857289208925627, 0.3264739545509672, 0.33444732110184944, 0.34248828531089653, 0.3505919969779987, 0.3587534753073587, 0.3669676227797548, 0.37522923963989535, 0.3835330389091075, 0.3918736618285592, 0.40024569363420054, 0.4086436795616932, 0.41706214097781397, 0.4254955915341928, 0.43393855323977787, 0.44238557235009845, 0.4508312349741763, 0.4592701823037698, 0.4676971253744481, 0.47610685927369956, 0.4844942767177798, 0.49285438092619277, 0.5011822977304531, 0.5094732868619773, 0.5177227523724743, 0.5259262521489146, 0.5340795064939464, 0.5421784057513587, 0.5502190169647658, 0.5581975895659977, 0.5661105600976284, 0.573954555981581, 0.5817263983527428, 0.5894231039829431, 0.5970418863264467, 0.6045801557232701, 0.6120355188010975, 0.6194057771203745, 0.6266889251102619, 0.6338831473455797, 0.64098681521666, 0.6479984830451969, 0.6549168836997697, 0.6617409237647456, 0.6684696783158074, 0.67510238535443, 0.6816384399523016, 0.688077388155007, 0.6944189206923047, 0.7006628665400886, 0.7068091863766774, 0.7128579659734706, 0.718809409557279, 0.7246638331788435, 0.7304216581192065, 0.7360834043627583, 0.741649684162955, 0.7471211957239285, 0.7524987170185176, 0.7577830997606292, 0.7629752635473545, 0.7680761901838783, 0.7730869182019802, 0.7780085375808199, 0.7828421846767378, 0.787589037366987, 0.7922503104106453, 0.7968272510284339, 0.8013211347017926, 0.8057332611903205, 0.8100649507655897, 0.8143175406583615, 0.8184923817153866, 0.8225908352612289, 0.8266142701599276, 0.8305640600707863, 0.8344415808921385, 0.8382482083865992, 0.8419853159810377, 0.8456542727343122, 0.8492564414656759, 0.8527931770366864, 0.8562658247794306, 0.8596757190638993, 0.86302418199741, 0.866312522249071, 0.8695420339924104, 0.8727139959594489, 0.8758296705996614, 0.8788903033374746, 0.8818971219221449, 0.8848513358640825, 0.887754135951911, 0.8906066938447808, 0.8934101617346908, 0.8961656720738063, 0.8988743373619971, 0.9015372499900536, 0.9041554821342669, 0.9067300856982894, 0.9092620922984096, 0.9117525132885951, 0.9142023398218627, 0.9166125429447433, 0.9189840737217988, 0.9213178633873423, 0.9236148235216896, 0.9258758462494454, 0.9281018044574945, 0.9302935520305199, 0.9324519241020293, 0.9345777373190051, 0.9366717901184343, 0.9387348630140995, 0.9407677188921344, 0.9427711033139619, 0.9447457448253387, 0.9466923552703334, 0.9486116301091589, 0.9505042487388705, 0.9523708748160227, 0.9542121565804589, 0.9560287271794784, 0.9578212049916964, 0.9595901939499738, 0.9613362838628549, 0.9630600507340066, 0.9647620570792022, 0.9664428522404418, 0.9681029726968478, 0.9697429423720093, 0.9713632729374945, 0.9729644641122778, 0.9745470039578673, 0.9761113691689437, 0.9776580253593509, 0.979187427343303, 0.9807000194116975, 0.9821962356034425, 0.9836764999717281, 0.9851412268451882, 0.9865908210839156, 0.9880256783303081, 0.9894461852547362, 0.9908527197960363, 0.9922456513968414, 0.9936253412337759, 0.9949921424425437, 0.9963464003379535, 0.9976884526289259, 0.9990186296285383, 1.0003372544591655, 1.0016446432527817, 1.0029411053464903, 1.0042269434733555, 1.0055024539486108, 1.0067679268513205, 1.0080236462015768, 1.0092698901333137, 1.0105069310628196, 1.0117350358530368, 1.0129544659737293, 1.0141654776576075, 1.0153683220524958, 1.0165632453696292, 1.0177504890281635, 1.0189302897959884, 1.0201028799269267, 1.021268487294404, 1.0224273355216742, 1.0235796441086837, 1.0247256285556559, 1.0258655004834776, 1.026999467750966, 1.0281277345690976, 1.0292505016122722, 1.0303679661266925, 1.03148032203593, 1.0325877600437534, 1.0336904677342884, 1.0347886296695807, 1.0358824274846319, 1.0369720399799707, 1.0380576432118325, 1.0391394105800034, 1.0402175129133968, 1.041292118553421, 1.042363393435197, 1.0434315011666857, 1.0444966031057799, 1.0455588584354152, 1.0466184242367547, 1.047675455560498, 1.0487301054963645, 1.0497825252408022, 1.0508328641629647, 1.0518812698690088, 1.0529278882647504, 1.0539728636167276, 1.0550163386117095, 1.056058454414691, 1.0570993507254152, 1.0581391658334596, 1.0591780366719223, 1.0602160988697442, 1.0612534868027017, 1.0622903336431009, 1.0633267714082077, 1.064362931007442, 1.0653989422883667, 1.0664349340814985, 1.0674710342439688, 1.0685073697020604, 1.0695440664926446, 1.0705812498035427, 1.0716190440128353, 1.0726575727271404, 1.0736969588188818, 1.0747373244625684, 1.075778791170101, 1.0768214798251268, 1.0778655107164594, 1.078911003570577, 1.0799580775832172, 1.0810068514500821, 1.082057443396667]]"
40.0,40.0,3,60,360,I1-S1,"[[0.01, 0.009218546420913139, 0.008861068736292907, 0.0087750579360058, 0.00886844229189879, 0.00908548694421914, 0.0093923575169944, 0.009768501377912882, 0.010201469158830072, 0.01068379966850532, 0.011211140672580496, 0.011781111494775702, 0.012392611522758027, 0.01304539731630518, 0.013739822017748564, 0.014476673268529203, 0.015257071285011236, 0.016082403991150768, 0.01695428524395148, 0.01787452767196457, 0.018845124944189037, 0.019868240273910005, 0.0209461991640205, 0.022081485131112105, 0.023276737592931668, 0.02453475138015179, 0.025858477506190726, 0.02725102493849172, 0.028715663185556614, 0.03025582556079794, 0.031875113015815734, 0.03357729845743764, 0.035366331478111, 0.03724634344007044, 0.03922165286142351, 0.04129677105773375, 0.04347640799637689, 0.04576547832326511, 0.04816910752272225, 0.050692638171522524, 0.05334163624749756, 0.056121897451760105, 0.059039453501550446, 0.06210057834802953, 0.06531179427005428, 0.06867987779109863, 0.07221186536204546, 0.07591505874757963, 0.07979703004836938, 0.08386562628513702, 0.08812897346409419, 0.0925954800360578, 0.0972738396538752, 0.10217303312458213, 0.10730232944400679, 0.11267128579233886, 0.11828974635952896, 0.1241678398593091, 0.13031597558017208, 0.13674483781087948, 0.14346537846705337, 0.15048880773423962, 0.15782658253161647, 0.1654903925893937, 0.17349222445152104, 0.18184516521360244, 0.19056384945826735, 0.19966398240844388, 0.20916194588843, 0.21907453556233047, 0.2294187860083625, 0.24021185316499413, 0.2514709327593312, 0.26321319976660373, 0.2754557585076447, 0.28821559620708803, 0.301509535093641, 0.3153541797014865, 0.3297658571273415, 0.3447605487539759, 0.36035381247110976, 0.37656069478271936, 0.39339563243923464, 0.41087234341221973, 0.42900370716534136, 0.4478016342883778, 0.4672769256646706, 0.4874391214466477, 0.5082963402257481, 0.529855108906961, 0.5521201839373154, 0.575094364693797, 0.5987783000100795, 0.6231702890129819, 0.6482660776477462, 0.6740586524943364, 0.7005380337124733, 0.7276910691977418, 0.7555012322807247, 0.7839484255507834, 0.8130087936300636, 0.8426545479549553, 0.87285380683422, 0.9035704542372825, 0.9347640209141195, 0.9663895915507501, 0.9983977417123024, 1.0307345083098305, 1.0633413972386938, 1.096155431667323, 1.1291092441986066, 1.1621312157765482, 1.1951456637647226, 1.2280730810793457, 1.2608304276200188, 1.2933314745101776, 1.3254872008449332, 1.3572062417579187, 1.3883953856759155, 1.4189601176488906, 1.4488052046451485, 1.4778353177108028, 1.505955684935993, 1.5330727682747685, 1.559094956459323, 1.5839332655596428, 1.6075020381923177, 1.6297196320001686, 1.65050908782655, 1.6697987680090263, 1.6875229554252875, 1.703622404342216, 1.7180448347428423, 1.7307453626248577, 1.7416868597610917, 1.7508402375637682, 1.758184650971854, 1.7637076196517172, 1.76740506522974, 1.7692812647239127, 1.769348721771808, 1.767627958627796, 1.7641472331883556, 1.758942186469911, 1.752055426982389, 1.7435360592926452, 1.7334391647399865, 1.721825242742277, 1.7087596214128595, 1.694311846298906, 1.6785550559594997, 1.661565352840112, 1.6434211774866152, 1.6242026935970126, 1.6039911907553157, 1.5828685109532956, 1.5609165042063502, 1.5382165177331144, 1.5148489223171715, 1.4908926786239374, 1.4664249454249003, 1.4415207309007148, 1.4162525874672207, 1.3906903499044876, 1.3649009159758791, 1.338948068206619, 1.31289233505169, 1.2867908893211588, 1.2606974814453467, 1.2346624049491883, 1.2087324913599418, 1.1829511316893877, 1.1573583216044885, 1.1319907274223426, 1.1068817701293134, 1.0820617247235145, 1.0575578323077859, 1.0333944225105745, 1.0095930439789156, 0.9861726008656937, 0.9631494934177938, 0.9405377609585212, 0.9183492257432068, 0.8965936363482846, 0.8752788094289019, 0.8544107688464208, 0.8339938813235551, 0.814030987930359, 0.7945235308382046, 0.7754716749009426, 0.7568744237325762, 0.738729730049185, 0.7210346001298548, 0.7037851923275098, 0.686976909626401, 0.6706044862992618, 0.6546620687645209, 0.6391432907832109, 0.624041343167094, 0.6093490381947753, 0.5950588689519242, 0.5811630638258698, 0.5676536363944176, 0.5545224309543788, 0.5417611639375703, 0.5293614614614454, 0.5173148932585306, 0.5056130032238944, 0.4942473368133292, 0.48320946551714145, 0.4724910086256824, 0.462083652493302, 0.45197916749746536, 0.442169422879536, 0.4326463996433652, 0.4234022016774566, 0.41442906525621714, 0.40571936706574996, 0.3972656308898585, 0.38906053308247385, 0.3810969069436311, 0.37336774610743495, 0.36586620704219025, 0.35858561075504264, 0.3515194437860823, 0.3446613585699089, 0.33800517323613466, 0.3315448709142011, 0.32527459860219765, 0.3191886656540761, 0.3132815419347404, 0.3075478556879403, 0.30198239115768916, 0.29658008600004176, 0.2913360285184926, 0.2862454547529659, 0.2813037454493485, 0.2765064229337492, 0.27184914791313636, 0.2673277162216878, 0.26293805553007704, 0.25867622203299256, 0.25453839712843446, 0.250520884100741, 0.24662010481785118, 0.24283259645199856, 0.23915500823184688, 0.23558409823300436, 0.2321167302128872, 0.2287498704950297, 0.22548058490715442, 0.22230603577661034, 0.2192234789861554, 0.21623026109249288, 0.21332381650946636, 0.2105016647573668, 0.20776140777940444, 0.20510072732604206, 0.20251738240757203, 0.20000920681504122, 0.19757410670938433, 0.1952100582784114, 0.1929151054611104, 0.1906873577385622, 0.18852498799062764, 0.18642623041744502, 0.18438937852467643, 0.18241278317135484, 0.18049485067911333, 0.17863404100151975, 0.17682886595219308, 0.1750778874903423, 0.17337971606234062, 0.17173300899792884, 0.1701364689596306, 0.16858884244395553, 0.1670889183329666, 0.16563552649479363, 0.1642275364316825, 0.16286385597418362, 0.16154343002009855, 0.1602652393168225, 0.15902829928574147, 0.15783165888736572, 0.15667439952590592, 0.1555556339920244, 0.1544745054425208, 0.15343018641573963, 0.15242187788151537, 0.15144880832450058, 0.15051023285975085, 0.14960543237947088, 0.14873371272985506, 0.1478944039169853, 0.1470868593407788, 0.14631045505600665, 0.1455645890594338, 0.14484868060215886, 0.14416216952625968, 0.1435045156248792, 0.14287519802491178, 0.14227371459147742, 0.14169958135339655, 0.14115233194890356, 0.14063151709086133, 0.14013670405076348, 0.1396674761608338, 0.1392234323335553, 0.13880418659798296, 0.13840936765221598, 0.13803861843142537, 0.13769159569085346, 0.13736796960322054, 0.13706742336999334, 0.1367896528459875, 0.13653436617679415, 0.13630128344853717, 0.13609013634948489, 0.13590066784305438, 0.13573263185176315, 0.1355857929516963, 0.13545992607707216, 0.13535481623450307, 0.13527025822655997, 0.13520605638426314, 0.1351620243081329, 0.1351379846174458, 0.13513376870735283, 0.13514921651352707, 0.13518417628401805, 0.13523850435800058, 0.13531206495111436, 0.13540472994710054, 0.13551637869544936, 0.13564689781478176, 0.1357961810016955, 0.135964128844814, 0.13615064864378346, 0.13635565423297052, 0.13657906580961943, 0.13682080976623434, 0.1370808185269578, 0.1373590303877229, 0.13765538935996144, 0.1379698450176564, 0.13830235234753152, 0.13865287160217565, 0.13902136815590432, 0.13940781236316532, 0.139812179419299, 0.14023444922346812, 0.1406746062435759, 0.14113263938299458, 0.14160854184893026, 0.14210231102225257, 0.14261394832862218, 0.14314345911075044, 0.14369085250163005, 0.14425614129857717, 0.14483934183792885, 0.14544047387024184, 0.1460595604358416, 0.1466966277405726, 0.1473517050316035, 0.14802482447314275, 0.14871602102192308]]","[[0.01, 0.011673645222856313, 0.01362924433757481, 0.01580189464359648, 0.018156395208548122, 0.02067530918897123, 0.02335184114488883, 0.026185637579771315, 0.029180297653030846, 0.03234190450550688, 0.03567816498813623, 0.03919791214140698, 0.0429108236998573, 0.04682726907937405, 0.05095823268871874, 0.05531528254635824, 0.05991056580271659, 0.06475682029280053, 0.06986739572516491, 0.07525628077679489, 0.08093813394290668, 0.08692831692402887, 0.09324292988163904, 0.09989884821419534, 0.10691376069066058, 0.11430620888394737, 0.1220956279050224, 0.13030238846919126, 0.13894784034085286, 0.14805435720852386, 0.15764538304211956, 0.1677454799816048, 0.17838037780145916, 0.18957702498963463, 0.2013636414731573, 0.21376977301539082, 0.22682634730226994, 0.24056573172648785, 0.2550217928696145, 0.2702299576723346, 0.28622727627231853, 0.3030524864775622, 0.32074607983022907, 0.3393503692019807, 0.3589095578463608, 0.37946980981687295, 0.40107932164083526, 0.42378839511877064, 0.44764951109686596, 0.47271740403577206, 0.499049137172585, 0.5267041780441145, 0.5557444741083767, 0.5862345281675225, 0.6182414732590118, 0.6518351466426572, 0.6870881624691009, 0.7240759826702685, 0.7628769855643149, 0.8035725316165053, 0.8462470257433621, 0.8909879754902905, 0.9378860443528608, 0.9870350994491, 1.0385323373855218, 1.092479248557353, 1.1489824354280906, 1.2081534748159095, 1.27010874480075, 1.3349692996202682, 1.4028607770030175, 1.4739133258810369, 1.5482615449102748, 1.6260444240492755, 1.7074052827858477, 1.792491699586497, 1.8814554278668754, 1.9744522943114216, 2.071642075757501, 2.173188351142378, 2.2792583252201513, 2.390022620913943, 2.505655037295153, 2.6263322702920684, 2.7522335933376714, 2.8835404952824097, 3.0204362730318586, 3.163105576530438, 3.3117339039086677, 3.466507044850074, 3.627610470521441, 3.795228668752586, 3.9695444235543933, 4.1507380385309816, 4.3389865042769475, 4.534462610456062, 4.737334003934504, 4.947762195089291, 5.165901515228599, 5.39189802894097, 5.625888406128494, 5.867998759465977, 6.118343454052501, 6.377023897069499, 6.644127316313654, 6.919725537514102, 7.203873771349516, 7.496609422027259, 7.797950930147737, 8.107896663324421, 8.42642386863538, 8.75348770141675, 9.08902034514463, 9.432930237163275, 9.785101414780847, 10.145392995750154, 10.513638806365933, 10.88964716933435, 11.273200862202495, 11.66405725548221, 12.061948637677832, 12.466582732254476, 12.8776434091936, 13.294791591215878, 13.717666352054813, 14.145886201392077, 14.579050548276168, 15.016741332102018, 15.45852480759483, 15.903953467780054, 16.352568086694248, 16.803899861654457, 17.257472633306467, 17.712805160455424, 18.16941342587681, 18.626812948931082, 19.084521080869102, 19.54205925921335, 19.998955198515297, 20.45474499609465, 20.908975133023784, 21.36120435258424, 21.811005400638475, 22.25796661477114, 22.70169335159943, 23.141809244269655, 23.577957284787196, 24.009800728412237, 24.437023819841546, 24.859332343240805, 25.27645400035293, 25.68813862285391, 26.094158226834463, 26.49430691873813, 26.888400663275196, 27.276276924756733, 27.657794193959077, 28.032831413047656, 28.40128731127574, 28.76307966414839, 29.118144488526628, 29.466435185766116, 29.807921644463182, 30.142589313744427, 30.470438257308942, 30.791482197637837, 31.105747558946586, 31.413272516591583, 31.714106059771044, 32.008307073498095, 32.29594344498341, 32.57709119875732, 32.8518336640959, 33.12026067759825, 33.38246782309881, 33.638555710490806, 33.88862929448807, 34.13279723386065, 34.371171291246256, 34.60386577326093, 34.83099701030708, 35.05268287520191, 35.269042339520425, 35.48019506636178, 35.68626103810107, 35.88736021757757, 36.083612241090826, 36.275136141524094, 36.462050099887314, 36.64447122356506, 36.822515349566615, 36.9962968711014, 37.1659285858421, 37.331521564286405, 37.49318503668529, 37.65102629706852, 37.805150622965286, 37.95566120948812, 38.10265911652021, 38.246243227818866, 38.386510220920414, 38.52355454680314, 38.65746841833521, 38.78834180660216, 38.916262444274494, 39.04131583523867, 39.16358526977501, 39.28315184462311, 39.40009448732943, 39.51448998432268, 39.626413012210435, 39.735936171835405, 39.843130024671254, 39.948063131177314, 40.05080209076726, 40.151411583080645, 40.24995441027693, 40.346491540100374, 40.441082149490356, 40.53378366853583, 40.624651824594835, 40.71374068642008, 40.80110270815033, 40.886788773044, 40.97084823684679, 41.053328970699205, 41.1342774035023, 41.21373856367165, 41.29175612021962, 41.368372423115716, 41.44362854288286, 41.51756430939515, 41.590218349849444, 41.66162812588921, 41.731829969864286, 41.80085912021533, 41.86874975597573, 41.93553503038772, 42.00124710363273, 42.06591717467888, 42.129575512251265, 42.1922514849327, 42.25397359040473, 42.31476948384032, 42.37466600546098, 42.433689207272515, 42.49186437899436, 42.54921607319846, 42.60576812967434, 42.661543699037445, 42.71656526559836, 42.770854669510854, 42.82443312821669, 42.877321257205594, 42.92953909010854, 42.981106098142604, 43.03204120892561, 43.08236282467854, 43.132088839833585, 43.1812366580655, 43.229823208763605, 43.277864962961566, 43.325377948741796, 43.37237776613093, 43.418879601502496, 43.46489824150268, 43.510448086514536, 43.5555431636757, 43.60019713946439, 43.644423331867934, 43.68823472214778, 43.731643966214556, 43.7746634056263, 43.81730507822275, 43.859580728408055, 43.90150181709393, 43.94307953131501, 43.98432479352769, 44.02524827060344, 44.065860382527184, 44.10617131081107, 44.146191006633565, 44.18592919871349, 44.22539540092832, 44.26459891968571, 44.303548861057, 44.34225413768102, 44.380723475446366, 44.41896541995999, 44.45698834280955, 44.49480044762701, 44.53240977596032, 44.56982421296014, 44.6070514928881, 44.64409920445282, 44.68097479598002, 44.7176855804223, 44.75423874021453, 44.79064133198014, 44.82690029109355, 44.863022436104, 44.899014473025424, 44.93488299949725, 44.970634508820574, 45.00627539387407, 45.041811950913896, 45.07725038326153, 45.11259680488354, 45.14785724386697, 45.18303764579399, 45.218143877019145, 45.253181727852784, 45.2881569156536, 45.32307508783357, 45.35794182477813, 45.39276264268448, 45.42754299632081, 45.46228828170893, 45.497003838732994, 45.53169495367658, 45.566366861690575, 45.60102474919406, 45.635673756210245, 45.67031897863962, 45.70496547047224, 45.73961824594099, 45.77428228161766, 45.80896251845355, 45.843663863766224, 45.87839119317401, 45.91314935247971, 45.94794315950497, 45.98277740587672, 46.017656858766784, 46.052586262586225, 46.08757034063519, 46.12261379670973, 46.15772131666641, 46.19289756994575, 46.22814721105551, 46.2634748810146, 46.298885208758506, 46.33438281250696, 46.369972301094585, 46.40565827526529, 46.44144532893083, 46.47733805039433, 46.513341023539134, 46.54945882898359, 46.58569604520211, 46.62205724961297, 46.65854701963317, 46.69516993370064, 46.73193057226414, 46.76883351874101, 46.80588336044296, 46.84308468947007, 46.88044210357312, 46.9179602069843, 46.95564361121631, 46.99349693582988, 47.03152480916967, 47.06973186906844, 47.1081227635194, 47.14670215131658, 47.18547470266307]]","[array([6.37688001e-05, 6.00799169e-05, 5.86665222e-05, 5.87302911e-05,
       5.97888137e-05, 6.15496463e-05, 6.38351318e-05, 6.65374621e-05,
       6.95915933e-05, 7.29589475e-05, 7.66175670e-05, 8.05561436e-05,
       8.47703789e-05, 8.92607509e-05, 9.40311326e-05, 9.90879283e-05,
       1.04439527e-04, 1.10095953e-04, 1.16068640e-04, 1.22370283e-04,
       1.29014744e-04, 1.36016989e-04, 1.43393048e-04, 1.51160000e-04,
       1.59335959e-04, 1.67940075e-04, 1.76992549e-04, 1.86514640e-04,
       1.96528688e-04, 2.07058140e-04, 2.18127571e-04, 2.29762722e-04,
       2.41990525e-04, 2.54839144e-04, 2.68338009e-04, 2.82517853e-04,
       2.97410756e-04, 3.13050180e-04, 3.29471017e-04, 3.46709624e-04,
       3.64803870e-04, 3.83793177e-04, 4.03718559e-04, 4.24622668e-04,
       4.46549830e-04, 4.69546084e-04, 4.93659223e-04, 5.18938823e-04,
       5.45436278e-04, 5.73204830e-04, 6.02299592e-04, 6.32777570e-04,
       6.64697678e-04, 6.98120747e-04, 7.33109533e-04, 7.69728708e-04,
       8.08044849e-04, 8.48126420e-04, 8.90043736e-04, 9.33868921e-04,
       9.79675857e-04, 1.02754011e-03, 1.07753883e-03, 1.12975081e-03,
       1.18425897e-03, 1.24115591e-03, 1.30054302e-03, 1.36252744e-03,
       1.42721987e-03, 1.49473317e-03, 1.56518134e-03, 1.63867895e-03,
       1.71534057e-03, 1.79528052e-03, 1.87861244e-03, 1.96544908e-03,
       2.05590187e-03, 2.15008062e-03, 2.24809308e-03, 2.35004442e-03,
       2.45603671e-03, 2.56616828e-03, 2.68053304e-03, 2.79921972e-03,
       2.92231103e-03, 3.04988276e-03, 3.18200280e-03, 3.31873009e-03,
       3.46011357e-03, 3.60619093e-03, 3.75698747e-03, 3.91251479e-03,
       4.07276951e-03, 4.23773187e-03, 4.40736445e-03, 4.58161071e-03,
       4.76039365e-03, 4.94361447e-03, 5.13115118e-03, 5.32285738e-03,
       5.51856101e-03, 5.71806327e-03, 5.92113755e-03, 6.12752864e-03,
       6.33695196e-03, 6.54909308e-03, 6.76360738e-03, 6.98011998e-03,
       7.19822594e-03, 7.41749072e-03, 7.63745094e-03, 7.85761547e-03,
       8.07746688e-03, 8.29646314e-03, 8.51403985e-03, 8.72961258e-03,
       8.94257979e-03, 9.15232595e-03, 9.35822497e-03, 9.55964403e-03,
       9.75594757e-03, 9.94650155e-03, 1.01306779e-02, 1.03078590e-02,
       1.04774426e-02, 1.06388461e-02, 1.07915114e-02, 1.09349096e-02,
       1.10685449e-02, 1.11919593e-02, 1.13047357e-02, 1.14065024e-02,
       1.14969350e-02, 1.15757602e-02, 1.16427570e-02, 1.16977589e-02,
       1.17406548e-02, 1.17713894e-02, 1.17899636e-02, 1.17964332e-02,
       1.17909086e-02, 1.17735526e-02, 1.17445782e-02, 1.17042467e-02,
       1.16528639e-02, 1.15907775e-02, 1.15183731e-02, 1.14360705e-02,
       1.13443194e-02, 1.12435960e-02, 1.11343981e-02, 1.10172410e-02,
       1.08926539e-02, 1.07611753e-02, 1.06233491e-02, 1.04797215e-02,
       1.03308365e-02, 1.01772336e-02, 1.00194441e-02, 9.85798851e-03,
       9.69337433e-03, 9.52609356e-03, 9.35662096e-03, 9.18541240e-03,
       9.01290359e-03, 8.83950895e-03, 8.66562087e-03, 8.49160912e-03,
       8.31782053e-03, 8.14457883e-03, 7.97218476e-03, 7.80091624e-03,
       7.63102877e-03, 7.46275592e-03, 7.29630994e-03, 7.13188250e-03,
       6.96964543e-03, 6.80975158e-03, 6.65233572e-03, 6.49751544e-03,
       6.34539214e-03, 6.19605194e-03, 6.04956666e-03, 5.90599477e-03,
       5.76538234e-03, 5.62776392e-03, 5.49316348e-03, 5.36159521e-03,
       5.23306441e-03, 5.10756824e-03, 4.98509650e-03, 4.86563233e-03,
       4.74915289e-03, 4.63563000e-03, 4.52503075e-03, 4.41731801e-03,
       4.31245103e-03, 4.21038584e-03, 4.11107575e-03, 4.01447175e-03,
       3.92052288e-03, 3.82917660e-03, 3.74037906e-03, 3.65407545e-03,
       3.57021022e-03, 3.48872734e-03, 3.40957052e-03, 3.33268335e-03,
       3.25800957e-03, 3.18549311e-03, 3.11507833e-03, 3.04671007e-03,
       2.98033380e-03, 2.91589566e-03, 2.85334260e-03, 2.79262243e-03,
       2.73368384e-03, 2.67647651e-03, 2.62095109e-03, 2.56705928e-03,
       2.51475384e-03, 2.46398859e-03, 2.41471847e-03, 2.36689950e-03,
       2.32048881e-03, 2.27544463e-03, 2.23172630e-03, 2.18929426e-03,
       2.14811002e-03, 2.10813619e-03, 2.06933644e-03, 2.03167545e-03,
       1.99511899e-03, 1.95963380e-03, 1.92518764e-03, 1.89174922e-03,
       1.85928823e-03, 1.82777528e-03, 1.79718189e-03, 1.76748047e-03,
       1.73864432e-03, 1.71064754e-03, 1.68346510e-03, 1.65707275e-03,
       1.63144702e-03, 1.60656519e-03, 1.58240530e-03, 1.55894609e-03,
       1.53616699e-03, 1.51404811e-03, 1.49257021e-03, 1.47171469e-03,
       1.45146356e-03, 1.43179942e-03, 1.41270545e-03, 1.39416540e-03,
       1.37616354e-03, 1.35868468e-03, 1.34171413e-03, 1.32523768e-03,
       1.30924163e-03, 1.29371269e-03, 1.27863805e-03, 1.26400533e-03,
       1.24980253e-03, 1.23601810e-03, 1.22264084e-03, 1.20965996e-03,
       1.19706499e-03, 1.18484585e-03, 1.17299279e-03, 1.16149639e-03,
       1.15034752e-03, 1.13953741e-03, 1.12905754e-03, 1.11889970e-03,
       1.10905595e-03, 1.09951863e-03, 1.09028032e-03, 1.08133388e-03,
       1.07267238e-03, 1.06428915e-03, 1.05617773e-03, 1.04833190e-03,
       1.04074563e-03, 1.03341312e-03, 1.02632875e-03, 1.01948709e-03,
       1.01288292e-03, 1.00651118e-03, 1.00036698e-03, 9.94445627e-04,
       9.88742565e-04, 9.83253406e-04, 9.77973917e-04, 9.72900011e-04,
       9.68027747e-04, 9.63353321e-04, 9.58873065e-04, 9.54583444e-04,
       9.50481048e-04, 9.46562590e-04, 9.42824902e-04, 9.39264933e-04,
       9.35879742e-04, 9.32666500e-04, 9.29622479e-04, 9.26745058e-04,
       9.24031711e-04, 9.21480012e-04, 9.19087625e-04, 9.16852309e-04,
       9.14771907e-04, 9.12844350e-04, 9.11067651e-04, 9.09439906e-04,
       9.07959285e-04, 9.06624040e-04, 9.05432492e-04, 9.04383037e-04,
       9.03474140e-04, 9.02704334e-04, 9.02072219e-04, 9.01576459e-04,
       9.01215780e-04, 9.00988971e-04, 9.00894877e-04, 9.00932403e-04,
       9.01100510e-04, 9.01398214e-04, 9.01824583e-04, 9.02378737e-04,
       9.03059848e-04, 9.03867135e-04, 9.04799867e-04, 9.05857357e-04,
       9.07038965e-04, 9.08344096e-04, 9.09772196e-04, 9.11322753e-04,
       9.12995298e-04, 9.14789400e-04, 9.16704665e-04, 9.18740741e-04,
       9.20897307e-04, 9.23174083e-04, 9.25570821e-04, 9.28087305e-04,
       9.30723355e-04, 9.33478821e-04, 9.36353584e-04, 9.39347557e-04,
       9.42460678e-04, 9.45692917e-04, 9.49044270e-04, 9.52514760e-04,
       9.56104434e-04, 9.59813367e-04, 9.63641654e-04, 9.67589418e-04,
       9.71656799e-04, 9.75843963e-04, 9.80151095e-04, 9.84578399e-04,
       9.89126099e-04])]","[[0, 6.376880005047202e-05, 0.00012384871691641303, 0.0001825152391581995, 0.0002412455303025799, 0.00030103434401953464, 0.0003625839903349201, 0.00042641912212619293, 0.0004929565842649551, 0.000562548177584456, 0.0006355071250793698, 0.0007121246921202929, 0.0007926808357688122, 0.0008774512146251653, 0.0009667119654797449, 0.001060743098125429, 0.001159831026433905, 0.0012642705532896039, 0.0013743665060055434, 0.0014904351455800077, 0.00161280542853812, 0.0017418201727303598, 0.0018778371614965846, 0.002021230209950213, 0.0021723902103306207, 0.0023317261689297544, 0.002499666244125497, 0.0026766587930051816, 0.0028631734326050973, 0.003059702120720153, 0.003266760260423476, 0.003484887831796549, 0.003714650553853198, 0.00395664107920946, 0.004211480223681397, 0.004479818232666418, 0.004762336085867353, 0.0050597468416421505, 0.005372797021997203, 0.0057022680389821325, 0.006048977662982363, 0.0064137815331377175, 0.006797574709835809, 0.007201293268933797, 0.007625915937046923, 0.00807246576690323, 0.008542011851397137, 0.00903567107457639, 0.009554609897363548, 0.01010004617534117, 0.010673251005415345, 0.011275550597611862, 0.01190832816764939, 0.012573025845271183, 0.013271146592597538, 0.014004256125982299, 0.01477398483401486, 0.015582029683401548, 0.016430156103484233, 0.01732019983910717, 0.018254068760423608, 0.019233744617040287, 0.020261284722629728, 0.021338823554797565, 0.022468574361922095, 0.023652833333603906, 0.024893989245969438, 0.026194532270323787, 0.02755705971200832, 0.028984279585920467, 0.030479012753107926, 0.032044194096520595, 0.03368287304288166, 0.03539821361773174, 0.03719349413709619, 0.03907210658128336, 0.041037555656447657, 0.04309345752233598, 0.04524353814623791, 0.04749163123086759, 0.049841675655819255, 0.05229771236704476, 0.05486388064560826, 0.05754441368519087, 0.0603436334070735, 0.06326594444140342, 0.06631582720434252, 0.06949783000217634, 0.07281656009566023, 0.07627667366086006, 0.07988286458660067, 0.08363985205347504, 0.08755236684530686, 0.09162513635111688, 0.09586286822413512, 0.10027023267433054, 0.10485184338239041, 0.10961223703614416, 0.11455585150513961, 0.11968700268545941, 0.12500986006489434, 0.13052842107820842, 0.13624648434333203, 0.14216762189174592, 0.14829515052985806, 0.15463210249255463, 0.16118119557499255, 0.16794480295369943, 0.17492492293270243, 0.18212314887421038, 0.1895406395957604, 0.19717809053610913, 0.2050357060098677, 0.21311317288529677, 0.2214096360301513, 0.22992367587636292, 0.23865328845509082, 0.2475958682487384, 0.25674819419549555, 0.2661064191645018, 0.2756660631956542, 0.28542201076736823, 0.2953685123183795, 0.3054991902062627, 0.3158070492362466, 0.3262844918398036, 0.336923337924256, 0.347714849353295, 0.35864975895502044, 0.36971830389015675, 0.3809102631498433, 0.39221499889122713, 0.40362150126139285, 0.4151184363072874, 0.4266941965224862, 0.4383369535420082, 0.45003471246486354, 0.46177536726134105, 0.47354675670871577, 0.48533672029534386, 0.4971331535390124, 0.508924062180687, 0.5206976147389643, 0.5324421929428891, 0.5441464396004426, 0.5557993035058963, 0.5673900810401872, 0.5789084541732457, 0.5903445246345114, 0.6016888440764129, 0.6129324401141151, 0.6240668381821765, 0.63508407920384, 0.6459767331205484, 0.6567379083771397, 0.667361257501388, 0.6778409789546163, 0.6881718154627153, 0.698349049063859, 0.7083684931305053, 0.7182264816390059, 0.72791985597053, 0.7374459495323628, 0.7468025704893493, 0.7559879828917682, 0.7650008864787332, 0.7738403954258417, 0.7825060162927386, 0.7909976254110573, 0.7993154459363355, 0.807460024769441, 0.8154322095342325, 0.8232331257789982, 0.8308641545500242, 0.8383269104667405, 0.8456232204095404, 0.852755102913774, 0.8597247483467556, 0.8665344999290223, 0.87318683564663, 0.879684351088034, 0.8860297432271016, 0.8922257951630452, 0.8982753618185331, 0.9041813565888881, 0.9099467389280824, 0.9155745028510985, 0.9210676663271106, 0.9264292615337436, 0.9316623259393282, 0.9367698941775078, 0.9417549906766813, 0.9466206230055134, 0.9513697758950368, 0.956005405897634, 0.9605304366433579, 0.9649477546545658, 0.9692602056806474, 0.9734705915156656, 0.9775816672629637, 0.9815961390121687, 0.9855166618955137, 0.9893458384919688, 0.9930862175492932, 0.9967402929957644, 1.000310503214993, 1.0037992305588699, 1.0072088010753049, 1.0105414844289904, 1.0137994939949497, 1.0169849871060985, 1.0201000654374581, 1.0231467755110084, 1.0261271093064366, 1.0290430049642578, 1.0318963475689147, 1.0346889700005386, 1.0374226538450557, 1.0400991303532603, 1.0427200814403477, 1.0452871407182138, 1.0478018945535759, 1.0502658831456668, 1.0526806016178958, 1.0550475011184608, 1.0573679899254371, 1.0596434345523689, 1.0618751608508437, 1.0640644551069467, 1.0662125651288745, 1.0683207013233287, 1.0703900377586295, 1.0724217132127738, 1.0744168322049146, 1.0763764660089827, 1.0783016536483743, 1.0801934028708164, 1.0820526911027017, 1.0838804663823283, 1.0856776482716166, 1.0874451287460063, 1.0891837730623317, 1.090894420604581, 1.0925778857075232, 1.0942349584582647, 1.0958664054758591, 1.0974729706691577, 1.0990553759731303, 1.1006143220639355, 1.1021504890530514, 1.1036645371608123, 1.1051571073697224, 1.1066288220579379, 1.1080802856133294, 1.1095120850285494, 1.1109247904775406, 1.1123189558739293, 1.1136951194117548, 1.115053804088989, 1.1163955182142993, 1.1177207558975137, 1.1190299975242393, 1.1203237102150845, 1.1216023482699333, 1.1228663535977126, 1.1241161561320858, 1.1253521742335046, 1.1265748150780368, 1.1277844750333856, 1.128981540022506, 1.130166385875212, 1.1313393786681634, 1.1325008750536112, 1.13365122257727, 1.1347907599856752, 1.1359198175233778, 1.1370387172203145, 1.1381477731696874, 1.139247291796671, 1.1403375721182618, 1.1414189059945727, 1.1424915783718654, 1.143555867517606, 1.1446120452478192, 1.1456603771470102, 1.1467011227809107, 1.147734535902301, 1.1487608646501484, 1.1497803517423002, 1.1507932346619516, 1.1517997458381128, 1.152800112820284, 1.1537945584475422, 1.1547833010122388, 1.1557665544184967, 1.1567445283356905, 1.1577174283470892, 1.1586854560938298, 1.1596488094143884, 1.1606076824797078, 1.161562265924134, 1.1625127469723122, 1.16345930956218, 1.164402134464201, 1.1653413993969686, 1.1662772791393043, 1.1672099456389813, 1.1681395681181836, 1.1690663131758203, 1.1699903448868016, 1.1709118248983847, 1.1718309125236888, 1.1727477648324798, 1.173662536739316, 1.1745753810891488, 1.1754864487404617, 1.1763958886460353, 1.1773038479314164, 1.1782104719711692, 1.1791159044629842, 1.180020287499713, 1.180923761639404, 1.1818264659733975, 1.1827285381925485, 1.1836301146516373, 1.1845313304320237, 1.1854323194026044, 1.1863332142791234, 1.1872341466818896, 1.1881352471919493, 1.1890366454057602, 1.1899384699884135, 1.1908408487254463, 1.1917439085732833, 1.192647775708351, 1.1935525755748975, 1.1944584329315577, 1.195365471896693, 1.1962738159925412, 1.1971835881882065, 1.1980949109415175, 1.1990079062397823, 1.1999226956394624, 1.2008394003047973, 1.2017581410453948, 1.2026790383528148, 1.2036022124361616, 1.2045277832567092, 1.2054558705615712, 1.2063865939164384, 1.2073200727373914, 1.2082564263218094, 1.209195773878382, 1.2101382345562408, 1.2110839274732161, 1.212032971743231, 1.2129854865028409, 1.2139415909369233, 1.2149014043035269, 1.2158650459578815, 1.2168326353755765, 1.2178042921749062, 1.2187801361383876, 1.2197602872334505, 1.2207448656322983, 1.2217339917309402]]"
40.0,40.0,3,90,90,I0-S0,"[[0.01, 0.009218546420913139, 0.008861068736292907, 0.00877505793697105, 0.008868438472076218, 0.00908543415362598, 0.009392110727776862, 0.00976777404385584, 0.010199802221130046, 0.010680536994850338, 0.011205408485716934, 0.011771800360110064, 0.01237835997159549, 0.013024576451117051, 0.013710520602837312, 0.014436682910850316, 0.015203871382186832, 0.01601314617928233, 0.016865777122672763, 0.01776321562126461, 0.01870707587850157, 0.019699122204799982, 0.020741260464205737, 0.021835532410112872, 0.02298411210885987, 0.024189303923516373, 0.025453541700564613, 0.026779388909887288, 0.028169539557792393, 0.02962681973837488, 0.031154189719190234, 0.03275474647837798, 0.03443172662531953, 0.036188509647680854, 0.0380286214355498, 0.039955738039141236, 0.04197368962073382, 0.04408646456446916, 0.04629821370962174, 0.04861325467410245, 0.051036076235405514, 0.05357134273603489, 0.05622389847971482, 0.05899877208344796, 0.06190118074877019, 0.06493653441339056, 0.06811043974182039, 0.071428703910602, 0.07489733814035912, 0.07852256092311657, 0.08231080088918613, 0.08626869925339514, 0.09040311177555449, 0.0947211101648299, 0.09922998285210864, 0.10393723504855482, 0.10885058800233871, 0.11397797735903212, 0.11932755052440894, 0.12490766292141453, 0.130726873025911, 0.13679393605851994, 0.14311779620253293, 0.14970757721051675, 0.15657257125499252, 0.16372222587151808, 0.17116612883577054, 0.17891399080994447, 0.18697562558810935, 0.1953609277652801, 0.20407984765104709, 0.2131423632459041, 0.22255844909715175, 0.23233804185170318, 0.24249100232557547, 0.25302707391462553, 0.26395583717852467, 0.2752866604404185, 0.2870286462585693, 0.29919057364391133, 0.3117808359192764, 0.32480737414246086, 0.33827760604671264, 0.352198350489002, 0.3665757474389566, 0.38141517358991844, 0.3967211537284818, 0.41249726806029463, 0.42874605575796193, 0.4454689150715816, 0.46266600042363437, 0.480336116997367, 0.498476613420984, 0.5170832732482485, 0.5361506635649487, 0.555676655277972, 0.5756647486261166, 0.5961211530231247, 0.6170524416104388, 0.638464003240475, 0.6603590207325725, 0.6827377983718388, 0.7055973219582915, 0.7289309742202078, 0.7527283545325794, 0.7769751693288673, 0.8016531713497305, 0.8267401338520804, 0.8522098513458455, 0.8780321621447819, 0.9041729905467136, 0.9305944081546088, 0.9572547149533119, 0.984108541431115, 1.0111069733930749, 1.0381977012322796, 1.0653251953613383, 1.0924309092990188, 1.1194535115857807, 1.146329147289902, 1.1729917293817742, 1.1993732597141347, 1.2254041787656476, 1.2510137426990182, 1.2761304256673724, 1.3006823446888451, 1.3245977038142804, 1.347805253751873, 1.370234762600506, 1.391817492895016, 1.4124866797952416, 1.4321780049687676, 1.4508300605351498, 1.4683847973652913, 1.4847879520690699, 1.4999894471598652, 1.5139437591557354, 1.5266102497598226, 1.5379534557500656, 1.5479433337902972, 1.556555457038365, 1.5637711611566407, 1.569577638108856, 1.573967976935945, 1.5769411515230531, 1.5785019561805638, 1.5786608906449244, 1.577433996842404, 1.5748426504345825, 1.570913310764446, 1.5656772333350846, 1.5591701493706485, 1.5514319173258406, 1.5425061514232847, 1.5324398324079562, 1.5212829057176172, 1.5090878721834038, 1.4959093762030984, 1.4818037960805504, 1.4668288409089716, 1.4510431580049996, 1.43450595448658, 1.4172766361430014, 1.399414466281638, 1.3809782467643321, 1.362026022977222, 1.3426148140204222, 1.3228003689663455, 1.3026369496243213, 1.2821771398698827, 1.2614716812537041, 1.2405693343004267, 1.2195167646430525, 1.1983584529147004, 1.1771366271358015, 1.1558912161899548, 1.1346598228736857, 1.1134777149317279, 1.0923778324472653, 1.071390809942649, 1.0505450115571022, 1.0298665777004483, 1.0093794816326267, 0.9891055944844085, 0.9690647573122727, 0.949274858866946, 0.9297519178480718, 0.9105101685144777, 0.8915621486184934, 0.8729187887319234, 0.85458950212908, 0.836582274487439, 0.8189037527579838, 0.8015593326443247, 0.7845532442116302, 0.767888635222851, 0.7515676518703984, 0.7355915166362242, 0.719960603072134, 0.7046745073452341, 0.6897321164408271, 0.6751316729570698, 0.6608708364625461, 0.6469467414199231, 0.6333560517063507, 0.6200950117846072, 0.6071594945985156, 0.59454504628221, 0.5822469277857668, 0.5702601535298414, 0.5585795272096007, 0.5471996748736904, 0.5361150754075149, 0.5253200885519829, 0.5148089805893215, 0.5045759478268019, 0.49461513800744134, 0.4849206697741245, 0.4754866503102882, 0.4663071912764555, 0.45737642315763344, 0.44868850813199523, 0.4402376515664508, 0.4320181122397498, 0.4240242113887273, 0.4162503406682499, 0.4086909691104015, 0.4013406491635014, 0.3941940218867068, 0.387245821371242, 0.3804908784547413, 0.3739241237908047, 0.36754059033165887, 0.36133541527779384, 0.3553038415446219, 0.34944121879257023, 0.3437430040635819, 0.3382047620637537, 0.3328221651287832, 0.32759099290602395, 0.3225071317842563, 0.31756657409975875, 0.3127654171449096, 0.30809986200335276, 0.3035662122337164, 0.2991608724219682, 0.29488034662073004, 0.2907212366922318, 0.28668024057007324, 0.2827541504535567, 0.27893985094706003, 0.2752343171557247, 0.27163461274763145, 0.26813788799162364, 0.26474137777900597, 0.261442399636491, 0.25823835173697957, 0.2551267109140437, 0.25210503068532014, 0.24917093928942138, 0.24632213774042186, 0.24355639790347366, 0.2408715605946507, 0.23826553370770387, 0.23573629037003155, 0.23328186712982724, 0.2309003621760555, 0.22858993359262567, 0.2263487976478791, 0.22417522712027696, 0.22206754966096875, 0.22002414619373706, 0.21804344935264774, 0.21612394195758633, 0.21426415552772926, 0.2124626688328803, 0.21071810648249906, 0.20902913755215474, 0.20739447424705912, 0.20581287060226022, 0.2042831212190169, 0.20280406003682117, 0.20137455914048893, 0.19999352760170055, 0.19865991035434002, 0.19737268710295386, 0.1961308712636286, 0.1949335089365679, 0.1937796779096363, 0.19266848669212677, 0.1915990735780024, 0.19057060573785778, 0.1895822783388451, 0.18863331369181083, 0.18772296042489034, 0.1868504926828148, 0.18601520935118865, 0.18521643330500476, 0.18445351068067323, 0.18372581017084844, 0.1830327223413511, 0.18237365896949204, 0.18174805240311734, 0.1811553549397065, 0.18059503822486828, 0.18006659266959205, 0.179569526885626, 0.1791033671383668, 0.1786676568166596, 0.1782619559189205, 0.17788584055500722, 0.17753890246327841, 0.17722074854229397, 0.1769310003966241, 0.1766692938962465, 0.1764352787490254, 0.17622861808577855, 0.17604898805745145, 0.17589607744392982, 0.1757695872740348, 0.17566923045625626, 0.17559473141979204, 0.17554582576547226, 0.17552225992615914, 0.17552379083622335, 0.1755501856097095, 0.1756012212268124, 0.1756766842282975, 0.17577637041750713, 0.1759000845696054, 0.17604764014772237, 0.1762188590256684, 0.17641357121689785, 0.1766316146094099, 0.1768728347062828, 0.17713708437154568, 0.1774242235811006, 0.17773411917841378, 0.17806664463470442, 0.17842167981336501, 0.17879911073835494, 0.17919882936631612, 0.17962073336216602, 0.18006472587792963, 0.1805307153345789, 0.1810186152066546, 0.18152834380945065, 0.18205982408854823, 0.18261298341149237, 0.18318775336140938, 0.18378406953236975, 0.1844018713263061, 0.18504110175130245, 0.18570170722107546, 0.18638363735547442, 0.1870868447818327, 0.1878112849370077, 0.18855691586995268, 0.18932369804466975, 0.19011159414339676, 0.19092056886988915, 0.1917505887526611, 0.19260162194805683, 0.19347363804302878, 0.19436660785750462, 0.19528050324623092]]","[[0.01, 0.011673645222856313, 0.01362924433757481, 0.015801894644077778, 0.018156391318346014, 0.02067525091184802, 0.023351554902041972, 0.0261847536477469, 0.0291781786919393, 0.032337573461554366, 0.035670231232549934, 0.03918449524073382, 0.042889474424896254, 0.046794887330808596, 0.05091098202851632, 0.05524850101176749, 0.0598186726602544, 0.06463321836970826, 0.06970436893796003, 0.07504488646141448, 0.08066808957839436, 0.0865878808313121, 0.09281877547016164, 0.09937593134152393, 0.10627517969326797, 0.11353305683088082, 0.12116683661987206, 0.12919456385955574, 0.1376350885683025, 0.14650810122589888, 0.15583416901894062, 0.1656347731325279, 0.17593234712723405, 0.1867503164351098, 0.1981131390027356, 0.2100463471032259, 0.2225765903326742, 0.23573167979980356, 0.24954063351050165, 0.2640337229414124, 0.2792425207887432, 0.2951999498698465, 0.31194033314586167, 0.3294994448236622, 0.3479145624844637, 0.36722452017461094, 0.387469762381195, 0.4086923988011556, 0.4309362597973164, 0.45424695241828866, 0.4786719168412676, 0.5042604830773617, 0.5310639277581335, 0.5591355307994273, 0.588530631714227, 0.6193066853201508, 0.6515233165591997, 0.6852423741174637, 0.7205279825006137, 0.7574465921871592, 0.7960670274455918, 0.8364605313637019, 0.8787008075985759, 0.9228640583141162, 0.9690290177294901, 1.017276980656832, 1.0676918253599919, 1.1203600300183627, 1.1753706820311458, 1.2328154793481383, 1.2927887229637276, 1.3553872996617047, 1.4207106540503749, 1.4888607488809111, 1.559942012597735, 1.6340612730287882, 1.711327676086859, 1.7918525883217278, 1.875749482138016, 1.9631338024765406, 2.054122813749156, 2.1488354258200193, 2.2473919978415484, 2.349914118782831, 2.4565243635336103, 2.5673460235300816, 2.6825028109314704, 2.8021185354805103, 2.9263167533083534, 3.0552203870968224, 3.1889513171897814, 3.3276299434521537, 3.4713747179108165, 3.6203016484769837, 3.7745242554913134, 3.934158256065776, 4.099325217562786, 4.270150723282924, 4.446762401023106, 4.629288256055115, 4.817855205214756, 5.012587745846861, 5.213606716545289, 5.42102812160498, 5.634962000999517, 5.855511334427426, 6.082770972705448, 6.316826593246411, 6.557753678984604, 6.805616522173698, 7.060467256147129, 7.3223449194986845, 7.5912745582713415, 7.867266372668934, 8.150314915545566, 8.440398350489431, 8.737477777702361, 9.041496636082073, 9.35238018993757, 9.670035108606234, 9.994349146891699, 10.325190933704855, 10.662409875568862, 11.005836180749139, 11.355281008700873, 11.710536748303422, 12.071377426991123, 12.437559251415484, 12.808821278710083, 13.18488621580588, 13.56546134259265, 13.95023955307557, 14.33890050706946, 14.731111883441516, 15.126530724490785, 15.524804859771185, 15.925574396553667, 16.328473263207833, 16.733130791084452, 17.139173320013487, 17.546225812307245, 17.95391346017831, 18.361863271745104, 18.769705621295113, 19.17707575019329, 19.58361520574133, 19.988973206389026, 20.392807922943994, 20.794787666791578, 21.194591977590164, 21.591912604417054, 21.986454375873908, 22.37793595618802, 22.76609048583724, 23.15066610665628, 23.53142637272707, 23.908150549596463, 24.280633805485508, 24.648687299143344, 25.012138169848747, 25.37082943576838, 25.724619807443208, 26.073383423595462, 26.417009516733565, 26.75540201618942, 27.08847909626093, 27.416172677063738, 27.738427885532168, 28.055202483762532, 28.366466271575753, 28.672200469802863, 28.972397090379168, 29.267058298882073, 29.556195774674798, 29.839830073333353, 30.117989995545994, 30.39071196619067, 30.658039426823454, 30.920022244355014, 31.17671613825736, 31.428182128232983, 31.67448600389551, 31.91569781765688, 32.15189140169207, 32.38314390955856, 32.60953538278404, 32.831148342501805, 33.048067406007554, 33.26037892793276, 33.46817066557705, 33.671531467812855, 33.870550986869205, 34.065319412214606, 34.255927225691416, 34.44246497700232, 34.62502307861328, 34.80369161911369, 34.97856019406255, 35.14971775334768, 35.31725246409123, 35.48125158814894, 35.641801373270084, 35.79898695701018, 35.95289228251713, 36.103600025343546, 36.25119153047212, 36.39574675877713, 36.537344242181945, 36.676061046810254, 36.8119727434664, 36.94515338481794, 37.07567548869044, 37.20361002692095, 37.3290264192519, 37.45199253178136, 37.57257467951844, 37.69083763262448, 37.806844625950525, 37.920657371510586, 38.0323360735573, 38.1419394459525, 38.24952473154944, 38.35514772332653, 38.45886278703365, 38.56072288513258, 38.66077960183165, 38.75908316903256, 38.855682493023345, 38.950625181767116, 39.04395757264993, 39.135724760564464, 39.22597062621825, 39.31473786456632, 39.40206801327855, 39.48800148116144, 39.57257757646271, 39.65583453499541, 39.73780954802521, 39.81853878987165, 39.89805744518004, 39.97639973582641, 40.05359894742324, 40.129687455397914, 40.20469675062063, 40.278657464561945, 40.35159939396391, 40.42355152501163, 40.49454205699528, 40.564598425454804, 40.63374732480217, 40.702014730417865, 40.76942592022032, 40.836005495708534, 40.9017774024797, 40.96676495022478, 41.03099083220633, 41.09447714422376, 41.157245403072025, 41.2193165645007, 41.280711040680885, 41.34144871718795, 41.401548969508774, 41.46103067908226, 41.519912248882534, 41.57821161855417, 41.63594627910937, 41.69313328719673, 41.74978927895178, 41.80593048343923, 41.86157273569699, 41.9167314893921, 41.971421829098496, 42.02565848220667, 42.07945583047505, 42.13282792123293, 42.18578847824456, 42.23835091224398, 42.29052833114988, 42.34233354996983, 42.3937791004028, 42.44487724014897, 42.49563996193533, 42.54607900226583, 42.59620584990409, 42.64603175409702, 42.695567732547126, 42.74482457914125, 42.793812871443244, 42.84254297795791, 42.891025065173295, 42.939269104388266, 42.987284878332055, 43.03508198758232, 43.08266985678806, 43.13005774070344, 43.177254730038634, 43.2242697571332, 43.27111160145789, 43.31778889494996, 43.3643101271875, 43.41068365040765, 43.45691768437366, 43.50302032109554, 43.548999529408846, 43.59486315941591, 43.640618946794014, 43.686274516974315, 43.73183738919572, 43.77731498043736, 43.82271460923347, 43.8680434993741, 43.913308783495175, 43.95851750656107, 44.003676629242996, 44.04879303119606, 44.09387351423811, 44.13892480543298, 44.18395356008094, 44.228966364618906, 44.27396973943287, 44.3189701415849, 44.363973967456985, 44.408987555314, 44.454017187787656, 44.499069094283605, 44.54414945331352, 44.58926439475395, 44.634420002033615, 44.67962231425099, 44.72487732822339, 44.77019100046935, 44.815569249125524, 44.86101795579947, 44.9065429673596, 44.9521500976634, 44.99784512922515, 45.043633814824055, 45.08952187905388, 45.13551501981497, 45.1816189097494, 45.22783919762032, 45.274181509635866, 45.32065145071867, 45.36725460572134, 45.413996540588606, 45.46088280346659, 45.507918925759725, 45.5551104231357, 45.602462796478775, 45.64998153279186, 45.69767210604758, 45.74553997798855, 45.79359059887715, 45.84182940819479, 45.89026183529091, 45.93889329998172, 45.987729213098774, 46.036774976987274, 46.08603598595418, 46.135517626665994, 46.18522527849615, 46.23516431382185, 46.28534009827025, 46.3357579909137, 46.38642334441399, 46.43734150511523]]","[array([6.37688001e-05, 6.00799169e-05, 5.86665222e-05, 5.87302893e-05,
       5.97886730e-05, 6.15487641e-05, 6.38320891e-05, 6.65297888e-05,
       6.95755843e-05, 7.29295138e-05, 7.65681074e-05, 8.04784305e-05,
       8.46544526e-05, 8.90948194e-05, 9.38014721e-05, 9.87787838e-05,
       1.04033011e-04, 1.09571938e-04, 1.15404650e-04, 1.21541373e-04,
       1.27993375e-04, 1.34772893e-04, 1.41893089e-04, 1.49368017e-04,
       1.57212606e-04, 1.65442650e-04, 1.74074806e-04, 1.83126599e-04,
       1.92616428e-04, 2.02563580e-04, 2.12988243e-04, 2.23911529e-04,
       2.35355488e-04, 2.47343137e-04, 2.59898480e-04, 2.73046536e-04,
       2.86813364e-04, 3.01226093e-04, 3.16312947e-04, 3.32103280e-04,
       3.48627599e-04, 3.65917598e-04, 3.84006184e-04, 4.02927506e-04,
       4.22716988e-04, 4.43411347e-04, 4.65048630e-04, 4.87668228e-04,
       5.11310905e-04, 5.36018817e-04, 5.61835529e-04, 5.88806030e-04,
       6.16976744e-04, 6.46395538e-04, 6.77111725e-04, 7.09176059e-04,
       7.42640733e-04, 7.77559356e-04, 8.13986943e-04, 8.51979874e-04,
       8.91595867e-04, 9.32893924e-04, 9.75934278e-04, 1.02077832e-03,
       1.06748853e-03, 1.11612836e-03, 1.16676215e-03, 1.21945499e-03,
       1.27427260e-03, 1.33128114e-03, 1.39054704e-03, 1.45213685e-03,
       1.51611694e-03, 1.58255333e-03, 1.65151140e-03, 1.72305558e-03,
       1.79724906e-03, 1.87415345e-03, 1.95382839e-03, 2.03633114e-03,
       2.12171620e-03, 2.21003481e-03, 2.30133445e-03, 2.39565838e-03,
       2.49304503e-03, 2.59352746e-03, 2.69713273e-03, 2.80388130e-03,
       2.91378635e-03, 3.02685311e-03, 3.14307817e-03, 3.26244878e-03,
       3.38494210e-03, 3.51052511e-03, 3.63916906e-03, 3.77087969e-03,
       3.90569094e-03, 4.04364647e-03, 4.18478684e-03, 4.32914108e-03,
       4.47672112e-03, 4.62751811e-03, 4.78150007e-03, 4.93861037e-03,
       5.09876672e-03, 5.26186068e-03, 5.42775735e-03, 5.59629528e-03,
       5.76728656e-03, 5.94051703e-03, 6.11574664e-03, 6.29270992e-03,
       6.47111657e-03, 6.65065223e-03, 6.83097941e-03, 7.01173852e-03,
       7.19254921e-03, 7.37301173e-03, 7.55270865e-03, 7.73120665e-03,
       7.90805861e-03, 8.08280579e-03, 8.25498029e-03, 8.42410766e-03,
       8.58970963e-03, 8.75130700e-03, 8.90842271e-03, 9.06058489e-03,
       9.20733005e-03, 9.34820623e-03, 9.48277624e-03, 9.61062074e-03,
       9.73134129e-03, 9.84456328e-03, 9.94993871e-03, 1.00471487e-02,
       1.01359059e-02, 1.02159564e-02, 1.02870818e-02, 1.03491005e-02,
       1.04018687e-02, 1.04452814e-02, 1.04792730e-02, 1.05038170e-02,
       1.05189260e-02, 1.05246511e-02, 1.05210808e-02, 1.05083400e-02,
       1.04865883e-02, 1.04560183e-02, 1.04168534e-02, 1.03693458e-02,
       1.03137739e-02, 1.02504400e-02, 1.01796673e-02, 1.01017977e-02,
       1.00171884e-02, 9.92620971e-03, 9.82924223e-03, 9.72667400e-03,
       9.61889806e-03, 9.50630999e-03, 9.38930553e-03, 9.26827841e-03,
       9.14361828e-03, 9.01570882e-03, 8.88492607e-03, 8.75163682e-03,
       8.61619734e-03, 8.47895213e-03, 8.34023292e-03, 8.20035787e-03,
       8.05963084e-03, 7.91834089e-03, 7.77676190e-03, 7.63515231e-03,
       7.49375503e-03, 7.35279740e-03, 7.21249134e-03, 7.07303346e-03,
       6.93460544e-03, 6.79737428e-03, 6.66149276e-03, 6.52709987e-03,
       6.39432134e-03, 6.26327015e-03, 6.13404709e-03, 6.00674135e-03,
       5.88143110e-03, 5.75818413e-03, 5.63705836e-03, 5.51810252e-03,
       5.40135672e-03, 5.28685298e-03, 5.17461586e-03, 5.06466296e-03,
       4.95700546e-03, 4.85164865e-03, 4.74859238e-03, 4.64783156e-03,
       4.54935659e-03, 4.45315377e-03, 4.35920573e-03, 4.26749175e-03,
       4.17798818e-03, 4.09066871e-03, 4.00550472e-03, 3.92246554e-03,
       3.84151872e-03, 3.76263033e-03, 3.68576510e-03, 3.61088669e-03,
       3.53795790e-03, 3.46694079e-03, 3.39779690e-03, 3.33048735e-03,
       3.26497303e-03, 3.20121468e-03, 3.13917302e-03, 3.07880884e-03,
       3.02008313e-03, 2.96295710e-03, 2.90739229e-03, 2.85335062e-03,
       2.80079448e-03, 2.74968672e-03, 2.69999075e-03, 2.65167055e-03,
       2.60469069e-03, 2.55901639e-03, 2.51461351e-03, 2.47144862e-03,
       2.42948893e-03, 2.38870238e-03, 2.34905761e-03, 2.31052398e-03,
       2.27307156e-03, 2.23667114e-03, 2.20129422e-03, 2.16691303e-03,
       2.13350050e-03, 2.10103026e-03, 2.06947663e-03, 2.03881464e-03,
       2.00901998e-03, 1.98006901e-03, 1.95193875e-03, 1.92460687e-03,
       1.89805167e-03, 1.87225208e-03, 1.84718763e-03, 1.82283844e-03,
       1.79918523e-03, 1.77620930e-03, 1.75389247e-03, 1.73221714e-03,
       1.71116623e-03, 1.69072316e-03, 1.67087189e-03, 1.65159683e-03,
       1.63288291e-03, 1.61471550e-03, 1.59708043e-03, 1.57996397e-03,
       1.56335283e-03, 1.54723410e-03, 1.53159533e-03, 1.51642443e-03,
       1.50170968e-03, 1.48743977e-03, 1.47360372e-03, 1.46019091e-03,
       1.44719106e-03, 1.43459421e-03, 1.42239075e-03, 1.41057133e-03,
       1.39912696e-03, 1.38804889e-03, 1.37732868e-03, 1.36695816e-03,
       1.35692943e-03, 1.34723484e-03, 1.33786699e-03, 1.32881874e-03,
       1.32008316e-03, 1.31165357e-03, 1.30352350e-03, 1.29568669e-03,
       1.28813710e-03, 1.28086889e-03, 1.27387641e-03, 1.26715420e-03,
       1.26069698e-03, 1.25449967e-03, 1.24855733e-03, 1.24286521e-03,
       1.23741871e-03, 1.23221341e-03, 1.22724501e-03, 1.22250938e-03,
       1.21800253e-03, 1.21372060e-03, 1.20965989e-03, 1.20581680e-03,
       1.20218787e-03, 1.19876977e-03, 1.19555927e-03, 1.19255329e-03,
       1.18974882e-03, 1.18714300e-03, 1.18473304e-03, 1.18251629e-03,
       1.18049015e-03, 1.17865217e-03, 1.17699995e-03, 1.17553122e-03,
       1.17424376e-03, 1.17313546e-03, 1.17220429e-03, 1.17144828e-03,
       1.17086558e-03, 1.17045438e-03, 1.17021294e-03, 1.17013963e-03,
       1.17023284e-03, 1.17049106e-03, 1.17091284e-03, 1.17149678e-03,
       1.17224155e-03, 1.17314589e-03, 1.17420857e-03, 1.17542843e-03,
       1.17680437e-03, 1.17833533e-03, 1.18002031e-03, 1.18185835e-03,
       1.18384854e-03, 1.18599001e-03, 1.18828194e-03, 1.19072356e-03,
       1.19331411e-03, 1.19605291e-03, 1.19893929e-03, 1.20197261e-03,
       1.20515229e-03, 1.20847776e-03, 1.21194850e-03, 1.21556400e-03,
       1.21932380e-03, 1.22322746e-03, 1.22727455e-03, 1.23146469e-03,
       1.23579750e-03, 1.24027265e-03, 1.24488980e-03, 1.24964865e-03,
       1.25454891e-03, 1.25959031e-03, 1.26477259e-03, 1.27009551e-03,
       1.27555884e-03, 1.28116237e-03, 1.28690588e-03, 1.29278919e-03,
       1.29881209e-03])]","[[0, 6.376880005047202e-05, 0.00012384871691641303, 0.00018251523914562925, 0.00024124552847454002, 0.0003010342015122606, 0.0003625829655653273, 0.0004264150546465207, 0.0004929448433976427, 0.0005625204277065978, 0.0006354499414761816, 0.0007120180488473701, 0.0007924964793065131, 0.0008771509319400399, 0.000966245751316338, 0.001060047223400446, 0.0011588260072225344, 0.001262859017933141, 0.001372430956241228, 0.0014878356062376593, 0.001609376979217995, 0.00173737035393538, 0.0018721432469079459, 0.0020140363358808074, 0.00216340435284177, 0.002320616958632844, 0.002486059608293701, 0.002660134414277104, 0.0028432610132600048, 0.0030358774412343917, 0.0032384410207727393, 0.003451429263744155, 0.0036753407922575213, 0.003910696280192961, 0.004158039417329503, 0.004417937897768434, 0.004690984434076374, 0.004977797798320375, 0.005279023890931947, 0.005595336838111949, 0.005927440118268512, 0.0062760677177613414, 0.0066419853160038156, 0.007025991499745827, 0.007428919006121911, 0.007851635993797934, 0.00829504734128246, 0.008760095971183213, 0.009247764198882012, 0.009759075103770706, 0.010295093920833288, 0.01085692944997316, 0.01144573548006699, 0.012062712224275263, 0.01270910776265243, 0.013386219487573922, 0.014095395546931457, 0.014838036279439783, 0.015615595635745577, 0.01642958257833103, 0.01728156245245924, 0.018173158319615117, 0.019106052244053064, 0.020081986522171417, 0.021102764843493445, 0.02217025337104712, 0.023286381727901855, 0.024453143875543336, 0.025672598868650306, 0.026946871469684636, 0.028278152605524173, 0.029668699647163652, 0.03112083649229151, 0.032636953429330075, 0.034219506760315835, 0.03587101815880943, 0.03759407373787882, 0.03939132280211194, 0.04126547625660902, 0.04321930464500337, 0.0452556357877891, 0.04737735199162491, 0.04958738679986588, 0.0518887212543852, 0.0542843796388222, 0.056777424673770484, 0.059370952135142575, 0.062068084868057566, 0.06487196617014004, 0.06778575252013613, 0.07081260563028954, 0.07395568380402044, 0.0772181325841515, 0.08060307468126585, 0.0841135997902952, 0.0877527688516313, 0.09152364854380962, 0.09542933948726756, 0.0994729859587706, 0.10365777280038027, 0.10798691388265413, 0.11246363499935122, 0.1170911531061558, 0.12187265317882526, 0.12681126354459576, 0.13191003026230022, 0.13717189094430432, 0.14259964829595662, 0.14819594357503266, 0.1539632301306212, 0.15990374715845238, 0.16601949380114486, 0.17231220372254627, 0.17878332029189148, 0.1854339725234414, 0.19226495192875726, 0.19927669045041627, 0.20646923965670275, 0.21384225138576082, 0.2213949600341905, 0.22912616668856953, 0.23703422529846038, 0.24511703108579794, 0.25337201137792537, 0.26179611903983135, 0.2703858286653138, 0.2791371356669311, 0.28804555838087315, 0.29710614327557355, 0.3063134733223603, 0.31566167955317964, 0.3251444557949821, 0.3347550765333589, 0.3444864178201618, 0.3543309811018629, 0.3642809198080864, 0.3743280685038426, 0.38446397437527324, 0.3946799307879063, 0.40496701262917395, 0.4153161131238672, 0.42571798179277076, 0.43616326321133125, 0.4466425362171214, 0.4571463532122141, 0.4676652792093708, 0.47818993027906775, 0.4887110110675739, 0.49921935107420784, 0.5097059393980707, 0.5201619576904408, 0.5305788110780068, 0.540948156853563, 0.5512619307639988, 0.5615123707596968, 0.5716920381041417, 0.5817938357769628, 0.5918110241372055, 0.601737233845787, 0.6115664760763581, 0.6212931500717763, 0.6309120481287437, 0.6404183581156484, 0.6498076636481022, 0.6590759420629896, 0.6682195603450316, 0.6772352691699565, 0.6861201952354762, 0.6948718320555383, 0.703488029394958, 0.7119669815207578, 0.7203072144436041, 0.7285075723178971, 0.7365672031626003, 0.7444855440570796, 0.7522623059573, 0.759897458267974, 0.7673912132958893, 0.774744010698903, 0.7819565020341487, 0.7890295354980752, 0.7959641409401318, 0.8027615152214095, 0.8094230079794201, 0.8159501078505533, 0.8223444291926522, 0.8286076993416558, 0.8347417464283918, 0.8407484877743968, 0.8466299188790942, 0.8523881030047734, 0.8580251613605652, 0.86354326388199, 0.8689446205986254, 0.8742314735789787, 0.8794060894387123, 0.8844707523959295, 0.8894277578552291, 0.8942794065006633, 0.8990279988765192, 0.9036758304339767, 0.908225187021117, 0.9126783407934448, 0.9170375465220052, 0.9213050382762905, 0.9254830264594157, 0.9295736951734704, 0.9335791998934997, 0.9375016654292074, 0.9413431841541962, 0.9451058144833333, 0.9487915795796555, 0.9524024662730759, 0.9559404241740237, 0.9594073649660267, 0.9628051618621202, 0.9661356492108317, 0.9694006222383476, 0.972601836914293, 0.9757410099293722, 0.9788198187738921, 0.981839901906946, 0.9848028590067546, 0.9877102512933473, 0.9905636019154239, 0.9933643963938539, 0.9961140831148605, 0.9988140738664887, 1.0014657444124775, 1.0040704350981469, 1.0066294514833685, 1.0091440649981145, 1.0116155136164835, 1.014045002545473, 1.0164337049251109, 1.0187827625368855, 1.0210932865177085, 1.0233663580769197, 1.0256030292140992, 1.0278043234356873, 1.029971236468626, 1.0321047369694398, 1.0342057672273495, 1.0362752438601877, 1.0383140585020307, 1.0403230784816075, 1.0423031474906714, 1.0442550862416362, 1.0461796931138878, 1.0480777447882743, 1.0499499968693702, 1.0517971844951828, 1.053620022934048, 1.0554192081685199, 1.0571954174661222, 1.0589493099368772, 1.060681527077577, 1.062392693302803, 1.0640834164627353, 1.0657542883478284, 1.0674058851804535, 1.0690387680936424, 1.0706534835970791, 1.0722505640305133, 1.0738305280047813, 1.075393880830636, 1.0769411149356005, 1.0784727102690677, 1.0799891346958779, 1.0814908443786146, 1.0829782841488593, 1.0844518878676548, 1.085912078775428, 1.0873592698316212, 1.0887938640442898, 1.0902162547899128, 1.091626826123674, 1.0930259530804594, 1.0944140019668243, 1.095791330644169, 1.0971582888033742, 1.098515218231129, 1.0998624530681897, 1.1012003200598013, 1.1025291387985103, 1.1038492219595883, 1.1051608755292885, 1.1064643990261471, 1.1077600857155392, 1.1090482228176923, 1.1103290917093571, 1.1116029681193293, 1.112870122318012, 1.1141308193012007, 1.1153853189682736, 1.1166338762949557, 1.1178767415008308, 1.1191141602117625, 1.1203463736173833, 1.1215736186238083, 1.1227961280017213, 1.1240141305299778, 1.125227851134868, 1.126437511025172, 1.1276433278231437, 1.1288455156915431, 1.1300442854568487, 1.1312398447287622, 1.1324323980161217, 1.1336221468393386, 1.1348092898394566, 1.1359940228839451, 1.1371765391693187, 1.1383570293206848, 1.1395356814883069, 1.1407126814412751, 1.141888212658369, 1.1430624564161946, 1.144235591874675, 1.14540779615997, 1.1465792444449001, 1.1477501100269405, 1.1489205644038583, 1.1500907773470521, 1.1512609169726595, 1.1524311498104889, 1.1536016408708347, 1.1547725537092293, 1.1559440504891814, 1.1571162920429554, 1.1582894379304318, 1.1594636464961, 1.1606390749242224, 1.1618158792922122, 1.1629942146222623, 1.1641742349312618, 1.1653560932790372, 1.166539941814947, 1.1677259318228637, 1.168914213764572, 1.170104937321609, 1.1712982514355723, 1.1724943043469218, 1.173693243632296, 1.1748952162403639, 1.1761003685262315, 1.1773088462844221, 1.178520794780445, 1.179736358780968, 1.1809556825826086, 1.1821789100393554, 1.183406184588629, 1.1846376492759954, 1.1858734467785372, 1.1871137194268935, 1.1883586092259704, 1.1896082578743308, 1.1908628067822673, 1.192122397088558, 1.1933871696759109, 1.1946572651850969, 1.1959328240277705, 1.1972139863979783, 1.1985008922823546, 1.1997936814689993, 1.2010924935550384]]"
40.0,40.0,3,90,90,I1-S0,"[[0.01, 0.009218546420913139, 0.008861068736292907, 0.00877505793697105, 0.008868438479419306, 0.009085434562641753, 0.00939211482575992, 0.009767794435065735, 0.010199871485404351, 0.010680722090338358, 0.011205828178067211, 0.011772644999133022, 0.01237991307430044, 0.013027237710154141, 0.013714830087721041, 0.014443346353170607, 0.015213786532943472, 0.016027430298832537, 0.016885795715679164, 0.017790612564919688, 0.018743805116264948, 0.019747481193353903, 0.020803925571045795, 0.021915596465227, 0.02308512431783147, 0.02431531235218761, 0.025609138543831032, 0.026969758759717053, 0.028400510888427703, 0.02990491982999488, 0.03148670324510854, 0.03314977798505967, 0.0348982671390294, 0.036736507646279816, 0.03866905842867884, 0.04070070900459069, 0.04283648854899294, 0.04508167536707264, 0.047441806749725916, 0.04992268917948429, 0.052530408854512455, 0.055271342496528875, 0.05815216840582844, 0.06117987772305381, 0.06436178585297195, 0.06770554400025505, 0.07121915076112294, 0.07491096370764855, 0.07878971089352788, 0.08286450220112929, 0.08714484043962438, 0.091640632092916, 0.09636219760387266, 0.10132028106800722, 0.10652605919515513, 0.11199114938187657, 0.11772761672019243, 0.12374797974984314, 0.1300652147415211, 0.13669275827747487, 0.14364450787354233, 0.15093482036308895, 0.1585785077385845, 0.1665908301207609, 0.17498748549861126, 0.18378459585612042, 0.19299868927381855, 0.20264667756535054, 0.21274582898164932, 0.22331373548847583, 0.23436827409761135, 0.24592756170853577, 0.2580099028967829, 0.270633730068234, 0.28381753538642807, 0.2975797938736928, 0.3119388770878427, 0.32691295678578486, 0.3425198980052022, 0.3587771410272506, 0.3757015717287342, 0.39330937989342657, 0.41161590513106916, 0.43063547015110726, 0.4503812012584125, 0.47086483608198626, 0.4920965187166909, 0.5140845826539128, 0.536835322100869, 0.5603527525407157, 0.5846383616667786, 0.6096908521334646, 0.6355058779021787, 0.662075776320302, 0.6893899025842846, 0.7174404731535332, 0.746225480239843, 0.7757445951874251, 0.8059957875706398, 0.8369730195240925, 0.8686646841080244, 0.9010525606336331, 0.9341111310220125, 0.9678071509478188, 1.0020994043420377, 1.0369385942699474, 1.0722673403153462, 1.1080202644967967, 1.1441241558810649, 1.1804982094699956, 1.2170543383450978, 1.253697559975648, 1.2903264584031393, 1.3268337239793067, 1.3631067716601193, 1.399028437701104, 1.4344777530865054, 1.4693307902627795, 1.5034615778301246, 1.5367430758610243, 1.5690482025440378, 1.6002509009725499, 1.6302272331861376, 1.6588564870959617, 1.6860222807478271, 1.7116136475513137, 1.7355260856738712, 1.7576625547954077, 1.7779344038575502, 1.7962622143226346, 1.812576544764573, 1.8268185643150734, 1.8389405645372447, 1.8489063416342135, 1.8566914434519455, 1.8622832784241703, 1.8656810863498199, 1.8668957736055334, 1.8659496179960235, 1.8628758508579792, 1.8577181261922142, 1.8505298884489274, 1.8413736520903659, 1.8303202071763032, 1.8174477659475623, 1.8028410657225133, 1.7865904433854742, 1.768790896360251, 1.7495411442624396, 1.7289427044537755, 1.7070989935291714, 1.684114465403311, 1.660093795180598, 1.63514111644032, 1.6093593179954133, 1.5828494046311352, 1.5557099248366433, 1.528036467139293, 1.499921225363237, 1.471452631979053, 1.4427150577018415, 1.413788574637921, 1.384748779576203, 1.355666673466303, 1.3266085927146212, 1.2976361876521338, 1.2688064433715849, 1.2401717380837176, 1.211779934187954, 1.183674497378073, 1.1558946392937206, 1.1284754794704115, 1.1014482226213254, 1.07484034759205, 1.0486758046541163, 1.022975218135649, 0.997756091719993, 0.9730330140693225, 0.9488178627448451, 0.925120004694173, 0.9019464918567904, 0.8793022506981979, 0.8571902647209895, 0.8356117492162384, 0.8145663177111173, 0.7940521397391086, 0.774066089708291, 0.7546038867721144, 0.7356602257170886, 0.7172288989743424, 0.6993029099385484, 0.6818745778397909, 0.6649356344630915, 0.6484773130479616, 0.632490429727952, 0.6169654578890181, 0.6018925958368729, 0.5872618281684732, 0.5730629812424284, 0.5592857731383485, 0.5459198584868004, 0.5329548685403482, 0.5203804468427576, 0.5081862808384001, 0.49636212974768523, 0.4848978490173849, 0.4737834116373286, 0.46300892659743875, 0.45256465474167057, 0.44244102225830656, 0.4326286320293887, 0.4231182730459635, 0.4139009280803516, 0.40496777979190346, 0.39631021542869493, 0.3879198302743889, 0.37978842997703854, 0.3719080318849386, 0.3642708655037307, 0.3568693721788152, 0.34969620409769314, 0.3427442226981293, 0.33600649655995485, 0.3294762988508878, 0.32314710438990235, 0.31701258638538854, 0.311066612899581, 0.30530324308545953, 0.299716723237504, 0.2943014826932903, 0.28905212961890886, 0.2839634467075428, 0.2790303868172366, 0.2742480685708813, 0.2696117719387261, 0.2651169338212632, 0.26075914364811215, 0.2565341390065236, 0.25243780131131466, 0.24846615152642254, 0.24461534594680098, 0.24088167204807334, 0.23726154441018119, 0.233751500720217, 0.2303481978586904, 0.22704840807264282, 0.22384901523828057, 0.2207470112151371, 0.21773949229319073, 0.21482365573384807, 0.21199679640524924, 0.2092563035119522, 0.20659965741870495, 0.2040244265677107, 0.20152826448852812, 0.19910890689952196, 0.19676416889958556, 0.1944919422486914, 0.19229019273568734, 0.19015695763164073, 0.18809034322693785, 0.18608852245026997, 0.18414973256757758, 0.1822722729589794, 0.18045450297168042, 0.17869483984683227, 0.17699175671830858, 0.17534378068135603, 0.17374949092908706, 0.1722075169547927, 0.17071653681807242, 0.16927527547280039, 0.16788250315497497, 0.16653703382852994, 0.16523772368721854, 0.1639834697107195, 0.16277320827315164, 0.16160591380222422, 0.160480597487292, 0.15939630603462612, 0.15835212046825528, 0.15734715497477508, 0.15638055579056784, 0.15545150012991818, 0.1545591951525541, 0.15370287696918644, 0.15288180968366258, 0.15209528447039272, 0.15134261868574891, 0.15062315501217835, 0.1499362606338123, 0.14928132644239228, 0.14865776627237295, 0.14806501616409953, 0.14750253365399416, 0.14696979709072105, 0.14646630497633623, 0.14599157533145968, 0.1455451450835427, 0.14512656947733332, 0.14473542150667476, 0.1443712913668008, 0.14403378592632163, 0.1437225282181213, 0.14343715694841458, 0.14317732602323793, 0.14294270409167312, 0.14273297410512764, 0.14254783289201808, 0.14238699074722622, 0.14225017103571802, 0.14213710980973773, 0.14204755543900807, 0.1419812682533877, 0.1419380201974547, 0.14191759449650343, 0.14191978533345792, 0.1419443975362225, 0.1419912462750051, 0.14206015676916375, 0.14215096400314173, 0.14226351245106936, 0.1423976558096251, 0.14255325673875946, 0.14273018660989906, 0.14292832526125787, 0.1431475607598952, 0.1433877891701693, 0.14364891432824622, 0.14393084762233285, 0.1442335077783123, 0.14455682065046824, 0.1449007190169936, 0.14526514237998644, 0.145650036769644, 0.1460553545523725, 0.14648105424253782, 0.14692710031758818, 0.14739346303628686, 0.14788011825979827, 0.14838704727537713, 0.14891423662241568, 0.14946167792060905, 0.150029367700004, 0.15061730723270125, 0.1512255023659861, 0.15185396335666634, 0.15250270470640132, 0.1531717449978091, 0.15386110673114456, 0.15457081616134244, 0.15530090313522635, 0.15605140092868536, 0.15682234608362605, 0.15761377824450953, 0.1584257399942876, 0.15925827668955558, 0.1601114362947422, 0.16098526921516115, 0.1618798281287522, 0.16279516781634312, 0.16373134499026737, 0.1646884181211762, 0.16566644726288776, 0.1666654938751187, 0.16768562064394926]]","[[0.01, 0.011673645222856313, 0.01362924433757481, 0.015801894644077778, 0.01815639132596367, 0.02067525135197456, 0.023351559473450547, 0.026184777221840205, 0.029178261643592513, 0.03233780297469993, 0.035670769732847975, 0.03918561596370148, 0.04289160410809513, 0.04679865606048866, 0.05091728034115985, 0.05525854443156686, 0.05983407393556438, 0.06465606775059252, 0.06973732291142457, 0.07509126543055747, 0.08073198503701065, 0.08667427264730149, 0.0929336599503244, 0.09952646080786844, 0.10646981435758884, 0.11378172981075632, 0.12148113299591395, 0.12958791473114525, 0.13812298112347618, 0.14710830590072854, 0.15656698488281737, 0.16652329269827312, 0.1770027418489129, 0.18803214422174055, 0.19963967514263858, 0.21185494006133493, 0.22470904395148178, 0.23823466350338993, 0.2524661221799042, 0.2674394681979345, 0.2831925554891057, 0.29976512768268293, 0.3171989051421644, 0.33553767507351884, 0.3548273847077495, 0.3751162375430709, 0.3964547926122388, 0.41889606671822377, 0.4424956395561899, 0.46731176161135035, 0.4934054646904116, 0.5208406749086856, 0.5496843279152013, 0.5800064860939572, 0.611880457430467, 0.6453829156786117, 0.6805940214031598, 0.7175975434078015, 0.7564809799868101, 0.7973356793601658, 0.8402569585668336, 0.8853442199986201, 0.9327010646573881, 0.9824354011112391, 1.0346595490104662, 1.089490335901647, 1.1470491859482985, 1.207462199029311, 1.270860218542336, 1.3373788860890452, 1.4071586810635368, 1.4803449430052662, 1.5570878744150967, 1.6375425215691681, 1.7218687307023623, 1.8102310767737446, 1.9027987618734543, 1.9997454801876011, 2.10124924630876, 2.2074921835692334, 2.318660268987459, 2.4349430313604787, 2.556533199013523, 2.6836262937382798, 2.816420167521628, 2.955114478794216, 3.099910105121267, 3.251008489524622, 3.4086109179734208, 3.572917726018995, 3.7441274330848815, 3.9224358035620974, 4.108034834608389, 4.301111671412009, 4.501848087085625, 4.71042617306846, 4.927032603887437, 5.1518555193285005, 5.385081113922233, 5.6268905796297455, 5.877457302066254, 6.136944243204183, 6.40550146604429, 6.683263773153221, 6.970348443250734, 7.266853059460653, 7.572853430222914, 7.888401609712882, 8.213524029252595, 8.548219754829477, 8.89245888858464, 9.2461811340677, 9.609294546218702, 9.981674487452846, 10.363162810904598, 10.753567290848407, 11.152661318572958, 11.560183879574039, 11.975839824890464, 12.3993004457964, 12.830204356956958, 13.268158688644196, 13.712740583804818, 14.163498990790535, 14.61995673753808, 15.08161286805652, 15.547945217383951, 16.01841319685024, 16.492460757654797, 16.969519497552312, 17.44901187293094, 17.930354476840172, 18.412961342627835, 18.896247232799176, 19.379630873509093, 19.86253809670813, 20.34440485432511, 20.82468007190283, 21.30282831270835, 21.77833222740224, 22.250694768747863, 22.719441155445363, 23.18412057385854, 23.644307611044464, 24.099603416984067, 24.549636598147025, 24.994063848422293, 25.432570326939178, 25.86486979534331, 26.29070452964533, 26.709845023812598, 27.122089503826427, 27.52726327199374, 27.925217901909097, 28.315830304646493, 28.699001686563093, 29.074656418567198, 29.442740835890547, 29.803221986362033, 30.156086343956364, 30.50133850303534, 30.838999867255836, 31.169107345628003, 31.4917120667052, 31.80687812040484, 32.11468133552213, 32.41520809962764, 32.708554226750685, 32.994823877055275, 33.274128531622004, 33.546586024461575, 33.81231963300526, 34.07145722754357, 34.32413047941308, 34.57047412715832, 34.81062529941502, 35.044722892865835, 35.272907003302755, 35.49531840758436, 35.71209809409314, 35.923386839170945, 36.12932482693218, 36.33005130981768, 36.52570430725123, 36.71642033978924, 36.90233419620724, 37.083578731039815, 37.26028469017857, 37.43258056223311, 37.600592453468, 37.76444398424329, 37.92425620500325, 38.08014752997694, 38.232233686872476, 38.38062768096354, 38.52543977208053, 38.66677746312888, 38.804745498863085, 38.939445873745896, 39.070977847818384, 39.19943796959714, 39.32492010510047, 39.44751547218516, 39.56731267945051, 39.68439776903539, 39.798854262698974, 39.91076321063518, 40.02020324252613, 40.127250620390384, 40.23197929282849, 40.33446095031082, 40.43476508119177, 40.532959028169934, 40.62910804494637, 40.723275352862395, 40.815522197325215, 40.905907903853944, 40.99448993360038, 41.08132393821881, 41.16646381397692, 41.249961755015896, 41.331868305682285, 41.41223241186707, 41.49110147129903, 41.56852138274965, 41.644536594116225, 41.71919014935784, 41.792523734266275, 41.864577721060066, 41.935391211795995, 42.005002080596846, 42.073447014698864, 42.140761554326, 42.20698013140147, 42.27213610710988, 42.336261808325496, 42.39938856292462, 42.461546734001445, 42.522765753008436, 42.58307415184334, 42.642499593906024, 42.70106890414889, 42.75880809814549, 42.815742410202084, 42.871896320537324, 42.92729358155533, 42.98195724323751, 43.035909677678326, 43.08917260279021, 43.14176710520242, 43.19371366237855, 43.24503216397685, 43.295741932477455, 43.34586174309976, 43.39540984303322, 43.444403970003926, 43.49286137019916, 43.5407988155714, 43.5882326205428, 43.63517865813067, 43.681652375513806, 43.72766880905918, 43.77324259882768, 43.81838800257734, 43.86311890928177, 43.90744885218091, 43.95139102138095, 43.99495827601941, 44.03816315601118, 44.0810178933905, 44.12353442326365, 44.16572439438632, 44.207599179379564, 44.24916988459736, 44.29044735965849, 44.33144220665525, 44.37216478905067, 44.41262524027575, 44.452833472037774, 44.492799182350346, 44.5325318632954, 44.57204080852703, 44.61133512052677, 44.65042371761939, 44.68931534075811, 44.7280185600877, 44.766541781293725, 44.8048932517457, 44.84308106644189, 44.8811131737629, 44.91899738104121, 44.956741359953305, 44.99435265174099, 45.031838672268, 45.069206716918075, 45.10646396534015, 45.14361748604622, 45.18067424086723, 45.21764108927218, 45.25452479255512, 45.29133201789512, 45.3280693422934, 45.364743256392146, 45.401360168179245, 45.43792640658271, 45.474448224958905, 45.510931804478076, 45.54738325741078, 45.5838086303186, 45.62021390715237, 45.65660501226102, 45.692987813314005, 45.729368124140194, 45.76575170748588, 45.80214427769457, 45.83855150331097, 45.87497900961158, 45.91143238106422, 45.947917163718465, 45.98443886752919, 46.02100296861517, 46.057614911454515, 46.09428011101877, 46.13100395484731, 46.16779180506366, 46.20464900033519, 46.24158085777764, 46.27859267480582, 46.31568973093167, 46.35287728951093, 46.39016059943951, 46.42754489680063, 46.46503540646357, 46.50263734363503, 46.54035591536396, 46.57819632200046, 46.61616375860961, 46.6542634163408, 46.692500483753044, 46.73088014809696, 46.76940759655371, 46.808088017431395, 46.846926601319126, 46.88592854219922, 46.925099038517565, 46.964443294212444, 47.00396651970189, 47.04367393282964, 47.08357075976969, 47.12366223588948, 47.163953606571525, 47.204450127993425, 47.24515706786609, 47.28607970612988, 47.32722333560848, 47.36859326262007, 47.4101948075456, 47.45203330535363, 47.49411410608128, 47.536442575270925, 47.57902409436203, 47.62186406103754, 47.66496788952426, 47.70834101084657, 47.751988873032765, 47.79591694127347]]","[array([6.37688001e-05, 6.00799169e-05, 5.86665222e-05, 5.87302893e-05,
       5.97886738e-05, 6.15487755e-05, 6.38321595e-05, 6.65300616e-05,
       6.95763825e-05, 7.29314460e-05, 7.65721925e-05, 8.04862356e-05,
       8.46682420e-05, 8.91177118e-05, 9.38376058e-05, 9.88334889e-05,
       1.04112988e-04, 1.09685448e-04, 1.15561706e-04, 1.21753949e-04,
       1.28275624e-04, 1.35141375e-04, 1.42367012e-04, 1.49969499e-04,
       1.57966946e-04, 1.66378623e-04, 1.75224975e-04, 1.84527643e-04,
       1.94309502e-04, 2.04594690e-04, 2.15408651e-04, 2.26778182e-04,
       2.38731477e-04, 2.51298185e-04, 2.64509463e-04, 2.78398035e-04,
       2.92998253e-04, 3.08346163e-04, 3.24479574e-04, 3.41438120e-04,
       3.59263339e-04, 3.77998742e-04, 3.97689886e-04, 4.18384455e-04,
       4.40132330e-04, 4.62985670e-04, 4.86998991e-04, 5.12229238e-04,
       5.38735864e-04, 5.66580905e-04, 5.95829054e-04, 6.26547727e-04,
       6.58807135e-04, 6.92680343e-04, 7.28243326e-04, 7.65575023e-04,
       8.04757376e-04, 8.45875366e-04, 8.89017035e-04, 9.34273496e-04,
       9.81738934e-04, 1.03151058e-03, 1.08368868e-03, 1.13837643e-03,
       1.19567991e-03, 1.25570796e-03, 1.31857207e-03, 1.38438618e-03,
       1.45326652e-03, 1.52533133e-03, 1.60070063e-03, 1.67949585e-03,
       1.76183948e-03, 1.84785464e-03, 1.93766461e-03, 2.03139226e-03,
       2.12915944e-03, 2.23108636e-03, 2.33729076e-03, 2.44788714e-03,
       2.56298582e-03, 2.68269201e-03, 2.80710467e-03, 2.93631539e-03,
       3.07040718e-03, 3.20945308e-03, 3.35351482e-03, 3.50264127e-03,
       3.65686695e-03, 3.81621034e-03, 3.98067221e-03, 4.15023390e-03,
       4.32485554e-03, 4.50447505e-03, 4.68902637e-03, 4.87847854e-03,
       5.07282599e-03, 5.27206240e-03, 5.47616192e-03, 5.68506644e-03,
       5.89867700e-03, 6.11684812e-03, 6.33938408e-03, 6.56603680e-03,
       6.79650458e-03, 7.03043181e-03, 7.26740923e-03, 7.50697476e-03,
       7.74861486e-03, 7.99176636e-03, 8.23581880e-03, 8.48011724e-03,
       8.72396560e-03, 8.96663054e-03, 9.20734582e-03, 9.44531720e-03,
       9.67972789e-03, 9.90974436e-03, 1.01345227e-02, 1.03532152e-02,
       1.05649775e-02, 1.07689757e-02, 1.09643936e-02, 1.11504403e-02,
       1.13263575e-02, 1.14914263e-02, 1.16449743e-02, 1.17863821e-02,
       1.19150891e-02, 1.20305986e-02, 1.21324827e-02, 1.22203861e-02,
       1.22940289e-02, 1.23532088e-02, 1.23978023e-02, 1.24277649e-02,
       1.24431307e-02, 1.24440103e-02, 1.24305891e-02, 1.24031238e-02,
       1.23619383e-02, 1.23074196e-02, 1.22400125e-02, 1.21602142e-02,
       1.20685683e-02, 1.19656590e-02, 1.18521046e-02, 1.17285512e-02,
       1.15956669e-02, 1.14541352e-02, 1.13046496e-02, 1.11479075e-02,
       1.09846054e-02, 1.08154338e-02, 1.06410726e-02, 1.04621873e-02,
       1.02794253e-02, 1.00934128e-02, 9.90475197e-03, 9.71401905e-03,
       9.52176227e-03, 9.32850061e-03, 9.13472278e-03, 8.94088661e-03,
       8.74741871e-03, 8.55471450e-03, 8.36313850e-03, 8.17302478e-03,
       7.98467770e-03, 7.79837275e-03, 7.61435762e-03, 7.43285328e-03,
       7.25405524e-03, 7.07813482e-03, 6.90524049e-03, 6.73549922e-03,
       6.56901787e-03, 6.40588456e-03, 6.24616999e-03, 6.08992878e-03,
       5.93720075e-03, 5.78801218e-03, 5.64237696e-03, 5.50029777e-03,
       5.36176713e-03, 5.22676844e-03, 5.09527694e-03, 4.96726060e-03,
       4.84268099e-03, 4.72149402e-03, 4.60365072e-03, 4.48909788e-03,
       4.37777866e-03, 4.26963318e-03, 4.16459904e-03, 4.06261177e-03,
       3.96360528e-03, 3.86751225e-03, 3.77426447e-03, 3.68379315e-03,
       3.59602923e-03, 3.51090360e-03, 3.42834736e-03, 3.34829197e-03,
       3.27066946e-03, 3.19541261e-03, 3.12245499e-03, 3.05173116e-03,
       2.98317675e-03, 2.91672851e-03, 2.85232441e-03, 2.78990369e-03,
       2.72940688e-03, 2.67077590e-03, 2.61395402e-03, 2.55888589e-03,
       2.50551761e-03, 2.45379665e-03, 2.40367192e-03, 2.35509374e-03,
       2.30801382e-03, 2.26238526e-03, 2.21816252e-03, 2.17530145e-03,
       2.13375920e-03, 2.09349425e-03, 2.05446636e-03, 2.01663654e-03,
       1.97996705e-03, 1.94442135e-03, 1.90996408e-03, 1.87656103e-03,
       1.84417910e-03, 1.81278629e-03, 1.78235167e-03, 1.75284532e-03,
       1.72423833e-03, 1.69650277e-03, 1.66961165e-03, 1.64353890e-03,
       1.61825933e-03, 1.59374861e-03, 1.56998327e-03, 1.54694060e-03,
       1.52459872e-03, 1.50293648e-03, 1.48193347e-03, 1.46156997e-03,
       1.44182699e-03, 1.42268614e-03, 1.40412973e-03, 1.38614064e-03,
       1.36870238e-03, 1.35179901e-03, 1.33541518e-03, 1.31953606e-03,
       1.30414733e-03, 1.28923518e-03, 1.27478630e-03, 1.26078784e-03,
       1.24722738e-03, 1.23409298e-03, 1.22137307e-03, 1.20905654e-03,
       1.19713262e-03, 1.18559097e-03, 1.17442158e-03, 1.16361480e-03,
       1.15316133e-03, 1.14305221e-03, 1.13327877e-03, 1.12383266e-03,
       1.11470583e-03, 1.10589052e-03, 1.09737925e-03, 1.08916477e-03,
       1.08124015e-03, 1.07359865e-03, 1.06623381e-03, 1.05913939e-03,
       1.05230937e-03, 1.04573795e-03, 1.03941955e-03, 1.03334878e-03,
       1.02752045e-03, 1.02192957e-03, 1.01657132e-03, 1.01144105e-03,
       1.00653431e-03, 1.00184680e-03, 9.97374366e-04, 9.93113038e-04,
       9.89058978e-04, 9.85208498e-04, 9.81558052e-04, 9.78104229e-04,
       9.74843752e-04, 9.71773472e-04, 9.68890361e-04, 9.66191515e-04,
       9.63674144e-04, 9.61335572e-04, 9.59173234e-04, 9.57184667e-04,
       9.55367514e-04, 9.53719518e-04, 9.52238517e-04, 9.50922445e-04,
       9.49769324e-04, 9.48777268e-04, 9.47944475e-04, 9.47269226e-04,
       9.46749884e-04, 9.46384890e-04, 9.46172761e-04, 9.46112090e-04,
       9.46201539e-04, 9.46439842e-04, 9.46825800e-04, 9.47358282e-04,
       9.48036218e-04, 9.48858603e-04, 9.49824491e-04, 9.50932996e-04,
       9.52183289e-04, 9.53574596e-04, 9.55106198e-04, 9.56777428e-04,
       9.58587670e-04, 9.60536358e-04, 9.62622974e-04, 9.64847047e-04,
       9.67208151e-04, 9.69705905e-04, 9.72339970e-04, 9.75110050e-04,
       9.78015887e-04, 9.81057265e-04, 9.84234003e-04, 9.87545960e-04,
       9.90993027e-04, 9.94575132e-04, 9.98292236e-04, 1.00214433e-03,
       1.00613144e-03, 1.01025362e-03, 1.01451096e-03, 1.01890355e-03,
       1.02343154e-03, 1.02809510e-03, 1.03289440e-03, 1.03782966e-03,
       1.04290112e-03, 1.04810902e-03, 1.05345364e-03, 1.05893528e-03,
       1.06455424e-03, 1.07031085e-03, 1.07620546e-03, 1.08223843e-03,
       1.08841012e-03, 1.09472092e-03, 1.10117123e-03, 1.10776144e-03,
       1.11449199e-03])]","[[0, 6.376880005047202e-05, 0.00012384871691641303, 0.00018251523914562925, 0.00024124552848167177, 0.00030103420232033273, 0.0003625829778620941, 0.0004264151373188174, 0.0004929451989139783, 0.0005625215814119888, 0.0006354530273969029, 0.0007120252198589209, 0.0007925114554232386, 0.000877179697411286, 0.0009662974091802287, 0.0010601350150232789, 0.001158968503964179, 0.0012630814922535059, 0.0013727669401492311, 0.0014883286458607216, 0.0016100825953440441, 0.0017383582195830537, 0.0018734995942669766, 0.0020158666063023745, 0.0021658361049287623, 0.0023238030508719145, 0.0024901816740800758, 0.0026654066486085245, 0.0028499342918194407, 0.00304424379404503, 0.0032488384840963333, 0.003464247135408142, 0.0036910253171398306, 0.003929756794167811, 0.00418105497958337, 0.004445564443032319, 0.004723962477986725, 0.0050169607308134375, 0.005325306894290347, 0.005649786468011694, 0.005991224587911514, 0.006350487926913092, 0.006728486668476259, 0.007126176554557534, 0.007544561009215003, 0.007984693338774438, 0.008447679009119894, 0.008934678000274681, 0.009446907237991221, 0.009985643101564183, 0.010552224006513953, 0.01114805306014986, 0.011774600787307242, 0.012433407922751952, 0.01312608826585226, 0.013854331592122992, 0.01461990661514201, 0.015424663991115799, 0.016270539357020494, 0.0171595563917582, 0.01809382988813743, 0.019075568821702103, 0.0201070794004884, 0.02119076807767475, 0.022329144506801415, 0.023524824416766912, 0.024780532381155317, 0.026099104453609356, 0.027483490637939915, 0.028936757158456346, 0.03046208849262144, 0.0320627891245904, 0.03374228497450166, 0.03550412445456971, 0.037351979099115175, 0.03928964371168965, 0.04132103596845744, 0.04345019541303419, 0.045681281774118385, 0.048018572533558, 0.05046645966905779, 0.053029445492650706, 0.05571213750344037, 0.058519242171095394, 0.061455557565278325, 0.0645259647457722, 0.06773541782869029, 0.07108893264599245, 0.07459157391876758, 0.07824844086956573, 0.08206465120566503, 0.08604532341373074, 0.09019555731704443, 0.09452041285952488, 0.09902488790912574, 0.10371391428350461, 0.10859239282201547, 0.11366521880885917, 0.11893728120393755, 0.12441344311962742, 0.13009850955735666, 0.13599718656027404, 0.14211403467590336, 0.14845341875858192, 0.15501945555607008, 0.16181596013482355, 0.16884639194565113, 0.17611380117444378, 0.18362077593172807, 0.19136939078855797, 0.19936115714907907, 0.20759697595044296, 0.21607709319001467, 0.22480105879152054, 0.23376768933102543, 0.24297503514668323, 0.2524203523502975, 0.26210008024185094, 0.27200982459896994, 0.2821443472710487, 0.29249756245228364, 0.3030625399395232, 0.3138315156004851, 0.3247959091868719, 0.3359463495270194, 0.34727270702610913, 0.3587641332911707, 0.37040910758583956, 0.3821954897090192, 0.3941105787851861, 0.40614117735497024, 0.4182736600655866, 0.4304940461841708, 0.4427880750951935, 0.4551412838975879, 0.4675390861891933, 0.47996685111624093, 0.4924099817739554, 0.5048539920704497, 0.5172845812089416, 0.5296877050014451, 0.5420496432986085, 0.5543570629030692, 0.5665970754251468, 0.5787572896373117, 0.590825857985052, 0.6027915170139431, 0.6146436215734783, 0.626372172755347, 0.6379678396153647, 0.6494219748125563, 0.6607266243746261, 0.6718745318652761, 0.6828591372849031, 0.693674571081846, 0.7043156436865442, 0.7147778310059884, 0.7250572563312013, 0.7351506691168518, 0.7450554210903197, 0.7547694401385324, 0.7642912024056602, 0.7736197030143325, 0.7827544257984129, 0.7916953124075381, 0.8004427311135063, 0.8089974456170403, 0.8173605841212198, 0.8255336089056444, 0.8335182866037383, 0.841316659355009, 0.8489310169749308, 0.8563638702577203, 0.8636179255018447, 0.8706960603247843, 0.877601300812451, 0.884336800029762, 0.8909058179021668, 0.8973117024633638, 0.903557872451921, 0.9096478012289388, 0.9155850019801031, 0.9213730141583552, 0.9270153911177916, 0.9325156888851457, 0.9378774560121591, 0.9431042244501692, 0.9481995013871806, 0.9531667619874291, 0.9580094429738613, 0.9627309369949283, 0.9673345877185313, 0.9718236855977622, 0.9762014642551821, 0.9804710974346905, 0.9846356964725066, 0.9886983082413506, 0.992661913524535, 0.9965294257793105, 1.000303690251429, 1.0039874834054632, 1.007583512637925, 1.0110944162426594, 1.014522763600314, 1.017871055565914, 1.02114172503069, 1.0243371376363073, 1.0274595926215238, 1.0305113237830827, 1.03349450053429, 1.0364112290462706, 1.039263553458332, 1.0420534571451834, 1.0447828640299857, 1.0474536399333425, 1.0500675939493718, 1.0526264798409584, 1.055131997447154, 1.0575857940964952, 1.0599894660207296, 1.0623445597641088, 1.0646525735840036, 1.0669149588391456, 1.069133121362289, 1.0713084228145384, 1.0734421820189821, 1.0755356762716426, 1.0775901426280725, 1.0796067791642217, 1.0815867462104591, 1.083531167557868, 1.0854411316361376, 1.0873176926625645, 1.0891618717618328, 1.090974658056393, 1.0927570097273822, 1.0945098550461427, 1.0962340933764914, 1.097930596147977, 1.0996002078004394, 1.1012437467002394, 1.1028620060285923, 1.1044557546424751, 1.1060257379086196, 1.107572678511133, 1.1090972772333163, 1.1106002137142652, 1.1120821471808615, 1.113543717155766, 1.1149855441420402, 1.1164082302850202, 1.1178123600120748, 1.1191985006508762, 1.1205672030268061, 1.1219190020401215, 1.1232544172234906, 1.124573953280508, 1.125878100605784, 1.1271673357871972, 1.1284421220908833, 1.1297029099295288, 1.130950137314517, 1.1321842302924698, 1.1334056033667104, 1.134614659904158, 1.1358117925281577, 1.1369973834977307, 1.1381718050737155, 1.1393354198722618, 1.140488581206122, 1.1416316334141705, 1.1427649121795715, 1.143888744837002, 1.1450034506693199, 1.1461093411940586, 1.1472067204401173, 1.1482958852150003, 1.1493771253629486, 1.150450724014298, 1.1515169578263822, 1.1525760972162893, 1.1536284065857727, 1.1546741445386026, 1.1557135640906357, 1.1567469128728718, 1.157774433327754, 1.158796362898963, 1.1598129342149435, 1.1608243752663936, 1.161830909577941, 1.1628327563742182, 1.1638301307405432, 1.1648232437784054, 1.1658123027559453, 1.1667975112536122, 1.1677790693051795, 1.168757173534282, 1.1697320172866428, 1.1707037907581457, 1.1716726811189029, 1.1726388726334656, 1.1736025467773137, 1.1745638823497613, 1.1755230555834055, 1.1764802402502412, 1.1774356077645625, 1.1783893272827632, 1.1793415658001463, 1.1802924882448458, 1.1812422575689643, 1.1821910348370204, 1.1831389793117986, 1.1840862485376926, 1.1850329984216228, 1.1859793833116128, 1.1869255560731022, 1.1878716681630677, 1.1888178697020257, 1.1897643095439858, 1.1907111353444162, 1.1916584936262864, 1.1926065298442454, 1.1935553884469907, 1.1945052129378844, 1.1954561459338637, 1.1964083292226995, 1.197361903818643, 1.1983170100165106, 1.1992737874442447, 1.2002323751139894, 1.2011929114717195, 1.2021555344454589, 1.2031203814921188, 1.2040875896429881, 1.2050572955479042, 1.206029635518132, 1.2070047455679758, 1.207982761455148, 1.2089638187199154, 1.2099480527230428, 1.210935598682554, 1.211926591709324, 1.2129211668415198, 1.2139194590779017, 1.2149216034099966, 1.215927734853155, 1.2169379884764997, 1.217952499431773, 1.2189714029810883, 1.2199948345235936, 1.221022929621044, 1.2220558240222912, 1.2230936536866863, 1.2241365548063967, 1.225184663827636, 1.2262381174708001, 1.2272970527495086, 1.2283616069885435, 1.2294319178406792, 1.230508123302395, 1.2315903617284603, 1.2326787718453847, 1.2337734927637174, 1.234874663989187, 1.2359824254326668, 1.2370969174189494]]"
40.0,40.0,3,90,90,I0-S1,"[[0.01, 0.009218546420913139, 0.008861068736292907, 0.00877505793697105, 0.00886844385240981, 0.009085512822892496, 0.009392476945799309, 0.009768843999330147, 0.010202227943168836, 0.010685226330839041, 0.011213535985384515, 0.011784812271704366, 0.012397975547430558, 0.013052787089525383, 0.013749587884982243, 0.014489136254242651, 0.015272505788706543, 0.01610102037901424, 0.016976212288462755, 0.017899794739687898, 0.018873643801139112, 0.01989978636191659, 0.02098039219549977, 0.022117768849961646, 0.02331435855330824, 0.02457273660087556, 0.025895610865260953, 0.027285822178953104, 0.028746345410296064, 0.030280291099570904, 0.03189090755284129, 0.033581583312301246, 0.03535584993657368, 0.037217385034840185, 0.03917001550615724, 0.04121772094067407, 0.04336463714326028, 0.045615059742640615, 0.047973447850767424, 0.05044442773800967, 0.05303279648992485, 0.05574352561099645, 0.05858176453983172, 0.061552844038974215, 0.06466227942073244, 0.06791577356829086, 0.0713192197088791, 0.07487870389294793, 0.07860050713015784, 0.08249110712953939, 0.08655717958745253, 0.09080559896296783, 0.09524343867603119, 0.09987797065927367, 0.10471666418960744, 0.10976718392083025, 0.11503738703337134, 0.12053531941208047, 0.12626921075762615, 0.13224746853167185, 0.13847867063058805, 0.14497155667709336, 0.15173501781396442, 0.158778084878889, 0.16610991483474724, 0.17373977532519083, 0.1816770272214609, 0.18993110502306612, 0.19851149497237475, 0.2074277107415064, 0.21668926654931636, 0.2263056475669232, 0.23628627747234565, 0.2466404830185945, 0.25737745548524044, 0.2685062088912899, 0.280035534857397, 0.29197395401828297, 0.3043296639019895, 0.3171104832115271, 0.3303237924668583, 0.34397647099123535, 0.35807483025593345, 0.3726245436316009, 0.38763057263298034, 0.4030970897867777, 0.419027398300073, 0.43542384875890167, 0.45228775314345204, 0.4696192965075819, 0.48741744673582615, 0.505679862860391, 0.524402802493327, 0.5435810290045224, 0.5632078864998664, 0.583276909988751, 0.603782675583187, 0.6247197908347655, 0.646082112803351, 0.6678622464667741, 0.6900512125059565, 0.7126382181458156, 0.7356104914383602, 0.7589531555907088, 0.7826491297914868, 0.8066790489742844, 0.8310211985922429, 0.8556514626821619, 0.8805432848263625, 0.9056676424127591, 0.9309930350516542, 0.9564854882542184, 0.982108573585982, 1.0078234465228202, 1.03358890318294, 1.0593614570017527, 1.0850954362665521, 1.1107431032404962, 1.1362547953845996, 1.1615790889356934, 1.186662984820867, 1.2114521165884493, 1.235890979716225, 1.2599231813241933, 1.2834917089772433, 1.3065392169188559, 1.329008327737095, 1.3508419471359465, 1.3719835891760213, 1.3923777090663665, 1.4119700403411346, 1.4307079330482804, 1.448540689418887, 1.4654198933808729, 1.4812997302344404, 1.4961372928221417, 1.5098928706059054, 1.5225302182073233, 1.5340168001748244, 1.5443240090093417, 1.5534273538043553, 1.5613066172309136, 1.5679459790161625, 1.573334104516623, 1.577464197465612, 1.5803340164677755, 1.5819458553122745, 1.5823064876693358, 1.5814270772123822, 1.5793230546601675, 1.576013963651398, 1.5715232777404216, 1.565878191130186, 1.5591093860326202, 1.5512507797632786, 1.5423392548343227, 1.5324143754071513, 1.5215180935040626, 1.509694448359458, 1.496989262218747, 1.4834498357717159, 1.4691246462420615, 1.4540630509520003, 1.4383149989467836, 1.4219307530052177, 1.4049606240855623, 1.3874547199680336, 1.3694627095617695, 1.3510336040513427, 1.3322155557709863, 1.3130556754182758, 1.2935998679570422, 1.2738926873150593, 1.253977209758106, 1.23389492562023, 1.2136856488916548, 1.1933874440113756, 1.1730365690811777, 1.152667434611107, 1.1323125768225515, 1.1120026444728253, 1.0917663981230612, 1.071630720747649, 1.051620638576612, 1.0317593510703111, 1.0120682689468, 0.9925670592141382, 0.9732736962011469, 0.9542045176287133, 0.9353742848181757, 0.9167962461919994, 0.8984822032835204, 0.8804425785357417, 0.8626864842329043, 0.8452217919718977, 0.8280552021426977, 0.8111923129472541, 0.7946376885440666, 0.7783949259606344, 0.7624667204677551, 0.7468549291580215, 0.731560632515719, 0.7165841938065622, 0.7019253161533554, 0.687583097197737, 0.673556081278797, 0.6598423090866408, 0.6464393647730885, 0.633344420522804, 0.620554278606451, 0.6080654109531497, 0.5958739962927858, 0.5839759549297768, 0.5723669812189575, 0.5610425738214786, 0.549998063824221, 0.5392286408103807, 0.5287293769717567, 0.5184952493550175, 0.508521160334993, 0.4988019564079617, 0.48933244539710347, 0.48010741216088654, 0.47112163289324116, 0.46236988810204577, 0.45384697434979016, 0.44554771483735617, 0.43746696890873676, 0.4295996405512534, 0.421940685962477, 0.4144851202516547, 0.4072280233400248, 0.4001645451210016, 0.39328990993785096, 0.3865994204331793, 0.38008846082134357, 0.37375249963176604, 0.367587091968121, 0.3615878813254557, 0.355750601004524, 0.35007107515994806, 0.3445452195162886, 0.33916904178369167, 0.3339386418024974, 0.3288502114440324, 0.32390003429277237, 0.3190844851331374, 0.31440002926238125, 0.30984322164934025, 0.3054107059572231, 0.3010992134471389, 0.2969055617776769, 0.29282665371455835, 0.28885947576318216, 0.28500109673576407, 0.281248666263734, 0.2775994132650915, 0.2740506443755287, 0.2705997423513026, 0.26724416445107774, 0.26398144080325414, 0.26080917276464693, 0.25772503127578483, 0.25472675521754445, 0.2518121497733313, 0.24897908480055267, 0.24622549321470327, 0.2435493693889919, 0.2409487675720817, 0.2384218003261894, 0.23596663698749157, 0.23358150215051326, 0.23126467417792837, 0.22901448373697542, 0.22682931236348888, 0.22470759105436103, 0.22264779888908226, 0.22064846168085683, 0.2187081506576546, 0.21682548117343664, 0.21499911144968406, 0.21322774134725891, 0.21151011116854054, 0.20984500048970053, 0.20823122702291194, 0.2066676455082261, 0.2051531466347968, 0.20368665599108476, 0.2022671330436341, 0.20089357014397707, 0.19956499156319304, 0.19828045255362206, 0.19703903843721124, 0.195839863719955, 0.19468207123187511, 0.1935648312919757, 0.19248734089759875, 0.19144882293760096, 0.1904485254287671, 0.18948572077487472, 0.18855970504782305, 0.1876697972902424, 0.1868153388390012, 0.18599569266903251, 0.18521024275690764, 0.18445839346358897, 0.18373956893580234, 0.18305321252547563, 0.18239878622669956, 0.18177577012967389, 0.18118366189111276, 0.1806219762205909, 0.1800902443823233, 0.17958801371188, 0.17911484714734824, 0.17867032277446418, 0.17825403338524642, 0.17786558604967467, 0.17750460169996615, 0.17717071472701335, 0.17686357258855664, 0.17658283542867567, 0.17632817570819254, 0.1760992778455915, 0.17589583786806756, 0.17571756307232742, 0.1755641716947752, 0.17543539259072455, 0.17533096492228795, 0.17525063785460304, 0.17519417026006434, 0.17516133043023724, 0.1751518957951398, 0.1751656526495855, 0.1752023958862887, 0.17526192873544144, 0.17534406251047885, 0.1754486163597566, 0.17557541702387197, 0.17572429859836675, 0.1758951023015566, 0.17608767624723895, 0.17630187522203686, 0.17653756046714397, 0.17679459946424045, 0.17707286572535627, 0.17737223858646467, 0.177692603004593, 0.17803384935824493, 0.17839587325093254, 0.17877857531762262, 0.17918186103390651, 0.17960564052770756, 0.18004982839334588, 0.18051434350778445, 0.18099910884888548, 0.18150405131551073, 0.18202910154930427, 0.18257419375800024, 0.1831392655401033, 0.18372425771079345, 0.18432911412891173, 0.18495378152488715, 0.18559820932947033, 0.186262349503143, 0.18694615636607737]]","[[0.01, 0.011673645222856313, 0.01362924433757481, 0.015801894644077778, 0.01815639697909103, 0.020675337899606627, 0.023351979955801273, 0.02618605542370346, 0.02918126822137758, 0.03234381746310572, 0.03568153020848201, 0.03920335766722557, 0.04291908802154987, 0.04683918819695998, 0.050974722293728944, 0.05533731553743032, 0.05993914523744149, 0.06479294778071473, 0.06991203518272239, 0.07531031739357058, 0.08100232814750782, 0.08700325308639065, 0.09332895944380198, 0.09999602690274137, 0.10702177942940115, 0.11442431799413504, 0.12222255415144381, 0.13043624448334395, 0.13908602592652555, 0.14819345201014644, 0.15778103003199748, 0.1678722591984691, 0.1784916697495997, 0.18966486308525107, 0.20141855290253854, 0.21378060734824467, 0.22678009218314396, 0.2404473149479745, 0.2548138701131814, 0.2699126851864775, 0.28577806774365583, 0.30244575333888163, 0.31995295424081294, 0.33833840893028444, 0.3576424322838615, 0.377906966355264, 0.3991756316534007, 0.4214937788014791, 0.4449085404462949, 0.46946888327029757, 0.4952256599413106, 0.5222316608158053, 0.5505416651913262, 0.5802124918820034, 0.6113030488680196, 0.6438743817453969, 0.6779897206765099, 0.713714525514303, 0.7511165287443089, 0.7902657758582301, 0.8312346627411231, 0.8740979696211546, 0.9189328910965793, 0.9658190617191323, 1.01483857657658, 1.0660760062799144, 1.1196184057228336, 1.1755553159429792, 1.2339787583762296, 1.2949832207575236, 1.3586656338846466, 1.4251253384256266, 1.4944640409164112, 1.5667857580639295, 1.642196748441194, 1.7208054306364922, 1.8027222868988224, 1.8880597513074089, 1.97693208148541, 2.069455212877825, 2.1657465946222367, 2.2659250060595784, 2.370110352961803, 2.4784234425954077, 2.590985736795528, 2.707919082296024, 2.8293454176479367, 2.9553864561630383, 3.086163344442174, 3.221796296190618, 3.3624042011857176, 3.5081042094462602, 3.659011290858831, 3.8152377707439795, 3.97689301814401, 4.144084859612094, 4.3169206530156154, 4.495506420086966, 4.679945964868406, 4.87034011053825, 5.066786000411628, 5.2693764310354085, 5.478199198692202, 5.693336448930486, 5.914864023952144, 6.142850806028604, 6.377358057316602, 6.618438757947749, 6.866136945339144, 7.120487058474521, 7.381513291530677, 7.649228961725911, 7.923635896675499, 8.20472384686831, 8.492469929134066, 8.786838107152661, 9.087778715162443, 9.395228031048937, 9.709107904934362, 10.029325449236442, 10.35577279591878, 10.688326926311452, 11.026849578438402, 11.371187236248169, 11.72117120450915, 12.076617772404713, 12.43732846805403, 12.803090405300892, 13.173676723166288, 13.548847117364803, 13.928348462255281, 14.31191552054944, 14.699271737056435, 15.090130111715458, 15.484194146181558, 15.881158857300733, 16.2807118499575, 16.682534441018273, 17.086302825442697, 17.49168927510545, 17.8983633604739, 18.30599318503021, 18.71424662221464, 19.1227925447018, 19.531302036001644, 19.939449574697463, 20.346914182085964, 20.753380524559734, 21.15853996275643, 21.562091540277454, 21.96374290563501, 22.36321116200259, 22.760223640302144, 23.154518592142928, 23.545845800114673, 23.933967103913737, 24.318656841729716, 24.699702207226963, 25.076903523307813, 25.450074434631453, 25.81904202157553, 26.183646838960073, 26.543742883400895, 26.89919749361956, 27.249891188408984, 27.595717447238897, 27.93658243868636, 28.272404701997694, 28.60311478713441, 28.928654858633568, 29.24897826852864, 29.564049103438084, 29.873841710742692, 30.178340208546597, 30.47753798385842, 30.771437183144936, 31.060048199107076, 31.343389157212826, 31.621485405199746, 31.894369008436243, 32.16207825371008, 32.424657163698754, 32.68215502407278, 32.93462592489181, 33.18212831767807, 33.42472458929208, 33.66248065349474, 33.89546556085689, 34.12375112747422, 34.347411582760465, 34.566523236426285, 34.78116416460385, 34.99141391494729, 35.19735323042627, 35.39906379143327, 35.59662797574257, 35.79012863579133, 35.97964889269722, 36.165271946383264, 36.34708090114739, 36.525158605990185, 36.69958750899873, 36.870449525076815, 37.03782591630987, 37.201797184257444, 37.36244297347491, 37.5198419855792, 37.67407190318988, 37.825209323096296, 37.97332969802275, 38.11850728638745, 38.26081510947509, 38.400324915468715, 38.5371071498125, 38.67123093140335, 38.80276403413572, 38.931772873350035, 39.05832249676103, 39.18247657946742, 39.304297422668924, 39.42384595574053, 39.541181741336835, 39.65636298322125, 39.76944653653633, 39.88048792025126, 39.9895413315421, 40.096659661878384, 40.20189451460709, 40.305296223841154, 40.40691387447513, 40.50679532316512, 40.604987220123405, 40.70153503159112, 40.79648306286411, 40.889874481758135, 40.981751342409815, 41.07215460931966, 41.16112418155189, 41.248698917014536, 41.33491665675059, 41.41981424917829, 41.503427574224965, 41.585791567305115, 41.666940243098715, 41.74690671909091, 41.825723238839146, 41.90342119493774, 41.98003115165408, 42.05558286721412, 42.130105315718204, 42.203626708671166, 42.276174516113365, 42.34777548734188, 42.41845567121324, 42.48824043602118, 42.557154488944576, 42.62522189506258, 42.69246609593532, 42.758909927749876, 42.824575639032425, 42.8894849079286, 42.95365885905487, 43.017118079924764, 43.079882636954345, 43.14197209105207, 43.20340551279867, 43.26420149722323, 43.32437817818199, 43.38395324234672, 43.44294394281001, 43.50136711231471, 43.559239176115284, 43.61657616447876, 43.67339372483326, 43.72970713357197, 43.78553130752064, 43.84088081507659, 43.895769887027264, 43.95021242705639, 44.00422202194562, 44.05781195147956, 44.11099519806203, 44.163784456051296, 44.2161921408218, 44.268230397560046, 44.3199111098018, 44.37124590771813, 44.42224617615715, 44.472923062448714, 44.52328748397855, 44.57335013553887, 44.62312149646177, 44.67261183754188, 44.721831227754436, 44.770789540774985, 44.819496461306414, 44.86796149121931, 44.91619395551108, 44.96420300808937, 45.01199763738507, 45.05958667180004, 45.1069787849946, 45.15418250101959, 45.20120619929776, 45.248058119458996, 45.294746366033905, 45.34127891300995, 45.38766360825435, 45.43390817780776, 45.48002023005258, 45.52600725975975, 45.57187665201755, 45.61763568604604, 45.66329153890046, 45.70885128906688, 45.754321919953334, 45.79971032327942, 45.845023302367345, 45.890267575337255, 45.93544977820962, 45.980576467917246, 46.025654125229536, 46.07068915759139, 46.11568790187912, 46.16065662707563, 46.205601536867064, 46.250528772162966, 46.295444413541986, 46.34035448362507, 46.385264949377934, 46.4301817243446, 46.47511067081372, 46.52005760191927, 46.565028283677144, 46.61002843695918, 46.65506373940598, 46.70013982727984, 46.745262297259174, 46.79043670817551, 46.83566858269432, 46.88096340894069, 46.92632664207096, 46.97176370579125, 47.01727999382375, 47.06288087132179, 47.10857167623436, 47.15435772062094, 47.20024429191728, 47.24623665415291, 47.29234004912091, 47.338559697500514, 47.38490079993316, 47.43136853805242, 47.477968075468205, 47.524704558705814, 47.571583118100015, 47.61860886864458, 47.66578691079755, 47.7131223312425, 47.760620203605974, 47.80828558913133, 47.85612353730911, 47.904139086464056, 47.952337264298926, 48.000723088395056, 48.049301566669776]]","[array([6.37688001e-05, 6.00799169e-05, 5.86665222e-05, 5.87302966e-05,
       5.97888818e-05, 6.15500762e-05, 6.38365822e-05, 6.65410092e-05,
       6.95987235e-05, 7.29715089e-05, 7.66376928e-05, 8.05861579e-05,
       8.48126918e-05, 8.93177481e-05, 9.41050617e-05, 9.91807835e-05,
       1.04552934e-04, 1.10231052e-04, 1.16225968e-04, 1.22549654e-04,
       1.29215127e-04, 1.36236377e-04, 1.43628333e-04, 1.51406827e-04,
       1.59588585e-04, 1.68191218e-04, 1.77233221e-04, 1.86733980e-04,
       1.96713776e-04, 2.07193807e-04, 2.18196192e-04, 2.29743998e-04,
       2.41861253e-04, 2.54572970e-04, 2.67905169e-04, 2.81884900e-04,
       2.96540264e-04, 3.11900443e-04, 3.27995719e-04, 3.44857501e-04,
       3.62518350e-04, 3.81011999e-04, 4.00373382e-04, 4.20638649e-04,
       4.41845193e-04, 4.64031666e-04, 4.87237999e-04, 5.11505413e-04,
       5.36876437e-04, 5.63394915e-04, 5.91106013e-04, 6.20056225e-04,
       6.50293369e-04, 6.81866583e-04, 7.14826315e-04, 7.49224307e-04,
       7.85113570e-04, 8.22548361e-04, 8.61584139e-04, 9.02277527e-04,
       9.44686255e-04, 9.88869100e-04, 1.03488581e-03, 1.08279701e-03,
       1.13266414e-03, 1.18454929e-03, 1.23851513e-03, 1.29462474e-03,
       1.35294147e-03, 1.41352876e-03, 1.47644996e-03, 1.54176812e-03,
       1.60954576e-03, 1.67984462e-03, 1.75272542e-03, 1.82824754e-03,
       1.90646871e-03, 1.98744468e-03, 2.07122889e-03, 2.15787201e-03,
       2.24742163e-03, 2.33992176e-03, 2.43541237e-03, 2.53392897e-03,
       2.63550203e-03, 2.74015654e-03, 2.84791138e-03, 2.95877880e-03,
       3.07276385e-03, 3.18986376e-03, 3.31006733e-03, 3.43335433e-03,
       3.55969489e-03, 3.68904909e-03, 3.82137190e-03, 3.95662410e-03,
       4.09477018e-03, 4.23577202e-03, 4.37958473e-03, 4.52615387e-03,
       4.67541364e-03, 4.82728557e-03, 4.98167756e-03, 5.13848314e-03,
       5.29758085e-03, 5.45883381e-03, 5.62208926e-03, 5.78717832e-03,
       5.95391573e-03, 6.12209975e-03, 6.29151213e-03, 6.46191817e-03,
       6.63306694e-03, 6.80469157e-03, 6.97650972e-03, 7.14822412e-03,
       7.31952335e-03, 7.49008264e-03, 7.65956495e-03, 7.82762210e-03,
       7.99389607e-03, 8.15802049e-03, 8.31962224e-03, 8.47832313e-03,
       8.63374182e-03, 8.78549571e-03, 8.93320306e-03, 9.07648509e-03,
       9.21496816e-03, 9.34828607e-03, 9.47608222e-03, 9.59801195e-03,
       9.71374469e-03, 9.82296617e-03, 9.92538048e-03, 1.00207121e-02,
       1.01087076e-02, 1.01891377e-02, 1.02617985e-02, 1.03265127e-02,
       1.03831315e-02, 1.04315344e-02, 1.04716311e-02, 1.05033610e-02,
       1.05266940e-02, 1.05416304e-02, 1.05482003e-02, 1.05464636e-02,
       1.05365091e-02, 1.05184534e-02, 1.04924401e-02, 1.04586380e-02,
       1.04172404e-02, 1.03684627e-02, 1.03125410e-02, 1.02497303e-02,
       1.01803025e-02, 1.01045444e-02, 1.00227558e-02, 9.93524710e-03,
       9.84233784e-03, 9.74435428e-03, 9.64162759e-03, 9.53449197e-03,
       9.42328280e-03, 9.30833495e-03, 9.18998114e-03, 9.06855041e-03,
       8.94436675e-03, 8.81774780e-03, 8.68900370e-03, 8.55843605e-03,
       8.42633702e-03, 8.29298856e-03, 8.15866171e-03, 8.02361613e-03,
       7.88809956e-03, 7.75234760e-03, 7.61658340e-03, 7.48101760e-03,
       7.34584822e-03, 7.21126072e-03, 7.07742813e-03, 6.94451118e-03,
       6.81265854e-03, 6.68200712e-03, 6.55268235e-03, 6.42479858e-03,
       6.29845943e-03, 6.17375824e-03, 6.05077847e-03, 5.92959416e-03,
       5.81027038e-03, 5.69286372e-03, 5.57742270e-03, 5.46398829e-03,
       5.35259432e-03, 5.24326796e-03, 5.13603014e-03, 5.03089600e-03,
       4.92787532e-03, 4.82697285e-03, 4.72818880e-03, 4.63151914e-03,
       4.53695598e-03, 4.44448790e-03, 4.35410031e-03, 4.26577569e-03,
       4.17949394e-03, 4.09523262e-03, 4.01296721e-03, 3.93267136e-03,
       3.85431709e-03, 3.77787504e-03, 3.70331462e-03, 3.63060421e-03,
       3.55971136e-03, 3.49060287e-03, 3.42324499e-03, 3.35760356e-03,
       3.29364407e-03, 3.23133182e-03, 3.17063202e-03, 3.11150983e-03,
       3.05393052e-03, 2.99785948e-03, 2.94326230e-03, 2.89010487e-03,
       2.83835338e-03, 2.78797440e-03, 2.73893491e-03, 2.69120233e-03,
       2.64474458e-03, 2.59953009e-03, 2.55552780e-03, 2.51270722e-03,
       2.47103844e-03, 2.43049211e-03, 2.39103948e-03, 2.35265242e-03,
       2.31530339e-03, 2.27896548e-03, 2.24361236e-03, 2.20921835e-03,
       2.17575836e-03, 2.14320793e-03, 2.11154318e-03, 2.08074086e-03,
       2.05077829e-03, 2.02163339e-03, 1.99328465e-03, 1.96571115e-03,
       1.93889251e-03, 1.91280893e-03, 1.88744113e-03, 1.86277037e-03,
       1.83877844e-03, 1.81544763e-03, 1.79276076e-03, 1.77070111e-03,
       1.74925245e-03, 1.72839902e-03, 1.70812553e-03, 1.68841713e-03,
       1.66925940e-03, 1.65063834e-03, 1.63254038e-03, 1.61495236e-03,
       1.59786150e-03, 1.58125540e-03, 1.56512204e-03, 1.54944977e-03,
       1.53422729e-03, 1.51944364e-03, 1.50508819e-03, 1.49115064e-03,
       1.47762102e-03, 1.46448964e-03, 1.45174713e-03, 1.43938440e-03,
       1.42739264e-03, 1.41576333e-03, 1.40448819e-03, 1.39355923e-03,
       1.38296867e-03, 1.37270901e-03, 1.36277296e-03, 1.35315349e-03,
       1.34384375e-03, 1.33483715e-03, 1.32612727e-03, 1.31770793e-03,
       1.30957312e-03, 1.30171703e-03, 1.29413404e-03, 1.28681871e-03,
       1.27976577e-03, 1.27297013e-03, 1.26642686e-03, 1.26013117e-03,
       1.25407847e-03, 1.24826427e-03, 1.24268427e-03, 1.23733429e-03,
       1.23221028e-03, 1.22730835e-03, 1.22262472e-03, 1.21815574e-03,
       1.21389788e-03, 1.20984774e-03, 1.20600202e-03, 1.20235755e-03,
       1.19891126e-03, 1.19566017e-03, 1.19260144e-03, 1.18973228e-03,
       1.18705004e-03, 1.18455214e-03, 1.18223610e-03, 1.18009953e-03,
       1.17814012e-03, 1.17635564e-03, 1.17474395e-03, 1.17330299e-03,
       1.17203077e-03, 1.17092537e-03, 1.16998495e-03, 1.16920773e-03,
       1.16859202e-03, 1.16813617e-03, 1.16783861e-03, 1.16769781e-03,
       1.16771234e-03, 1.16788078e-03, 1.16820181e-03, 1.16867413e-03,
       1.16929652e-03, 1.17006780e-03, 1.17098683e-03, 1.17205253e-03,
       1.17326387e-03, 1.17461986e-03, 1.17611955e-03, 1.17776204e-03,
       1.17954646e-03, 1.18147199e-03, 1.18353784e-03, 1.18574327e-03,
       1.18808756e-03, 1.19057003e-03, 1.19319004e-03, 1.19594698e-03,
       1.19884025e-03, 1.20186930e-03, 1.20503361e-03, 1.20833268e-03,
       1.21176602e-03, 1.21533320e-03, 1.21903378e-03, 1.22286736e-03,
       1.22683355e-03, 1.23093199e-03, 1.23516234e-03, 1.23952426e-03,
       1.24401744e-03])]","[[0, 6.376880005047202e-05, 0.00012384871691641303, 0.00018251523914562925, 0.0002412455357579538, 0.00030103441757699056, 0.00036258449376628496, 0.0004264210759577486, 0.0004929620851482793, 0.0005625608086303034, 0.000635532317483052, 0.000712170010273278, 0.0007927561681589431, 0.0008775688599333661, 0.0009668866080193948, 0.0010609916696931864, 0.0011601724532138947, 0.0012647253870571554, 0.0013749564388119385, 0.0014911824065943554, 0.0016137320609446418, 0.0017429471876486769, 0.0018791835648909665, 0.0020228118974747974, 0.0021742187240543606, 0.00233380730891583, 0.00250199852691384, 0.0026792317481659955, 0.0028659657276942723, 0.0030626795041707932, 0.003269873311146914, 0.0034880695035368276, 0.00371781350163704, 0.0039596747545561275, 0.004214247724581332, 0.004482152893703132, 0.004764037793243732, 0.005060578057281399, 0.005372478500322441, 0.0057004742194407204, 0.006045331720876126, 0.006407850070854157, 0.006788862070155353, 0.0071892354517223405, 0.007609874100341012, 0.008051719293168131, 0.008515750959597961, 0.009002988958663144, 0.00951449437184771, 0.010051370808850857, 0.010614765723476827, 0.011205871736437332, 0.01182592796143623, 0.012476221330460507, 0.013158087913724985, 0.013872914229209518, 0.014622138536185408, 0.015407252106551228, 0.01622980046718656, 0.017091384605884625, 0.017993662132741162, 0.018938348388157424, 0.01992721748786011, 0.020962103294551757, 0.022044900304982653, 0.023177564440382416, 0.024362113727308364, 0.025600628855062656, 0.0268952535949053, 0.028248195065351075, 0.02966172382689167, 0.03113817378853773, 0.032679941907638045, 0.034289487663515174, 0.035969332284570193, 0.03772205770766757, 0.03955030524782921, 0.04145677395556169, 0.043444218638530374, 0.04551544752379993, 0.04767331953650331, 0.04992074117060628, 0.05226066292742515, 0.0546960752977612, 0.05723000426396226, 0.059865506298941454, 0.06260566284020425, 0.06545357421828926, 0.06841235302074601, 0.07148511687488406, 0.07467498063506213, 0.07798504796326934, 0.0814184022952079, 0.08497809718803787, 0.08866714627647128, 0.09248851817203492, 0.0964451422709722, 0.10053991244810913, 0.10477568446922222, 0.10915526919666176, 0.113681423062485, 0.11835683669843101, 0.12318412226633359, 0.12816579982700724, 0.13330428296521193, 0.13860186381959277, 0.1440606976292042, 0.14968278689001535, 0.1554699652081243, 0.16142388093666926, 0.16754598068776697, 0.1738374928174467, 0.18029941098933822, 0.18693247793105178, 0.19373716950522413, 0.20071367922469904, 0.20786190334794533, 0.21518142669632326, 0.222671509338955, 0.2303310742935261, 0.23815869639215376, 0.2461525924603379, 0.25431061295382296, 0.2626302351928307, 0.27110855832550423, 0.27974230014248996, 0.2885277958523881, 0.2974609989133754, 0.3065374839997474, 0.31575245216359593, 0.32510073823153646, 0.33457682045457576, 0.34417483240617025, 0.3538885770995998, 0.36371154327135385, 0.3736369237526908, 0.3836576358273142, 0.3937663434496351, 0.40395548117578906, 0.4142172796388601, 0.4245437923810273, 0.43492692383894294, 0.44535845826489573, 0.45583008935545927, 0.4663334503515854, 0.4768601443696024, 0.4874017747213946, 0.4979499749841663, 0.5084964385855598, 0.5190329476783712, 0.5295514010904836, 0.540043841149667, 0.5505024791992719, 0.560919719639229, 0.5712881823467898, 0.5816007233527124, 0.5918504536707163, 0.6020307562005952, 0.6121353006480096, 0.6221580564263044, 0.6320933035273721, 0.6419356413692994, 0.6516799956480237, 0.6613216232382544, 0.670856115205293, 0.6802793980039831, 0.6895877329537232, 0.6987777140892453, 0.7078462644956646, 0.7167906312431844, 0.7256083790418281, 0.7342973827397677, 0.7428558187903286, 0.7512821558126885, 0.7595751443698237, 0.7677338060845015, 0.7757574222102787, 0.783645521769654, 0.7913978693659395, 0.7990144527691876, 0.8064954703697995, 0.8138413185863824, 0.821052579307147, 0.8281300074367594, 0.8350745186131895, 0.8418871771518264, 0.8485691842670292, 0.8551218666144355, 0.8615466651907931, 0.8678451246218783, 0.8740188828632287, 0.8800696613329961, 0.8859992554912095, 0.8918095258751532, 0.8975023895964, 0.903079812301296, 0.9085438005933532, 0.9138963949130693, 0.9191396628681205, 0.9242756930046664, 0.9293065890086282, 0.9342344643242347, 0.9390614371758514, 0.943789625978092, 0.9484211451184347, 0.9529581010960037, 0.9574025889998073, 0.9617566893095278, 0.9660224650019097, 0.9702019589458787, 0.9742971915697228, 0.9783101587839567, 0.9822428301438693, 0.9860971472361967, 0.9898750222748546, 0.9935783368912084, 0.9972089411049266, 1.0007686524620596, 1.0042592553275955, 1.0076825003203624, 1.0110401038787689, 1.0143337479464873, 1.0175650797678024, 1.020735711782938, 1.0238472216142662, 1.0269011521348659, 1.0298990116114561, 1.032842273914244, 1.0357323787867518, 1.0385707321691613, 1.0413587065691825, 1.0440976414748946, 1.0467888438044202, 1.0494335883876968, 1.0520331184759744, 1.0545886462750267, 1.0571013534983882, 1.0595723919372422, 1.0620028840438738, 1.0643939235258735, 1.0667465759485297, 1.069061879343084, 1.0713408448187398, 1.0735844571765267, 1.075793675523297, 1.077969433884323, 1.0801126418131084, 1.0822241849971888, 1.084304925858827, 1.0863557041496377, 1.0883773375382881, 1.0903706221905392, 1.092336333340971, 1.0942752258558472, 1.0961880347866357, 1.0980754759137896, 1.099938246280456, 1.1017770247158405, 1.1035924723480166, 1.1053852331060108, 1.1071559342110497, 1.1089051866568906, 1.110633585679196, 1.1123417112139447, 1.1140301283449041, 1.1156993877402126, 1.1173500260781453, 1.1189825664621573, 1.1205975188253168, 1.1221953803242566, 1.1237766357227865, 1.1253417577653202, 1.1268912075402828, 1.128425434833671, 1.1299448784729489, 1.1314499666614632, 1.1329411173035728, 1.1344187383206872, 1.1358832279584101, 1.1373349750849933, 1.138774359481297, 1.140201752122463, 1.1416175154515016, 1.1430220036449914, 1.1444155628710961, 1.1457985315400945, 1.1471712405476207, 1.1485340135108086, 1.1498871669975361, 1.1512310107489516, 1.1525658478954737, 1.153891975166447, 1.1552096830936291, 1.1565192562086892, 1.1578209732348872, 1.1591151072731036, 1.1604019259823837, 1.161681691755157, 1.1629546618872901, 1.1642210887431237, 1.1654812199156437, 1.166735298381933, 1.167983562654043, 1.1692262469254229, 1.1704635812130428, 1.1716957914953345, 1.1729230998460833, 1.1741457245643878, 1.1753638803008082, 1.1765777781798172, 1.1777876259186675, 1.1789936279427797, 1.1801959854977606, 1.1813948967581467, 1.1825905569329764, 1.183783158368284, 1.1849728906466037, 1.1861599406835779, 1.1873444928217498, 1.1885267289216281, 1.1897068284500978, 1.190884968566258, 1.1920613242047604, 1.1932360681567171, 1.1944093711482506, 1.1955814019167488, 1.1967523272848903, 1.1979223122325027, 1.1990915199663084, 1.2002601119876213, 1.2014282481580423, 1.2025960867632097, 1.2037637845746552, 1.2049314969098093, 1.2060993776902078, 1.2072675794979388, 1.2084362536303759, 1.2096055501532343, 1.2107756179519933, 1.2119466047817156, 1.2131186573153045, 1.214291921190229, 1.2154665410537482, 1.2166426606066676, 1.2178204226456533, 1.2189999691041329, 1.2201814410918073, 1.2213649789327998, 1.2225507222024616, 1.2237388097628594, 1.2249293797969611, 1.226122569841542, 1.2273185168188268, 1.2285173570668826, 1.2297192263687833, 1.230924259980552, 1.2321325926579012, 1.233344358681776, 1.2345596918827177, 1.235778725664052, 1.2370015930239133, 1.238228426576112, 1.2394593585698517, 1.240694520908301, 1.2419340451660268, 1.243178062605294]]"
40.0,40.0,3,90,90,I1-S1,"[[0.01, 0.009218546420913139, 0.008861068736292907, 0.00877505793697105, 0.00886844385975327, 0.00908551323198983, 0.009392481045603586, 0.009768864406509583, 0.010202297291492872, 0.010685411747161264, 0.011213956660118051, 0.011785659472828811, 0.012399534565671727, 0.013055460762018073, 0.013753921491877947, 0.014495843704967119, 0.015282497109760481, 0.01611543058582259, 0.01699643177402783, 0.01792750134718748, 0.0189108367702342, 0.01994882235283375, 0.021044023603652522, 0.022199184629036934, 0.023417227767866543, 0.024701254931640958, 0.026054550292101204, 0.02748058406849377, 0.02898301723740594, 0.03056570703468694, 0.032232713150259856, 0.03398830453807008, 0.035836966778349265, 0.037783409939869686, 0.03983257689721913, 0.041989652063166245, 0.0442600704994408, 0.04664952737107199, 0.04916398771004123, 0.05180969645356865, 0.054593188720967654, 0.057521300290738576, 0.060601178236470744, 0.06384029167620799, 0.06724644258521288, 0.07082777661653952, 0.07459279386748105, 0.07855035952278026, 0.08270971429745554, 0.0870804845931743, 0.09167269227227302, 0.09649676394274635, 0.1015635396357801, 0.10688428074465557, 0.11247067708008361, 0.11833485288221954, 0.12448937161375506, 0.13094723934158267, 0.13772190649659877, 0.14482726778228422, 0.15227765998282863, 0.16008785740082432, 0.16827306463305278, 0.17684890637075576, 0.18583141388820723, 0.19523700786059459, 0.2050824771294546, 0.21538495301151167, 0.2261618787251273, 0.23743097348814354, 0.24921019082222637, 0.2615176705825007, 0.27437168421802277, 0.2877905727592523, 0.3017926770240601, 0.3163962595349332, 0.33161941764800396, 0.3474799874105304, 0.36399543768877135, 0.38118275414419195, 0.3990583126840442, 0.4176377420740657, 0.43693577547783735, 0.456966090780722, 0.4777411396677181, 0.499271965555331, 0.5215680106288719, 0.5446369124093768, 0.5684842904692333, 0.5931135241328517, 0.6185255222380635, 0.6447184862945462, 0.6716876686559166, 0.6994251276198863, 0.7279197039116369, 0.7571590271335998, 0.7871304400469574, 0.8178193613909567, 0.8492079366367382, 0.8812741069347639, 0.9139909689055823, 0.9473263381699671, 0.9812424574469181, 1.0156958098999826, 1.050637012462366, 1.086010773741271, 1.1217559079499988, 1.1578054009709775, 1.1940865277072863, 1.230521021759404, 1.2670252994726108, 1.3035107407579798, 1.3398840289550256, 1.3760475514935184, 1.4118998623136325, 1.4473362059862245, 1.4822491022952435, 1.5165289887513995, 1.5500649171456369, 1.582745298866253, 1.6144586923374398, 1.64509462463205, 1.6745444381092498, 1.7027021518688008, 1.729465326935955, 1.7547359234285986, 1.7784211375404961, 1.8004342060240672, 1.82069516598824, 1.8391315582481995, 1.8556790631716924, 1.870282058948865, 1.882894093447959, 1.8934782622773332, 1.9020074873171602, 1.9084646917672943, 1.912842869631923, 1.915145049474553, 1.915384154175609, 1.9135827602576185, 1.909772762060908, 1.9039949476121842, 1.8962984943919963, 1.8867403943451162, 1.87538481836906, 1.8623024311477152, 1.8475696675656563, 1.8312679820488456, 1.8134830820414043, 1.7943041564650761, 1.7738231094424721, 1.7521338088260283, 1.7293313581934473, 1.7055113999804292, 1.6807694563560538, 1.6552003133377047, 1.6288974525214048, 1.6019525336975946, 1.5744549305561415, 1.546491320678336, 1.5181453300844876, 1.4894972317661277, 1.460623696890493, 1.4315975967270127, 1.402487852812674, 1.3733593324442397, 1.3442727862566353, 1.3152848244127713, 1.2864479277832888, 1.2578104904268985, 1.2294168896839703, 1.2013075802583955, 1.1735192087759785, 1.1460847454624605, 1.1190336297718888, 1.0923919270082216, 1.0661824932122714, 1.0404251458256313, 1.015136837887226, 0.990331833761532, 0.9660218846360977, 0.9422164022563363, 0.9189226295849356, 0.8961458072796143, 0.8738893350748814, 0.8521549273300306, 0.8309427621663413, 0.8102516237612885, 0.7900790374967098, 0.7704213977718263, 0.751274088391441, 0.7326315955253763, 0.7144876133081778, 0.6968351422093129, 0.6796665803545306, 0.6629738080197837, 0.6467482655511201, 0.6309810249882525, 0.6156628556870023, 0.6007842842474073, 0.5863356490607687, 0.5723071497910731, 0.5586888921047201, 0.5454709279579689, 0.5326432917445132, 0.5201960325966236, 0.5081192431227842, 0.49640308485307527, 0.4850378106510518, 0.47401378433782193, 0.46332149776067094, 0.4529515855251162, 0.44289483759588344, 0.4331422099590919, 0.42368483352505026, 0.4145140214385669, 0.40562127495165046, 0.39699828800195025, 0.3886369506293131, 0.3805293513524183, 0.37266777861762, 0.3650447214228687, 0.3576528692109008, 0.3504851111177672, 0.3435345346551983, 0.3367944238982613, 0.3302582572432314, 0.3239197047945477, 0.3177726254341388, 0.31181106362124694, 0.30602924596614034, 0.30042157761674726, 0.29498263849324985, 0.2897071794020188, 0.2845901180569279, 0.2796265350330348, 0.2748116696748333, 0.27014091597875334, 0.2656098184672835, 0.2612140680700044, 0.2569494980249308, 0.2528120798118484, 0.24879791912778726, 0.24490325191337595, 0.2411244404375681, 0.2374579694471008, 0.2339004423860305, 0.23044857768978386, 0.22709920515734694, 0.22384926240449032, 0.22069579140028114, 0.21763593508855783, 0.2146669340955337, 0.21178612352424475, 0.2089909298361598, 0.20627886781992175, 0.20364753764688373, 0.20109462201283762, 0.1986178833651008, 0.19621516121392957, 0.1938843695270557, 0.19162349420599897, 0.18943059064268605, 0.18730378135480544, 0.18524125369824473, 0.18324125765489083, 0.1813021036940204, 0.17942216070547018, 0.17759985400274844, 0.17583366339423112, 0.17412212132057814, 0.17246381105650394, 0.1708573649750428, 0.16930146287246084, 0.16779483035198384, 0.16633623726453195, 0.16492449620467672, 0.1635584610600652, 0.16223702561258638, 0.16095912218958922, 0.15972372036349647, 0.15852982569819524, 0.15737647854062328, 0.15626275285600846, 0.15518775510525884, 0.15415062316303962, 0.15315052527511422, 0.15218665905356568, 0.15125825050855513, 0.15036455311531333, 0.14950484691510038, 0.14867843764890767, 0.14788465592271394, 0.14712285640314465, 0.1463924170424217, 0.14569273833152474, 0.14502324258052263, 0.1443833732250661, 0.14377259415806767, 0.14319038908562692, 0.14263626090629103, 0.1421097311127715, 0.14161033921526842, 0.1411376421855816, 0.14069121392121794, 0.14027064472872963, 0.1398755408255463, 0.13950552385958795, 0.13916023044597206, 0.1388393117201502, 0.13854243290683455, 0.1382692729040949, 0.13801952388203031, 0.1377928908954382, 0.1375890915099248, 0.1374078554409202, 0.13724892420507825, 0.13711205078356076, 0.13699699929672216, 0.13690354468972615, 0.13683147242864296, 0.13678057820659015, 0.13675066765949406, 0.1367415560910641, 0.13675306820658395, 0.13678503785513763, 0.13683730777989958, 0.13690972937613105, 0.1370021624565345, 0.13711447502363003, 0.1372465430488271, 0.13739825025787508, 0.13756948792238538, 0.13776015465712696, 0.13797015622280542, 0.13819940533404443, 0.1384478214722952, 0.13871533070340847, 0.13900186549960922, 0.13930736456562207, 0.13963177266870114, 0.139975040472325, 0.1403371243733223, 0.14071798634220004, 0.14111759376645164, 0.14153591929662657, 0.14197294069494873, 0.14242864068627512, 0.14290300681119053, 0.14339603128103895, 0.14390771083469542, 0.1444380465968865, 0.14498704393787135, 0.14555471233429818, 0.14614106523105508, 0.14674611990393688, 0.14736989732295294, 0.14801242201610418, 0.14867372193345976, 0.14935382831136762, 0.15005277553663462, 0.1507706010105164, 0.1515073450123576, 0.15226305056272782, 0.15303776328589905, 0.15383153127151528]]","[[0.01, 0.011673645222856313, 0.01362924433757481, 0.015801894644077778, 0.018156396986709074, 0.020675338339819636, 0.023351984529193917, 0.026186079015688205, 0.02918135126985693, 0.032344047356196025, 0.03568206990431296, 0.03920448159323343, 0.042921225298948026, 0.04684297328474478, 0.0509810532225466, 0.05534741998938819, 0.059954654814535144, 0.06481598088775255, 0.06994528902889101, 0.07535716968995029, 0.08106694914648545, 0.08709072867390522, 0.09344542605764669, 0.10014881911063622, 0.1072195910600393, 0.11467737777355518, 0.12254281685642165, 0.13083759868343364, 0.13958451944720962, 0.1488075363114621, 0.15853182476010128, 0.16878383823190216, 0.17959137012747173, 0.19098361827104957, 0.20299125190460235, 0.21564648128585873, 0.22898312995538958, 0.24303670973050434, 0.25784449847550406, 0.2734456206885696, 0.2898811309351208, 0.3071941001456868, 0.32542970478301164, 0.34463531886808235, 0.3648606088378232, 0.3861576311881298, 0.4085809328345108, 0.43218765409862586, 0.4570376342022222, 0.4831935191201252, 0.5107208716107722, 0.5396882832060246, 0.5701674879013798, 0.6022334772429458, 0.635964616458361, 0.6714427612249529, 0.7087533746095622, 0.7479856436503384, 0.7892325949811947, 0.8325912088242649, 0.87816253059443, 0.9260517792726299, 0.9763684516111331, 1.029226421134165, 1.0847440307913416, 1.1430441780093277, 1.2042543907693164, 1.2685068932146575, 1.3359386591647866, 1.406691451779255, 1.4809118474799996, 1.5587512421022132, 1.6403658371056424, 1.7259166035405522, 1.815569221327943, 1.9094939912842397, 2.007865717199282, 2.110863555166143, 2.218670827265586, 2.331474796630774, 2.449466400863516, 2.5728399407466784, 2.701792721203537, 2.836524641499424, 2.9772377317698533, 3.124135633098571, 3.2774230185649365, 3.4373049529390665, 3.6039861890314633, 3.777670399107423, 3.9585593402607566, 4.146851953211071, 4.342743394647775, 4.546424003994518, 4.758078440192895, 4.977887068561424, 5.206026782768307, 5.442669090837372, 5.687978088720414, 5.942108562228938, 6.205204180394754, 6.4773957559234745, 6.758799557768269, 7.049515668208967, 7.349626382687274, 7.659194655375158, 7.978262597282554, 8.306850036807395, 8.644953155106345, 8.992543210590163, 9.349565368267896, 9.715937650604467, 10.091550027029982, 10.476263659252156, 10.86991031907887, 11.272291994560204, 11.683180698916066, 12.102318494940905, 12.529417745393216, 12.964161597316364, 13.4062047053408, 13.855174195838764, 14.310670870403651, 14.772270643579645, 15.239526206152442, 15.711968901714158, 16.18911080072321, 16.670446952981703, 17.155457796434465, 17.643611697535757, 18.134367596202985, 18.627177726642085, 19.121490384132425, 19.616752707231715, 20.11241344481756, 20.60792567791933, 21.102749467392567, 21.596354400112574, 22.088222008464392, 22.57784804042083, 23.064744560356583, 23.548441863865833, 24.028490193150034, 24.50446124293811, 24.975949450310388, 25.4425730651433, 25.90397500110239, 26.359823470124812, 26.80981240609609, 27.253661685897992, 27.691117158154395, 28.121950491810026, 28.545958858134682, 28.96296446085322, 29.37281392986976, 29.775377594499556, 30.170548652268145, 30.55824224921197, 30.93839448724998, 31.310961373624654, 31.675917726668118, 32.03325605126866, 32.38298539642769, 32.72513020623838, 33.05972917451299, 33.38683411216266, 33.70650883531298, 34.01882808104072, 34.323876456558104, 34.621747426663184, 34.912542343328866, 35.19636952042592, 35.473343355771576, 35.74358350196806, 36.00721408684465, 36.26436298374263, 36.51516113138164, 36.75974190261598, 36.998240521026034, 37.2307935239886, 37.457538270625676, 37.67861249283903, 37.8941538874925, 38.10429974770008, 38.30918663111095, 38.50895006304735, 38.703724272343756, 38.893641957751115, 39.0788340828054, 39.25942969711066, 39.435555782050656, 39.607337119017245, 39.77489617832533, 39.938353027071045, 40.09782525428055, 40.25342791178918, 40.405273469384035, 40.55347178283542, 40.698130073534045, 40.83935291853945, 40.977242249931706, 41.111897362441, 41.243414928409294, 41.371889019213725, 41.49741113235285, 41.62007022346463, 41.739952742608175, 41.85714267420114, 41.97172158005991, 42.08376864504141, 42.19336072483357, 42.30057239548579, 42.405476004311794, 42.50814172183517, 42.60863759448263, 42.70702959776204, 42.8033816896915, 42.89775586427241, 42.99021220482399, 43.08080893701879, 43.16960248147909, 43.2566475058123, 43.341996975979974, 43.42570220691036, 43.50781291227757, 43.58837725338297, 43.667441887085104, 43.745052012734405, 43.82125141807779, 43.896082524105985, 43.969586428823405, 44.041802949926804, 44.11277066638421, 44.18252695891062, 44.25110804934123, 44.31854903890659, 44.38488394541758, 44.45014573937063, 44.51436637898642, 44.57757684419698, 44.63980716959832, 44.7010864763869, 44.761443003299696, 44.8209041365785, 44.87949643898006, 44.937245677854236, 44.994176852312755, 45.0503142195117, 45.10568132007086, 45.16030100265334, 45.214195447728805, 45.26738619054349, 45.31989414332035, 45.37173961671202, 45.422942340529474, 45.473521483768515, 45.52349567395624, 45.57288301583903, 45.62170110943323, 45.66996706745928, 45.71769753217962, 45.76490869166015, 45.81161629547459, 45.85783566987055, 45.90358173241575, 45.9488690061421, 45.9937116332051, 46.03812338807536, 46.082117690278565, 46.12570761669977, 46.16890591346743, 46.21172500743196, 46.25417701725339, 46.29627376411188, 46.33802678205478, 46.37944732799317, 46.42054639136053, 46.46133470344579, 46.501822746412415, 46.54202076201499, 46.58193876002431, 46.62158652637143, 46.660973631021065, 46.70010943558408, 46.739003100678595, 46.77766359304894, 46.816099692451225, 46.85431999831406, 46.892332936182655, 46.93014676395416, 46.96776957791194, 47.00520931856596, 47.042473776306586, 47.079570596878355, 47.11650728668043, 47.15329121789996, 47.18992963348443, 47.22642965195882, 47.262798272093235, 47.29904237742638, 47.33516874065003, 47.37118402785956, 47.407094802675324, 47.44290753023947, 47.47862858109265, 47.51426423493496, 47.549820684275076, 47.585304037971625, 47.62072032467059, 47.65607549614234, 47.691375430521774, 47.726625935454976, 47.76183275115558, 47.79700155337391, 47.83213795628192, 47.867247515276695, 47.90233572970533, 47.93740804551372, 47.97246985782182, 48.00752651342775, 48.04258331324303, 48.077645514661185, 48.11271833386174, 48.14780694805172, 48.18291649764648, 48.21805208839174, 48.25321879342856, 48.288421655302976, 48.32366568792175, 48.35895587845589, 48.39429718919324, 48.42969455934167, 48.46515290678397, 48.50067712978577, 48.53627210865764, 48.571942707372486, 48.60769377513913, 48.64353014793324, 48.679456649986314, 48.715478095233756, 48.751599288722645, 48.787825027980105, 48.82416010434278, 48.86060930424819, 48.897177410488446, 48.933869203426845, 48.970689462177894, 49.00764296575106, 49.04473449415873, 49.08196882948862, 49.11935075694099, 49.156885065830764, 49.194576550554935, 49.232430011525196, 49.27045025606601, 49.30864209927818, 49.347010364867856, 49.385559885940985, 49.424295505763176, 49.463222078484826, 49.50234446983132, 49.54166755775822, 49.58119623307108, 49.620935400009806, 49.66088997679702, 49.701064896150314]]","[array([6.37688001e-05, 6.00799169e-05, 5.86665222e-05, 5.87302966e-05,
       5.97888826e-05, 6.15500877e-05, 6.38366526e-05, 6.65412823e-05,
       6.95995229e-05, 7.29734451e-05, 7.66417890e-05, 8.05939899e-05,
       8.48265400e-05, 8.93407586e-05, 9.41414170e-05, 9.92358810e-05,
       1.04633574e-04, 1.10345635e-04, 1.16384704e-04, 1.22764780e-04,
       1.29501141e-04, 1.36610289e-04, 1.44109923e-04, 1.52018930e-04,
       1.60357391e-04, 1.69146590e-04, 1.78409040e-04, 1.88168509e-04,
       1.98450054e-04, 2.09280061e-04, 2.20686288e-04, 2.32697913e-04,
       2.45345584e-04, 2.58661472e-04, 2.72679330e-04, 2.87434552e-04,
       3.02964231e-04, 3.19307231e-04, 3.36504246e-04, 3.54597870e-04,
       3.73632666e-04, 3.93655239e-04, 4.14714302e-04, 4.36860755e-04,
       4.60147749e-04, 4.84630764e-04, 5.10367678e-04, 5.37418840e-04,
       5.65847133e-04, 5.95718047e-04, 6.27099738e-04, 6.60063091e-04,
       6.94681772e-04, 7.31032283e-04, 7.69193999e-04, 8.09249212e-04,
       8.51283151e-04, 8.95384005e-04, 9.41642924e-04, 9.90154015e-04,
       1.04101432e-03, 1.09432377e-03, 1.15018514e-03, 1.20870395e-03,
       1.26998840e-03, 1.33414918e-03, 1.40129939e-03, 1.47155429e-03,
       1.54503111e-03, 1.62184879e-03, 1.70212766e-03, 1.78598913e-03,
       1.87355527e-03, 1.96494840e-03, 2.06029058e-03, 2.15970306e-03,
       2.26330567e-03, 2.37121615e-03, 2.48354943e-03, 2.60041677e-03,
       2.72192495e-03, 2.84817525e-03, 2.97926247e-03, 3.11527380e-03,
       3.25628767e-03, 3.40237248e-03, 3.55358526e-03, 3.70997034e-03,
       3.87155783e-03, 4.03836216e-03, 4.21038049e-03, 4.38759114e-03,
       4.56995196e-03, 4.75739896e-03, 4.94985208e-03, 5.14722861e-03,
       5.34943862e-03, 5.55637461e-03, 5.76790398e-03, 5.98386380e-03,
       6.20405731e-03, 6.42825150e-03, 6.65617553e-03, 6.88751979e-03,
       7.12193536e-03, 7.35903397e-03, 7.59838822e-03, 7.83953225e-03,
       8.08196263e-03, 8.32513974e-03, 8.56848938e-03, 8.81140489e-03,
       9.05324960e-03, 9.29335971e-03, 9.53104758e-03, 9.76560540e-03,
       9.99630934e-03, 1.02224239e-02, 1.04432070e-02, 1.06579147e-02,
       1.08658067e-02, 1.10661522e-02, 1.12582353e-02, 1.14413607e-02,
       1.16148597e-02, 1.17780957e-02, 1.19304697e-02, 1.20714255e-02,
       1.22004548e-02, 1.23171011e-02, 1.24209645e-02, 1.25117045e-02,
       1.25890430e-02, 1.26527666e-02, 1.27027280e-02, 1.27388471e-02,
       1.27611105e-02, 1.27695715e-02, 1.27643487e-02, 1.27456238e-02,
       1.27136394e-02, 1.26686956e-02, 1.26111467e-02, 1.25413970e-02,
       1.24598962e-02, 1.23671351e-02, 1.22636404e-02, 1.21499698e-02,
       1.20267066e-02, 1.18944550e-02, 1.17538347e-02, 1.16054758e-02,
       1.14500146e-02, 1.12880886e-02, 1.11203327e-02, 1.09473745e-02,
       1.07698316e-02, 1.05883076e-02, 1.04033895e-02, 1.02156453e-02,
       1.00256214e-02, 9.83384104e-03, 9.64080286e-03, 9.44697954e-03,
       9.25281709e-03, 9.05873427e-03, 8.86512227e-03, 8.67234473e-03,
       8.48073786e-03, 8.29061084e-03, 8.10224640e-03, 7.91590148e-03,
       7.73180804e-03, 7.55017404e-03, 7.37118441e-03, 7.19500212e-03,
       7.02176931e-03, 6.85160848e-03, 6.68462356e-03, 6.52090119e-03,
       6.36051181e-03, 6.20351084e-03, 6.04993981e-03, 5.89982742e-03,
       5.75319064e-03, 5.61003570e-03, 5.47035906e-03, 5.33414835e-03,
       5.20138322e-03, 5.07203622e-03, 4.94607350e-03, 4.82345562e-03,
       4.70413818e-03, 4.58807244e-03, 4.47520597e-03, 4.36548312e-03,
       4.25884556e-03, 4.15523273e-03, 4.05458225e-03, 3.95683030e-03,
       3.86191199e-03, 3.76976165e-03, 3.68031312e-03, 3.59349998e-03,
       3.50925585e-03, 3.42751451e-03, 3.34821013e-03, 3.27127740e-03,
       3.19665172e-03, 3.12426926e-03, 3.05406709e-03, 2.98598329e-03,
       2.91995702e-03, 2.85592855e-03, 2.79383936e-03, 2.73363217e-03,
       2.67525095e-03, 2.61864099e-03, 2.56374887e-03, 2.51052252e-03,
       2.45891121e-03, 2.40886552e-03, 2.36033738e-03, 2.31328005e-03,
       2.26764810e-03, 2.22339741e-03, 2.18048515e-03, 2.13886973e-03,
       2.09851085e-03, 2.05936941e-03, 2.02140752e-03, 1.98458846e-03,
       1.94887667e-03, 1.91423771e-03, 1.88063825e-03, 1.84804602e-03,
       1.81642981e-03, 1.78575941e-03, 1.75600560e-03, 1.72714014e-03,
       1.69913571e-03, 1.67196591e-03, 1.64560521e-03, 1.62002893e-03,
       1.59521324e-03, 1.57113510e-03, 1.54777226e-03, 1.52510320e-03,
       1.50310715e-03, 1.48176405e-03, 1.46105452e-03, 1.44095984e-03,
       1.42146192e-03, 1.40254331e-03, 1.38418715e-03, 1.36637715e-03,
       1.34909760e-03, 1.33233330e-03, 1.31606961e-03, 1.30029237e-03,
       1.28498792e-03, 1.27014305e-03, 1.25574503e-03, 1.24178156e-03,
       1.22824077e-03, 1.21511120e-03, 1.20238176e-03, 1.19004179e-03,
       1.17808096e-03, 1.16648932e-03, 1.15525725e-03, 1.14437548e-03,
       1.13383504e-03, 1.12362728e-03, 1.11374387e-03, 1.10417674e-03,
       1.09491811e-03, 1.08596048e-03, 1.07729660e-03, 1.06891948e-03,
       1.06082236e-03, 1.05299875e-03, 1.04544234e-03, 1.03814709e-03,
       1.03110713e-03, 1.02431681e-03, 1.01777070e-03, 1.01146354e-03,
       1.00539026e-03, 9.99545978e-04, 9.93925972e-04, 9.88525700e-04,
       9.83340782e-04, 9.78366991e-04, 9.73600258e-04, 9.69036658e-04,
       9.64672411e-04, 9.60503875e-04, 9.56527543e-04, 9.52740036e-04,
       9.49138104e-04, 9.45718616e-04, 9.42478561e-04, 9.39415042e-04,
       9.36525274e-04, 9.33806578e-04, 9.31256381e-04, 9.28872211e-04,
       9.26651693e-04, 9.24592550e-04, 9.22692596e-04, 9.20949733e-04,
       9.19361953e-04, 9.17927332e-04, 9.16644028e-04, 9.15510277e-04,
       9.14524396e-04, 9.13684774e-04, 9.12989876e-04, 9.12438236e-04,
       9.12028458e-04, 9.11759214e-04, 9.11629240e-04, 9.11637337e-04,
       9.11782366e-04, 9.12063250e-04, 9.12478968e-04, 9.13028559e-04,
       9.13711116e-04, 9.14525785e-04, 9.15471765e-04, 9.16548306e-04,
       9.17754708e-04, 9.19090320e-04, 9.20554535e-04, 9.22146796e-04,
       9.23866586e-04, 9.25713435e-04, 9.27686914e-04, 9.29786633e-04,
       9.32012246e-04, 9.34363441e-04, 9.36839946e-04, 9.39441528e-04,
       9.42167985e-04, 9.45019152e-04, 9.47994898e-04, 9.51095124e-04,
       9.54319763e-04, 9.57668777e-04, 9.61142159e-04, 9.64739932e-04,
       9.68462145e-04, 9.72308874e-04, 9.76280222e-04, 9.80376316e-04,
       9.84597309e-04, 9.88943374e-04, 9.93414710e-04, 9.98011536e-04,
       1.00273409e-03, 1.00758263e-03, 1.01255744e-03, 1.01765881e-03,
       1.02288705e-03])]","[[0, 6.376880005047202e-05, 0.00012384871691641303, 0.00018251523914562925, 0.00024124553576508587, 0.0003010344183851898, 0.0003625845060672813, 0.0004264211586799643, 0.0004929624409964692, 0.000562561963871033, 0.0006355354089401278, 0.0007121771979325877, 0.0007927711878773065, 0.0008775977278630315, 0.0009669384865108742, 0.0010610799034914567, 0.001160315784539602, 0.0012649493584916875, 0.0013752949936328101, 0.0014916796972146188, 0.001614444477305227, 0.001743945618729129, 0.0018805559078959523, 0.0020246658306908904, 0.0021766847608356557, 0.002337042151738031, 0.0025061887419304003, 0.002684597782206229, 0.0028727662911637304, 0.0030712163448513015, 0.003280496405450425, 0.003501182693346286, 0.003733880606470711, 0.003979226190420255, 0.0042378876625294324, 0.004510566992797205, 0.004798001544310356, 0.00510096577556967, 0.005420273006895136, 0.005756777252857166, 0.006111375122445535, 0.006485007788440213, 0.006878663027182879, 0.007293377329659073, 0.0077302380844833825, 0.008190385833028318, 0.008675016596546228, 0.009185384274697289, 0.009722803114409522, 0.01028865024745327, 0.010884368294506471, 0.011511468032812422, 0.01217153112378181, 0.012866212896059487, 0.013597245178656556, 0.014366439177733333, 0.015175688389501485, 0.01602697154048716, 0.016922355545054436, 0.01786399846862287, 0.01885415248341821, 0.019895166801865077, 0.02098949057085922, 0.02213967570814049, 0.023348379659821665, 0.024618368055811243, 0.025952517237399005, 0.027353816628653133, 0.028825370920510626, 0.03037040203353536, 0.03199225082227982, 0.03369437848103149, 0.035480367607470635, 0.037353922877436364, 0.03931887128062034, 0.04137916186361835, 0.04353886492340981, 0.04580217059105487, 0.04817338674225493, 0.05065693616848265, 0.05325735293972654, 0.05597927788760033, 0.05882745313573246, 0.06180671560308318, 0.06492198940525028, 0.0681782770790452, 0.07158064955678091, 0.07513423481895298, 0.0788442051574605, 0.0827157629863525, 0.08675412514344656, 0.09096450563419543, 0.0953520967790093, 0.0999220487370034, 0.10467944769561706, 0.10962929977734603, 0.11477652838237268, 0.12012596699860816, 0.12568234161256298, 0.13145024559205645, 0.13743410938932912, 0.14363816669489626, 0.15006641819016492, 0.15672259372231123, 0.16361011351233523, 0.17073204887360743, 0.17809108283980665, 0.1856894710606862, 0.19352900330906644, 0.20161096594365607, 0.20993610568299445, 0.21850459506094772, 0.22731599994999882, 0.23636924955217237, 0.24566260926662953, 0.25519365684607737, 0.2649592622498914, 0.2749555715893377, 0.2851779955388981, 0.2956212025571457, 0.3062791172208665, 0.3171449239274471, 0.3282110761634909, 0.33946931147300885, 0.3509106721874411, 0.3625255319035209, 0.3743036276151353, 0.38623409732357483, 0.3983055228687331, 0.41050597764383256, 0.4228230787800335, 0.435244043316707, 0.44775574780998617, 0.4603447907780359, 0.4729975573376727, 0.48570028535459825, 0.4984391324093674, 0.5112002428737149, 0.5239698143971114, 0.5367341631211225, 0.549479786968719, 0.5621934263961987, 0.5748621220456634, 0.5874732687946232, 0.6000146657647099, 0.6124745619219631, 0.6248416969749799, 0.6371053373526223, 0.6492553071183034, 0.6612820137515042, 0.6731764687977121, 0.6849303034541298, 0.6965357792192528, 0.7079857937889036, 0.7192738824289273, 0.7303942150951128, 0.7413415896038112, 0.7521114211821913, 0.7626997287452943, 0.7731031182583458, 0.7833187635476265, 0.7933443849221434, 0.803178225962005, 0.812819028818477, 0.8222660083558521, 0.8315188254472314, 0.8405775597157489, 0.849442681990336, 0.8581150267214235, 0.8665957645775655, 0.8748863754193477, 0.8829886218225328, 0.8909045232985868, 0.8986363313378076, 0.9061865053785131, 0.9135576897853092, 0.9207526919005029, 0.9277744612153335, 0.9346260696919169, 0.9413106932526509, 0.9478315944412874, 0.9541921062489009, 0.9603956170885081, 0.966445556894038, 0.972345384312625, 0.9780985749536966, 0.9837086106539588, 0.9891789697140213, 0.9945131180599658, 0.9997145012815282, 1.004786537497642, 1.0097326109997886, 1.014556066623822, 1.0192602048016035, 1.0238482772448319, 1.0283234832147898, 1.0326889663333227, 1.0369478118921345, 1.0411030446194038, 1.0451576268647285, 1.0491144571654791, 1.0529763691597387, 1.0567461308131063, 1.0604264439287214, 1.0640199439119056, 1.067529199762806, 1.0709567142723484, 1.0743049243986518, 1.0775762018028283, 1.0807728535247692, 1.0838971227811147, 1.0869511898691087, 1.0899371731614527, 1.0928571301785999, 1.0957130587261714, 1.0985068980863244, 1.1012405302529835, 1.1039157812018308, 1.1065344221868751, 1.1090981710562697, 1.111608693580818, 1.1140676047893365, 1.1164764703056909, 1.118836807682925, 1.1211500877304517, 1.1234177358307722, 1.1256411332426464, 1.1278216183880485, 1.1299604881206147, 1.1320589989736298, 1.134118368385903, 1.1361397759041574, 1.1381243643608043, 1.1400732410261976, 1.1419874787346573, 1.143868116983729, 1.1457161630063055, 1.147532592815374, 1.1493183522212767, 1.1510743578214802, 1.1528014979629453, 1.1545006336772743, 1.156172599588881, 1.1578182047964969, 1.1594382337283766, 1.1610334469716141, 1.162604582076019, 1.1641523543330368, 1.1656774575302211, 1.1671805646817883, 1.1686623287358058, 1.1701233832585698, 1.1715643430967484, 1.1729858050178645, 1.1743883483296969, 1.1757725354791846, 1.1771389126314122, 1.1784880102292523, 1.1798203435342376, 1.1811364131492303, 1.1824367055234437, 1.183721693440368, 1.1849918364891407, 1.1862475815198898, 1.1874893630835717, 1.1887176038568106, 1.1899327150522359, 1.1911350968148022, 1.1923251386045666, 1.1935032195663773, 1.1946697088869307, 1.1958249661396216, 1.1969693416176188, 1.1981031766555688, 1.199226803940332, 1.200340547811133, 1.2014447245495026, 1.2025396426593693, 1.2036256031376575, 1.2047028997357245, 1.2057718192119689, 1.2068326415759278, 1.2078856403241671, 1.2089310826682613, 1.2099692297551512, 1.211000336880153, 1.2120246536928858, 1.2130424243963762, 1.2140538879395868, 1.2150592782036063, 1.2160588241817358, 1.2170527501536894, 1.2180412758541261, 1.2190246166357195, 1.2200029836269612, 1.2209765838848945, 1.2219456205429589, 1.2229102929541236, 1.223870796829485, 1.2248273243724874, 1.2257800644089285, 1.2267292025129037, 1.2276749211288327, 1.2286173996897114, 1.2295568147317257, 1.230493340005357, 1.231427146583105, 1.2323584029639494, 1.2332872751746657, 1.234213926868109, 1.2351385194185698, 1.2360612120143084, 1.2369821617473649, 1.2379015237007396, 1.2388194510330388, 1.2397360950606693, 1.2406516053376686, 1.2415661297332505, 1.242479814507145, 1.2433928043828053, 1.2443052426185552, 1.2452172710767426, 1.2461290302909676, 1.2470406595314458, 1.2479522968685688, 1.248864079234717, 1.2497761424843807, 1.2506886214526451, 1.2516016500120835, 1.2525153611281103, 1.2534298869128417, 1.254345358677501, 1.2552619069834177, 1.256179661691653, 1.2570987520112946, 1.2580193065464533, 1.258941453341996, 1.2598653199280478, 1.2607910333632912, 1.2617187202770945, 1.2626485069104922, 1.2635805191560463, 1.2645148825966095, 1.265451722543013, 1.2663911640707015, 1.2673333320553308, 1.2682783512073497, 1.2692263461055793, 1.2701774412298066, 1.271131760992405, 1.272089429768995, 1.273050571928153, 1.274015311860184, 1.2749837740049588, 1.2759560828788306, 1.2769323631006304, 1.2779127394167513, 1.278897336725322, 1.2798862800994737, 1.2808796948097008, 1.281877706345317, 1.2828804404350058, 1.2838880230664609, 1.2849005805051195, 1.285918239311978, 1.286941126360489]]"
40.0,40.0,3,90,180,I0-S0,"[[0.01, 0.009218546420913139, 0.008861068736292907, 0.00877505793697105, 0.008868438468003701, 0.009085434031530379, 0.00939210985100188, 0.00976777052698871, 0.01019979194458822, 0.010680512384030774, 0.011205357059884392, 0.011771703045256054, 0.012378189164413028, 0.013024293816321041, 0.013710074582457276, 0.014436005921327039, 0.01520287667279093, 0.016011724323322065, 0.01686379211102484, 0.017760500525850976, 0.01870342805138857, 0.019694297976579535, 0.020734969303212166, 0.021827430501825704, 0.022973795312538965, 0.024176300060712773, 0.025437302127652127, 0.026759279324171555, 0.02814482998408277, 0.02959667364015875, 0.031117652175738843, 0.03271073136624988, 0.03437900273982567, 0.036125685696950564, 0.03795412983690837, 0.03986781744459896, 0.041870366095518766, 0.04396553133974017, 0.04615720942780774, 0.04844944004276617, 0.05084640900316757, 0.05335245090196589, 0.0559720516457629, 0.058709850857979015, 0.061570644108224507, 0.06455938492848086, 0.06768118657469477, 0.07094132349006575, 0.07434523242369363, 0.07789851315536568, 0.08160692877412229, 0.08547640545486648, 0.08951303167369266, 0.0937230567988285, 0.09811288899013064, 0.10268909233597782, 0.10745838315219369, 0.11242762536333822, 0.11760382488237268, 0.12299412290037075, 0.12860578799367112, 0.13444620695170187, 0.14052287422472232, 0.14684337988699836, 0.1534153960075396, 0.16024666131757453, 0.16734496406153365, 0.1747181229165634, 0.1823739658646429, 0.19032030690135618, 0.19856492046644672, 0.20711551348361099, 0.21597969490075514, 0.22516494262733489, 0.23467856777262017, 0.24452767609798662, 0.2547191266078468, 0.26525948721781606, 0.27615498745537953, 0.2874114681679043, 0.2990343282355285, 0.31102846831245273, 0.32339823164962966, 0.3361473420849351, 0.3492788393237222, 0.36279501167326583, 0.3766973264390032, 0.39098635823861727, 0.4056617155417419, 0.42072196579818166, 0.4361645595756977, 0.45198575418918857, 0.46818053736592724, 0.4847425515557223, 0.5016644422159124, 0.5189420585970426, 0.5365766137042185, 0.5545719955553866, 0.5729326190073606, 0.5916620226148188, 0.6107619579476579, 0.6302318060644162, 0.650068211875103, 0.6702648638593777, 0.69081237091563, 0.7116982043523511, 0.7329066839666901, 0.7544189945678467, 0.7762132243511621, 0.7982644199703491, 0.820544655492295, 0.8430231139873688, 0.8656661815355305, 0.8884375540702328, 0.911298357845515, 0.9342072844718304, 0.9571207414760746, 0.9799930192390859, 1.002776474977469, 1.0254217341869305, 1.0478779096677306, 1.0700928379226335, 1.0920133323651184, 1.1135854524106619, 1.1347547871558652, 1.155466751987882, 1.1756668961184875, 1.1953012187114038, 1.2143164909760227, 1.2326605813428553, 1.2502827806227355, 1.2671341238890537, 1.2831677057152309, 1.2983389853522305, 1.3126060784458506, 1.3259300319720981, 1.338275079210863, 1.3496088717815855, 1.3599026860262107, 1.3691316013396126, 1.3772746484095018, 1.3843149257291223, 1.3902396831782282, 1.3950403719215756, 1.3987126603396642, 1.4012564161736405, 1.4026756555251956, 1.4029784597933694, 1.402176862044456, 1.400286704690684, 1.397327470691061, 1.3933220907780477, 1.3882967294523003, 1.382280552671706, 1.3753054802889804, 1.367405926364204, 1.3586185304962417, 1.3489818832825948, 1.3385362489345636, 1.3273232879482015, 1.3153857825667046, 1.302767367572369, 1.289512268722189, 1.2756650508967395, 1.2612703777733976, 1.2463727845681334, 1.231016465120679, 1.215245074330998, 1.1991015466952621, 1.1826279314409878, 1.1658652445269648, 1.148853337556854, 1.1316307834578736, 1.1142347785993185, 1.0967010608705943, 1.079063843105336, 1.0613557611268694, 1.043607835600182, 1.0258494468058243, 1.0081083214005022, 0.9904105301962173, 0.9727804959730185, 0.9552410103381245, 0.9378132586546275, 0.9205168520844569, 0.9033698658210844, 0.8863888826259501, 0.8695890408272314, 0.8529840859889304, 0.836586425510989, 0.8204071854760752, 0.8044562691147374, 0.7887424163168943, 0.7732732636732914, 0.7580554045849658, 0.7430944490313391, 0.7283950826378868, 0.7139611247320475, 0.6997955851209012, 0.685900719365981, 0.6722780823693013, 0.6589285801202357, 0.6458525194852842, 0.6330496559520862, 0.6205192392653565, 0.608260056915865, 0.5962704754642917, 0.5845484796999214, 0.5730917096498734, 0.5618974954680461, 0.5509628902443957, 0.5402847007847166, 0.5298595164189306, 0.5196837359021893, 0.5097535924780049, 0.5000651771763043, 0.4906144604218916, 0.48139731203043684, 0.47240951966991057, 0.46364680586546514, 0.4551048436252328, 0.4467792707634569, 0.43866570299588825, 0.4307597458805337, 0.4230570056747132, 0.4155530991770225, 0.4082436626202631, 0.4011243596787453, 0.39419088865062035, 0.387438988873106, 0.38086444642565265, 0.37446309917328835, 0.3682308411996018, 0.36216362667608537, 0.3562574732118881, 0.3505084647254271, 0.34491275387678666, 0.33946656409740567, 0.33416619125122077, 0.3290080049591947, 0.32398844961702644, 0.31910404513380636, 0.3143513874174466, 0.30972714863088835, 0.3052280772413554, 0.3008509978832904, 0.2965928110540685, 0.29245049266013945, 0.28842109342988526, 0.28450173820820956, 0.28068962514668033, 0.2769820248019322, 0.27337627915399426, 0.26986980055523746, 0.2664600706197316, 0.2631446390619613, 0.2599211224930678, 0.25678720318205883, 0.2537406277887548, 0.25077920607461823, 0.24790080959703514, 0.24510337039208466, 0.2423848796503415, 0.23974338638980103, 0.23717699612959853, 0.23468386956780915, 0.2322622212662604, 0.2299103183449633, 0.22762647918846982, 0.22540907216618974, 0.22325651436844957, 0.2211672703598457, 0.21913985095123556, 0.21717281199151714, 0.21526475318017477, 0.21341431690140839, 0.21162018708052055, 0.2098810880631032, 0.20819578351744866, 0.20656307536050103, 0.20498180270756758, 0.20345084084592263, 0.20196910023235762, 0.20053552551466086, 0.19914909457694735, 0.19780881760870325, 0.19651373619735954, 0.19526292244416538, 0.19405547810309265, 0.1928905337424689, 0.19176724792900693, 0.1906848064338724, 0.18964242146040927, 0.188639330893124, 0.18767479756751332, 0.18674810856030719, 0.1858585744996879, 0.18500552889503782, 0.18418832748576133, 0.18340634760872196, 0.18265898758383287, 0.18194566611733648, 0.1812658217223091, 0.18061891215592688, 0.1800044138730313, 0.17942182149553484, 0.17887064729721122, 0.17835042070341817, 0.17786068780530592, 0.17740101088806995, 0.1769709679728114, 0.1765701523715755, 0.1761981722551445, 0.17585465023316785, 0.1755392229462199, 0.17525154066938212, 0.17499126692695355, 0.1747580781179017, 0.1745516631516719, 0.17437172309398183, 0.17421797082223445, 0.17409013069019036, 0.17398793820154748, 0.17391113969208405, 0.17385949202002712, 0.17383276226431663, 0.17383072743044153, 0.1738531741635322, 0.17389989846839912, 0.17397070543621557, 0.17406540897754744, 0.17418383156144132, 0.17432580396028655, 0.1744911650001745, 0.17467976131648374, 0.17489144711442564, 0.17512608393429122, 0.17538354042114507, 0.17566369209871852, 0.17596642114725858, 0.1762916161850957, 0.17663917205369759, 0.17700898960598183, 0.17740097549766512, 0.17781504198143155, 0.1782511067037074, 0.17870909250383413, 0.17918892721543683, 0.17969054346978872, 0.18021387850097764, 0.18075887395268478, 0.1813254756863899, 0.181913633590822, 0.18252330139247863, 0.18315443646704113, 0.1838069996515176, 0.18448095505694964, 0.18517626988152294, 0.18589291422392637, 0.18663086089680833, 0.18739008524018375, 0.188170564934649, 0.18897227981426717, 0.18979521167898947, 0.19063934410648495, 0.19150466226325333]]","[[0.01, 0.011673645222856313, 0.01362924433757481, 0.015801894644077778, 0.018156391314096226, 0.020675250779059143, 0.023351553909914027, 0.026184749511511965, 0.029178166145661717, 0.0323375423120914, 0.035670163840377904, 0.039184363362213336, 0.04288923534101448, 0.046794479178556, 0.05091031824240721, 0.05524746377436065, 0.059817105251709156, 0.06463091629729621, 0.0697010697169466, 0.0750402579087488, 0.08066171647014073, 0.08657924976367296, 0.09280725775224004, 0.09936076373562189, 0.10625544280548603, 0.11350765094105027, 0.12113445472539255, 0.12915366169250986, 0.13758385132925893, 0.14644440676108683, 0.1557555471499704, 0.16553836082954415, 0.17581483919732144, 0.18660791137793117, 0.19794147966479017, 0.2098404557407882, 0.2223307976714504, 0.2354395476566603, 0.2491948705193438, 0.2636260929014743, 0.27876374312930297, 0.29463959170077314, 0.31128669233858275, 0.32873942354223945, 0.3470335305616495, 0.3662061677032248, 0.38629594086712665, 0.4073429502010247, 0.42938883274158485, 0.4524768048997567, 0.4766517046297578, 0.5019600331044124, 0.5284499957011505, 0.5561715420834822, 0.5851764051421104, 0.6155181385380099, 0.6472521525667908, 0.6804357480394753, 0.7151281478494789, 0.7513905258691447, 0.7892860327916749, 0.8288798185058357, 0.8702390505614749, 0.9134329282538112, 0.9585326918238133, 1.0056116262409518, 1.0547450590034377, 1.1060103513600135, 1.1594868823267532, 1.2152560248425424, 1.2734011133783218, 1.334007402288307, 1.3971620141667165, 1.4629538774516855, 1.5314736524996069, 1.6028136453388624, 1.6770677083025498, 1.7543311267361732, 1.8347004909792612, 1.9182735528304196, 2.0051490657243964, 2.095426607878367, 2.189206387703854, 2.286589030831558, 2.387675348159937, 2.4925660844156394, 2.601361646805893, 2.714161813450546, 2.8310654214054716, 2.952170034230167, 3.0775715892110727, 3.20736402452875, 3.3416388868515563, 3.480484920050717, 3.623988080435555, 3.772235924988032, 3.925321038834328, 4.083339392523032, 4.246388585748969, 4.414566386553402, 4.587969470354617, 4.766692297221385, 4.950826087111346, 5.140457866524772, 5.335669569048077, 5.536537178341451, 5.74312990634263, 5.955509402479718, 6.173728991921759, 6.397832942601382, 6.627855762077788, 6.863821526369112, 7.10574324373203, 7.353622257041079, 7.607447688943559, 7.867195934351869, 8.132830205091802, 8.404300131657275, 8.68154142703223, 8.96447561743103, 9.253009844581982, 9.547036743837543, 9.846434401943467, 10.151066397743252, 10.460781928440896, 10.775416023303581, 11.094789845867219, 11.41871108482497, 11.746974432846288, 12.079362151608077, 12.415644720337419, 12.755581564185443, 13.098921857792899, 13.445405398488834, 13.79476354270269, 14.146720198384672, 14.500992865535506, 14.85729371635878, 15.215330706079206, 15.574808705127527, 15.935430643184207, 16.296898655502982, 16.65891522200236, 17.0211842898156, 17.38341237032214, 17.745309602137343, 18.10659077210234, 18.46697628697829, 18.826193089295224, 19.183975511618637, 19.540066064360538, 19.89421615315814, 20.246186722756583, 20.5957488252445, 20.94268411138809, 21.28678524467579, 21.62785623850907, 21.96571271774406, 22.300182106494567, 22.631103744742184, 22.95832893685844, 23.281720935623817, 23.6011548657277, 23.916517591051708, 24.227707530278636, 24.534634425533092, 24.837219068852225, 25.13539299131098, 25.429098119591654, 25.718286404698993, 26.002919427385766, 26.282967984677054, 26.5584116616708, 26.829238392554185, 27.09544401451654, 27.35703181796552, 27.614012096169727, 27.866401697162978, 28.114223580456986, 28.357506380824777, 28.596283981139507, 28.83059509598569, 29.060482867504035, 29.28599447468939, 29.50718075713438, 29.724095854000943, 29.936796858807774, 30.145343490444585, 30.349797780663817, 30.550223778156468, 30.746687269190986, 30.93925551468175, 31.12799700345584, 31.312981221402865, 31.494278436121483, 31.671959496617035, 31.846095647556506, 32.01675835754877, 32.184019160888774, 32.34794951218338, 32.50862065326242, 32.666103491771175, 32.82046849083852, 32.971785569217765, 33.12012401130416, 33.26555238644386, 33.40813847696213, 33.54794921435498, 33.68505062310555, 33.81950777160652, 33.951384729689714, 34.08074453228577, 34.20764914875797, 34.33215945747699, 34.45433522522475, 34.574235091038084, 34.69191655412408, 34.80743596550056, 34.92084852303574, 35.032208269581126, 35.14156809391132, 35.24897973420295, 35.35449378380305, 35.458159699054164, 35.56002580896, 35.660139326490956, 35.758546361343505, 35.85529193398148, 35.95041999080049, 36.043973420269026, 36.13599406991156, 36.22652276400985, 36.31559932190901, 36.403262576824424, 36.4895503950546, 36.57449969551344, 36.65814646950317, 36.74052580065645, 36.821671884982855, 36.90161805096129, 36.9803967796255, 37.05803972459544, 37.134577732011856, 37.21004086033647, 37.28445839998381, 37.357858892755154, 37.43027015104812, 37.50171927681908, 37.572232680278375, 37.641836098301006, 37.71055461253822, 37.77841266721739, 37.84543408661993, 37.91164209222877, 37.977059319538526, 38.04170783452341, 38.10560914975887, 38.16878424019469, 38.231253558578004, 38.29303705052611, 38.35415416924954, 38.41462388992695, 38.474464723733945, 38.533694731528705, 38.59233153719782, 38.65039234066626, 38.70789393057578, 38.76485269663664, 38.82128464165759, 38.87720539325953, 38.93263021527847, 38.98757401886355, 39.04205137327606, 39.09607651639564, 39.14966336493972, 39.20282552440255, 39.2555762987201, 39.307928699667116, 39.359895455992714, 39.41148902230083, 39.462721587681756, 39.51360508410113, 39.56415119455245, 39.614371360979305, 39.66427679197336, 39.713878470254095, 39.76318715993614, 39.81221341358997, 39.86096757910173, 39.90945980633762, 39.95770005361845, 40.005698094009595, 40.05346352143162, 40.101005756596685, 40.148334052775766, 40.19545750140142, 40.242385037511006, 40.28912544503487, 40.33568736193403, 40.38207928519174, 40.428309575663235, 40.474386462787656, 40.52031804916634, 40.566112315011274, 40.6117771224675, 40.65732021981317, 40.702749245540765, 40.748071732322934, 40.793295110866325, 40.83842671365654, 40.883473778597384, 40.92844345254739, 40.97334279475659, 41.01817878020621, 41.06295830285411, 41.10768817878855, 41.15237514929268, 41.1970258838224, 41.241646982899674, 41.28624498092369, 41.33082634890196, 41.37539749710342, 41.41996477763555, 41.46453448694734, 41.50911286826002, 41.55370611392715, 41.59832036772589, 41.642961727080944, 41.687636245222684, 41.732349933280936, 41.777108762315784, 41.821918665286695, 41.8667855389612, 41.91171524576429, 41.95671361556962, 42.00178644743364, 42.04693951127352, 42.09217854948987, 42.1375092785351, 42.182937390428165, 42.228468554216576, 42.27410841738622, 42.3198626072197, 42.36573673210377, 42.41173638278647, 42.45786713358429, 42.50413454353988, 42.55054415753078, 42.59710150732938, 42.643812112614384, 42.69068148193422, 42.73771511362235, 42.78491849666482, 42.83229711152013, 42.8798564308914, 42.92760192045109, 42.975539039518, 43.02367324168676, 43.072009975409586, 43.120554684530276, 43.16931280877024, 43.218289784166465, 43.267491043461085, 43.31692201644255, 43.36658813023781, 43.416494809555566]]","[array([6.37688001e-05, 6.00799169e-05, 5.86665222e-05, 5.87302893e-05,
       5.97886728e-05, 6.15487613e-05, 6.38320760e-05, 6.65297459e-05,
       6.95754734e-05, 7.29292689e-05, 7.65676243e-05, 8.04775548e-05,
       8.46529659e-05, 8.90924233e-05, 9.37977712e-05, 9.87732656e-05,
       1.04025023e-04, 1.09560666e-04, 1.15389085e-04, 1.21520287e-04,
       1.27965282e-04, 1.34736017e-04, 1.41845319e-04, 1.49306864e-04,
       1.57135153e-04, 1.65345499e-04, 1.73954020e-04, 1.82977636e-04,
       1.92434072e-04, 2.02341866e-04, 2.12720376e-04, 2.23589792e-04,
       2.34971149e-04, 2.46886341e-04, 2.59358142e-04, 2.72410215e-04,
       2.86067136e-04, 3.00354410e-04, 3.15298487e-04, 3.30926786e-04,
       3.47267706e-04, 3.64350647e-04, 3.82206026e-04, 4.00865293e-04,
       4.20360943e-04, 4.40726533e-04, 4.61996686e-04, 4.84207107e-04,
       5.07394583e-04, 5.31596990e-04, 5.56853293e-04, 5.83203542e-04,
       6.10688864e-04, 6.39351451e-04, 6.69234547e-04, 7.00382421e-04,
       7.32840344e-04, 7.66654553e-04, 8.01872208e-04, 8.38541346e-04,
       8.76710825e-04, 9.16430254e-04, 9.57749923e-04, 1.00072071e-03,
       1.04539400e-03, 1.09182156e-03, 1.14005542e-03, 1.19014774e-03,
       1.24215069e-03, 1.29611623e-03, 1.35209600e-03, 1.41014105e-03,
       1.47030170e-03, 1.53262727e-03, 1.59716583e-03, 1.66396396e-03,
       1.73306644e-03, 1.80451595e-03, 1.87835276e-03, 1.95461436e-03,
       2.03333512e-03, 2.11454588e-03, 2.19827358e-03, 2.28454078e-03,
       2.37336530e-03, 2.46475968e-03, 2.55873078e-03, 2.65527924e-03,
       2.75439903e-03, 2.85607691e-03, 2.96029197e-03, 3.06701504e-03,
       3.17620829e-03, 3.28782519e-03, 3.40182411e-03, 3.51819633e-03,
       3.63696031e-03, 3.75814467e-03, 3.88177655e-03, 4.00787399e-03,
       4.13644101e-03, 4.26746452e-03, 4.40091240e-03, 4.53673235e-03,
       4.67485132e-03, 4.81517528e-03, 4.95758923e-03, 5.10195739e-03,
       5.24812351e-03, 5.39591127e-03, 5.54512483e-03, 5.69554935e-03,
       5.84695171e-03, 5.99908125e-03, 6.15167062e-03, 6.30443672e-03,
       6.45708179e-03, 6.60929454e-03, 6.76075146e-03, 6.91111823e-03,
       7.06005119e-03, 7.20719906e-03, 7.35220457e-03, 7.49470639e-03,
       7.63434104e-03, 7.77074489e-03, 7.90355627e-03, 8.03241755e-03,
       8.15697736e-03, 8.27689271e-03, 8.39183118e-03, 8.50147303e-03,
       8.60551327e-03, 8.70366367e-03, 8.79565460e-03, 8.88123688e-03,
       8.96018333e-03, 9.03229027e-03, 9.09737880e-03, 9.15529587e-03,
       9.20591519e-03, 9.24913790e-03, 9.28489296e-03, 9.31313746e-03,
       9.33385652e-03, 9.34706313e-03, 9.35279768e-03, 9.35112727e-03,
       9.34214493e-03, 9.32596849e-03, 9.30273945e-03, 9.27262158e-03,
       9.23579946e-03, 9.19247684e-03, 9.14287499e-03, 9.08723090e-03,
       9.02579549e-03, 8.95883177e-03, 8.88661297e-03, 8.80942071e-03,
       8.72754321e-03, 8.64127348e-03, 8.55090761e-03, 8.45674318e-03,
       8.35907762e-03, 8.25820683e-03, 8.15442372e-03, 8.04801704e-03,
       7.93927014e-03, 7.82845999e-03, 7.71585621e-03, 7.60172029e-03,
       7.48630482e-03, 7.36985298e-03, 7.25259795e-03, 7.13476260e-03,
       7.01655913e-03, 6.89818889e-03, 6.77984223e-03, 6.66169848e-03,
       6.54392595e-03, 6.42668200e-03, 6.31011322e-03, 6.19435556e-03,
       6.07953463e-03, 5.96576592e-03, 5.85315515e-03, 5.74179857e-03,
       5.63178332e-03, 5.52318782e-03, 5.41608213e-03, 5.31052835e-03,
       5.20658105e-03, 5.10428763e-03, 5.00368873e-03, 4.90481863e-03,
       4.80770566e-03, 4.71237254e-03, 4.61883681e-03, 4.52711112e-03,
       4.43720366e-03, 4.34911843e-03, 4.26285563e-03, 4.17841192e-03,
       4.09578071e-03, 4.01495252e-03, 3.93591515e-03, 3.85865399e-03,
       3.78315228e-03, 3.70939125e-03, 3.63735044e-03, 3.56700781e-03,
       3.49833998e-03, 3.43132237e-03, 3.36592938e-03, 3.30213454e-03,
       3.23991064e-03, 3.17922987e-03, 3.12006391e-03, 3.06238407e-03,
       3.00616138e-03, 2.95136668e-03, 2.89797071e-03, 2.84594416e-03,
       2.79525777e-03, 2.74588237e-03, 2.69778898e-03, 2.65094878e-03,
       2.60533323e-03, 2.56091408e-03, 2.51766341e-03, 2.47555366e-03,
       2.43455765e-03, 2.39464862e-03, 2.35580023e-03, 2.31798662e-03,
       2.28118236e-03, 2.24536252e-03, 2.21050266e-03, 2.17657881e-03,
       2.14356752e-03, 2.11144585e-03, 2.08019135e-03, 2.04978210e-03,
       2.02019668e-03, 1.99141416e-03, 1.96341413e-03, 1.93617669e-03,
       1.90968242e-03, 1.88391240e-03, 1.85884818e-03, 1.83447182e-03,
       1.81076582e-03, 1.78771318e-03, 1.76529731e-03, 1.74350212e-03,
       1.72231194e-03, 1.70171153e-03, 1.68168607e-03, 1.66222117e-03,
       1.64330285e-03, 1.62491752e-03, 1.60705198e-03, 1.58969340e-03,
       1.57282935e-03, 1.55644775e-03, 1.54053686e-03, 1.52508530e-03,
       1.51008204e-03, 1.49551636e-03, 1.48137786e-03, 1.46765646e-03,
       1.45434239e-03, 1.44142617e-03, 1.42889859e-03, 1.41675076e-03,
       1.40497403e-03, 1.39356002e-03, 1.38250064e-03, 1.37178800e-03,
       1.36141450e-03, 1.35137275e-03, 1.34165561e-03, 1.33225615e-03,
       1.32316767e-03, 1.31438366e-03, 1.30589785e-03, 1.29770415e-03,
       1.28979666e-03, 1.28216969e-03, 1.27481771e-03, 1.26773539e-03,
       1.26091755e-03, 1.25435921e-03, 1.24805552e-03, 1.24200182e-03,
       1.23619359e-03, 1.23062645e-03, 1.22529619e-03, 1.22019871e-03,
       1.21533009e-03, 1.21068651e-03, 1.20626430e-03, 1.20205989e-03,
       1.19806986e-03, 1.19429091e-03, 1.19071983e-03, 1.18735354e-03,
       1.18418908e-03, 1.18122358e-03, 1.17845427e-03, 1.17587850e-03,
       1.17349370e-03, 1.17129740e-03, 1.16928723e-03, 1.16746089e-03,
       1.16581619e-03, 1.16435101e-03, 1.16306333e-03, 1.16195118e-03,
       1.16101268e-03, 1.16024605e-03, 1.15964955e-03, 1.15922153e-03,
       1.15896040e-03, 1.15886464e-03, 1.15893280e-03, 1.15916348e-03,
       1.15955535e-03, 1.16010716e-03, 1.16081767e-03, 1.16168575e-03,
       1.16271028e-03, 1.16389022e-03, 1.16522457e-03, 1.16671239e-03,
       1.16835277e-03, 1.17014487e-03, 1.17208787e-03, 1.17418101e-03,
       1.17642357e-03, 1.17881486e-03, 1.18135426e-03, 1.18404115e-03,
       1.18687496e-03, 1.18985517e-03, 1.19298128e-03, 1.19625282e-03,
       1.19966936e-03, 1.20323049e-03, 1.20693584e-03, 1.21078507e-03,
       1.21477785e-03, 1.21891388e-03, 1.22319289e-03, 1.22761464e-03,
       1.23217889e-03, 1.23688544e-03, 1.24173409e-03, 1.24672467e-03,
       1.25185703e-03, 1.25713102e-03, 1.26254652e-03, 1.26810341e-03,
       1.27380159e-03])]","[[0, 6.376880005047202e-05, 0.00012384871691641303, 0.00018251523914562925, 0.0002412455284699356, 0.0003010342012345133, 0.0003625829625691466, 0.00042641503855904547, 0.0004929447844434673, 0.0005625202578717044, 0.0006354495267660651, 0.0007120171510897994, 0.0007924947058857517, 0.0008771476717463625, 0.0009662400950636346, 0.0010600378663125614, 0.001158811131919954, 0.0012628361551681596, 0.001372396820933033, 0.0014877859060492943, 0.0016093061926948614, 0.0017372714749894396, 0.0018720074921825425, 0.0020138528112674334, 0.0021631596751414827, 0.0023202948280607147, 0.002485640327214038, 0.002659594347229567, 0.0028425719829915895, 0.003035006055089042, 0.003237347921408612, 0.0034500682977479037, 0.003673658089805086, 0.00390862923846703, 0.004155515579944983, 0.0044148737219789425, 0.004687283937037186, 0.004973351073166758, 0.005273705482897042, 0.005589003970356057, 0.005919930756522999, 0.006267198462306683, 0.006631549108904413, 0.007013755134656117, 0.00741462042736169, 0.00783498137077257, 0.00827570790369953, 0.008737704589895038, 0.009221911696568604, 0.009729306279075095, 0.010260903268977549, 0.010817756562325871, 0.011400960104609297, 0.012011648968432568, 0.012651000419531945, 0.013320234966286548, 0.014020617387392133, 0.014753457731847714, 0.015520112284859899, 0.016321984492695424, 0.017160525838909185, 0.018037236663743735, 0.018953666917837727, 0.019911416840696434, 0.020912137553669444, 0.021957531556451353, 0.023049353115374132, 0.0241894085309987, 0.02537955627174312, 0.02662170695951132, 0.02791782319251623, 0.029269919189732353, 0.030680060240674305, 0.032150361943489615, 0.03368298921368795, 0.035280155045217546, 0.036944119005057216, 0.038677185442035245, 0.04048170139023069, 0.042360054147078316, 0.04431466850620436, 0.04634800362508869, 0.048462549507901936, 0.050660823084327886, 0.05294536386587573, 0.05531872916213959, 0.057783488840698456, 0.06034221961589427, 0.06299749885360338, 0.06575189788135027, 0.06860797479572404, 0.07156826676206655, 0.07463528180482157, 0.07781149009077912, 0.08109931527843231, 0.08450113938677899, 0.08801933571766522, 0.09165629602513369, 0.09541444069458727, 0.09929621724515807, 0.10330409123134962, 0.1074405322378434, 0.11170799675938299, 0.11610890916014019, 0.12064564150993373, 0.12532049283088573, 0.13013566811366079, 0.13509325734836033, 0.14019521474209348, 0.14544333825015676, 0.1508392495217012, 0.1563843743475778, 0.16207992369341562, 0.16792687540184023, 0.1739259566518973, 0.18007762726961146, 0.18638206399001897, 0.19283914577709588, 0.19944844031311068, 0.20620919177257402, 0.21312030999777282, 0.2201803611925951, 0.22738756024878837, 0.23473976481383363, 0.24223447120220873, 0.24986881224196633, 0.2576395571363308, 0.26554311340554726, 0.2735755309576693, 0.2817325083185772, 0.29000940103155026, 0.29840123221549064, 0.3069027052487706, 0.31550821852302874, 0.3242118821884894, 0.3330075367899371, 0.3418887736707701, 0.3508489570020052, 0.3598812472741039, 0.3689786260724135, 0.37813392194220025, 0.38733983713698344, 0.39658897503439305, 0.4058738679972475, 0.41518700545409043, 0.4245208619730833, 0.4338679251059, 0.4432207227840241, 0.45257185005846157, 0.4619139949851418, 0.4712399634719346, 0.4805427029189635, 0.48981532450140997, 0.4990511239629297, 0.5082436008077691, 0.517386475800301, 0.526473706701632, 0.5354995021938044, 0.5444583339625976, 0.5533449469297139, 0.5621543676439412, 0.5708819108584792, 0.5795231843378055, 0.588074091952077, 0.5965308351300062, 0.6048899127523365, 0.6131481195774426, 0.6213025432981811, 0.6293505603349709, 0.6372898304742337, 0.6451182904638648, 0.6528341466784466, 0.6604358669665693, 0.6679221717910352, 0.6752920247700243, 0.6825446227236408, 0.6896793853257882, 0.6966959444561762, 0.7035941333415884, 0.7103739755694615, 0.7170356740504749, 0.723579600000329, 0.7300062820043093, 0.7363163952216819, 0.7425107507805172, 0.7485902854072688, 0.7545560513293977, 0.7604092064835674, 0.7661510050564904, 0.7717827883804018, 0.7773059762003871, 0.7827220583264158, 0.7880325866789335, 0.7932391677332356, 0.7983434553645847, 0.8033471440931348, 0.8082519627251588, 0.8130596683848496, 0.8177720409290353, 0.8223908777355167, 0.8269179888543664, 0.8313551925104137, 0.8357043109442398, 0.8399671665783291, 0.8441455784945143, 0.8482413592085191, 0.8522563117272164, 0.8561922268741572, 0.8600508808689784, 0.8638340331464535, 0.8675434244011769, 0.8711807748441829, 0.8747477826581567, 0.8782461226383061, 0.8816774450064087, 0.88504337438602, 0.8883455089273291, 0.8915854195706522, 0.8947646494380732, 0.8978847133432637, 0.9009470974100279, 0.9039532587906358, 0.9069046254755103, 0.9098025961863275, 0.9126485403450719, 0.9154437981120498, 0.9181896804863175, 0.9208874694624082, 0.9235384182376584, 0.9261437514648285, 0.9287046655450879, 0.9312223289567932, 0.9336978826158283, 0.9361324402635927, 0.9385270888790308, 0.9408828891113762, 0.9432008757305547, 0.9454820580924419, 0.9477274206164052, 0.9499379232727807, 0.9521145020781413, 0.954258069596405, 0.9563695154440097, 0.9584497067975467, 0.9604994889024007, 0.9625196855810866, 0.9645110997401043, 0.9664745138742573, 0.9684106905674922, 0.9703203729894222, 0.972204285386792, 0.9740631335692314, 0.9758976053887244, 0.9777083712122983, 0.9794960843874998, 0.9812613817002958, 0.9830048838250842, 0.9847271957665602, 0.9864289072932256, 0.9881105933623748, 0.9897728145364271, 0.9914161173905143, 0.9930410349112607, 0.9946480868867231, 0.9962377802874849, 0.9978106096389193, 0.9993670573846615, 1.000907594241341, 1.0024326795446512, 1.0039427615868388, 1.0054382779457136, 1.0069196558052895, 1.0083873122681757, 1.0098416546598457, 1.0112830808249214, 1.0127119794156123, 1.0141287301724549, 1.015533704197505, 1.016927264220135, 1.018309764855591, 1.0196815528564704, 1.021042967357276, 1.0223943401122082, 1.0237359957263523, 1.0250682518804242, 1.026391419549229, 1.0277058032139923, 1.0290117010687203, 1.0303094052207418, 1.0315992018855864, 1.0328813715763472, 1.034156189287679, 1.0354239246745744, 1.0366848422260642, 1.037939201433978, 1.0391872569569096, 1.0404292587795123, 1.041665452367266, 1.0428960788168355, 1.0441213750021536, 1.0453415737163452, 1.0465569038096159, 1.0477675903232189, 1.0489738546196168, 1.0501759145089447, 1.0513739843718841, 1.0525682752790508, 1.053758995106998, 1.0549463486509334, 1.0561305377342438, 1.0573117613149217, 1.05849021558898, 1.0596660940909444, 1.0608395877915051, 1.0620108851924104, 1.0631801724186771, 1.0643476333081983, 1.0655134494988159, 1.066677800512933, 1.0678408638397305, 1.0690028150150555, 1.0701638276990426, 1.0713240737515302, 1.072483723305329, 1.0736429448374, 1.0748019052379933, 1.0759607698778015, 1.0771197026731771, 1.0782788661494596, 1.0794384215024577, 1.0805985286581334, 1.0817593463305235, 1.0829210320779432, 1.084083742357507, 1.085247632578001, 1.0864128571511458, 1.087579569541276, 1.0887479223134708, 1.0899180671801632, 1.0910901550462548, 1.0922643360527635, 1.0934407596190243, 1.0946195744834708, 1.0958009287430135, 1.0969849698910379, 1.098171844854039, 1.099361700026908, 1.1005546813068898, 1.1017509341262208, 1.1029506034834629, 1.1041538339735442, 1.1053607698165162, 1.1065715548850368, 1.1077863327305861, 1.1090052466084228, 1.1102284395012854, 1.1114560541418432, 1.1126882330338999, 1.1139251184723524, 1.115166852561906, 1.116413577234545, 1.1176654342657593, 1.1189225652895256, 1.1201851118120383, 1.121453215224188, 1.1227270168127852]]"
40.0,40.0,3,90,180,I1-S0,"[[0.01, 0.009218546420913139, 0.008861068736292907, 0.00877505793697105, 0.008868438475352751, 0.009085434441224779, 0.009392113959368724, 0.009767790988418996, 0.010199861512694993, 0.010680698471782962, 0.011205779423540813, 0.01177255393235855, 0.012379755400995092, 0.013026980466285766, 0.0137144299588205, 0.014442747851921829, 0.015212920019593788, 0.016026209826988953, 0.01688411668452057, 0.017788349157569112, 0.018740807502894696, 0.019743572476447247, 0.02079889844905098, 0.021909209589574104, 0.02307709831691645, 0.02430532549444758, 0.02559682201043386, 0.026954691495664002, 0.02838221399902104, 0.02988285048765509, 0.031460248069441865, 0.033118245856880967, 0.034860881406743684, 0.03669239768062583, 0.03861725047934753, 0.0406401163096615, 0.04276590064549311, 0.04499974654827399, 0.04734704361206696, 0.04981343719926386, 0.052404837931768075, 0.05512743140081769, 0.05798768805600362, 0.060992373230614114, 0.06414855725620112, 0.06746362561421342, 0.07094528906666486, 0.07460159370108616, 0.07844093081741918, 0.08247204657602876, 0.08670405131659407, 0.09114642844726831, 0.09580904279212929, 0.10070214827255161, 0.1058363947846859, 0.11122283412070944, 0.11687292476589901, 0.12279853538686586, 0.12901194680849198, 0.13552585225824007, 0.1423533556366195, 0.14950796755174595, 0.15700359883422907, 0.16485455122618992, 0.17307550491521778, 0.18168150256074, 0.19068792943686244, 0.20011048929257028, 0.20996517550764945, 0.22026823710126184, 0.23103613913033155, 0.24228551699740583, 0.2540331241731766, 0.26629577282821715, 0.27909026686264005, 0.29243332682237194, 0.30634150619772194, 0.32083109861517084, 0.3359180354581985, 0.3516177734889726, 0.3679451720913917, 0.38491435981892386, 0.40253859000954495, 0.42083008532650246, 0.4397998711991827, 0.459457598274528, 0.4798113541475231, 0.5008674648203001, 0.5226302865440956, 0.5451019889268898, 0.5682823304417821, 0.5921684277460384, 0.6167545205165432, 0.6420317338214495, 0.6679884228314699, 0.6946158320651008, 0.7219109357651052, 0.7498725191946485, 0.7784979493008984, 0.807780982188705, 0.8377102882105026, 0.8682684755062228, 0.8994314611937456, 0.9311680871591845, 0.9634399108735582, 0.9962011251625301, 1.0293985773156453, 1.0629718693686947, 1.0968535292399513, 1.1309692476395912, 1.1652381790030235, 1.1995733066231558, 1.2338818730339225, 1.2680658767905462, 1.3020226362966225, 1.3356454203939097, 1.3688241441764288, 1.401446127014438, 1.4333969081611366, 1.4645611136421408, 1.4948233664656645, 1.5240692306064236, 1.5521861777708923, 1.579064564703328, 1.604598607792797, 1.6286873410357732, 1.651235543032429, 1.6721546186726446, 1.6913634215135294, 1.7087890035646607, 1.7243672802680325, 1.738043599861649, 1.749773208011384, 1.759521600536869, 1.7672647591865263, 1.7729892676704802, 1.7766923074700454, 1.778381535239647, 1.7780748458339142, 1.7758000270661898, 1.7715943141785215, 1.7655038536298764, 1.757583087151776, 1.7478940680530688, 1.7365057224642166, 1.7234930685939436, 1.7089364071360709, 1.6929204957303046, 1.6755337198745937, 1.6568672719419928, 1.6370143490102003, 1.6160693791084888, 1.5941272842671923, 1.5712827874612953, 1.5476297692121268, 1.5232606782865805, 1.4982659996445264, 1.4727337815601858, 1.4467492227051673, 1.4203943189472874, 1.39374756870272, 1.3668837348871248, 1.3398736608473263, 1.3127841371181599, 1.285677815435154, 1.2586131661360085, 1.2316444748934474, 1.2048218746285808, 1.1781914084460436, 1.1517951194980665, 1.1256711638123946, 1.0998539422970528, 1.0743742483523415, 1.04925942776698, 1.0245335478416993, 1.0002175729616372, 0.9763295441214392, 0.9528847601879413, 0.9298959589597068, 0.9073734963464406, 0.8853255222413059, 0.8637581518931179, 0.8426756318017244, 0.8220804993576758, 0.8019737356261482, 0.782354910835092, 0.7632223222691414, 0.7445731243946773, 0.7264034511485, 0.708708530413944, 0.691482790785121, 0.6747199607835765, 0.658413160743237, 0.6425549876203619, 0.6271375930165217, 0.6121527547255495, 0.5975919421310646, 0.5834463757905565, 0.5697070815460827, 0.5563649395012367, 0.54341072819994, 0.5308351643355133, 0.5186289383089705, 0.5067827459441171, 0.4952873166542658, 0.484133438341624, 0.4733119792959879, 0.46281390734459826, 0.45263030649010466, 0.44275239125875304, 0.43317151896631184, 0.4238792000950166, 0.41486710696103823, 0.4061270808387446, 0.39765113769537963, 0.3894314726777654, 0.38146046348126744, 0.3737306727205514, 0.3662348494116114, 0.3589659296651481, 0.35191703668260943, 0.3450814801380547, 0.33845275502144634, 0.33202454001197507, 0.32579069544357125, 0.3197452609188035, 0.3138824526218975, 0.3081966603765856, 0.3026824444898984, 0.2973345324187992, 0.2921478152927181, 0.2871173443215355, 0.2822383271153696, 0.2775061239396176, 0.27291624392605945, 0.26846434125843854, 0.26414621134876304, 0.2599577870186078, 0.25589513469792086, 0.25195445065223643, 0.24813205724775103, 0.24442439926241835, 0.24082804025004936, 0.23733965896335302, 0.2339560458409117, 0.23067409956224305, 0.22749082367434573, 0.22440332329245552, 0.2214088018771399, 0.2185045580893273, 0.21568798272439685, 0.21295655572603728, 0.2103078432802175, 0.20773949498928732, 0.20524924112594528, 0.20283488996656387, 0.20049432520314817, 0.19822550343301915, 0.19602645172515487, 0.19389526526198733, 0.19183010505533862, 0.1898291957350856, 0.18789082340906302, 0.18601333359265237, 0.18419512920645403, 0.18243466864040075, 0.18073046388264472, 0.17908107871153076, 0.1774851269489584, 0.1759412707734333, 0.17444821909111044, 0.17300472596314195, 0.17160958908765483, 0.17026164833470234, 0.16895978433255382, 0.16770291710371207, 0.16649000474907466, 0.16532004217868393, 0.16419205988754224, 0.16310512277500006, 0.1620583290062591, 0.16105080891456608, 0.16008172394270795, 0.15915026562245468, 0.1582556545906314, 0.15739713964053703, 0.15657399680746242, 0.1557855284870962, 0.15503106258564192, 0.15430995170050438, 0.15362157233043783, 0.15296532411408195, 0.15234062909584495, 0.15174693101812545, 0.15118369463889691, 0.15065040507370908, 0.15014656716119126, 0.14967170485117248, 0.14922536061456132, 0.14880709487415716, 0.14841648545559136, 0.14805312705762308, 0.1477166307410407, 0.1474066234354439, 0.14712274746320594, 0.1468646600799388, 0.14663203303080605, 0.14642455212205027, 0.14624191680712278, 0.1460838397868235, 0.1459500466228778, 0.14584027536439742, 0.1457542761866881, 0.14569181104188686, 0.145652653320926, 0.14563658752633854, 0.14564340895543493, 0.1456729233933949, 0.14572494681583406, 0.14579930510041658, 0.14589583374710055, 0.14601437760661307, 0.14615479061676592, 0.14631693554623285, 0.1465006837454215, 0.1467059149040832, 0.14693251681531358, 0.1471803851456077, 0.1474494232106412, 0.14773954175645956, 0.1480506587457643, 0.14838269914899435, 0.14873559473990766, 0.1491092838953767, 0.1495037113991168, 0.14991882824907504, 0.15035459146821228, 0.150810963918418, 0.15128791411730344, 0.15178541605762383, 0.1523034490290863, 0.15284199744230537, 0.1534010506546725, 0.1539806027979115, 0.154580652607096, 0.15520120325090941, 0.15584226216293304, 0.15650384087375097, 0.1571859548436655, 0.15788862329582037, 0.15861186904953284, 0.1593557183536398, 0.16012020071966662, 0.1609053487546312, 0.1617111979932992, 0.16253778672971048, 0.16338515584779986, 0.16425334865093918, 0.1651424106902317, 0.1660523895913926, 0.16698333488005454, 0.16793529780533928, 0.16890833116154202, 0.16990248910777778, 0.17091782698544405, 0.17195440113335808]]","[[0.01, 0.011673645222856313, 0.01362924433757481, 0.015801894644077778, 0.018156391321720033, 0.020675251219908864, 0.02335155849274351, 0.026184773165265, 0.029178249452661696, 0.032337773021107026, 0.035670705656566666, 0.039185492069076996, 0.04289138229129, 0.04679828223428831, 0.05091668031624381, 0.0552576192067986, 0.0598326943435321, 0.06465406839842282, 0.06973449535067666, 0.07508735048368172, 0.0807266642013334, 0.08666715849070221, 0.09292428540563752, 0.09951426726551679, 0.1064541384479929, 0.11376178875962004, 0.12145600842652987, 0.1295565347783526, 0.13808410071381633, 0.14706048504264227, 0.15650856479939265, 0.16645236962305449, 0.176917138292603, 0.18792937750424232, 0.199516922970785, 0.21170900291782435, 0.22453630404497, 0.23803104001338682, 0.25222702251308815, 0.2671597349547449, 0.28286640882102837, 0.2993861027015354, 0.31675978402296984, 0.3350304134722866, 0.35424303209473734, 0.37444485103098674, 0.39568534383746967, 0.41801634131169835, 0.44149212871906723, 0.46616954528958043, 0.4921080858215819, 0.5193700041947233, 0.5480204185557783, 0.5781274178982091, 0.6097621697093267, 0.6429990283071455, 0.6779156434323454, 0.7145930685988134, 0.7531158686387774, 0.7935722258053169, 0.8360540437158047, 0.8806570483344209, 0.927480885100148, 0.9766292112085225, 1.0282097819508986, 1.0823345299041571, 1.1391196356468898, 1.19868558855545, 1.2611572361053784, 1.3266638199712888, 1.3953389970822214, 1.467320843650883, 1.5427518400554927, 1.6217788343138677, 1.7045529817529363, 1.7912296583454888, 1.881968345062451, 1.976932480476544, 2.076289278755525, 2.1802095101044348, 2.288867240661013, 2.4024395288217293, 2.521106074983264, 2.645048821731662, 2.774451501605074, 2.909499129702595, 3.0503774386179323, 3.1972722534493068, 3.3503688049828373, 3.5098509795719837, 3.6759005047463145, 3.8486960701838937, 4.028412384376789, 4.215219168111026, 4.409280699410688, 4.610761355373655, 4.819829791864639, 5.036656013793761, 5.261408170444794, 5.4942496992519505, 5.735336722138493, 5.984815629573407, 6.242820808917612, 6.509472489165918, 6.784874685767662, 7.069113238045446, 7.362253938604069, 7.664340759527275, 7.975394184416476, 8.295409658635231, 8.624356172612892, 8.962174994808972, 9.308778571993814, 9.664049614890837, 10.02784038697148, 10.399972213314806, 10.78023522496124, 11.168388352133402, 11.564159577105693, 11.967246454429718, 12.377316902729183, 12.794010268443758, 13.216938657816433, 13.645688529184365, 14.079822533358179, 14.518881585673608, 14.962387149287858, 15.409843705584501, 15.86074138425121, 16.314558722800143, 16.77076552309205, 17.228825770865573, 17.688200583406033, 18.14835115033372, 18.608741633049824, 19.068841989623998, 19.528130693797152, 19.986097319242507, 20.442244963197762, 20.896092486959635, 21.347176554418432, 21.79505345369962, 22.23930069096631, 22.679518349418665, 23.115330210408143, 23.546384637280216, 23.972355225994455, 24.392941229684997, 24.80786776707072, 25.21688582697102, 25.619772083111734, 26.016328534912205, 26.406381991035556, 26.78978341317793, 27.16640713789513, 27.536149994249445, 27.898930334743607, 28.254686996433946, 28.603378208322724, 28.94498046016329, 29.279487346711782, 29.606908400264455, 29.927267923066104, 30.24060382989437, 30.546966509845305, 30.846417715091025, 31.139029483170766, 31.424883098227898, 31.704068095529472, 31.97668131261029, 32.242825989476074, 32.50261091948246, 32.75614965177918, 33.00355974557027, 33.2449620758883, 33.48048019010986, 33.7102397140449, 33.93436780610928, 34.15299265783068, 34.36624303873831, 34.5742478835384, 34.77713591937573, 34.97503533091976, 35.168073460986705, 35.35637654441126, 35.54006947290865, 35.71927558871475, 35.89411650485575, 36.06471194997483, 36.23117963572973, 36.39363514486816, 36.552191838185614, 36.706960778671146, 36.85805067124814, 37.005567816618544, 37.14961607781906, 37.290296858195305, 37.42770908959462, 37.561949229669054, 37.69311126726688, 37.82128673497395, 37.94656472794389, 38.06903192823015, 38.18877263390191, 38.305868792290134, 38.42040003677071, 38.53244372654704, 38.64207498894648, 38.74936676379276, 38.85438984946055, 38.95721295025902, 39.0579027248282, 39.15652383526627, 39.253138996736766, 39.34780902733333, 39.44059289800528, 39.531547782370964, 39.62072910626702, 39.70819059690111, 39.79398433149317, 39.87816078530589, 39.960768878979536, 40.041856025098845, 40.12146817393137, 40.1996498582869, 40.276444237456815, 40.35189314020052, 40.426037106753284, 40.49891542983668, 40.57056619465821, 40.64102631789216, 40.710331585637995, 40.77851669035681, 40.84561526678966, 40.911659926864665, 40.97668229360248, 41.04071303403193, 41.10378189112958, 41.16591771479869, 41.227148491904344, 41.28750137538281, 41.347002712443945, 41.405678071886534, 41.463552270546785, 41.52064939890075, 41.576992845841836, 41.6326053226547, 41.687508886206984, 41.74172496138033, 41.79527436276209, 41.84817731561903, 41.90045347617408, 41.95212195120704, 42.00320131699988, 42.05370963764673, 42.10366448274875, 42.153082944513166, 42.201981654275876, 42.25037679846617, 42.29828413403204, 42.345719003343866, 42.392696348593965, 42.43923072570897, 42.48533631779159, 42.53102694810783, 42.57631609263523, 42.62121689218743, 42.66574216412962, 42.7099044136993, 42.75371584494609, 42.797188371304024, 42.84033362580931, 42.883162970976116, 42.92568750834261, 42.9679180876988, 43.009865316007755, 43.0515395660311, 43.092950984669336, 43.134109501027275, 43.17502483421449, 43.21570650089025, 43.25616382256224, 43.29640593264785, 43.33644178330659, 43.376280152052004, 43.41592964815091, 43.455398718817634, 43.49469565521074, 43.53382859823922, 43.57280554418511, 43.61163435014904, 43.65032273932516, 43.68887830611147, 43.727308521061445, 43.7656207356827, 43.80382218708801, 43.84192000250399, 43.87992120364252, 43.91783271093959, 43.955661347666414, 43.99341384391711, 44.03109684047736, 44.06871689257808, 44.10628047353813, 44.14379397829981, 44.181263726860834, 44.218695967606216, 44.25609688054348, 44.293472580444416, 44.330829119896336, 44.36817249226596, 44.405508634578666, 44.442843430315726, 44.48018271213231, 44.517532264498506, 44.55489782626587, 44.59228509316175, 44.62969972021339, 44.667147324104036, 44.70463348546291, 44.74216375109085, 44.77974363612356, 44.81737862613391, 44.855074179175006, 44.892835727765586, 44.930668680819, 44.9685784255172, 45.00657032913107, 45.04464974078811, 45.08282199318872, 45.121092404272126, 45.159466278832774, 45.19794891008827, 45.23654558119958, 45.275261566744256, 45.314102134143496, 45.35307254504354, 45.39217805665205, 45.43142392303002, 45.47081539633957, 45.51035772804814, 45.55005617008939, 45.58991597598099, 45.62994240189974, 45.67014070771399, 45.71051615797365, 45.751074022857736, 45.79181957907959, 45.83275811074969, 45.87389491019593, 45.91523527874142, 45.956784527439424, 45.99854797776539, 46.040530962265706, 46.08273882516297, 46.12517692291736, 46.16785062474377, 46.2107653130842, 46.2539263840351, 46.29733924772889, 46.34100932866947, 46.384942066020756, 46.429142913847905, 46.47361734131048, 46.51837083280681, 46.56340888806892]]","[array([6.37688001e-05, 6.00799169e-05, 5.86665222e-05, 5.87302893e-05,
       5.97886736e-05, 6.15487728e-05, 6.38321466e-05, 6.65300198e-05,
       6.95762756e-05, 7.29312126e-05, 7.65717378e-05, 8.04854222e-05,
       8.46668799e-05, 8.91155478e-05, 9.38343116e-05, 9.88286485e-05,
       1.04106084e-04, 1.09675847e-04, 1.15548641e-04, 1.21736503e-04,
       1.28252710e-04, 1.35111713e-04, 1.42329110e-04, 1.49921622e-04,
       1.57907094e-04, 1.66304497e-04, 1.75133945e-04, 1.84416713e-04,
       1.94175269e-04, 2.04433303e-04, 2.15215767e-04, 2.26548912e-04,
       2.38460336e-04, 2.50979030e-04, 2.64135432e-04, 2.77961475e-04,
       2.92490651e-04, 3.07758063e-04, 3.23800490e-04, 3.40656445e-04,
       3.58366244e-04, 3.76972069e-04, 3.96518033e-04, 4.17050249e-04,
       4.38616898e-04, 4.61268295e-04, 4.85056957e-04, 5.10037670e-04,
       5.36267554e-04, 5.63806124e-04, 5.92715357e-04, 6.23059741e-04,
       6.54906334e-04, 6.88324813e-04, 7.23387513e-04, 7.60169467e-04,
       7.98748430e-04, 8.39204899e-04, 8.81622123e-04, 9.26086092e-04,
       9.72685525e-04, 1.02151183e-03, 1.07265906e-03, 1.12622382e-03,
       1.18230520e-03, 1.24100465e-03, 1.30242579e-03, 1.36667432e-03,
       1.43385772e-03, 1.50408507e-03, 1.57746672e-03, 1.65411401e-03,
       1.73413885e-03, 1.81765334e-03, 1.90476926e-03, 1.99559759e-03,
       2.09024787e-03, 2.18882757e-03, 2.29144138e-03, 2.39819044e-03,
       2.50917144e-03, 2.62447574e-03, 2.74418835e-03, 2.86838686e-03,
       2.99714029e-03, 3.13050787e-03, 3.26853777e-03, 3.41126571e-03,
       3.55871356e-03, 3.71088789e-03, 3.86777839e-03, 4.02935640e-03,
       4.19557326e-03, 4.36635954e-03, 4.54164277e-03, 4.72138527e-03,
       4.90557503e-03, 5.09420069e-03, 5.28723366e-03, 5.48461602e-03,
       5.68625247e-03, 5.89200503e-03, 6.10168972e-03, 6.31507462e-03,
       6.53187891e-03, 6.75177269e-03, 6.97437737e-03, 7.19926662e-03,
       7.42596768e-03, 7.65396318e-03, 7.88269337e-03, 8.11155872e-03,
       8.33992309e-03, 8.56711721e-03, 8.79244266e-03, 9.01517631e-03,
       9.23457518e-03, 9.44988166e-03, 9.66032914e-03, 9.86514793e-03,
       1.00635715e-02, 1.02548427e-02, 1.04382204e-02, 1.06129860e-02,
       1.07784498e-02, 1.09339574e-02, 1.10788956e-02, 1.12126981e-02,
       1.13348508e-02, 1.14448967e-02, 1.15424397e-02, 1.16271482e-02,
       1.16987578e-02, 1.17570734e-02, 1.18019701e-02, 1.18333939e-02,
       1.18513610e-02, 1.18559567e-02, 1.18473336e-02, 1.18257086e-02,
       1.17913600e-02, 1.17446235e-02, 1.16858877e-02, 1.16155898e-02,
       1.15342099e-02, 1.14422662e-02, 1.13403095e-02, 1.12289172e-02,
       1.11086885e-02, 1.09802384e-02, 1.08441928e-02, 1.07011831e-02,
       1.05518421e-02, 1.03967985e-02, 1.02366740e-02, 1.00720784e-02,
       9.90360727e-03, 9.73183820e-03, 9.55732872e-03, 9.38061394e-03,
       9.20220487e-03, 9.02258693e-03, 8.84221898e-03, 8.66153251e-03,
       8.48093129e-03, 8.30079115e-03, 8.12146014e-03, 7.94325879e-03,
       7.76648068e-03, 7.59139305e-03, 7.41823770e-03, 7.24723185e-03,
       7.07856920e-03, 6.91242105e-03, 6.74893738e-03, 6.58824812e-03,
       6.43046431e-03, 6.27567930e-03, 6.12396996e-03, 5.97539789e-03,
       5.83001055e-03, 5.68784238e-03, 5.54891591e-03, 5.41324278e-03,
       5.28082476e-03, 5.15165466e-03, 5.02571725e-03, 4.90299009e-03,
       4.78344432e-03, 4.66704542e-03, 4.55375385e-03, 4.44352573e-03,
       4.33631339e-03, 4.23206597e-03, 4.13072986e-03, 4.03224917e-03,
       3.93656618e-03, 3.84362167e-03, 3.75335532e-03, 3.66570595e-03,
       3.58061187e-03, 3.49801107e-03, 3.41784151e-03, 3.34004124e-03,
       3.26454864e-03, 3.19130257e-03, 3.12024245e-03, 3.05130846e-03,
       2.98444158e-03, 2.91958372e-03, 2.85667775e-03, 2.79566763e-03,
       2.73649838e-03, 2.67911620e-03, 2.62346846e-03, 2.56950373e-03,
       2.51717181e-03, 2.46642374e-03, 2.41721180e-03, 2.36948953e-03,
       2.32321169e-03, 2.27833432e-03, 2.23481465e-03, 2.19261114e-03,
       2.15168347e-03, 2.11199249e-03, 2.07350023e-03, 2.03616984e-03,
       1.99996563e-03, 1.96485300e-03, 1.93079841e-03, 1.89776940e-03,
       1.86573454e-03, 1.83466338e-03, 1.80452648e-03, 1.77529533e-03,
       1.74694237e-03, 1.71944093e-03, 1.69276522e-03, 1.66689031e-03,
       1.64179208e-03, 1.61744723e-03, 1.59383325e-03, 1.57092835e-03,
       1.54871151e-03, 1.52716241e-03, 1.50626140e-03, 1.48598952e-03,
       1.46632845e-03, 1.44726047e-03, 1.42876851e-03, 1.41083604e-03,
       1.39344712e-03, 1.37658635e-03, 1.36023886e-03, 1.34439030e-03,
       1.32902679e-03, 1.31413496e-03, 1.29970187e-03, 1.28571505e-03,
       1.27216246e-03, 1.25903245e-03, 1.24631382e-03, 1.23399571e-03,
       1.22206766e-03, 1.21051959e-03, 1.19934174e-03, 1.18852471e-03,
       1.17805941e-03, 1.16793709e-03, 1.15814929e-03, 1.14868785e-03,
       1.13954489e-03, 1.13071281e-03, 1.12218430e-03, 1.11395227e-03,
       1.10600990e-03, 1.09835061e-03, 1.09096806e-03, 1.08385612e-03,
       1.07700888e-03, 1.07042065e-03, 1.06408595e-03, 1.05799947e-03,
       1.05215613e-03, 1.04655100e-03, 1.04117934e-03, 1.03603660e-03,
       1.03111836e-03, 1.02642040e-03, 1.02193863e-03, 1.01766914e-03,
       1.01360813e-03, 1.00975197e-03, 1.00609717e-03, 1.00264035e-03,
       9.99378271e-04, 9.96307832e-04, 9.93426038e-04, 9.90730017e-04,
       9.88217012e-04, 9.85884374e-04, 9.83729565e-04, 9.81750149e-04,
       9.79943791e-04, 9.78308254e-04, 9.76841399e-04, 9.75541174e-04,
       9.74405623e-04, 9.73432871e-04, 9.72621132e-04, 9.71968699e-04,
       9.71473947e-04, 9.71135327e-04, 9.70951365e-04, 9.70920661e-04,
       9.71041886e-04, 9.71313778e-04, 9.71735145e-04, 9.72304857e-04,
       9.73021849e-04, 9.73885117e-04, 9.74893717e-04, 9.76046763e-04,
       9.77343426e-04, 9.78782930e-04, 9.80364553e-04, 9.82087626e-04,
       9.83951529e-04, 9.85955691e-04, 9.88099589e-04, 9.90382745e-04,
       9.92804726e-04, 9.95365144e-04, 9.98063651e-04, 1.00089994e-03,
       1.00387374e-03, 1.00698484e-03, 1.01023302e-03, 1.01361815e-03,
       1.01714009e-03, 1.02079877e-03, 1.02459412e-03, 1.02852613e-03,
       1.03259480e-03, 1.03680016e-03, 1.04114227e-03, 1.04562124e-03,
       1.05023717e-03, 1.05499020e-03, 1.05988050e-03, 1.06490826e-03,
       1.07007367e-03, 1.07537698e-03, 1.08081842e-03, 1.08639825e-03,
       1.09211677e-03, 1.09797426e-03, 1.10397103e-03, 1.11010742e-03,
       1.11638375e-03, 1.12280038e-03, 1.12935765e-03, 1.13605594e-03,
       1.14289561e-03])]","[[0, 6.376880005047202e-05, 0.00012384871691641303, 0.00018251523914562925, 0.0002412455284770723, 0.00030103420204374246, 0.0003625829748928516, 0.00042641512147651963, 0.0004929451412978364, 0.0005625214168655602, 0.0006354526294292431, 0.0007120243671874922, 0.0007925097893583093, 0.0008771766692987676, 0.0009662922170759303, 0.0010601265286980983, 0.0011589551772451512, 0.0012630612615956852, 0.001372737108211847, 0.001488285748730198, 0.001610022251907499, 0.0017382749614092202, 0.0018733866741970533, 0.0020157157837907198, 0.0021656374060019866, 0.002323544500394091, 0.0024898489978206766, 0.002664982942407497, 0.0028493996549297483, 0.0030435749235061616, 0.0032480082267519698, 0.003463223993926586, 0.0036897729061262175, 0.003928233242171859, 0.004179212272504871, 0.004443347704108128, 0.004721309179207194, 0.005013799830262673, 0.00532155789353302, 0.0056453583832592495, 0.005986014828292478, 0.006344381072745915, 0.006721353141999122, 0.007117871175108376, 0.0075349214243775635, 0.007973538322513593, 0.0084348066174235, 0.008919863574301615, 0.00942990124419865, 0.009966168797754587, 0.010529974922207475, 0.011122690279154676, 0.011745750019835037, 0.01240065635391318, 0.013088981166873785, 0.01381236868016717, 0.014572538147180425, 0.0153712865769337, 0.016210491476111304, 0.017092113598625367, 0.01801819969036844, 0.018990885215134413, 0.020012397045868022, 0.021085056103437205, 0.02221127992300469, 0.023393585125803033, 0.024634589771689013, 0.0259370155652696, 0.027303689885655298, 0.028737547607013685, 0.030241632674075057, 0.031819099393596804, 0.03347321339954068, 0.03520735224638053, 0.037025005581566135, 0.03892977484475628, 0.04092537243804491, 0.043015620308087615, 0.04520444787785264, 0.04749588926273928, 0.04989407970310705, 0.05240325114293001, 0.05502772688243427, 0.05777191523130285, 0.060640302088464715, 0.06363744237475501, 0.06676795024598467, 0.07003648801633784, 0.07344775372568162, 0.07700646728948297, 0.08071735517674111, 0.08458513356981442, 0.08861448997039602, 0.0928100632283007, 0.0971764227682914, 0.10171806554048196, 0.10643945080778015, 0.11134502583374323, 0.11643922652321813, 0.12172646018346099, 0.12721107620592192, 0.13289732867706983, 0.13878933370711352, 0.14489102342874646, 0.15120609804919763, 0.15773797695799796, 0.16448974964385532, 0.17146412701710612, 0.17866339364094885, 0.18608936132456222, 0.19374332450934736, 0.2016260178749564, 0.209737576596361, 0.2180774996909168, 0.22664461690064577, 0.23543705955638705, 0.24445223586454073, 0.25368681104205115, 0.2631366926998588, 0.2727970218386385, 0.28266216977307856, 0.2927257412425283, 0.30298058389728694, 0.3134188042722349, 0.3240317902744257, 0.3348102401204634, 0.34574419756507624, 0.35682309316654187, 0.3680357912399399, 0.3793706420580647, 0.39081553877465, 0.4023579784676346, 0.41398512663362746, 0.4256838844103081, 0.4374409577626833, 0.4492429278429488, 0.4610763217227823, 0.47292768270137336, 0.48478363941204833, 0.49663097298424563, 0.5084566815646733, 0.5202480415602534, 0.5319926650341441, 0.5436785527627431, 0.5552941425439984, 0.56682835243341, 0.5782706186716468, 0.5896109281546678, 0.600839845381718, 0.6119485338968582, 0.6229287723143259, 0.6337729650858112, 0.6444741482277501, 0.6550259902783545, 0.6654227887969616, 0.6756594627522826, 0.6857315411714052, 0.69563514843828, 0.7053669866394175, 0.7149243153562603, 0.7243049292989371, 0.7335071341656454, 0.742529721096592, 0.7513719400721096, 0.7600334725820821, 0.7685144038689616, 0.7768151950201903, 0.784936655158424, 0.7928799139502191, 0.8006463946262917, 0.8082377876795762, 0.8156560253814391, 0.822903257231866, 0.8299818264364491, 0.83689424748173, 0.8436431848609928, 0.8502314329850252, 0.8566618972966584, 0.8629375765940517, 0.8690615465556335, 0.8750369444492756, 0.8808669549995488, 0.8865547973796898, 0.8921037132890663, 0.8975169560723412, 0.9027977808330798, 0.9079494354920943, 0.9129751527392492, 0.9178781428266584, 0.92266158715106, 0.927328632573586, 0.9318823864260275, 0.9363259121539722, 0.940662225548774, 0.9448942915221311, 0.949025021379053, 0.953057270547124, 0.9569938367221845, 0.9608374583928054, 0.9645908137081997, 0.968256519656469, 0.9718371315222967, 0.9753351425953567, 0.9787529841028012, 0.9820930253411927, 0.9853575739851724, 0.9885488765519768, 0.9916691190026478, 0.9947204274624081, 0.9977048690442041, 1.000624452760851, 1.0034811305125517, 1.0062767981377998, 1.0090132965168332, 1.0116924127178701, 1.0143158811773394, 1.0168853849062274, 1.019402556715494, 1.0218689804542738, 1.0242861922552742, 1.0266556817824237, 1.0289788934764028, 1.031257227794219, 1.0334920424394654, 1.0356846535803466, 1.0378363370529358, 1.0399483295474972, 1.0420218297760186, 1.0440579996193975, 1.0460579652529725, 1.048022818249337, 1.0499536166575711, 1.05185138605822, 1.0537171205935083, 1.0555517839724322, 1.0573563104504955, 1.0591316057839792, 1.0608785481587273, 1.062597989093527, 1.0642907543182374, 1.0659576446268855, 1.0675994367060144, 1.0692168839386107, 1.070810717183986, 1.0723816455340225, 1.073930357046224, 1.075457519454036, 1.0769637808549235, 1.078449770376707, 1.0799160988226701, 1.0813633592959657, 1.0827921278038464, 1.0842029638422563, 1.085596410961315, 1.086972997312229, 1.0883332361761613, 1.0896776264755854, 1.091006653268646, 1.0923207882270398, 1.093620490097924, 1.094906205150352, 1.0961783676067247, 1.0974374000597384, 1.0986837138752976, 1.0999177095818544, 1.1011397772466194, 1.1023502968390857, 1.1035496385822885, 1.1047381632922173, 1.1059162227057842, 1.1070841597977388, 1.108242309086914, 1.1093909969321685, 1.110530541818388, 1.1116612546328901, 1.1127834389325733, 1.1138973912021313, 1.115003401103654, 1.1161017517179157, 1.1171927197776494, 1.118276575893091, 1.1193535847700697, 1.120424005420913, 1.1214880913684193, 1.1225460908431528, 1.1235982469742956, 1.1246447979742902, 1.1256859773174972, 1.1267220139130798, 1.127753132272327, 1.1287795526706126, 1.1298014913041836, 1.130819160441964, 1.1318327685725535, 1.1328425205465922, 1.133848617714657, 1.1348512580608519, 1.1358506363322425, 1.136846944164286, 1.1378403702023958, 1.1388311002197793, 1.139819317231681, 1.1408052016061563, 1.1417889311714977, 1.1427706813204306, 1.1437506251111913, 1.1447289333655941, 1.145705774764192, 1.14668131593863, 1.1476557215612848, 1.1486291544322866, 1.1496017755640058, 1.1505737442630908, 1.1515452182101396, 1.1525163535370786, 1.1534873049023242, 1.1544582255637992, 1.1554292674498687, 1.1564005812282638, 1.1573723163730505, 1.1583446212297066, 1.1593176430783612, 1.160291528195249, 1.1612664219124342, 1.162242468675847, 1.1632198121016846, 1.1641985950312164, 1.1651789595840365, 1.166161047209803, 1.167144998738499, 1.1681309544292549, 1.1691190540177592, 1.170109436762294, 1.1711022414884196, 1.1720976066323399, 1.1730956702829707, 1.1740965702227346, 1.1751004439671064, 1.1761074288029267, 1.1771176618255041, 1.1781312799745203, 1.1791484200687548, 1.180169218839644, 1.1811938129636832, 1.182222339093685, 1.1832549338889018, 1.1842917340440202, 1.185332876317034, 1.1863784975559997, 1.1874287347246772, 1.188483724927061, 1.1895436054307986, 1.1906085136894984, 1.191678587363923, 1.1927539643420684, 1.1938347827581197, 1.1949211810102838, 1.1960132977774862, 1.1971112720349304, 1.1982152430685054, 1.1993253504880357, 1.2004417342393603, 1.201564534615229, 1.2026938922650041, 1.2038299482031511, 1.2049728438165068]]"
40.0,40.0,3,90,180,I0-S1,"[[0.01, 0.009218546420913139, 0.008861068736292907, 0.00877505793697105, 0.008868443848337274, 0.009085512700794695, 0.009392476068980391, 0.009768840482110536, 0.01020221766483244, 0.010685201713157956, 0.011213484538067198, 0.011784714898843699, 0.012397804600606858, 0.013052504147972478, 0.013749141239302303, 0.01448845806705772, 0.01527150890303779, 0.016099594742866163, 0.016974220961913, 0.01789706944864999, 0.018869979999815947, 0.019894937763763075, 0.02097406473024453, 0.022109614001892347, 0.023303966033600687, 0.024559626304245685, 0.025879224058646177, 0.027265511867292237, 0.028721365821784108, 0.03024978623002704, 0.03185389870605778, 0.03353695557045225, 0.035302337491972945, 0.03715355531156453, 0.039094251997321014, 0.0411282046844734, 0.043259326758334195, 0.045491669940851485, 0.047829426343222736, 0.05027693044807217, 0.05283866098513573, 0.05551924266431799, 0.058323447729459514, 0.061256197295239706, 0.06432256242838358, 0.06752776493278177, 0.07087717779630308, 0.07437632525500684, 0.07803088242817573, 0.08184667447511083, 0.08582967522198647, 0.0899860052042734, 0.09432192906733343, 0.09884385226479012, 0.10355831699121934, 0.1084719972826098, 0.11359169321495326, 0.11892432412827382, 0.12447692080044005, 0.13025661649226825, 0.13627063678277565, 0.14252628811103565, 0.14903094493899016, 0.15579203544785838, 0.1628170256795267, 0.17011340203359657, 0.17768865203070194, 0.18555024325338573, 0.19370560037735557, 0.20216208020843993, 0.21092694464415965, 0.22000733148364754, 0.2294102230158239, 0.23914241232341096, 0.24921046724968265, 0.2596206919859451, 0.2703790862507668, 0.28149130204706396, 0.29296259800043034, 0.3047977913016948, 0.3170012072987105, 0.3295766268069007, 0.3425272312351838, 0.3558555456535956, 0.3695633799612235, 0.3836517683479215, 0.39812090728059074, 0.4129700922844429, 0.4281976538314044, 0.4438008926913923, 0.45977601514724525, 0.4761180685201996, 0.4928208774994428, 0.5098769818158605, 0.5272777303143396, 0.5450147938900953, 0.5630809774405334, 0.581469313985891, 0.600172369752571, 0.6191818093622208, 0.6384881187027167, 0.6580804240403884, 0.6779463704764057, 0.6980720377635977, 0.7184418805595845, 0.7390386856915544, 0.7598435423406315, 0.7808358230660317, 0.8019931747953397, 0.8232915196194841, 0.844705065638837, 0.8662063283251262, 0.8877661629620519, 0.9093538087476426, 0.9309369451088694, 0.9524817607092698, 0.9739530355327929, 0.9953142363077742, 1.016527625397966, 1.0375543831359353, 1.0583547434105016, 1.0788881421467147, 1.0991133781367053, 1.1189887854953657, 1.13847241682915, 1.157522236022547, 1.1760963193683367, 1.1941530635980926, 1.2116513992121427, 1.2285510073668724, 1.2448125384553128, 1.260397830417625, 1.2752701247442946, 1.2893942780891088, 1.3027369673933193, 1.315266886438242, 1.3269549317917353, 1.3377743761946232, 1.3477010275456038, 1.356713371786175, 1.3647926981585672, 1.371923205506894, 1.3780920885113472, 1.3832896029834298, 1.3875091096025733, 1.3907470957364043, 1.393003175253505, 1.3942800665038166, 1.3945835489029488, 1.3939223988078393, 1.3923083056080152, 1.3897557691750955, 1.3862819800095991, 1.3819066835956155, 1.3766520306180958, 1.370542414812795, 1.3636043003042115, 1.3558660403419527, 1.3473576893711257, 1.3381108103685948, 1.32815827934574, 1.3175340888617324, 1.306273152311682, 1.294411110654061, 1.281984143124517, 1.2690287833516547, 1.2555817421477895, 1.241679738097161, 1.2273593369087505, 1.2126568003435498, 1.1976079453695927, 1.1822480140447515, 1.1666115544793758, 1.1507323130901967, 1.1346431382251003, 1.1183758951166223, 1.1019613920112854, 1.0854293172228284, 1.0688081867703219, 1.0521253021872456, 1.0354067180247182, 1.018677218520864, 1.0019603028683546, 0.9852781784827975, 0.9686517616551733, 0.9521006849611166, 0.9356433107976408, 0.919296750423023, 0.90307688788709, 0.8869984082561937, 0.8710748295588411, 0.855318537903444, 0.8397408252481696, 0.8243519293336808, 0.8091610753219869, 0.7941765187180696, 0.7794055891848672, 0.7648547348961141, 0.7505295671050348, 0.7364349046396308, 0.722574818066979, 0.7089526732993593, 0.6955711744439432, 0.6824324057250836, 0.6695378723338359, 0.6568885400831637, 0.6444848737692969, 0.6323268741599284, 0.6204141135483684, 0.6087457698294704, 0.5973206590681589, 0.5861372665447904, 0.5751937762734517, 0.5644880989997285, 0.5540178986935513, 0.543780617560542, 0.5337734996019395, 0.5239936127587667, 0.5144378696805068, 0.5051030471622864, 0.49598580429748035, 0.4870826993948642, 0.47839020571101076, 0.4699047260496307, 0.46162260628006857, 0.45354014782724217, 0.4456536191850178, 0.4379592665043978, 0.43045332330701186, 0.4231320193732878, 0.41599158885338244, 0.40902827764750116, 0.40223835010066916, 0.39561809505535855, 0.3891638313036555, 0.3828719124788853, 0.3767387314248261, 0.37076072407884564, 0.3649343729035071, 0.35925620989942175, 0.3537228192303825, 0.3483308394901136, 0.3430769656383087, 0.337957950632023, 0.33297060677692847, 0.32811180682144275, 0.323378484815305, 0.3187676367527907, 0.3142763210194446, 0.309901658659954, 0.3056408334835916, 0.30149109202252544, 0.2974497433572213, 0.2935141588221474, 0.2896817716040346, 0.2859500762440432, 0.28231662805433816, 0.2787790424587755, 0.2753349942666554, 0.27198221688779406, 0.26871850149650944, 0.26554169615150225, 0.26244970487803826, 0.2594404867183037, 0.2565120547553061, 0.25366247511522716, 0.2508898659527042, 0.24819239642311314, 0.24556828564555502, 0.24301580165990078, 0.24053326038093015, 0.23811902455230405, 0.23577150270283492, 0.23348914810726754, 0.2312704577535486, 0.22911397131834838, 0.22701827015239914, 0.22498197627703317, 0.22300375139313497, 0.22108229590356862, 0.21921634795000042, 0.217404682464907, 0.21564611023944155, 0.21393947700772276, 0.2122836625480117, 0.21067757980115362, 0.20912017400657834, 0.20761042185608042, 0.20614733066553154, 0.2047299375646183, 0.20335730870464247, 0.20202853848437194, 0.20074274879388643, 0.19949908827632157, 0.19829673160738, 0.19713487879244615, 0.19601275448111352, 0.19492960729890835, 0.1938847091959718, 0.19287735481244386, 0.19190686086027542, 0.19097256552118116, 0.19007382786043323, 0.18921002725618583, 0.18838056284401236, 0.18758485297632937, 0.1868223346963768, 0.18609246322641915, 0.18539471146982936, 0.1847285695267154, 0.18409354422274812, 0.183489158650849, 0.18291495172539696, 0.18237047774861423, 0.18185530598879376, 0.18136902027003224, 0.18091121857313608, 0.18048151264737108, 0.18007952763272939, 0.17970490169239187, 0.17935728565506792, 0.1790363426668991, 0.17874174785261757, 0.17847318798565495, 0.1782303611669022, 0.17801297651182585, 0.17782075384565116, 0.17765342340632756, 0.17751072555499722, 0.17739241049369228, 0.17729823798999167, 0.17722797710837349, 0.177181405948004, 0.17715831138670937, 0.17715848883088106, 0.1771817419710712, 0.17722788254303876, 0.17729673009401242, 0.1773881117539407, 0.17750186201150436, 0.17763782249467172, 0.17779584175558039, 0.1779757750595354, 0.1781774841779164, 0.1784008371847918, 0.1786457082570422, 0.17891197747779888, 0.17919953064300773, 0.1795082590709333, 0.17983805941442074, 0.18018883347573864, 0.1805604880238281, 0.1809529346137887, 0.18136608940843466, 0.1817998730017589, 0.1822542102441458, 0.18272903006917776, 0.18322426532188393, 0.18373985258828254, 0.18427573202607322, 0.18483184719633766, 0.18540814489611157, 0.18600457499169423, 0.18662109025256493, 0.18725764618578014, 0.18791420087072785]]","[[0.01, 0.011673645222856313, 0.01362924433757481, 0.015801894644077778, 0.018156396974841223, 0.020675337766815228, 0.02335197896362485, 0.026186051287071455, 0.02918125567302688, 0.0323437863055145, 0.03568146279022469, 0.03920322571656013, 0.04291884875983898, 0.046838779644889694, 0.05097405767381275, 0.05533627666674189, 0.059937574794750925, 0.06479064032209125, 0.06990872676911764, 0.07530567368284011, 0.08099593079170685, 0.08699458426295062, 0.09331738433632371, 0.09998077393359983, 0.10700191803212607, 0.11439873369859095, 0.1221899207391705, 0.13039499295402135, 0.13903430999939137, 0.1481291098663159, 0.15770154198501593, 0.1677747009610785, 0.17837266094463125, 0.18952051062779265, 0.20124438885909463, 0.21357152085654754, 0.2265302549936383, 0.24015010012484292, 0.2544617634091812, 0.26949718858190685, 0.2852895946155679, 0.30187351470233753, 0.31928483547965714, 0.33756083641080015, 0.3567402292209098, 0.37686319727734474, 0.3979714347907392, 0.42010818570001596, 0.4433182820906444, 0.46764818198068975, 0.49314600629362515, 0.5198615748204656, 0.54784644095652, 0.5771539249799451, 0.6078391456203273, 0.6399590496457469, 0.6735724391762057, 0.7087399964099825, 0.7455243054274782, 0.783989870714486, 0.8242031320236881, 0.8662324751696259, 0.9101482383285788, 0.9560227133908572, 1.003930141889165, 1.0539467050031344, 1.106150507117118, 1.1606215523861296, 1.2174417137437628, 1.2766946937663413, 1.3384659767898508, 1.4028427716607976, 1.4699139444895009, 1.5397699407649652, 1.6125026961849271, 1.6882055355535253, 1.7669730591029154, 1.8489010156046892, 1.9340861616528426, 2.022626106522969, 2.114619142043043, 2.2101640569503282, 2.3093599352573033, 2.412305938207754, 2.5191010694729843, 2.6298439233180866, 2.744632415559918, 2.8635634972423403, 2.9867328510707343, 3.114234570777066, 3.24616082372887, 3.3826014972504117, 3.523643829291594, 3.669372024259442, 3.819867017518194, 3.9752078410268274, 4.135472682630871, 4.300738159214211, 4.47107858434492, 4.646565353589708, 4.82726639781299, 5.013245674942812, 5.204562682869861, 5.401271983661188, 5.603422733946197, 5.811058219279119, 6.024215392172436, 6.242924414737688, 6.467208207710522, 6.697082008224368, 6.932552939121005, 7.173619592898946, 7.420271633632671, 7.672489420364336, 7.930243655583419, 8.193495062473074, 8.462194094615775, 8.736280681815012, 9.01568401560333, 9.300322377868772, 9.590103015841045, 9.884922066435186, 10.184664532654528, 10.489204314407798, 10.79840429569927, 11.112116489709564, 11.43018224280197, 11.752432497970602, 12.078688117698416, 12.408760265622433, 12.742450845818329, 13.07955299792549, 13.419851645745874, 13.763124096374918, 14.10914068636972, 14.457665470938352, 14.808456951653211, 15.161268837759408, 15.515850835773954, 15.871949461759508, 16.22930887041346, 16.587671694943147, 16.9467798916041, 17.30637558276156, 17.666201892396344, 18.02600376811224, 18.385528783911276, 18.74452791828016, 19.102756302471025, 19.4599739342553, 19.815946352873347, 20.170445271386846, 20.52324916315606, 20.87414379970202, 21.222922737764684, 21.56938775392346, 21.9133492256978, 22.25462645858449, 22.593047959007723, 22.928451653651095, 23.260685056102, 23.58960538216326, 23.91507961557069, 24.236984526195926, 24.55520664310881, 24.8696421851228, 25.180196951649332, 25.486786176844298, 25.789334350142507, 26.08777500634694, 26.382050488470654, 26.672111686523895, 26.957917755400224, 27.239435814946948, 27.5166406352105, 27.789514309730208, 28.05804591961792, 28.32223119100964, 28.582072148312207, 28.83757676549626, 29.08875861750916, 29.33563653370139, 29.578234254978764, 29.816580096214032, 30.050706615275676, 30.280650289861594, 30.50645120316177, 30.72815273921798, 30.945801288701375, 31.15944596569054, 31.369138335904097, 31.574932156723357, 31.776883129231766, 31.975048662399214, 32.1694876494502, 32.36026025637539, 32.54742772247577, 32.73105217276663, 32.91119644201569, 33.08792391014339, 33.26129834867549, 33.4313837779058, 33.59824433440167, 33.76194414846444, 33.92254723114239, 34.08011737038323, 34.23471803590666, 34.38641229237523, 34.53526272044179, 34.681331345255394, 34.82467957201298, 34.96536812815189, 35.103457011787555, 35.23900544601176, 35.3720718386784, 35.50271374731694, 35.63098784882704, 35.75694991362198, 35.8806547839028, 36.00215635575976, 36.1215075648122, 36.2387603751125, 36.35396577105422, 36.4671737520386, 36.57843332966763, 36.687792527245136, 36.79529838138063, 36.90099694550327, 37.00493329510541, 37.10715153454701, 37.20769480526337, 37.306605295229296, 37.40392424954303, 37.49969198200312, 37.59394788756036, 37.686730455535816, 37.77807728350412, 37.86802509174897, 37.95660973820513, 38.043866233808004, 38.129828758178405, 38.21453067557611, 38.298004551061496, 38.380282166809835, 38.46139453852765, 38.54137193192535, 38.62024387920444, 38.698039195521694, 38.774785995396336, 38.85051170902966, 38.92524309850986, 38.99900627387753, 39.071826709030255, 39.14372925744703, 39.21473816771566, 39.2848770988484, 39.354169135373, 39.422636802188215, 39.49030207917437, 39.55718641555111, 39.623310743975914, 39.68869549437815, 39.75336060752452, 39.81732554831291, 39.88060931879255, 39.94323047090924, 40.00520711897513, 40.066556951863305, 40.12729724492807, 40.18744487165226, 40.247016315023494, 40.30602767864181, 40.36449469756131, 40.42243274886899, 40.47985686200409, 40.53678172882169, 40.593221713404354, 40.649190861626025, 40.70470291047224, 40.75977129712128, 40.814409167790544, 40.86862938635285, 40.92244454272734, 40.97586696104961, 41.028908707625845, 41.081581598675776, 41.13389720786914, 41.185866873660466, 41.23750170642686, 41.28881259541356, 41.339810215491894, 41.390505033734286, 41.440907315810854, 41.49102713221214, 41.540874364302375, 41.59045871020774, 41.639789690543836, 41.688876653986576, 41.73772878269082, 41.78635509756056, 41.83476446337484, 41.882965593773186, 41.93096705610442, 41.97877727614253, 42.02640454267324, 42.07385701195481, 42.12114271205653, 42.16826954707826, 42.21524530125424, 42.262077642944476, 42.30877412851659, 42.35534220612136, 42.401789219364666, 42.44812241087889, 42.49434892579622, 42.54047581512685, 42.586510039044384, 42.63245847008111, 42.67832789623547, 42.724125023994084, 42.7698564812706, 42.815528820263566, 42.861148520235346, 42.90672199021425, 42.952255571621684, 42.99775554082635, 43.04322811162718, 43.08867943766689, 43.13411561477771, 43.17954268326101, 43.22496663010228, 43.27039339112304, 43.31582885307102, 43.3612788556501, 43.40674919349113, 43.45224561806508, 43.49777383953954, 43.54333952857986, 43.58894831809582, 43.634605804935084, 43.680317551524226, 43.72608908745831, 43.77192591103996, 43.817833490768614, 43.8638172667809, 43.90988265224269, 43.956035034693656, 44.00227977734486, 44.048622220330046, 44.09506768191117, 44.14162145963861, 44.18828883146659, 44.235075056824286, 44.28198537764281, 44.329025019338694, 44.376199191753926, 44.423513090053, 44.4709718955771, 44.51858077665569, 44.56634488937563, 44.61426937830799, 44.66235937719267, 44.71062000958085, 44.75905638943536, 44.80767362168896, 44.856476802760554]]","[array([6.37688001e-05, 6.00799169e-05, 5.86665222e-05, 5.87302966e-05,
       5.97888815e-05, 6.15500735e-05, 6.38365691e-05, 6.65409663e-05,
       6.95986126e-05, 7.29712639e-05, 7.66372095e-05, 8.05852816e-05,
       8.48112036e-05, 8.93153490e-05, 9.41013549e-05, 9.91752543e-05,
       1.04544927e-04, 1.10219746e-04, 1.16210349e-04, 1.22528482e-04,
       1.29186901e-04, 1.36199301e-04, 1.43580268e-04, 1.51345248e-04,
       1.59510530e-04, 1.68093228e-04, 1.77111283e-04, 1.86583457e-04,
       1.96529337e-04, 2.06969341e-04, 2.17924730e-04, 2.29417612e-04,
       2.41470957e-04, 2.54108612e-04, 2.67355307e-04, 2.81236677e-04,
       2.95779271e-04, 3.11010568e-04, 3.26958989e-04, 3.43653909e-04,
       3.61125673e-04, 3.79405603e-04, 3.98526009e-04, 4.18520199e-04,
       4.39422482e-04, 4.61268173e-04, 4.84093596e-04, 5.07936084e-04,
       5.32833970e-04, 5.58826586e-04, 5.85954248e-04, 6.14258241e-04,
       6.43780801e-04, 6.74565089e-04, 7.06655162e-04, 7.40095938e-04,
       7.74933151e-04, 8.11213308e-04, 8.48983626e-04, 8.88291975e-04,
       9.29186800e-04, 9.71717048e-04, 1.01593207e-03, 1.06188151e-03,
       1.10961524e-03, 1.15918317e-03, 1.21063517e-03, 1.26402089e-03,
       1.31938962e-03, 1.37679009e-03, 1.43627034e-03, 1.49787744e-03,
       1.56165732e-03, 1.62765456e-03, 1.69591207e-03, 1.76647089e-03,
       1.83936989e-03, 1.91464546e-03, 1.99233121e-03, 2.07245765e-03,
       2.15505183e-03, 2.24013698e-03, 2.32773217e-03, 2.41785187e-03,
       2.51050560e-03, 2.60569749e-03, 2.70342589e-03, 2.80368292e-03,
       2.90645405e-03, 3.01171768e-03, 3.11944468e-03, 3.22959800e-03,
       3.34213222e-03, 3.45699337e-03, 3.57412363e-03, 3.69347164e-03,
       3.81499065e-03, 3.93863297e-03, 4.06434622e-03, 4.19207104e-03,
       4.32173953e-03, 4.45327432e-03, 4.58658788e-03, 4.72158201e-03,
       4.85814754e-03, 4.99616406e-03, 5.13549979e-03, 5.27601146e-03,
       5.41754430e-03, 5.55993207e-03, 5.70299717e-03, 5.84655081e-03,
       5.99039327e-03, 6.13431426e-03, 6.27809328e-03, 6.42150019e-03,
       6.56429575e-03, 6.70623233e-03, 6.84705466e-03, 6.98650072e-03,
       7.12430265e-03, 7.26018780e-03, 7.39387985e-03, 7.52510000e-03,
       7.65356818e-03, 7.77900441e-03, 7.90113015e-03, 8.01966972e-03,
       8.13435168e-03, 8.24491037e-03, 8.35108728e-03, 8.45263256e-03,
       8.54930642e-03, 8.64088054e-03, 8.72713936e-03, 8.80788144e-03,
       8.88292056e-03, 8.95208693e-03, 9.01522810e-03, 9.07220993e-03,
       9.12291733e-03, 9.16725490e-03, 9.20514745e-03, 9.23654034e-03,
       9.26139973e-03, 9.27971263e-03, 9.29148683e-03, 9.29675070e-03,
       9.29555278e-03, 9.28796135e-03, 9.27406376e-03, 9.25396574e-03,
       9.22779047e-03, 9.19567769e-03, 9.15778265e-03, 9.11427497e-03,
       9.06533748e-03, 9.01116497e-03, 8.95196295e-03, 8.88794632e-03,
       8.81933809e-03, 8.74636805e-03, 8.66927149e-03, 8.58828791e-03,
       8.50365979e-03, 8.41563137e-03, 8.32444751e-03, 8.23035258e-03,
       8.13358942e-03, 8.03439837e-03, 7.93301635e-03, 7.82967606e-03,
       7.72460522e-03, 7.61802585e-03, 7.51015370e-03, 7.40119774e-03,
       7.29135964e-03, 7.18083345e-03, 7.06980524e-03, 6.95845289e-03,
       6.84694586e-03, 6.73544512e-03, 6.62410300e-03, 6.51306327e-03,
       6.40246107e-03, 6.29242305e-03, 6.18306744e-03, 6.07450421e-03,
       5.96683524e-03, 5.86015452e-03, 5.75454838e-03, 5.65009572e-03,
       5.54686829e-03, 5.44493094e-03, 5.34434191e-03, 5.24515313e-03,
       5.14741051e-03, 5.05115421e-03, 4.95641898e-03, 4.86323442e-03,
       4.77162530e-03, 4.68161183e-03, 4.59320994e-03, 4.50643159e-03,
       4.42128497e-03, 4.33777485e-03, 4.25590276e-03, 4.17566724e-03,
       4.09706412e-03, 4.02008669e-03, 3.94472594e-03, 3.87097075e-03,
       3.79880809e-03, 3.72822319e-03, 3.65919973e-03, 3.59171999e-03,
       3.52576498e-03, 3.46131463e-03, 3.39834791e-03, 3.33684291e-03,
       3.27677702e-03, 3.21812700e-03, 3.16086911e-03, 3.10497915e-03,
       3.05043262e-03, 2.99720475e-03, 2.94527057e-03, 2.89460501e-03,
       2.84518294e-03, 2.79697925e-03, 2.74996886e-03, 2.70412680e-03,
       2.65942825e-03, 2.61584855e-03, 2.57336329e-03, 2.53194829e-03,
       2.49157963e-03, 2.45223370e-03, 2.41388724e-03, 2.37651727e-03,
       2.34010122e-03, 2.30461687e-03, 2.27004236e-03, 2.23635625e-03,
       2.20353749e-03, 2.17156544e-03, 2.14041985e-03, 2.11008092e-03,
       2.08052925e-03, 2.05174584e-03, 2.02371213e-03, 1.99640997e-03,
       1.96982164e-03, 1.94392980e-03, 1.91871757e-03, 1.89416843e-03,
       1.87026630e-03, 1.84699546e-03, 1.82434062e-03, 1.80228685e-03,
       1.78081963e-03, 1.75992479e-03, 1.73958854e-03, 1.71979747e-03,
       1.70053849e-03, 1.68179889e-03, 1.66356630e-03, 1.64582867e-03,
       1.62857430e-03, 1.61179181e-03, 1.59547012e-03, 1.57959846e-03,
       1.56416639e-03, 1.54916373e-03, 1.53458060e-03, 1.52040742e-03,
       1.50663486e-03, 1.49325386e-03, 1.48025564e-03, 1.46763165e-03,
       1.45537361e-03, 1.44347347e-03, 1.43192342e-03, 1.42071587e-03,
       1.40984348e-03, 1.39929909e-03, 1.38907579e-03, 1.37916686e-03,
       1.36956577e-03, 1.36026621e-03, 1.35126204e-03, 1.34254732e-03,
       1.33411628e-03, 1.32596334e-03, 1.31808308e-03, 1.31047025e-03,
       1.30311976e-03, 1.29602667e-03, 1.28918621e-03, 1.28259376e-03,
       1.27624482e-03, 1.27013506e-03, 1.26426028e-03, 1.25861639e-03,
       1.25319946e-03, 1.24800567e-03, 1.24303134e-03, 1.23827288e-03,
       1.23372685e-03, 1.22938989e-03, 1.22525878e-03, 1.22133039e-03,
       1.21760170e-03, 1.21406978e-03, 1.21073182e-03, 1.20758508e-03,
       1.20462693e-03, 1.20185484e-03, 1.19926633e-03, 1.19685905e-03,
       1.19463070e-03, 1.19257909e-03, 1.19070207e-03, 1.18899762e-03,
       1.18746374e-03, 1.18609853e-03, 1.18490017e-03, 1.18386688e-03,
       1.18299698e-03, 1.18228881e-03, 1.18174083e-03, 1.18135151e-03,
       1.18111941e-03, 1.18104313e-03, 1.18112134e-03, 1.18135275e-03,
       1.18173614e-03, 1.18227033e-03, 1.18295420e-03, 1.18378665e-03,
       1.18476667e-03, 1.18589325e-03, 1.18716547e-03, 1.18858242e-03,
       1.19014323e-03, 1.19184710e-03, 1.19369323e-03, 1.19568090e-03,
       1.19780938e-03, 1.20007802e-03, 1.20248616e-03, 1.20503321e-03,
       1.20771860e-03, 1.21054177e-03, 1.21350221e-03, 1.21659944e-03,
       1.21983299e-03, 1.22320244e-03, 1.22670736e-03, 1.23034737e-03,
       1.23412211e-03, 1.23803123e-03, 1.24207441e-03, 1.24625133e-03,
       1.25056172e-03])]","[[0, 6.376880005047202e-05, 0.00012384871691641303, 0.00018251523914562925, 0.00024124553575334936, 0.0003010344172992346, 0.0003625844907699859, 0.0004264210598691147, 0.0004929620261868685, 0.0005625606387625075, 0.0006355319026534413, 0.0007121691121484789, 0.000792754393746289, 0.0008775655973225253, 0.0009668809463509207, 0.0010609823012904978, 0.0011601575556289124, 0.001264702482577275, 0.001374922228758562, 0.001491132577511432, 0.001613661059529634, 0.0017428479610178587, 0.0018790472624955635, 0.002022627530693701, 0.002173972779182478, 0.0023334833089440335, 0.0025015765371564766, 0.0026786878204345227, 0.002865271277340449, 0.003061800613929581, 0.003268769955297615, 0.003486694685470812, 0.0037161122974716447, 0.003957583254966965, 0.004211691866539575, 0.004479047173300628, 0.00476028385026764, 0.005056063121662116, 0.005367073690024895, 0.005694032678800902, 0.006037686587803434, 0.00639881226072778, 0.006778217863641495, 0.007176743873131437, 0.007595264072533146, 0.00803468655440423, 0.008495954727128207, 0.008980048323246984, 0.009487984406817362, 0.010020818376768279, 0.0105796449628997, 0.011165599210810178, 0.011779857451667177, 0.01242363825234168, 0.013098203341015783, 0.01380485850293862, 0.014544954440552007, 0.015319887591732691, 0.016131100899403585, 0.016980084525252407, 0.017868376499763958, 0.018797563300223117, 0.01976928034778152, 0.02078521241410386, 0.021847093927523067, 0.02295670916803994, 0.024115892339906908, 0.025326527509941396, 0.026590548399127455, 0.02790993801449094, 0.02928672810768029, 0.030722998446159746, 0.03222087588243317, 0.03378253320627414, 0.035410187764551806, 0.03710609983292416, 0.038872570723432434, 0.04071194061188637, 0.04262658606889383, 0.04461891727847466, 0.04669137492842423, 0.04884642675697214, 0.05108656374083427, 0.05341429591049762, 0.055832147779526255, 0.058342653375848444, 0.06094835086439812, 0.06365177675215318, 0.06645545966855404, 0.06936191371651103, 0.07237363139173056, 0.07549307607091464, 0.07872267407252345, 0.08206480629723593, 0.08552179966763264, 0.08909592330225283, 0.09278939494000882, 0.09660438559034602, 0.1005430185608403, 0.10460736478512958, 0.10879943582104615, 0.11312117534811497, 0.11757444967255737, 0.12216103755578163, 0.1268826195684835, 0.1317407671061706, 0.13673693116446253, 0.14187243095251065, 0.14714844241338143, 0.15256598671701002, 0.1581259187917447, 0.16382891596295643, 0.1696754667706655, 0.17566586004199208, 0.1818001742980403, 0.18807826757828072, 0.19449976776838923, 0.20106406351966857, 0.20777029584949003, 0.21461735051254127, 0.22160385123196222, 0.22872815387762266, 0.23598834167578764, 0.24338222153019307, 0.25090732152909406, 0.2585608897061563, 0.26633989411515935, 0.2742410242694159, 0.2822606939866565, 0.29039504566897567, 0.2986399560354031, 0.3069910433118927, 0.315443675870171, 0.32399298229313805, 0.332633862830556, 0.3413610021948082, 0.3501688836327657, 0.359051804196488, 0.3680038911228144, 0.3770191192200867, 0.38609132914947786, 0.39521424647886394, 0.4043815013790327, 0.41358664882540624, 0.42282318916347483, 0.43208458889287915, 0.4413643015235788, 0.4506557883578274, 0.45995253905371664, 0.4692480918298044, 0.4785360531757231, 0.48781011694056525, 0.49706408267912916, 0.5062918731456213, 0.5154875508349767, 0.5246453334833943, 0.5337596084517818, 0.5428249459283779, 0.5518361108996521, 0.5607880738514938, 0.5696760201754876, 0.5784953582675724, 0.5872417263184161, 0.5959109978062824, 0.604499285713878, 0.6130029455005495, 0.6214185768701702, 0.6297430243830427, 0.6379733769671108, 0.6461069663896986, 0.6541413647558718, 0.6620743811033544, 0.6699040571667753, 0.6776286623858896, 0.685246688233387, 0.6927568419380151, 0.7001580396780943, 0.7074493993191378, 0.7146302327673216, 0.7217000380080262, 0.7286584908956997, 0.7355054367579356, 0.7422408818729974, 0.7488649848761357, 0.7553780481459867, 0.761780509218194, 0.7680729322691979, 0.7742559997089598, 0.780330503917254, 0.7862973391541388, 0.7921574936713053, 0.7979120420472705, 0.8035621377658078, 0.8091090060536502, 0.8145539369903431, 0.8198982789001901, 0.8251434320335297, 0.8302908425420912, 0.8353419967509257, 0.84029841572737, 0.8451616501456752, 0.849933275444323, 0.854614887271629, 0.8592080972140087, 0.8637145288002217, 0.8681358137740272, 0.872473588626944, 0.8767294913822151, 0.8809051586206078, 0.8850022227383351, 0.8890223094271377, 0.8929670353664174, 0.8968380061172488, 0.9006368142081042, 0.9043650374022033, 0.9080242371365292, 0.9116159571227295, 0.9151417221003428, 0.9186030367330462, 0.922001384638895, 0.9253382275458365, 0.9286150045640942, 0.9318331315673557, 0.9349940006750378, 0.9380989798282481, 0.9411494124524127, 0.944146617199886, 0.9470918877662043, 0.9499864927739841, 0.9528316757187977, 0.9556286549716879, 0.9583786238332932, 0.9610827506348663, 0.9637421788817597, 0.9663580274352387, 0.968931390728751, 0.9714633390150461, 0.973954918640782, 0.9764071523454962, 0.9788210395820406, 0.9811975568557922, 0.9835376580801551, 0.9858422749460565, 0.9881123173033195, 0.9903486735519664, 0.9925522110416595, 0.9947237764776394, 0.9968641963316596, 0.9989742772565423, 1.0010548065031089, 1.003106552338344, 1.0051302644637656, 1.0071266744330651, 1.009096496068178, 1.0110404258730286, 1.0129591434442682, 1.014853311878406, 1.0167235781747899, 1.0185705736339659, 1.0203949142509945, 1.0221972011033604, 1.023978020733159, 1.0257379455232847, 1.0274775340673916, 1.0291973315334342, 1.030897870020623, 1.0325796689096727, 1.034243235206238, 1.0358890638774674, 1.0375176381816191, 1.0391294299907154, 1.0407249001062204, 1.0423044985677523, 1.0438686649548496, 1.045417828681832, 1.0469524092858007, 1.0484728167078428, 1.049979451567506, 1.0514727054306259, 1.0529529610705897, 1.0544205927231307, 1.0558759663347517, 1.0573194398048806, 1.0587513632218672, 1.0601720790929308, 1.061581922568172, 1.0629812216587677, 1.0643702974494644, 1.065749464305489, 1.0671190300739983, 1.0684792962801883, 1.0698305583181795, 1.0711731056368043, 1.0725072219204108, 1.073833185264805, 1.0751512683484494, 1.0764617385990318, 1.077764858355524, 1.0790608850258403, 1.080350071240211, 1.0816326650003782, 1.0829089098247273, 1.0841790448894542, 1.085443305165879, 1.086701921554006, 1.087955121012428, 1.0892031266846793, 1.0904461580221259, 1.0916844309034914, 1.092918157751111, 1.0941475476439961, 1.0953728064278057, 1.0965941368217995, 1.0978117385228645, 1.0990258083066866, 1.1002365401261511, 1.1014441252070455, 1.1026487521411361, 1.1038506069766947, 1.1050498733065375, 1.1062467323536502, 1.1074413630544588, 1.1086339421398113, 1.10982464421373, 1.1110136418299947, 1.1122011055666114, 1.113387204098222, 1.1145721042665087, 1.1157559711486427, 1.116938968123827, 1.1181212569379821, 1.1193029977666153, 1.120484349275923, 1.1216654686821668, 1.122846511809358, 1.1240276331452999, 1.1252089858960141, 1.1263907220385945, 1.1275729923725173, 1.1287559465694446, 1.1299397332215477, 1.1311244998883836, 1.1323103931423497, 1.1334975586127465, 1.1346861410284714, 1.1358762842593686, 1.137068131356257, 1.1382618245896592, 1.1394575054872504, 1.1406553148700462, 1.141855392887348, 1.1430578790504622, 1.1442629122652084, 1.1454706308632312, 1.1466811726321289, 1.1478946748444105, 1.1491112742852947, 1.150331107279357, 1.1515543097160372, 1.152781017074015, 1.1540113644444592, 1.155245486553158, 1.1564835177815371, 1.1577255921865666, 1.1589718435195637, 1.1602224052438919]]"
40.0,40.0,3,90,180,I1-S1,"[[0.01, 0.009218546420913139, 0.008861068736292907, 0.00877505793697105, 0.008868443855686695, 0.009085513110570806, 0.009392480179173454, 0.009768860959569803, 0.01020228731738664, 0.010685388123595837, 0.011213907890824212, 0.011785568368367392, 0.012399376806252176, 0.013055203337877592, 0.013753521011505116, 0.014495244557680354, 0.01528162946642945, 0.016114208219505644, 0.016994749680728283, 0.017925233145614252, 0.01890783185825224, 0.019944902797114382, 0.02103898073782307, 0.022192775334344154, 0.023409170408987157, 0.024691224918782156, 0.02604217523892889, 0.027465438513705084, 0.02896461689592685, 0.03054350254252907, 0.032206083265018004, 0.03395654875488955, 0.0357992973189476, 0.03773894306986935, 0.03978032352464665, 0.0419285075685109, 0.04418880374515682, 0.04656676883586849, 0.04906821669075309, 0.05169922727486208, 0.054466155890632466, 0.0573756425358855, 0.06043462135362205, 0.06365033012608369, 0.06703031976101985, 0.07058246371281957, 0.0743149672751283, 0.07823637667476549, 0.08235558788917452, 0.08668185510125567, 0.09122479869623636, 0.09599441269520381, 0.1010010715090454, 0.10625553588479823, 0.11176895790379221, 0.11755288487747836, 0.123619261972472, 0.12998043338112614, 0.1366491418379165, 0.14363852626511142, 0.15096211731368742, 0.15863383054732388, 0.1666679569986863, 0.17507915080823594, 0.18388241363667, 0.19309307552302452, 0.20272677184173346, 0.21279941599385319, 0.22332716745060702, 0.23432639475181863, 0.2458136330481896, 0.25780553576530646, 0.27031881995938917, 0.2833702049308375, 0.29697634366240483, 0.31115374665521134, 0.3259186977487704, 0.3412871615317773, 0.35727468197970474, 0.3738962719944316, 0.3911662935713947, 0.40909832838233073, 0.4277050386377828, 0.44699801818436796, 0.4669876338984498, 0.48768285756132623, 0.5090910885421421, 0.5312179677740643, 0.5540671836870944, 0.5776402709571686, 0.6019364031453687, 0.6269521805320852, 0.6526814146971553, 0.6791149116559793, 0.7062404699430617, 0.7340448407280653, 0.7625146545809555, 0.791634879072092, 0.8213875497052452, 0.8517509012149063, 0.8826987773991486, 0.9142002359868026, 0.9462192916175776, 0.9787147589008254, 1.0116401708822216, 1.0449437576332943, 1.078568476191109, 1.112452087505686, 1.146527278968139, 1.1807218329001452, 1.2149588423775568, 1.2491569761483545, 1.2832307943402954, 1.3170911162484418, 1.3506454408310729, 1.3837984196890878, 1.4164523813113719, 1.4485079042813471, 1.4798644359981585, 1.5104209523071792, 1.540076652294853, 1.568731681417581, 1.5962878751375806, 1.622649514363208, 1.6477240832676874, 1.6714230195159967, 1.693662446588069, 1.7143638777656245, 1.7334548814618695, 1.7508696979231995, 1.766549797917818, 1.7804443748381606, 1.7925107626651007, 1.8027147734479627, 1.811030949315017, 1.817442725508717, 1.8219425024989344, 1.824531626823779, 1.825220281898352, 1.8240272915747147, 1.8209798406915214, 1.8161131181828645, 1.8094698894915575, 1.801100006026874, 1.7910598602017709, 1.7794117951679544, 1.7662234787339157, 1.7515672511032199, 1.7355194560161566, 1.7181597646312348, 1.6995705010625604, 1.6798359779172127, 1.6590418494783374, 1.637274489381387, 1.6146203987598957, 1.5911656499201132, 1.5669953696662131, 1.5421932654632142, 1.5168411967142457, 1.4910187925605711, 1.464803116801901, 1.4382683797928675, 1.4114856965077704, 1.384522889385468, 1.357444334072426, 1.330310845774716, 1.3031796036072967, 1.2761041100874746, 1.2491341827538183, 1.2223159747956882, 1.1956920215448508, 1.169301309701815, 1.1431793662378367, 1.1173583640212708, 1.0918672413566843, 1.0667318327898017, 1.0419750087144086, 1.0176168215128691, 0.9936746561645817, 0.9701633834619441, 0.9470955141772199, 0.9244813527228467, 0.9023291490394927, 0.8806452476284883, 0.8594342328165341, 0.8386990694997452, 0.8184412387604205, 0.7986608678831186, 0.7793568544166264, 0.7605269840354543, 0.742168042048987, 0.7242759184889375, 0.7068457067769667, 0.6898717960350226, 0.6733479571519095, 0.6572674227616853, 0.6416229613235161, 0.6264069455194528, 0.6116114152069992, 0.5972281351781229, 0.583248647986195, 0.5696643221079524, 0.5564663957095324, 0.5436460162845367, 0.5311942764284292, 0.5191022460078372, 0.5073610009759074, 0.495961649076137, 0.484895352667367, 0.47415334889217575, 0.46372696739996894, 0.4536076458248415, 0.44378694320695344, 0.43425655153485687, 0.42500830557505165, 0.41603419114413154, 0.4073263519682795, 0.3988770952646423, 0.3906788961693043, 0.3827244011272138, 0.37500643035052167, 0.3675179794433695, 0.36025222028323156, 0.3532025012414554, 0.34636234681866157, 0.339725456764137, 0.3332857047422791, 0.327037136603496, 0.3209739683117301, 0.31509058357592296, 0.3093815312282626, 0.3038415223879252, 0.29846542744522664, 0.2932482728976073, 0.28818523806567625, 0.2832716517146065, 0.27850298860349576, 0.273874865982858, 0.2693830400581813, 0.26502340243545475, 0.26079197656271985, 0.25668491418002515, 0.2526984917886408, 0.2488291071490129, 0.2450732758156917, 0.24142762771634255, 0.23788890378093544, 0.23445395262629484, 0.2311197273003715, 0.22788328208986183, 0.22474176939414026, 0.2216924366678809, 0.2187326234342188, 0.2158597583698319, 0.21307135646291073, 0.2103650162446122, 0.20773841709427093, 0.20518931661835313, 0.20271554810288847, 0.20031501803889482, 0.19798570372012117, 0.1957256509122679, 0.19353297159270302, 0.19140584175957148, 0.18934249930909297, 0.18734124197975816, 0.18540042536206283, 0.18351846097236332, 0.1816938143893903, 0.17992500345192516, 0.17821059651611723, 0.17654921077090416, 0.1749395106099883, 0.1733802060588192, 0.1718700512550358, 0.17040784298082923, 0.16899241924570005, 0.16762265791809933, 0.1662974754044625, 0.1650158253741667, 0.16377669752896737, 0.16257911641549477, 0.1614221402794207, 0.16030485995993346, 0.1592263978231904, 0.15818590673344762, 0.15718256906059877, 0.15621559572288646, 0.15528422526358224, 0.15438772296046357, 0.15352537996694854, 0.15269651248378063, 0.15190046096018925, 0.15113658932348156, 0.15040428423605365, 0.14970295437883907, 0.14903202976024346, 0.14839096104964306, 0.1477792189345543, 0.14719629350061011, 0.1466416936335056, 0.14611494644210396, 0.14561559670191832, 0.14514320631821231, 0.1446973538079859, 0.14427763380013775, 0.14388365655311872, 0.143515047489414, 0.14317144674621307, 0.14285250874164812, 0.1425579017560025, 0.14228730752731014, 0.14204042086078675, 0.1418169492515515, 0.14161661252011634, 0.14143914246013747, 0.14128428249793956, 0.14115178736333964, 0.14104142277131368, 0.14095296511406236, 0.14088620116304823, 0.1408409277805892, 0.1408169516406073, 0.14081408895814337, 0.14083216522726139, 0.1408710149669777, 0.14093048147486092, 0.14101041658795985, 0.14111068045072672, 0.14123114128961273, 0.1413716751940227, 0.14153216590332446, 0.14171250459961718, 0.1419125897059713, 0.14213232668986076, 0.14237162787151555, 0.14263041223692954, 0.14290860525526652, 0.14320613870041277, 0.14352295047643168, 0.14385898444668152, 0.14421419026636312, 0.1445885232182705, 0.1449819440515217, 0.1453944188230527, 0.14582591874166215, 0.14627642001439883, 0.14674590369508878, 0.1472343555348023, 0.14774176583406604, 0.14826812929662864, 0.1488134448845922, 0.1493777156747256, 0.14996094871577895, 0.15056315488662161, 0.15118434875502984, 0.15182454843695287, 0.1524837754560892, 0.15316205460360816, 0.1538594137978542, 0.15457588394387453, 0.15531149879261336, 0.1560662947996185, 0.1568403109831093, 0.1576335887812569, 0.15844617190853133]]","[[0.01, 0.011673645222856313, 0.01362924433757481, 0.015801894644077778, 0.018156396982465416, 0.020675338207751557, 0.023351983548443783, 0.02618607495878172, 0.02918133907730434, 0.032344017396628406, 0.03568200580995147, 0.03920435765126619, 0.04292100337121096, 0.0468425992205317, 0.050980452722254176, 0.05534649386992291, 0.05995327362085712, 0.06481397878848427, 0.069942456927462, 0.07535324747617701, 0.08106161700671129, 0.08708359737077177, 0.0934360260831736, 0.10013658860849939, 0.10720386240471122, 0.11465736268526765, 0.1225175899216962, 0.1308060791411663, 0.13954545108996766, 0.14875946534072457, 0.15847307542262962, 0.16871248605224334, 0.17950521253875448, 0.1908801424327228, 0.20286759948157287, 0.21549940994860792, 0.22880897134508552, 0.2428313236168848, 0.2576032228183984, 0.27316321729637955, 0.28955172639541976, 0.3068111216843749, 0.32498581068922805, 0.344122323102408, 0.36426939942129033, 0.3854780819493001, 0.407801808071523, 0.4312965056928012, 0.4560206906997376, 0.48203556627863003, 0.5094051238888878, 0.5381962456557129, 0.5684788079065229, 0.6003257855325235, 0.6338133568097649, 0.6690210082627246, 0.7060316390977114, 0.7449316646730021, 0.7858111184073971, 0.8287637514586744, 0.8738871294280981, 0.9212827252666279, 0.9710560074727456, 1.0233165225809144, 1.078177970843724, 1.1357582739099683, 1.1961796331955705, 1.2595685775348602, 1.3260559985868063, 1.3957771723551813, 1.468871765064215, 1.5454838215132443, 1.6257617339165638, 1.709858189119759, 1.7979300919731926, 1.8901384625392024, 1.9866483047144996, 2.087628443766086, 2.193251330210929, 2.3036928074201968, 2.419131840301981, 2.539750202416281, 2.665732118907223, 2.7972638627047637, 2.934533301556568, 3.077729393605505, 3.227041629434549, 3.3826594187639882, 3.5447714203106946, 3.713564813710596, 3.8892245128673824, 4.071932320626423, 4.261866025285268, 4.459198440142155, 4.6640966136133875, 4.8767232193191585, 5.097237419596477, 5.325793100910009, 5.562537005343363, 5.807606990770691, 6.0611303844781625, 6.3232224068394425, 6.593984650401441, 6.873503606576127, 7.161849237550227, 7.459073595354465, 7.765209493510912, 8.080269239461916, 8.404243438186645, 8.737099879104719, 9.078782519598642, 9.429210579287261, 9.788277759569455, 10.155851602941533, 10.531773006181096, 10.915855900692032, 11.30788711213002, 11.707626409890258, 12.11480675515999, 12.529134754046316, 12.95029131982104, 13.377932545623581, 13.81169078608299, 14.25117594332039, 14.6959769497396, 15.14566343697616, 15.599787577426008, 16.05788608198715, 16.519482335091045, 16.984088645841315, 17.451208592174023, 17.9203394334565, 18.390974565889167, 18.86260599449352, 19.334726795373133, 19.806833542322106, 20.278428672713563, 20.749022768901863, 21.21813673307783, 21.685303835576995, 22.15007161899947, 22.612003643092834, 23.07068105810916, 23.525703997205035, 23.97669278134169, 24.423288932995536, 24.865155997748527, 25.30198017543834, 25.733470764965105, 26.159360429036763, 26.579405287060624, 26.99338484603472, 27.40110178064866, 27.802381574867223, 28.197072038045807, 28.585042709126807, 28.966184162706774, 29.340407230767298, 29.707642153652504, 30.067837673479687, 30.4209600826148, 30.76699223915941, 31.1059325606081, 31.437794005971394, 31.762603055743938, 32.080398698153175, 32.391231429170766, 32.69516227282439, 32.99226182742695, 33.28260934245553, 33.56629182997352, 33.84340321370443, 34.11404351813874, 34.378318099391514, 34.63633691892726, 34.888213860733, 35.13406609204669, 35.37401346733659, 35.60817797487335, 35.83668322493798, 36.059653978461476, 36.27721571469148, 36.48949423632377, 36.69661531041761, 36.89870434332921, 37.09588608784349, 37.28828438065639, 37.47602190835481, 37.65922000005545, 37.83799844489432, 38.01247533260206, 38.18276691545481, 38.34898748995314, 38.51124929665051, 38.66966243662689, 38.82433480317948, 38.97537202738138, 39.12287743623793, 39.2669520222492, 39.40769442326479, 39.545200911592715, 39.67956539139778, 39.81087940349578, 39.9392321367175, 40.06471044508137, 40.18739887007504, 40.30737966740411, 40.4247328376208, 40.539536160096866, 40.65186522985272, 40.76179349679958, 40.869392306993056, 40.97473094553506, 41.07787668079662, 41.17889480966729, 41.277848703566924, 41.374799854983735, 41.469807924328045, 41.56293078691461, 41.6542245799078, 41.743743749083535, 41.83154109527969, 41.91766782042281, 42.002173573033716, 42.08510649312799, 42.166513256439174, 42.24643911790368, 42.324927954355815, 42.40202230639062, 42.477763419359654, 42.552191283472375, 42.62534467298167, 42.69726118443818, 42.76797727400266, 42.837528293810344, 42.90594852738517, 42.97327122410505, 43.03952863272254, 43.10475203394794, 43.16897177210395, 43.23221728586335, 43.29451713808247, 43.355899044745094, 43.4163899030323, 43.476015818535025, 43.53480213162689, 43.592773443015375, 43.649953638490295, 43.706365912888536, 43.76203279329459, 43.81697616149648, 43.87121727571677, 43.92477679163845, 43.97767478274523, 44.02993075999603, 44.081563690852775, 44.13259201768096, 44.18303367554166, 44.23290610939374, 44.28222629072461, 44.3310107336274, 44.37927551034225, 44.42703626627891, 44.47430823453759, 44.52110624994434, 44.56744476261721, 44.613337851078676, 44.65879923492966, 44.70384228709985, 44.74848004568881, 44.79272522541179, 44.836590228663894, 44.880087156215616, 44.923227817552764, 44.96602374087285, 45.00848618275016, 45.050626137481025, 45.09245434612047, 45.133981305221205, 45.17521727528541, 45.21617228893947, 45.256856158841444, 45.29727848533087, 45.33744866382991, 45.377375892004785, 45.417069176695996, 45.45653734062557, 45.49578902888932, 45.5348327152417, 45.573676708180734, 45.61232915684014, 45.65079805669547, 45.689091255090965, 45.72721645659343, 45.7651812281794, 45.80299300426136, 45.84065909155894, 45.87818667382038, 45.91558281639969, 45.95285447069458, 45.990008478450044, 46.02705157593232, 46.063990397977825, 46.10083148192137, 46.13758127140789, 46.17424612009181, 46.21083229522775, 46.24734598115658, 46.283793282690084, 46.32018022839807, 46.35651277380094, 46.39279680447098, 46.42903813904565, 46.46524253215541, 46.501415677269286, 46.53756320946069, 46.57369070809609, 46.60980369944906, 46.64590765924211, 46.68200801511857, 46.71811014904661, 46.75421939965766, 46.79034106452113, 46.82648040235732, 46.86264263519041, 46.89883295044322, 46.93505650297545, 46.971318417066925, 47.00762378834739, 47.043977685674264, 47.08038515295976, 47.11685121094855, 47.153380858947365, 47.189979076507456, 47.22665082506128, 47.263401049514165, 47.30023467979213, 47.33715663234665, 47.37417181161719, 47.41128511145244, 47.44850141649083, 47.48582560350104, 47.52326254268323, 47.56081709893135, 47.59849413305736, 47.63629850297746, 47.67423506486108, 47.712308674242784, 47.750524187097525, 47.78888646087947, 47.82740035552467, 47.86607073441774, 47.90490246532267, 47.94390042127793, 47.983069481455836, 48.02241453198627, 48.06194046674472, 48.10165218810451, 48.14155460765316, 48.181652646872784, 48.22195123778418, 48.26245532355459, 48.303169859068724, 48.34409981146281, 48.385250160621325, 48.42662589963603]]","[array([6.37688001e-05, 6.00799169e-05, 5.86665222e-05, 5.87302966e-05,
       5.97888823e-05, 6.15500850e-05, 6.38366397e-05, 6.65412405e-05,
       6.95994159e-05, 7.29732116e-05, 7.66413341e-05, 8.05931762e-05,
       8.48251771e-05, 8.93385929e-05, 9.41381195e-05, 9.92310349e-05,
       1.04626660e-04, 1.10336018e-04, 1.16371613e-04, 1.22747294e-04,
       1.29478167e-04, 1.36580540e-04, 1.44071894e-04, 1.51970876e-04,
       1.60297293e-04, 1.69072128e-04, 1.78317557e-04, 1.88056976e-04,
       1.98315029e-04, 2.09117646e-04, 2.20492082e-04, 2.32466959e-04,
       2.45072315e-04, 2.58339652e-04, 2.72301985e-04, 2.86993902e-04,
       3.02451615e-04, 3.18713022e-04, 3.35817763e-04, 3.53807285e-04,
       3.72724900e-04, 3.92615849e-04, 4.13527367e-04, 4.35508745e-04,
       4.58611392e-04, 4.82888898e-04, 5.08397097e-04, 5.35194124e-04,
       5.63340477e-04, 5.92899065e-04, 6.23935267e-04, 6.56516972e-04,
       6.90714630e-04, 7.26601279e-04, 7.64252584e-04, 8.03746850e-04,
       8.45165043e-04, 8.88590786e-04, 9.34110354e-04, 9.81812647e-04,
       1.03178916e-03, 1.08413392e-03, 1.13894341e-03, 1.19631650e-03,
       1.25635432e-03, 1.31916008e-03, 1.38483897e-03, 1.45349791e-03,
       1.52524536e-03, 1.60019102e-03, 1.67844555e-03, 1.76012021e-03,
       1.84532650e-03, 1.93417569e-03, 2.02677838e-03, 2.12324392e-03,
       2.22367988e-03, 2.32819132e-03, 2.43688019e-03, 2.54984445e-03,
       2.66717733e-03, 2.78896640e-03, 2.91529258e-03, 3.04622917e-03,
       3.18184074e-03, 3.32218194e-03, 3.46729637e-03, 3.61721521e-03,
       3.77195600e-03, 3.93152122e-03, 4.09589689e-03, 4.26505118e-03,
       4.43893293e-03, 4.61747052e-03, 4.80057753e-03, 4.98816588e-03,
       5.18014174e-03, 5.37639568e-03, 5.57679569e-03, 5.78118227e-03,
       5.98936529e-03, 6.20112176e-03, 6.41619452e-03, 6.63429140e-03,
       6.85508496e-03, 7.07821246e-03, 7.30327622e-03, 7.52984434e-03,
       7.75745161e-03, 7.98560081e-03, 8.21376431e-03, 8.44138603e-03,
       8.66788367e-03, 8.89265139e-03, 9.11506274e-03, 9.33447402e-03,
       9.55022792e-03, 9.76165749e-03, 9.96809046e-03, 1.01688537e-02,
       1.03632778e-02, 1.05507025e-02, 1.07304810e-02, 1.09019854e-02,
       1.10646117e-02, 1.12177848e-02, 1.13609629e-02, 1.14936428e-02,
       1.16153635e-02, 1.17257103e-02, 1.18243186e-02, 1.19108765e-02,
       1.19851277e-02, 1.20468734e-02, 1.20959733e-02, 1.21323468e-02,
       1.21559733e-02, 1.21668911e-02, 1.21651972e-02, 1.21510450e-02,
       1.21246428e-02, 1.20862505e-02, 1.20361772e-02, 1.19747774e-02,
       1.19024472e-02, 1.18196203e-02, 1.17267638e-02, 1.16243736e-02,
       1.15129703e-02, 1.13930941e-02, 1.12653008e-02, 1.11301575e-02,
       1.09882378e-02, 1.08401183e-02, 1.06863745e-02, 1.05275775e-02,
       1.03642902e-02, 1.01970647e-02, 1.00264396e-02, 9.85293727e-03,
       9.67706217e-03, 9.49929882e-03, 9.32011045e-03, 9.13993779e-03,
       8.95919820e-03, 8.77828502e-03, 8.59756720e-03, 8.41738914e-03,
       8.23807073e-03, 8.05990755e-03, 7.88317131e-03, 7.70811034e-03,
       7.53495022e-03, 7.36389460e-03, 7.19512598e-03, 7.02880663e-03,
       6.86507955e-03, 6.70406943e-03, 6.54588371e-03, 6.39061358e-03,
       6.23833500e-03, 6.08910975e-03, 5.94298638e-03, 5.80000124e-03,
       5.66017942e-03, 5.52353568e-03, 5.39007529e-03, 5.25979494e-03,
       5.13268351e-03, 5.00872285e-03, 4.88788848e-03, 4.77015029e-03,
       4.65547318e-03, 4.54381763e-03, 4.43514028e-03, 4.32939443e-03,
       4.22653051e-03, 4.12649653e-03, 4.02923847e-03, 3.93470066e-03,
       3.84282612e-03, 3.75355684e-03, 3.66683409e-03, 3.58259866e-03,
       3.50079105e-03, 3.42135175e-03, 3.34422135e-03, 3.26934075e-03,
       3.19665126e-03, 3.12609476e-03, 3.05761381e-03, 2.99115172e-03,
       2.92665265e-03, 2.86406168e-03, 2.80332489e-03, 2.74438937e-03,
       2.68720327e-03, 2.63171589e-03, 2.57787761e-03, 2.52564000e-03,
       2.47495577e-03, 2.42577881e-03, 2.37806420e-03, 2.33176817e-03,
       2.28684814e-03, 2.24326269e-03, 2.20097155e-03, 2.15993559e-03,
       2.12011682e-03, 2.08147835e-03, 2.04398437e-03, 2.00760017e-03,
       1.97229205e-03, 1.93802739e-03, 1.90477454e-03, 1.87250285e-03,
       1.84118263e-03, 1.81078512e-03, 1.78128249e-03, 1.75264778e-03,
       1.72485492e-03, 1.69787868e-03, 1.67169462e-03, 1.64627914e-03,
       1.62160938e-03, 1.59766326e-03, 1.57441939e-03, 1.55185714e-03,
       1.52995651e-03, 1.50869821e-03, 1.48806356e-03, 1.46803452e-03,
       1.44859367e-03, 1.42972413e-03, 1.41140964e-03, 1.39363444e-03,
       1.37638333e-03, 1.35964162e-03, 1.34339510e-03, 1.32763006e-03,
       1.31233323e-03, 1.29749182e-03, 1.28309346e-03, 1.26912618e-03,
       1.25557844e-03, 1.24243909e-03, 1.22969736e-03, 1.21734282e-03,
       1.20536544e-03, 1.19375550e-03, 1.18250361e-03, 1.17160072e-03,
       1.16103808e-03, 1.15080722e-03, 1.14090000e-03, 1.13130853e-03,
       1.12202519e-03, 1.11304264e-03, 1.10435377e-03, 1.09595173e-03,
       1.08782990e-03, 1.07998189e-03, 1.07240153e-03, 1.06508287e-03,
       1.05802015e-03, 1.05120783e-03, 1.04464056e-03, 1.03831316e-03,
       1.03222066e-03, 1.02635822e-03, 1.02072123e-03, 1.01530519e-03,
       1.01010580e-03, 1.00511887e-03, 1.00034041e-03, 9.95766543e-04,
       9.91393532e-04, 9.87217784e-04, 9.83235837e-04, 9.79444354e-04,
       9.75840121e-04, 9.72420046e-04, 9.69181151e-04, 9.66120571e-04,
       9.63235550e-04, 9.60523439e-04, 9.57981688e-04, 9.55607851e-04,
       9.53399577e-04, 9.51354607e-04, 9.49470777e-04, 9.47746006e-04,
       9.46178304e-04, 9.44765762e-04, 9.43506552e-04, 9.42398925e-04,
       9.41441207e-04, 9.40631802e-04, 9.39969183e-04, 9.39451893e-04,
       9.39078545e-04, 9.38847818e-04, 9.38758455e-04, 9.38809261e-04,
       9.38999104e-04, 9.39326910e-04, 9.39791662e-04, 9.40392400e-04,
       9.41128220e-04, 9.41998270e-04, 9.43001748e-04, 9.44137904e-04,
       9.45406038e-04, 9.46805495e-04, 9.48335669e-04, 9.49995998e-04,
       9.51785962e-04, 9.53705086e-04, 9.55752937e-04, 9.57929119e-04,
       9.60233278e-04, 9.62665097e-04, 9.65224296e-04, 9.67910633e-04,
       9.70723896e-04, 9.73663912e-04, 9.76730538e-04, 9.79923663e-04,
       9.83243207e-04, 9.86689122e-04, 9.90261385e-04, 9.93960003e-04,
       9.97785011e-04, 1.00173647e-03, 1.00581446e-03, 1.01001909e-03,
       1.01435050e-03, 1.01880884e-03, 1.02339429e-03, 1.02810703e-03,
       1.03294730e-03, 1.03791531e-03, 1.04301133e-03, 1.04823562e-03,
       1.05358846e-03])]","[[0, 6.376880005047202e-05, 0.00012384871691641303, 0.00018251523914562925, 0.00024124553576048633, 0.00030103441810859103, 0.0003625845030979308, 0.0004264211428366733, 0.0004929623833744858, 0.0005625617992995474, 0.0006355350108864223, 0.0007121763450103584, 0.0007927695211677606, 0.0008775946982507559, 0.0009669332911882871, 0.0010610714107075986, 0.0011603024455695496, 0.0012649291056877564, 0.0013752651232917844, 0.0014916367358587727, 0.001614384029830105, 0.0017438621967183732, 0.0018804427362428705, 0.002024514630497538, 0.002176485506382442, 0.0023367827991294925, 0.002505854926825124, 0.0026841724838301603, 0.0028722294595854756, 0.0030705444882648185, 0.0032796621339639385, 0.003500154215515684, 0.00373262117454044, 0.0039776934899442475, 0.004236033141738346, 0.004508335126755769, 0.004795329028569578, 0.005097780643662763, 0.005416493665653128, 0.005752311429130325, 0.00610611871441006, 0.006478843614246479, 0.006871459463262493, 0.0072849868305538785, 0.0077204955755914425, 0.008179106967181314, 0.008661995864841423, 0.009170392961507423, 0.009705587085988655, 0.010268927563048688, 0.010861826628380561, 0.011485761895078163, 0.012142278867466955, 0.01283299349734352, 0.013559594776778518, 0.014323847360655752, 0.015127594211045186, 0.01597275925433445, 0.01686135004076574, 0.017795460394638005, 0.01877727304193275, 0.019809062200501402, 0.02089319611620933, 0.022032139526563074, 0.02322845603135205, 0.024484810347712823, 0.02580397042477498, 0.0271888093906755, 0.028642307302238938, 0.030167552665022402, 0.03176774368872792, 0.033446189240206176, 0.0352063094534331, 0.037051635952958996, 0.03898581164443604, 0.0410125900229608, 0.04313583394716179, 0.04535951382426776, 0.04768770514886296, 0.05012458533573416, 0.052674429785210045, 0.05534160711776495, 0.05813057351349196, 0.06104586609143887, 0.06409209526384725, 0.06727393600114752, 0.07059611794525736, 0.07406341431142663, 0.07768062952269093, 0.08145258552606308, 0.08538410674602635, 0.08948000363881398, 0.09374505482047046, 0.09818398775288771, 0.10280145827715134, 0.10760203580756089, 0.11259020168871488, 0.11777034342436152, 0.12314673910748361, 0.12872353479365678, 0.1345047170669874, 0.1404940823598089, 0.14669520412425627, 0.153111398640917, 0.1597456900433249, 0.1666007750057448, 0.1736789874628521, 0.1809822636871749, 0.18851210803164958, 0.19626955964167728, 0.20425516044730094, 0.21246892475685475, 0.220910310785173, 0.22957819445956085, 0.2384708458532474, 0.24758590859747912, 0.25692038261866623, 0.26647061053529647, 0.27623226803017753, 0.2862003584867309, 0.29636921214353745, 0.3067324899793768, 0.3172831924920887, 0.32801367347940746, 0.33891565886940045, 0.34998027058338094, 0.3611980553464401, 0.3725590182914683, 0.38405266113322545, 0.39566802462124984, 0.40739373491574565, 0.41921805347060637, 0.431128929953872, 0.4431140576894952, 0.45516093106644473, 0.46725690433281547, 0.4793892511744061, 0.49154522446956084, 0.5037121156150516, 0.5158773128312283, 0.5280283578781287, 0.5401530006470124, 0.5522392511329248, 0.56427542834229, 0.5762502057438942, 0.5881526529305867, 0.599972273221159, 0.6116990369957177, 0.623323410622051, 0.6348363808936505, 0.646229474960989, 0.6574947757952603, 0.6686249332771516, 0.6796131710515805, 0.6904532893321018, 0.7011396638754988, 0.7116672413776772, 0.7220315315663401, 0.732228596284111, 0.7422550358680294, 0.7521079731379978, 0.7617850353082223, 0.7712843341324763, 0.7806044445866477, 0.7897443823810785, 0.7987035805812589, 0.8074818655990513, 0.8160794327983616, 0.8244968219395622, 0.8327348926664895, 0.8407948002189266, 0.8486779715325353, 0.856386081867556, 0.8639210320875389, 0.871284926690145, 0.8784800526738494, 0.885508859307332, 0.8923739388525642, 0.8990780082781499, 0.9056238919863906, 0.9120145055658249, 0.9182528405706137, 0.9243419503190721, 0.9302849366958212, 0.936084937935394, 0.9417451173595778, 0.9472686530362591, 0.9526587283239399, 0.9579185232633459, 0.9630512067755548, 0.968059929624755, 0.9729478181030097, 0.9777179683941861, 0.9823734415744281, 0.9869172592071421, 0.9913523994913711, 0.9956817939235808, 0.9999083244342459, 1.004034820962135, 1.0080640594308226, 1.011998760093676, 1.0158415862153203, 1.0195951430593833, 1.0232619771541032, 1.0268445758091673, 1.0303453668588887, 1.0337667186085249, 1.0371109399621992, 1.0403802807124547, 1.0435769319730013, 1.0467030267376523, 1.0497606405498239, 1.0527517922682628, 1.0556784449158905, 1.0585425065997989, 1.0613458314915016, 1.0640902208575447, 1.0667774241315173, 1.069409140019359, 1.071987017630665, 1.0745126576294293, 1.0769876133983465, 1.079413392211418, 1.081791456410189, 1.0841232245794634, 1.0864100727188326, 1.0886533354067902, 1.0908543069546066, 1.0930142425475045, 1.095134359371007, 1.0972158377206271, 1.099259822093345, 1.1012674222595582, 1.103239714314418, 1.1051777417076547, 1.1070825162511846, 1.1089550191039375, 1.1107962017334994, 1.1126069868542805, 1.11438826934204, 1.1161409171246925, 1.117865772049415, 1.1195636507261424, 1.1212353453476185, 1.1228816244862172, 1.124503233867807, 1.126100897122973, 1.1276753165159483, 1.1292271736516408, 1.1307571301611619, 1.1322658283662947, 1.1337538919233483, 1.1352219264468637, 1.1366705201136473, 1.138100244247614, 1.139511653885927, 1.1409052883269277, 1.1422816716603463, 1.1436413132802825, 1.1449847083814477, 1.1463123384391507, 1.1476246716735066, 1.1489221634983438, 1.1502052569552739, 1.1514743831333836, 1.152729961574999, 1.1539724006679644, 1.1552020980248652, 1.1564194408496227, 1.1576248062918673, 1.1588185617894982, 1.1600010653998178, 1.1611726661196267, 1.1623337041946478, 1.1634845114186443, 1.1646254114225798, 1.1657567199541639, 1.166878745148113, 1.1679917877874475, 1.169096141556136, 1.1701920932833896, 1.171279923179895, 1.1723599050662716, 1.1734323065940255, 1.1744973894592623, 1.1755554096094167, 1.176606617443246, 1.1776512580043228, 1.1786895711682626, 1.179721791823903, 1.180748150048654, 1.1817688712782255, 1.182784176470929, 1.1837942822667518, 1.1847994011413856, 1.1857997415553903, 1.1867955080986676, 1.1877869016304088, 1.1887741194146788, 1.1897573552517915, 1.1907367996056244, 1.1917126397270188, 1.1926850597734002, 1.1936542409247572, 1.1946203614961015, 1.195583597046537, 1.1965441204850555, 1.197502102173173, 1.198457710024516, 1.1994111096014655, 1.2003624642089592, 1.20131193498555, 1.2022596809918147, 1.203205859296204, 1.20415062505842, 1.205094131610404, 1.206036530535017, 1.2069779717424862, 1.2079186035446963, 1.20885857272739, 1.2097980246203524, 1.2107371031656382, 1.21167595098391, 1.21261470943894, 1.2135535187003417, 1.2144925178045778, 1.215431844714301, 1.216371636376077, 1.2173120287765367, 1.2182531569970039, 1.2191951552666425, 1.2201381570141618, 1.2210822949181233, 1.2220277009558826, 1.2229745064512054, 1.223922842120588, 1.2248728381183167, 1.2258246240802955, 1.2267783291666694, 1.227734082103273, 1.228692011221926, 1.2296522444996023, 1.2306149095964927, 1.231580133892983, 1.2325480445255668, 1.2335187684217095, 1.2344924323336806, 1.2354691628713692, 1.2364490865340971, 1.2374323297414394, 1.2384190188630662, 1.2394092802476142, 1.2404032402505962, 1.241401025261355, 1.2424027617290707, 1.2434085761878246, 1.2444185952807214, 1.245432945783076, 1.2464517546246638, 1.2474751489110372, 1.248503255943904, 1.2495362032405708, 1.2505741185524444, 1.2516171298825898, 1.2526653655023394, 1.253718953966948]]"
40.0,40.0,3,90,270,I0-S0,"[[0.01, 0.009218546420913139, 0.008861068736292907, 0.00877505793697105, 0.008868438466644481, 0.00908543399072821, 0.00939210955761432, 0.009767769348586532, 0.010199788496489134, 0.010680504114826836, 0.01120533975644696, 0.011771670254522231, 0.012378131526841843, 0.013024198304200096, 0.013709923634959214, 0.014435776467194654, 0.015202539030663103, 0.01601124096892825, 0.016863116299725433, 0.017759574758253724, 0.018702182369007597, 0.01969264807371247, 0.020732814440385997, 0.021824651205300534, 0.022970250843460292, 0.024171825636567897, 0.025431705877716017, 0.026752338959624755, 0.02813628916245099, 0.029586238002664248, 0.031104985035071628, 0.03269544902116655, 0.0343606693918712, 0.036103807943479505, 0.03792815071346466, 0.03983710998860568, 0.04183422640214121, 0.04392317107972827, 0.046107747796109884, 0.04839189510575079, 0.05077968841140703, 0.05327534193474823, 0.05588321055282119, 0.05860779146338815, 0.06145372564103737, 0.06442579904448754, 0.06752894353372163, 0.07076823745351984, 0.07414890583764022, 0.077676320185343, 0.08135599775919383, 0.0851936003501348, 0.0891949324527033, 0.09336593879003319, 0.09771270112491696, 0.10224143428977123, 0.10695848136486492, 0.11187030793067707, 0.11698349531679021, 0.12230473276634585, 0.1278408084318411, 0.13359859911499275, 0.13958505866060306, 0.14580720491190494, 0.152272105132829, 0.15898685980110963, 0.165958584675237, 0.1731943910380745, 0.18070136402061862, 0.1884865389110105, 0.19655687535665162, 0.2049192293712832, 0.21358032306431016, 0.22254671201665172, 0.23182475023615076, 0.24142055263624068, 0.2513399549943302, 0.26158847136138963, 0.2721712489116763, 0.28309302024157934, 0.29435805314933544, 0.3059700979529979, 0.3179323324326254, 0.33024730451426815, 0.3429168728479937, 0.35594214546989894, 0.36932341677872527, 0.3830601031012004, 0.39715067716636354, 0.41159260185760627, 0.4263822636616085, 0.4415149062852901, 0.45698456496476886, 0.472784002043427, 0.48890505413978197, 0.5053427128396197, 0.5220972207383189, 0.5391714661201614, 0.5565689058188109, 0.5742922138464662, 0.592342410044761, 0.610718307780851, 0.6294161741771903, 0.6484295320842259, 0.6677490566530719, 0.6873625351611462, 0.7072548693798753, 0.7274081069820897, 0.7478014933928644, 0.7684115388296894, 0.789212097545647, 0.8101744578109047, 0.8312674421656704, 0.8524575181040339, 0.8737089197081779, 0.8949837809199701, 0.916242281164106, 0.9374428039611694, 0.9585421090175494, 0.9794955180724658, 1.00025711453609, 1.0207799566793339, 1.0410163038456328, 1.0609178548568245, 1.080435997486981, 1.0995220675870347, 1.1181276161660918, 1.1362046824788532, 1.1537060709385698, 1.1705856294770072, 1.1867985268120052, 1.2023015259637273, 1.2170532512862018, 1.231014446253933, 1.2441482192658988, 1.2564202748017492, 1.2677991273869347, 1.2782562959931234, 1.2877664767147496, 1.2963076918179046, 1.3038614135490707, 1.310412661412525, 1.3159500719700148, 1.3204659405773518, 1.3239562348424019, 1.3264205799598763, 1.327862216442806, 1.32828793112129, 1.327707962609249, 1.326135882743331, 1.3235884557694741, 1.3200854772875248, 1.3156495951593574, 1.3103061147388384, 1.304082790891486, 1.2970096093376469, 1.289118559876286, 1.2804434040288477, 1.271019439586694, 1.2608832644546706, 1.2500725420612588, 1.2386257704568342, 1.2265820570503403, 1.213980900745914, 1.2008619830393785, 1.1872649694246613, 1.1732293222464705, 1.1587941259220742, 1.1439979252454553, 1.1288785772847416, 1.113473117191443, 1.0978176380599822, 1.0819471848101418, 1.0658956619146953, 1.0496957546606018, 1.033378863515172, 1.0169750510686997, 1.0005130009419503, 0.9840199879800877, 0.9675218590033653, 0.9510430233482051, 0.9346064524090818, 0.9182336873806651, 0.9019448543996991, 0.8857586862957887, 0.8696925501783186, 0.8537624801118622, 0.8379832141634139, 0.8223682351404391, 0.8069298143779794, 0.7916790579748956, 0.7766259549228633, 0.7617794266161588, 0.7471473772748725, 0.7327367448583708, 0.7185535520890591, 0.7046029572483679, 0.6908893044470414, 0.6774161731099833, 0.6641864264519023, 0.6512022587536815, 0.6384652412806545, 0.6259763667127985, 0.6137360919832354, 0.601744379445406, 0.5900007363109121, 0.5785042523193957, 0.5672536356190412, 0.5562472468514579, 0.5454831314479661, 0.5349590501557784, 0.5246725078223861, 0.5146207804747657, 0.5048009407369213, 0.4952098816349324, 0.48584433884318595, 0.47670091142896137, 0.46777608115512226, 0.4590662304024473, 0.4505676587742105, 0.44227659844608125, 0.4341892283243462, 0.4263016870749327, 0.4186100850848051, 0.4111105154160768, 0.4037990638116868, 0.39667181780978045, 0.38972487502205594, 0.3829543506293309, 0.37635638414548006, 0.3699271454987285, 0.36366284047708036, 0.35755971558244243, 0.3516140623357882, 0.3458222210735115, 0.3401805842729608, 0.33468559944302834, 0.3293337716136125, 0.32412166545577176, 0.31904590706246155, 0.3141031854178878, 0.30929025358173, 0.3046039296127821, 0.3000410972549322, 0.2955987064068568, 0.29127377339533134, 0.2870633810706689, 0.2829646787414789, 0.27897488196469383, 0.2750912722056393, 0.27131119638181833, 0.26763206630304415, 0.264051358019581, 0.26056661108904317, 0.2571754277719444, 0.25387547216499745, 0.2506644692805131, 0.24754020407955757, 0.24450052046587684, 0.241543320246997, 0.2386665620683476, 0.23586826032573582, 0.23314648406101773, 0.2304993558453648, 0.22792505065410998, 0.2254217947367755, 0.2229878644855297, 0.22062158530499393, 0.21832133048601943, 0.21608552008577547, 0.21391261981623524, 0.21180113994291028, 0.20974963419546871, 0.20775669869167362, 0.2058209708758967, 0.20394112847329576, 0.20211588846059222, 0.20034400605424624, 0.19862427371669958, 0.19695552018124143, 0.19533660949594703, 0.19376644008704322, 0.19224394384196936, 0.19076808521232255, 0.18933786033680647, 0.18795229618423873, 0.18661044971661436, 0.18531140707217209, 0.1840542827683632, 0.18283821892458293, 0.18166238450448663, 0.18052597457768174, 0.17942820960055755, 0.17836833471599017, 0.17734561907163798, 0.17635935515652493, 0.17540885815559173, 0.17449346532188234, 0.173612535366021, 0.17276544786262607, 0.1719516026732988, 0.17117041938581934, 0.17042133676917803, 0.16970381224406586, 0.16901732136844744, 0.16836135733783716, 0.16773543049990092, 0.16713906788300512, 0.16657181273833752, 0.16603322409522595, 0.1655228763292844, 0.16504035874301884, 0.16458527515852964, 0.16415724352195102, 0.16375589551927328, 0.1633808762031974, 0.1630318436306784, 0.162708468510817, 0.16241043386276635, 0.16213743468332562, 0.1618891776238974, 0.16166538067649247, 0.16146577286847075, 0.16129009396571325, 0.16113809418392538, 0.16100953390777833, 0.16090418341760043, 0.1608218226233364, 0.16076224080549784, 0.1607252363628341, 0.16071061656645827, 0.16071819732016787, 0.1607478029267056, 0.16079926585971088, 0.1608724265411174, 0.16096713312375757, 0.16108324127893886, 0.1612206139887628, 0.16137912134296117, 0.16155864034002881, 0.16175905469243704, 0.16198025463571572, 0.16222213674119645, 0.16248460373221335, 0.1627675643035617, 0.163070932944019, 0.16339462976173655, 0.16373858031231317, 0.16410271542936675, 0.16448697105742224, 0.16489128808693873, 0.16531561219130078, 0.1657598936656037, 0.16622408726706406, 0.1667081520568912, 0.1672120512434582, 0.16773575202661298, 0.16827922544297472, 0.16884244621206212, 0.16942539258310432, 0.1700280461823869, 0.17065039186098965, 0.1712924175427741, 0.17195411407248293, 0.17263547506381588, 0.17333649674734886]]","[[0.01, 0.011673645222856313, 0.01362924433757481, 0.015801894644077778, 0.01815639131267785, 0.020675250734684816, 0.023351553577949116, 0.02618474812574015, 0.029178161936757666, 0.03233753184859321, 0.035670141172447635, 0.03918431894453788, 0.04288915470776215, 0.04679434134005401, 0.05091009377000209, 0.055247112536689034, 0.05981657376228457, 0.06463013462986804, 0.06969994794147537, 0.07503868199704126, 0.08065954361617858, 0.08657630305943102, 0.09280332015531206, 0.09935557126024061, 0.10624867686353023, 0.11349892975436522, 0.12112332372520475, 0.12913958281588525, 0.13756619111643087, 0.1464224231510618, 0.15572837486510366, 0.16550499523276382, 0.1757741184983685, 0.18655849705738026, 0.197881834976727, 0.20976882214685422, 0.22224516905053787, 0.23533764212586927, 0.24907409969291683, 0.26348352840533584, 0.278596080179577, 0.29444310954528, 0.31105721135086556, 0.3284722587482011, 0.34672344136945454, 0.3658473035978111, 0.38588178282156155, 0.40686624754812817, 0.428841535240833, 0.45184998972659557, 0.4759354980072382, 0.5011435262906491, 0.527521155040686, 0.5551171128263844, 0.5839818087317538, 0.6141673630672161, 0.6457276361025737, 0.6787182545193212, 0.7131966352571834, 0.7492220064060283, 0.7868554247698568, 0.8261597897044989, 0.867199852805095, 0.9100422229935423, 0.954755366530029, 1.0014096014467833, 1.0500770858764537, 1.1008317997224204, 1.1537495190941145, 1.208907782907464, 1.2663858510293071, 1.3262646533254496, 1.3886267289555034, 1.4535561552442853, 1.521138465449944, 1.5914605547437952, 1.6646105737167405, 1.7406778087328811, 1.8197525484632453, 1.9019259359522773, 1.9872898055976729, 2.0759365044611484, 2.167958697374651, 2.2634491553641873, 2.3625005269826684, 2.465205092224723, 2.5716544987910233, 2.6819394805778702, 2.7961495583901628, 2.9143727230127117, 3.0366951009263925, 3.1632006031217963, 3.2939705576436005, 3.4290833266933123, 3.56861434016572, 3.712640369682064, 3.861242866399507, 4.01450638296366, 4.17251689035117, 4.335360386516377, 4.503121704008818, 4.675883456704439, 4.853725086426076, 5.036721983513347, 5.224944664120801, 5.418457992880695, 5.6173204436110735, 5.821583393627024, 6.031290449323312, 6.2464768022887025, 6.467168616441496, 6.693382447639504, 6.925124697976974, 7.162391107574496, 7.405166287119872, 7.653423294743844, 7.90712326102404, 8.166215066010212, 8.430635072158147, 8.700306916952439, 8.975141368793073, 9.255036249421424, 9.539876425772619, 9.82953387366885, 10.12386781521911, 10.422724931173187, 10.725939648801184, 11.033334505145103, 11.34472058472823, 11.659898030024305, 11.978656622195569, 12.300776428821303, 12.626028514570871, 12.954175710042502, 13.2849734333049, 13.618170558056827, 13.953510321772296, 14.290731266736609, 14.62956820651034, 14.96975321009149, 15.311016595885368, 15.653087927539888, 15.995697003761112, 16.338574834388126, 16.681454595273248, 17.02407255487684, 17.3661689659374, 17.707488916107025, 18.047783132038926, 18.386808732064793, 18.72432992329276, 19.060118639678354, 19.393955118357738, 19.725628412272084, 20.054936837841637, 20.381688357156992, 20.705700894832336, 21.026802590302978, 21.344831986938697, 21.659638159880092, 21.97108078498201, 22.279030151663367, 22.583367122814437, 22.88398304520063, 23.180779614026548, 23.47366869548792, 23.76257211124437, 24.047421388796685, 24.328157481752584, 24.604730463919456, 24.87709920107643, 25.145231004156432, 25.40910126741697, 25.668693095001366, 25.923996919095092, 26.17501011266956, 26.421736599582605, 26.664186464575092, 26.902375565470468, 27.136325149651647, 27.366061476660782, 27.591615448544204, 27.813022249349533, 28.030320994976417, 28.243554394387434, 28.452768423003125, 28.658012008934847, 28.859336732552144, 29.056796539737544, 29.25044746905111, 29.440347392909477, 29.626555772779266, 29.80913342829211, 29.98814232010732, 30.16364534627828, 30.335706151818766, 30.504388951115132, 30.66975836278894, 30.8318792565812, 30.990816611803456, 31.146635386881456, 31.299400399503817, 31.449176216879792, 31.596027055606793, 31.74001669064878, 31.881208372930637, 32.01966475506073, 32.15544782470333, 32.288618845134295, 32.41923830252678, 32.547365859528576, 32.673060314708465, 32.79637956746569, 32.91738058801387, 33.03611939206816, 33.15265101988238, 33.26702951930037, 33.37930793250359, 33.48953828615414, 33.59777158464977, 33.70405780622358, 33.80844590163763, 33.91098379523504, 34.011718388130234, 34.110695563331504, 34.20796019260367, 34.303556144892056, 34.39752629614126, 34.48991254035441, 34.58075580174965, 34.67009604788148, 34.7579723036044, 34.844422665766245, 34.929484318527045, 35.01319354920791, 35.09558576458232, 35.176695507529466, 35.25655647397618, 35.335201530060466, 35.41266272945562, 35.48897133079947, 35.56415781517853, 35.63825190362147, 35.71128257456114, 35.78327808122809, 35.854265968942705, 35.924273092276366, 35.99332563205548, 36.06144911218514, 36.12866841627189, 36.195007804027874, 36.26049092744051, 36.32514084669459, 36.38898004583506, 36.452030448161025, 36.51431343134275, 36.575849842255316, 36.6366600115236, 36.69676376777471, 36.75618045159501, 36.814928929189925, 36.873027605745705, 36.93049443849289, 36.98734694947237, 37.043602238005086, 37.09927699286758, 37.15438750417559, 37.20894967497868, 37.2629790325693, 37.31649073950971, 37.36949960438104, 37.42202009225851, 37.474066334917346, 37.52565214077419, 37.57679100456862, 37.62749611678994, 37.67778037285428, 37.727656382037075, 37.77713647616626, 37.82623271808139, 37.87495690986398, 37.92332060084441, 37.97133509539059, 38.01901146048372, 38.06636053308641, 38.11339292730832, 38.16011904137441, 38.20654906440101, 38.25269298298465, 38.298560587608605, 38.344161478872074, 38.38950507354672, 38.43460061046536, 38.479457156247285, 38.52408361086493, 38.56848871305611, 38.612681045586356, 38.6566690403654, 38.700460983422104, 38.7440650197418, 38.78748915796991, 38.830741274985904, 38.87382912035106, 38.91676032063385, 38.959542383616466, 39.00218270238588, 39.044688559312824, 39.08706712992192, 39.129325486656136, 39.17147060253863, 39.213509354734924, 39.25544852801826, 39.29729481814109, 39.339054835115135, 39.38073510640287, 39.42234208002281, 39.463882127571104, 39.50536154716178, 39.54678656628793, 39.588163344606, 39.62949797664538, 39.67079649444526, 39.71206487012078, 39.75330901836029, 39.794534798855736, 39.835748018667644, 39.87695443452666, 39.918159755073056, 39.95936964303592, 40.00058971735342, 40.041825555235576, 40.083082694170926, 40.1243666338784, 40.165682838205626, 40.20703673697481, 40.24843372777742, 40.28987917771865, 40.33137842511277, 40.37293678113014, 40.41455953139713, 40.456251937549425, 40.498019238739815, 40.53986665310108, 40.58179937916469, 40.62382259723609, 40.66594147072702, 40.70816114744556, 40.750486760844424, 40.792923431227884, 40.83547626691785, 40.878150365379526, 40.92095081430685, 40.96388269266818, 41.00695107171245, 41.05016101593599, 41.09351758401023, 41.13702582967044, 41.18069080256566, 41.22451754906978, 41.26851111305403, 41.31267653662064, 41.35701886079781, 41.40154312619588, 41.44625437362465, 41.491157644671596, 41.53625798224103]]","[array([6.37688001e-05, 6.00799169e-05, 5.86665222e-05, 5.87302893e-05,
       5.97886727e-05, 6.15487604e-05, 6.38320716e-05, 6.65297315e-05,
       6.95754362e-05, 7.29291866e-05, 7.65674617e-05, 8.04772595e-05,
       8.46524638e-05, 8.90916130e-05, 9.37965178e-05, 9.87713938e-05,
       1.04022310e-04, 1.09556831e-04, 1.15383782e-04, 1.21513091e-04,
       1.27955682e-04, 1.34723396e-04, 1.41828944e-04, 1.49285869e-04,
       1.57108522e-04, 1.65312045e-04, 1.73912364e-04, 1.82926184e-04,
       1.92370992e-04, 2.02265057e-04, 2.12627438e-04, 2.23477997e-04,
       2.34837403e-04, 2.46727147e-04, 2.59169556e-04, 2.72187805e-04,
       2.85805932e-04, 3.00048853e-04, 3.14942374e-04, 3.30513207e-04,
       3.46788983e-04, 3.63798265e-04, 3.81570558e-04, 4.00136323e-04,
       4.19526982e-04, 4.39774928e-04, 4.60913527e-04, 4.82977125e-04,
       5.06001043e-04, 5.30021577e-04, 5.55075992e-04, 5.81202510e-04,
       6.08440297e-04, 6.36829443e-04, 6.66410939e-04, 6.97226648e-04,
       7.29319269e-04, 7.62732295e-04, 7.97509966e-04, 8.33697213e-04,
       8.71339591e-04, 9.10483209e-04, 9.51174648e-04, 9.93460865e-04,
       1.03738910e-03, 1.08300674e-03, 1.13036123e-03, 1.17949991e-03,
       1.23046984e-03, 1.28331771e-03, 1.33808957e-03, 1.39483070e-03,
       1.45358539e-03, 1.51439667e-03, 1.57730615e-03, 1.64235368e-03,
       1.70957711e-03, 1.77901200e-03, 1.85069133e-03, 1.92464511e-03,
       2.00090011e-03, 2.07947944e-03, 2.16040223e-03, 2.24368320e-03,
       2.32933228e-03, 2.41735416e-03, 2.50774793e-03, 2.60050659e-03,
       2.69561662e-03, 2.79305756e-03, 2.89280155e-03, 2.99481288e-03,
       3.09904758e-03, 3.20545354e-03, 3.31398366e-03, 3.42462309e-03,
       3.53738367e-03, 3.65228747e-03, 3.76935554e-03, 3.88860055e-03,
       4.01002221e-03, 4.13360424e-03, 4.25931271e-03, 4.38709496e-03,
       4.51687923e-03, 4.64857445e-03, 4.78207045e-03, 4.91723816e-03,
       5.05393007e-03, 5.19198066e-03, 5.33120704e-03, 5.47140951e-03,
       5.61237230e-03, 5.75386436e-03, 5.89564017e-03, 6.03744068e-03,
       6.17899434e-03, 6.32001821e-03, 6.46021911e-03, 6.59929494e-03,
       6.73693606e-03, 6.87282673e-03, 7.00664667e-03, 7.13807270e-03,
       7.26678041e-03, 7.39244595e-03, 7.51474779e-03, 7.63336860e-03,
       7.74799706e-03, 7.85832974e-03, 7.96407292e-03, 8.06494443e-03,
       8.16067534e-03, 8.25101169e-03, 8.33571608e-03, 8.41456912e-03,
       8.48737081e-03, 8.55394179e-03, 8.61412438e-03, 8.66778348e-03,
       8.71480737e-03, 8.75510820e-03, 8.78862239e-03, 8.81531082e-03,
       8.83515882e-03, 8.84817596e-03, 8.85439573e-03, 8.85387492e-03,
       8.84669298e-03, 8.83295112e-03, 8.81277130e-03, 8.78629509e-03,
       8.75368245e-03, 8.71511037e-03, 8.67077145e-03, 8.62087239e-03,
       8.56563250e-03, 8.50528211e-03, 8.44006099e-03, 8.37021682e-03,
       8.29600359e-03, 8.21768012e-03, 8.13550854e-03, 8.04975290e-03,
       7.96067779e-03, 7.86854709e-03, 7.77362270e-03, 7.67616347e-03,
       7.57642416e-03, 7.47465447e-03, 7.37109824e-03, 7.26599264e-03,
       7.15956754e-03, 7.05204497e-03, 6.94363856e-03, 6.83455323e-03,
       6.72498481e-03, 6.61511984e-03, 6.50513541e-03, 6.39519903e-03,
       6.28546864e-03, 6.17609262e-03, 6.06720983e-03, 5.95894981e-03,
       5.85143285e-03, 5.74477029e-03, 5.63906466e-03, 5.53441003e-03,
       5.43089221e-03, 5.32858910e-03, 5.22757098e-03, 5.12790088e-03,
       5.02963484e-03, 4.93282230e-03, 4.83750645e-03, 4.74372452e-03,
       4.65150817e-03, 4.56088377e-03, 4.47187278e-03, 4.38449202e-03,
       4.29875403e-03, 4.21466732e-03, 4.13223671e-03, 4.05146357e-03,
       3.97234611e-03, 3.89487964e-03, 3.81905679e-03, 3.74486777e-03,
       3.67230059e-03, 3.60134125e-03, 3.53197396e-03, 3.46418130e-03,
       3.39794442e-03, 3.33324320e-03, 3.27005638e-03, 3.20836174e-03,
       3.14813619e-03, 3.08935596e-03, 3.03199663e-03, 2.97603330e-03,
       2.92144066e-03, 2.86819311e-03, 2.81626480e-03, 2.76562974e-03,
       2.71626184e-03, 2.66813502e-03, 2.62122322e-03, 2.57550048e-03,
       2.53094098e-03, 2.48751909e-03, 2.44520937e-03, 2.40398668e-03,
       2.36382613e-03, 2.32470317e-03, 2.28659356e-03, 2.24947345e-03,
       2.21331933e-03, 2.17810811e-03, 2.14381709e-03, 2.11042397e-03,
       2.07790691e-03, 2.04624448e-03, 2.01541567e-03, 1.98539994e-03,
       1.95617716e-03, 1.92772768e-03, 1.90003226e-03, 1.87307213e-03,
       1.84682893e-03, 1.82128477e-03, 1.79642217e-03, 1.77222409e-03,
       1.74867392e-03, 1.72575547e-03, 1.70345296e-03, 1.68175101e-03,
       1.66063466e-03, 1.64008935e-03, 1.62010088e-03, 1.60065547e-03,
       1.58173970e-03, 1.56334049e-03, 1.54544517e-03, 1.52804140e-03,
       1.51111716e-03, 1.49466082e-03, 1.47866104e-03, 1.46310682e-03,
       1.44798746e-03, 1.43329260e-03, 1.41901215e-03, 1.40513632e-03,
       1.39165562e-03, 1.37856082e-03, 1.36584298e-03, 1.35349340e-03,
       1.34150368e-03, 1.32986562e-03, 1.31857131e-03, 1.30761305e-03,
       1.29698339e-03, 1.28667509e-03, 1.27668114e-03, 1.26699474e-03,
       1.25760931e-03, 1.24851846e-03, 1.23971599e-03, 1.23119592e-03,
       1.22295243e-03, 1.21497989e-03, 1.20727285e-03, 1.19982602e-03,
       1.19263430e-03, 1.18569273e-03, 1.17899652e-03, 1.17254103e-03,
       1.16632176e-03, 1.16033436e-03, 1.15457464e-03, 1.14903853e-03,
       1.14372209e-03, 1.13862151e-03, 1.13373311e-03, 1.12905335e-03,
       1.12457877e-03, 1.12030607e-03, 1.11623203e-03, 1.11235356e-03,
       1.10866765e-03, 1.10517143e-03, 1.10186210e-03, 1.09873698e-03,
       1.09579347e-03, 1.09302907e-03, 1.09044137e-03, 1.08802806e-03,
       1.08578688e-03, 1.08371568e-03, 1.08181240e-03, 1.08007504e-03,
       1.07850168e-03, 1.07709048e-03, 1.07583967e-03, 1.07474754e-03,
       1.07381247e-03, 1.07303289e-03, 1.07240731e-03, 1.07193428e-03,
       1.07161244e-03, 1.07144046e-03, 1.07141710e-03, 1.07154115e-03,
       1.07181146e-03, 1.07222696e-03, 1.07278660e-03, 1.07348940e-03,
       1.07433441e-03, 1.07532074e-03, 1.07644757e-03, 1.07771407e-03,
       1.07911951e-03, 1.08066318e-03, 1.08234439e-03, 1.08416253e-03,
       1.08611701e-03, 1.08820727e-03, 1.09043280e-03, 1.09279312e-03,
       1.09528779e-03, 1.09791640e-03, 1.10067857e-03, 1.10357395e-03,
       1.10660222e-03, 1.10976310e-03, 1.11305633e-03, 1.11648169e-03,
       1.12003895e-03, 1.12372794e-03, 1.12754851e-03, 1.13150052e-03,
       1.13558386e-03, 1.13979843e-03, 1.14414418e-03, 1.14862104e-03,
       1.15322898e-03])]","[[0, 6.376880005047202e-05, 0.00012384871691641303, 0.00018251523914562925, 0.00024124552846839918, 0.0003010342011417301, 0.0003625829615671377, 0.00042641503317282145, 0.0004929447646822996, 0.0005625202008770489, 0.0006354493874285893, 0.0007120168490913159, 0.0007924941085953331, 0.0008771465723598423, 0.0009662381853257896, 0.0010600347031037504, 0.0011588060969252329, 0.001262828406777657, 0.00137238523744805, 0.0014877690191892863, 0.0016092821103161294, 0.0017372377918368454, 0.0018719611874006767, 0.0020137901312971447, 0.002163076000521297, 0.00232018452254019, 0.0024854965674672397, 0.002659408931331441, 0.002842335115687789, 0.0030347061077505857, 0.0032369711644164166, 0.003449598602898631, 0.003673076600168761, 0.003907914002958462, 0.0041546411496951275, 0.004413810705409056, 0.004685998510347968, 0.0049718044427569125, 0.005271853296020963, 0.005586795670119095, 0.0059173088770953265, 0.006264097860013815, 0.0066278961246245315, 0.007009466682722417, 0.007409603005932916, 0.007829129988398017, 0.008268904916567274, 0.008729818444015805, 0.009212795568914101, 0.009718796611461107, 0.010248818188260896, 0.010803894180273102, 0.011385096690596957, 0.011993536987957179, 0.012630366431346416, 0.01329677737084273, 0.013994004019161274, 0.014723323288016739, 0.01548605558286736, 0.016283565549082668, 0.01711726276202639, 0.017988602352974194, 0.018899085562194606, 0.01985026020991267, 0.02084372107525196, 0.021881110172614914, 0.02296411691431733, 0.024094478147645367, 0.025273978053857053, 0.026504447896011796, 0.02778776560188718, 0.029125855167640713, 0.03052068586730375, 0.03197427125266584, 0.033488667927631034, 0.03506597408071574, 0.03670832775902368, 0.03841790486679203, 0.04019691687146937, 0.04204760820027791, 0.043972253310346474, 0.04597315341579616, 0.04805263285563707, 0.05021303508701094, 0.05245671828921238, 0.05478605056506041, 0.0572034047275922, 0.059711152661731735, 0.06231165925256627, 0.06500727587415864, 0.067800333435449, 0.07069313498276644, 0.07368794786178788, 0.07678699544545162, 0.07999244898768675, 0.08330643264525833, 0.08673105573145949, 0.09026843939853248, 0.0939207268709704, 0.09769008240701071, 0.10157868296010543, 0.10558870516684651, 0.10972230940906204, 0.11398162211504219, 0.11836871707708396, 0.12288559630440397, 0.127534170759252, 0.13231624121155683, 0.13723347937481692, 0.14228740944049395, 0.147479390101191, 0.15281059713840525, 0.15828200664444952, 0.1638943789472848, 0.16964824330939476, 0.17554388347594488, 0.1815813241522062, 0.18776031849478045, 0.19408033670495067, 0.20054055581506433, 0.20713985075992178, 0.21387678682447, 0.2207496135565452, 0.22775626022888393, 0.2348943329281074, 0.24216111333990015, 0.24955355928922324, 0.2570683070822403, 0.2647016756828484, 0.2724496727414883, 0.2803080024774952, 0.2882720753988981, 0.29633701982557586, 0.3044976951633395, 0.3127487068581559, 0.3210844229416903, 0.32949899206195743, 0.3379863628764542, 0.34654030467001545, 0.35515442904606725, 0.3638222125282156, 0.3725370198994121, 0.3812921280984702, 0.39008075048859164, 0.39889606130989214, 0.4077312201277134, 0.4165793960907687, 0.42543379181781127, 0.4342876667384332, 0.44313435972263543, 0.4519673108447608, 0.46078008214002164, 0.4695663772259322, 0.47832005967618835, 0.4870351700506535, 0.4957059415018013, 0.5043268138949624, 0.5128924463967307, 0.5213977285026495, 0.5298377894915695, 0.53820800630963, 0.5465040099014683, 0.5547216900198465, 0.5628571985572652, 0.570906951454212, 0.5788676292483962, 0.5867361763376077, 0.594509799035704, 0.6021859625066784, 0.6097623866658365, 0.6172370411398695, 0.6246081393791283, 0.6318741320157615, 0.6390336995606924, 0.6460857445307657, 0.653029383094919, 0.6598639363250363, 0.6665889211333281, 0.6732040409737757, 0.6797091763804745, 0.6861043754107159, 0.6923898440554572, 0.6985659366745156, 0.7046331465084857, 0.7105920963140683, 0.7164435291642803, 0.7221882994499473, 0.7278273641139926, 0.7333617741453791, 0.7387926663551461, 0.744121255452846, 0.7493488264378284, 0.7544767273162583, 0.7595063621514918, 0.764439184452465, 0.7692766909020701, 0.7740204154251106, 0.7786719235932958, 0.7832328073628885, 0.7877046801390011, 0.7920891721591627, 0.7963879261876143, 0.8006025935108306, 0.8047348302239882, 0.8087862937974899, 0.8127586399122003, 0.8166535195517227, 0.8204725763398515, 0.8242174441112422, 0.8278897447033453, 0.8314910859577344, 0.8350230599191183, 0.838487241220543, 0.8418851856435566, 0.8452184288424209, 0.8484884852217967, 0.8516968469576985, 0.8548449831519077, 0.857934339110433, 0.860966335737027, 0.8639423690331813, 0.8668638096964486, 0.869732002809353, 0.8725482676115692, 0.8753138973484522, 0.8780301591894017, 0.8806982942099287, 0.883319517431667, 0.8858950179149365, 0.8884259588988093, 0.8909134779839669, 0.8933586873539556, 0.8957626740307475, 0.8981265001608112, 0.9004512033281653, 0.9027377968911513, 0.9049872703399066, 0.907200589671754, 0.909378697781939, 0.9115225148673536, 0.9136329388410791, 0.91571084575576, 0.917757090233991, 0.9197725059040565, 0.9217579058395116, 0.9237140830012294, 0.9256418106806662, 0.9275418429432195, 0.9294149150706594, 0.9312617440017195, 0.933083028770026, 0.9348794509386341, 0.9366516750305183, 0.9384003489544407, 0.940126104425689, 0.9418295573812389, 0.9435113083889545, 0.9451719430504932, 0.9468120323976307, 0.948432133281765, 0.9500327887564031, 0.9516145284524652, 0.9531778689462811, 0.9547233141201805, 0.9562513555156084, 0.9577624726787209, 0.9592571334984419, 0.9607357945369778, 0.9621989013528113, 0.9636468888162049, 0.9650801814172666, 0.9664991935666378, 0.967904329888879, 0.9692959855086358, 0.9706745463296801, 0.9720403893069248, 0.9733938827115235, 0.9747353863891636, 0.976065252011676, 0.9773838233220808, 0.9786914363731949, 0.979988419759931, 0.981275094845418, 0.9825517759810743, 0.9838187707207682, 0.9850763800291962, 0.9863248984846174, 0.9875646144760729, 0.9887958103952272, 0.9900187628229605, 0.9912337427108453, 0.9924410155576363, 0.9936408415809028, 0.9948334758839287, 0.9960191686180064, 0.997198165140248, 0.9983707061670318, 0.9995370279232072, 1.00069736228717, 1.0018519369319252, 1.0030009754622482, 1.0041446975480528, 1.0052833190540735, 1.006417052165967, 1.007546105512934, 1.0086706842869606, 1.0097909903587756, 1.0109072223906195, 1.0120195759459152, 1.013128243595931, 1.0142334150235213, 1.0153352771240303, 1.016434014103441, 1.0175298075738466, 1.0186228366463248, 1.0197132780212863, 1.0208013060763723, 1.0218870929519708, 1.0229708086344176, 1.0240526210369503, 1.0251326960784777, 1.0262111977602255, 1.0272882882403171, 1.0283641279063502, 1.0294388754460189, 1.0305126879158386, 1.0315857208080252, 1.0326581281155747, 1.033730062395593, 1.034801674830922, 1.0358731152901044, 1.0369445323857316, 1.0380160735312105, 1.0390878849959952, 1.040160111959314, 1.04123289856243, 1.0423063879594703, 1.0433807223668543, 1.0444560431113525, 1.0455324906768049, 1.0466102047495294, 1.0476893242624414, 1.0487699874379162, 1.0498523318294122, 1.050936494361881, 1.0520226113709843, 1.0531108186411355, 1.0542012514423897, 1.0552940445661925, 1.0563893323600086, 1.057487248760844, 1.058587927327674, 1.0596915012727914, 1.0607981034920853, 1.0619078665942596, 1.0630209229290042, 1.0641374046141225, 1.065257443561625, 1.0663811715027949, 1.0675087200122289, 1.0686402205308607, 1.0697758043879664, 1.0709156028221558, 1.072059747001352, 1.0732083680417575, 1.074361597025807]]"
40.0,40.0,3,90,270,I1-S0,"[[0.01, 0.009218546420913139, 0.008861068736292907, 0.00877505793697105, 0.008868438473995521, 0.009085434400649253, 0.009392113669452529, 0.00976778983351599, 0.01019985816638011, 0.010680690535346834, 0.01120576301694444, 0.011772523241654101, 0.01237970218286291, 0.013026893507898549, 0.013714294489470438, 0.014442544901552732, 0.015212625718425092, 0.016025794639689443, 0.01688354457180096, 0.017787576657551034, 0.018739782724134124, 0.019742233994012398, 0.02079717409455722, 0.02190701512554879, 0.02307433598529608, 0.02430188242839393, 0.025592568497991533, 0.026949479083068703, 0.02837587342070472, 0.029875189409181973, 0.03145104862874864, 0.033107261988286715, 0.03484783593124185, 0.03667697914497387, 0.038599109725432824, 0.040618862754547416, 0.04274109825144131, 0.04497090946090271, 0.04731363144364648, 0.049774849932976456, 0.05236041042157935, 0.05507642744042939, 0.05792929398919699, 0.060925691074161584, 0.06407259730543957, 0.06737729850035287, 0.07084739723397569, 0.07449082227128943, 0.0783158378079303, 0.08233105243820463, 0.08654542775984835, 0.09096828651489026, 0.095609320154916, 0.10047859570699592, 0.10558656180351284, 0.11094405372508757, 0.11656229729074495, 0.12245291141338879, 0.12862790912158042, 0.13509969683056908, 0.1418810716265579, 0.14898521630838063, 0.1564256919102149, 0.16421642740780482, 0.172371706289085, 0.18090614964830784, 0.18983469544104611, 0.19917257351610201, 0.20893527601978856, 0.2191385227487228, 0.22979822100971906, 0.24093041953021546, 0.25255125595062056, 0.26467689742183387, 0.27732347382788325, 0.29050700315613565, 0.304243308546993, 0.3185479265725837, 0.3334360063210078, 0.3489221989005792, 0.3650205370286748, 0.38174430443375723, 0.39910589487839043, 0.4171166607071199, 0.43578675093736335, 0.45512493904527873, 0.47513844075305733, 0.4958327223001187, 0.5172112998787742, 0.5392755311351854, 0.5620243998784159, 0.5854542954029844, 0.6095587881117226, 0.6343284034232172, 0.6597509702678337, 0.6858172081291336, 0.7125235368542436, 0.7398682254963806, 0.7678482210181057, 0.7964569994574185, 0.8256831248932088, 0.8555093000364883, 0.8859117595942235, 0.9168599045754094, 0.9483161086785569, 0.9802356510432304, 1.0125667458579843, 1.0452506505913068, 1.078221842343679, 1.1114082569859471, 1.1447315890443264, 1.1781076522095064, 1.2114468012423156, 1.2446544161808661, 1.277631449317044, 1.3102750345508773, 1.3424791575659365, 1.3741353838930812, 1.405133640425564, 1.4353630443888314, 1.4647127722203903, 1.4930729593412069, 1.5203356204584393, 1.5463955788833093, 1.571151392425414, 1.5945062627766615, 1.616368914956851, 1.6366544333815927, 1.6552850414438247, 1.6721908121730302, 1.6873102985397774, 1.7005910732839185, 1.7119901697280402, 1.721474416848944, 1.7290206638662051, 1.7346158917092374, 1.7382572108800973, 1.7399517473746435, 1.739716420397281, 1.737577617545917, 1.7335707749016698, 1.7277398709881118, 1.7201368448326106, 1.7108209493433622, 1.699858051896403, 1.6873198944044487, 1.6732833252210921, 1.6578295150361522, 1.6410431684650433, 1.6230117423574695, 1.6038246809837213, 1.5835726772383958, 1.5623469678707944, 1.5402386695475663, 1.5173381613136903, 1.493734517777189, 1.4695149961318823, 1.4447645789776153, 1.4195655738205728, 1.393997269154605, 1.368135646150191, 1.3420531442185126, 1.3158184780776816, 1.2894965034263235, 1.263148127923205, 1.2368302638744892, 1.2105958188346209, 1.1844937202233514, 1.1585689700396655, 1.1328627258024355, 1.1074124039565398, 1.0822518021411118, 1.0574112369132385, 1.0329176937462063, 1.0087949863674948, 0.9850639227603362, 0.9617424754169195, 0.9388459536953693, 0.9163871763915847, 0.8943766428869165, 0.8728227014703961, 0.8517317136574817, 0.8311082135344422, 0.8109550613475464, 0.7912735907286793, 0.7720637491038203, 0.7533242309682967, 0.7350526038334775, 0.7172454267543853, 0.6998983614375803, 0.6830062760046566, 0.6665633415499542, 0.6505631216827871, 0.6349986552857849, 0.6198625327529932, 0.6051469659952605, 0.5908438525172043, 0.5769448338806595, 0.5634413488748747, 0.5503246817146417, 0.537586005584783, 0.5252164218436295, 0.5132069951898977, 0.501548785087245, 0.49023287372919405, 0.4792503908144696, 0.46859253538942186, 0.4582505950004068, 0.4482159623849907, 0.43848014991685164, 0.429034802005422, 0.4198717056377799, 0.41098279923716924, 0.40236017999987084, 0.3939961098600319, 0.38588302022051824, 0.3780135155769152, 0.3703803761514808, 0.36297655964414693, 0.3557952021985754, 0.34882961867278206, 0.34207330229593913, 0.3355199237856235, 0.32916332999297804, 0.3229975421369668, 0.3170167536831098, 0.3112153279167434, 0.3055877952559538, 0.3001288503448295, 0.2948333489635644, 0.28969630478817576, 0.28471288602916567, 0.2798784119753198, 0.27518834946598525, 0.27063830931257504, 0.26622404268769184, 0.261941437498127, 0.2577865147560562, 0.25375542496100434, 0.2498444445035683, 0.2460499721004613, 0.2423685252691565, 0.23879673684924857, 0.23533135157661422, 0.23196922271551657, 0.2287073087529635, 0.22554267015888105, 0.22247246621499409, 0.21949395191471094, 0.21660447493577836, 0.21380147268700192, 0.21108246942991074, 0.2084450734758763, 0.20588697445887105, 0.20340594068376772, 0.20099981654983082, 0.1986665200488349, 0.19640404033705647, 0.19421043538022373, 0.19208382967036966, 0.19002241201341694, 0.18802443338622263, 0.1860882048617294, 0.18421209560080204, 0.18239453090927368, 0.1806339903586844, 0.17892900596916284, 0.17727816045287853, 0.1756800855164795, 0.17413346022092172, 0.17263700939709647, 0.17118950211566797, 0.16978975020954118, 0.16843660684739606, 0.16712896515674092, 0.1658657568949586, 0.1646459511668431, 0.1634685531871496, 0.1623326030867086, 0.1612371747606845, 0.16018137475758795, 0.15916434120768497, 0.15818524278947543, 0.15724327773294816, 0.15633767285835165, 0.15546768264925323, 0.15463258835869242, 0.15383169714726735, 0.1530643412520264, 0.15232987718506916, 0.151627684960794, 0.15095716735076037, 0.15031774916516596, 0.14970887655996945, 0.14913001636871936, 0.14858065545817972, 0.14806030010687093, 0.1475684754056739, 0.14710472467967148, 0.14666860893042902, 0.14625970629794097, 0.1458776115414963, 0.14552193553873982, 0.14519230480222986, 0.14488836101281652, 0.144609760569186, 0.14435617415293908, 0.1441272863085917, 0.14392279503790636, 0.14374241140798222, 0.14358585917255035, 0.14345287440593907, 0.14334320514919124, 0.14325661106783238, 0.14319286312080465, 0.14315174324009705, 0.1431330440206173, 0.14313656841986502, 0.14316212946697982, 0.14320954998075097, 0.1432786622961879, 0.14336930799926337, 0.14348133766945223, 0.1436146106297006, 0.14376899470347013, 0.14394436597851332, 0.14414060857704453, 0.14435761443198192, 0.14459528306894354, 0.14485352139369015, 0.14513224348471504, 0.14543137039068946, 0.14575082993247931, 0.14609055650945663, 0.14645049090983533, 0.1468305801247682, 0.14723077716594787, 0.14765104088646047, 0.14809133580464692, 0.14855163193073165, 0.14903190459598445, 0.1495321342841855, 0.15005230646516918, 0.15059241143022647, 0.1511524441291502, 0.15173240400871188, 0.1523322948523629, 0.15295212462095684, 0.15359190529429345, 0.154251652713289, 0.15493138642258034, 0.15563112951337488, 0.15635090846636118, 0.15709075299449862, 0.1578506958855077, 0.15863077284388652, 0.1594310223322812, 0.16025148541204243, 0.1610922055828024, 0.16195322862091105, 0.16283460241657227, 0.16373637680952574, 0.16465860342312194, 0.16560133549664266, 0.16656462771572197, 0.16754853604072673]]","[[0.01, 0.011673645222856313, 0.01362924433757481, 0.015801894644077778, 0.018156391320303715, 0.020675251175776056, 0.02335155816459656, 0.026184771806149726, 0.02917824536278866, 0.03233776295860692, 0.03567068410168955, 0.03918545033423724, 0.04289130746657734, 0.04679815595546372, 0.050916477339764614, 0.05525730577403427, 0.05983222631400132, 0.06465338912956438, 0.06973353329932062, 0.07508601650197905, 0.08072484849739918, 0.08666472722160386, 0.09292107686759113, 0.09951008764322336, 0.10644875708193191, 0.11375493288680712, 0.12144735734672125, 0.12954571339392967, 0.1380706723875944, 0.14704394371360796, 0.1564883262918702, 0.16642776208002472, 0.17688739165883616, 0.18789361197955073, 0.19947413634804473, 0.21165805671444907, 0.22447590833024123, 0.23795973682744975, 0.25214316776650875, 0.26706147869029745, 0.2827516737118463, 0.29925256065192224, 0.3166048307300489, 0.33485114079828104, 0.3540361980910518, 0.37420684744643296, 0.39541216093398784, 0.41770352980182446, 0.4411347586302443, 0.4657621615512844, 0.4916446603622168, 0.5188438843264408, 0.5474242714169093, 0.5774531707150046, 0.6090009456313393, 0.6421410775640429, 0.6769502695544155, 0.7135085494391525, 0.7518993719323991, 0.7922097189994751, 0.834530197807023, 0.8789551354514167, 0.9255826695784404, 0.9745148339124492, 1.0258576376125186, 1.0797211372665976, 1.1362195002226625, 1.1954710578387004, 1.257598347111575, 1.3227281390191563, 1.3909914517814603, 1.4625235471160873, 1.5374639074323955, 1.6159561917793037, 1.6981481682353954, 1.7841916203094885, 1.8742422248077697, 1.9684593985231196, 2.0670061110169335, 2.170048660697556, 2.277756411356816, 2.3903014863119174, 2.50785841731936, 2.630603745486225, 2.7587155715080445, 2.892373052717679, 3.0317558446424933, 3.1770434850439186, 3.3284147187603783, 3.486046762097265, 3.6501145060114584, 3.82078965792707, 3.9982398226969464, 4.182627523992766, 4.3741097720280715, 4.57284354463278, 4.7789899294263085, 4.992711262432641, 5.2141679990633, 5.443515932142729, 5.680903662555133, 5.926470258552794, 6.180343060760302, 6.44263560511875, 6.713445647327127, 6.992853280952484, 7.280919148060343, 7.577682746453075, 7.8831608417117645, 8.197345995418289, 8.520205223317223, 8.85167879884204, 9.19167921842726, 9.540090345389977, 9.896766748913711, 10.261533253825796, 10.63418471544945, 11.014486031863363, 11.402172403453399, 11.796949846742901, 12.19849596620129, 12.606460984128983, 13.020469024884603, 13.440119645752498, 13.864989602746373, 14.29463483571476, 14.72859265336322, 15.16638409534174, 15.607516445461906, 16.05148586749586, 16.497780132942587, 16.945881408685455, 17.395269071648066, 17.84542251740325, 18.295823930201465, 18.745960983038284, 19.195329438135516, 19.64343562050819, 20.089798740057077, 20.533953040779235, 20.975449759133863, 21.413858877240905, 21.84877066032724, 22.27979697157482, 22.706572361177898, 23.12875492990174, 23.546026970683428, 23.95809539476866, 24.364691951492514, 24.765573253055972, 25.160520617504957, 25.549339744579754, 25.931860240174867, 26.30793500584797, 26.67743951016537, 27.040270958699665, 27.39634737923805, 27.745606638254593, 28.08800540398572, 28.423518070564946, 28.752135656658506, 29.073864690934574, 29.388726095529016, 29.696754077470132, 29.997995036820807, 30.292506499111646, 30.580356078492315, 30.861620476935876, 31.136384523804388, 31.40474025913207, 31.666786063110692, 31.922625833473752, 32.172368211772266, 32.416125858914896, 32.65401477980601, 32.88615369645368, 33.11266346853071, 33.33366656005094, 33.54928655056394, 33.75964768906868, 33.96487448869458, 34.16509136009093, 34.36042228139736, 34.55099050263373, 34.73691828234227, 34.91832665433388, 35.09533522242922, 35.26806198114115, 35.43662316031321, 35.60113309180736, 35.761704096420175, 35.9184463892976, 36.07146800221249, 36.220874721164854, 36.366770037860434, 36.509255113718154, 36.648428755149766, 36.78438739894514, 36.917225106683794, 37.04703356717636, 37.17390210601941, 37.29791770142184, 37.419165005532555, 37.53772637056551, 37.653681879080835, 37.76710937783914, 37.87808451470009, 37.98668077808698, 38.0929695385852, 38.19702009228588, 38.2988997055251, 38.398673660705626, 38.49640530292146, 38.59215608713578, 38.685985625690826, 38.77795173595361, 38.86811048792432, 38.95651625165546, 39.04322174434851, 39.12827807701239, 39.21173480058334, 39.29363995141999, 39.37404009610005, 39.452980375456384, 39.53050454780045, 39.606655031290245, 39.68147294540816, 39.75499815152122, 39.82726929250305, 39.898323831402294, 39.96819808914769, 40.03692728128424, 40.104545553739065, 40.17108601761903, 40.23658078304523, 40.301060992031985, 40.364556850420676, 40.4270976588802, 40.488711842988, 40.54942698240679, 40.60926983917334, 40.66826638511684, 40.72644182842495, 40.78382063937649, 40.840426575260054, 40.8962827044984, 40.951411429998586, 41.00583451174803, 41.05957308867664, 41.11264769980546, 41.1650783047017, 41.21688430326045, 41.26808455483262, 41.31869739671889, 41.368740662048914, 41.41823169706475, 41.46718737782718, 41.515624126363335, 41.56355792627336, 41.611004337813874, 41.65797851247519, 41.70449520706911, 41.750568797343576, 41.79621329114005, 41.841442341109044, 41.8862692569989, 41.93070701753237, 41.97476828188515, 42.01846540078018, 42.06181042721105, 42.10481512680735, 42.14749098785466, 42.18984923098112, 42.231900818522504, 42.27365646357702, 42.3151266387609, 42.35632158467537, 42.397251318095314, 42.43792563988942, 42.478354142681596, 42.5185462182627, 42.55851106476163, 42.598257693584344, 42.63779493612916, 42.677131450286275, 42.71627572672934, 42.755236095006445, 42.794020729437754, 42.832637654826705, 42.87109475199142, 42.90939976312279, 42.94756029697538, 42.985583833897145, 43.02347773070367, 43.06124922540248, 43.09890544177273, 43.13645339380537, 43.17389999000869, 43.21125203758405, 43.24851624647627, 43.285699233303056, 43.32280752516773, 43.35984756335924, 43.396825706943325, 43.43374823624867, 43.470621356251456, 43.50745119986189, 43.544243831115935, 43.58100524827545, 43.6177413868397, 43.6544581224712, 43.69116127383871, 43.72785660537996, 43.7645498299867, 43.80124661161453, 43.83795256781983, 43.874673272226076, 43.91141425692151, 43.94818101479046, 43.98497900177996, 44.021813639103804, 44.05869031538549, 44.09561438874203, 44.13259118880998, 44.16962601871534, 44.206724156988635, 44.24389085942666, 44.28113136090204, 44.31845087712189, 44.35585460633665, 44.393347731000176, 44.430935419382116, 44.46862282713343, 44.506415098805924, 44.54431736932669, 44.582334765428044, 44.62047240703373, 44.658735408602006, 44.69712888042612, 44.73565792989271, 44.774327662698596, 44.813143184026266, 44.852109599678535, 44.891232017172506, 44.9305155467932, 44.969965302606965, 45.00958640343475, 45.04938397378554, 45.089363144749655, 45.129529054852256, 45.16988685086671, 45.21044168858794, 45.251198733565424, 45.29216316179579, 45.33334016037473, 45.37473492810793, 45.416352676080734, 45.4581986281862, 45.5002780216111, 45.542596107279486, 45.58515815025329, 45.62796943008953, 45.67103524115348, 45.714360892887356, 45.757951710033716, 45.80181303281311]]","[array([6.37688001e-05, 6.00799169e-05, 5.86665222e-05, 5.87302893e-05,
       5.97886735e-05, 6.15487719e-05, 6.38321423e-05, 6.65300058e-05,
       6.95762397e-05, 7.29311341e-05, 7.65715846e-05, 8.04851478e-05,
       8.46664198e-05, 8.91148157e-05, 9.38331954e-05, 9.88270058e-05,
       1.04103738e-04, 1.09672578e-04, 1.15544185e-04, 1.21730544e-04,
       1.28244869e-04, 1.35101547e-04, 1.42316097e-04, 1.49905158e-04,
       1.57886477e-04, 1.66278919e-04, 1.75102480e-04, 1.84378303e-04,
       1.94128710e-04, 2.04377230e-04, 2.15148635e-04, 2.26468978e-04,
       2.38365639e-04, 2.50867371e-04, 2.64004346e-04, 2.77808211e-04,
       2.92312137e-04, 3.07550882e-04, 3.23560842e-04, 3.40380118e-04,
       3.58048569e-04, 3.76607884e-04, 3.96101636e-04, 4.16575352e-04,
       4.38076576e-04, 4.60654929e-04, 4.84362177e-04, 5.09252293e-04,
       5.35381514e-04, 5.62808402e-04, 5.91593902e-04, 6.21801388e-04,
       6.53496721e-04, 6.86748281e-04, 7.21627013e-04, 7.58206453e-04,
       7.96562747e-04, 8.36774670e-04, 8.78923620e-04, 9.23093611e-04,
       9.69371246e-04, 1.01784568e-03, 1.06860854e-03, 1.12175389e-03,
       1.17737809e-03, 1.23557967e-03, 1.29645921e-03, 1.36011914e-03,
       1.42666351e-03, 1.49619778e-03, 1.56882849e-03, 1.64466296e-03,
       1.72380891e-03, 1.80637403e-03, 1.89246553e-03, 1.98218959e-03,
       2.07565080e-03, 2.17295150e-03, 2.27419109e-03, 2.37946526e-03,
       2.48886513e-03, 2.60247638e-03, 2.72037824e-03, 2.84264249e-03,
       2.96933229e-03, 3.10050104e-03, 3.23619114e-03, 3.37643263e-03,
       3.52124187e-03, 3.67062013e-03, 3.82455211e-03, 3.98300447e-03,
       4.14592431e-03, 4.31323847e-03, 4.48487103e-03, 4.66078068e-03,
       4.84095180e-03, 5.02536990e-03, 5.21400402e-03, 5.40679493e-03,
       5.60364729e-03, 5.80442448e-03, 6.00894544e-03, 6.21698281e-03,
       6.42826211e-03, 6.64246162e-03, 6.85921282e-03, 7.07810139e-03,
       7.29866855e-03, 7.52041288e-03, 7.74279253e-03, 7.96522781e-03,
       8.18710421e-03, 8.40777585e-03, 8.62656934e-03, 8.84278802e-03,
       9.05571663e-03, 9.26462637e-03, 9.46878024e-03, 9.66743874e-03,
       9.85986574e-03, 1.00453345e-02, 1.02231341e-02, 1.03925752e-02,
       1.05529964e-02, 1.07037705e-02, 1.08443097e-02, 1.09740712e-02,
       1.10925624e-02, 1.11993449e-02, 1.12940390e-02, 1.13763264e-02,
       1.14459532e-02, 1.15027316e-02, 1.15465409e-02, 1.15773282e-02,
       1.15951077e-02, 1.15999597e-02, 1.15920287e-02, 1.15715211e-02,
       1.15387019e-02, 1.14938911e-02, 1.14374599e-02, 1.13698256e-02,
       1.12914474e-02, 1.12028210e-02, 1.11044736e-02, 1.09969585e-02,
       1.08808501e-02, 1.07567383e-02, 1.06252242e-02, 1.04869144e-02,
       1.03424172e-02, 1.01923380e-02, 1.00372751e-02, 9.87781668e-03,
       9.71453704e-03, 9.54799405e-03, 9.37872653e-03, 9.20725218e-03,
       9.03406588e-03, 8.85963820e-03, 8.68441446e-03, 8.50881389e-03,
       8.33322926e-03, 8.15802661e-03, 7.98354538e-03, 7.81009862e-03,
       7.63797350e-03, 7.46743184e-03, 7.29871097e-03, 7.13202451e-03,
       6.96756338e-03, 6.80549684e-03, 6.64597351e-03, 6.48912258e-03,
       6.33505489e-03, 6.18386410e-03, 6.03562784e-03, 5.89040886e-03,
       5.74825608e-03, 5.60920575e-03, 5.47328243e-03, 5.34050001e-03,
       5.21086269e-03, 5.08436588e-03, 4.96099703e-03, 4.84073653e-03,
       4.72355836e-03, 4.60943091e-03, 4.49831759e-03, 4.39017747e-03,
       4.28496585e-03, 4.18263479e-03, 4.08313357e-03, 3.98640922e-03,
       3.89240682e-03, 3.80106994e-03, 3.71234098e-03, 3.62616143e-03,
       3.54247219e-03, 3.46121379e-03, 3.38232663e-03, 3.30575117e-03,
       3.23142810e-03, 3.15929850e-03, 3.08930399e-03, 3.02138683e-03,
       2.95549003e-03, 2.89155743e-03, 2.82953381e-03, 2.76936490e-03,
       2.71099749e-03, 2.65437945e-03, 2.59945974e-03, 2.54618848e-03,
       2.49451697e-03, 2.44439764e-03, 2.39578416e-03, 2.34863135e-03,
       2.30289525e-03, 2.25853307e-03, 2.21550320e-03, 2.17376520e-03,
       2.13327979e-03, 2.09400883e-03, 2.05591529e-03, 2.01896327e-03,
       1.98311793e-03, 1.94834550e-03, 1.91461327e-03, 1.88188952e-03,
       1.85014354e-03, 1.81934560e-03, 1.78946690e-03, 1.76047957e-03,
       1.73235665e-03, 1.70507205e-03, 1.67860052e-03, 1.65291764e-03,
       1.62799981e-03, 1.60382420e-03, 1.58036873e-03, 1.55761207e-03,
       1.53553359e-03, 1.51411335e-03, 1.49333210e-03, 1.47317120e-03,
       1.45361268e-03, 1.43463915e-03, 1.41623381e-03, 1.39838046e-03,
       1.38106340e-03, 1.36426751e-03, 1.34797816e-03, 1.33218123e-03,
       1.31686307e-03, 1.30201052e-03, 1.28761084e-03, 1.27365175e-03,
       1.26012138e-03, 1.24700828e-03, 1.23430138e-03, 1.22198999e-03,
       1.21006380e-03, 1.19851286e-03, 1.18732753e-03, 1.17649854e-03,
       1.16601693e-03, 1.15587404e-03, 1.14606152e-03, 1.13657130e-03,
       1.12739561e-03, 1.11852693e-03, 1.10995801e-03, 1.10168186e-03,
       1.09369172e-03, 1.08598109e-03, 1.07854367e-03, 1.07137339e-03,
       1.06446442e-03, 1.05781110e-03, 1.05140799e-03, 1.04524984e-03,
       1.03933160e-03, 1.03364838e-03, 1.02819547e-03, 1.02296835e-03,
       1.01796263e-03, 1.01317411e-03, 1.00859874e-03, 1.00423260e-03,
       1.00007193e-03, 9.96113114e-04, 9.92352657e-04, 9.88787205e-04,
       9.85413530e-04, 9.82228527e-04, 9.79229211e-04, 9.76412713e-04,
       9.73776276e-04, 9.71317252e-04, 9.69033099e-04, 9.66921379e-04,
       9.64979752e-04, 9.63205975e-04, 9.61597899e-04, 9.60153466e-04,
       9.58870706e-04, 9.57747737e-04, 9.56782757e-04, 9.55974047e-04,
       9.55319966e-04, 9.54818950e-04, 9.54469509e-04, 9.54270224e-04,
       9.54219748e-04, 9.54316801e-04, 9.54560168e-04, 9.54948702e-04,
       9.55481314e-04, 9.56156979e-04, 9.56974730e-04, 9.57933658e-04,
       9.59032909e-04, 9.60271684e-04, 9.61649237e-04, 9.63164872e-04,
       9.64817945e-04, 9.66607859e-04, 9.68534064e-04, 9.70596057e-04,
       9.72793379e-04, 9.75125614e-04, 9.77592387e-04, 9.80193365e-04,
       9.82928256e-04, 9.85796803e-04, 9.88798788e-04, 9.91934030e-04,
       9.95202380e-04, 9.98603727e-04, 1.00213799e-03, 1.00580511e-03,
       1.00960509e-03, 1.01353792e-03, 1.01760365e-03, 1.02180235e-03,
       1.02613410e-03, 1.03059902e-03, 1.03519726e-03, 1.03992899e-03,
       1.04479438e-03, 1.04979365e-03, 1.05492703e-03, 1.06019477e-03,
       1.06559712e-03, 1.07113437e-03, 1.07680682e-03, 1.08261478e-03,
       1.08855858e-03, 1.09463856e-03, 1.10085506e-03, 1.10720844e-03,
       1.11369908e-03])]","[[0, 6.376880005047202e-05, 0.00012384871691641303, 0.00018251523914562925, 0.00024124552847553743, 0.00030103420195134534, 0.00036258297389984485, 0.0004264151161723047, 0.0004929451219846375, 0.000562521361643119, 0.000635452495707665, 0.0007120240803268345, 0.0007925092281484265, 0.0008771756479887056, 0.0009662904636440044, 0.0010601236590254942, 0.0011589506648201615, 0.001263054402334414, 0.001372726979935576, 0.0014882711647903383, 0.0016100017083964953, 0.0017382465773400381, 0.001873348123974907, 0.0020156642212383006, 0.0021655693791333983, 0.0023234558560626807, 0.0024897347752916815, 0.002664837254827558, 0.002849215557581551, 0.0030433442676474284, 0.0032477214977434175, 0.0034628701322529354, 0.0036893391098076446, 0.003927704748950048, 0.004178572120067842, 0.004442576466490952, 0.0047203846773714265, 0.005012696814715508, 0.005320247696697722, 0.005643808539151196, 0.005984188656890052, 0.006342237226272545, 0.0067188451101520014, 0.007114946746081029, 0.007531522098327594, 0.007969598673924163, 0.008430253602597724, 0.008914615780013905, 0.009423868073306868, 0.009959249587352732, 0.010522057989671919, 0.011113651891209116, 0.011735453279532307, 0.012388950000208029, 0.01307569828124226, 0.013797325294518334, 0.014555531747108339, 0.015352094494175694, 0.016188869163917378, 0.01706779278360796, 0.017990886394297807, 0.018960257640078873, 0.01997810331605782, 0.021046711857263506, 0.02216846574866063, 0.023345843834241306, 0.024581423500821216, 0.02587788270967789, 0.027238001846539912, 0.028664665357673605, 0.030160863136928357, 0.03172969162560707, 0.033374354583942216, 0.03509816348980442, 0.03690453751707825, 0.03879700304294424, 0.04077919263015005, 0.04285484342728665, 0.0450277949271669, 0.04730198602070069, 0.04968145128125039, 0.052170316412419725, 0.05477279279067451, 0.05749317103322348, 0.06033581352131636, 0.06330514580967271, 0.06640564685427103, 0.06964183799334543, 0.07301827062030139, 0.07653951249252153, 0.08021013262683227, 0.08403468474088535, 0.08801768921000581, 0.09216361352128699, 0.09647685199377241, 0.10096172302606873, 0.10562250370317053, 0.11046345550483794, 0.11548882540377131, 0.12070282942039769, 0.1261096243548552, 0.1317132716497742, 0.13751769613418388, 0.1435266415725543, 0.14974362438048233, 0.15617188649114944, 0.16281434810915216, 0.1696735609314745, 0.17675166232124898, 0.1840503308683725, 0.19157074374734792, 0.19931353627616963, 0.2072787640827258, 0.2154658682911457, 0.22387364414536795, 0.2325002134876602, 0.24134300150346788, 0.2503987181290982, 0.25966334449422945, 0.26913212473646936, 0.2787995634800234, 0.28865942921526694, 0.298704763751329, 0.3089278978407582, 0.31932047299534966, 0.32987346942696366, 0.3405772399586071, 0.3514215496613027, 0.3623956208835866, 0.37348818325513844, 0.38468752816630675, 0.3959815671532867, 0.4073578935563643, 0.41880384676764437, 0.4303065783463704, 0.44185311925529996, 0.45343044746117983, 0.465025555146326, 0.4766255147963584, 0.4882175434606057, 0.4997890645255115, 0.5113277663961764, 0.522821657545315, 0.5342591174605573, 0.5456289430982205, 0.5569203905323971, 0.5681232115704502, 0.5792276851878572, 0.590224643714999, 0.6011054937843765, 0.6118622321174344, 0.6224874562945805, 0.6329743707091964, 0.6433167879558543, 0.6535091259441993, 0.6635464010629212, 0.6734242177430171, 0.6831387547864147, 0.692686748835458, 0.7020654753613073, 0.7112727275456702, 0.7203067934211961, 0.7291664316221123, 0.7378508460790596, 0.746359659971366, 0.7546928892269389, 0.7628509158352647, 0.7708344612133122, 0.7786445598380447, 0.7862825333332373, 0.7937499651728352, 0.8010486761385103, 0.8081807006456891, 0.8151482640303557, 0.8219537608685331, 0.8285997343816455, 0.8350888569639948, 0.8414239118533917, 0.847607775952529, 0.8536434037969292, 0.8595338126551739, 0.8652820687385315, 0.8708912744899464, 0.8763645569165246, 0.8817050569250289, 0.8869159196163657, 0.8920002854924919, 0.8969612825274725, 0.9018020190534766, 0.9065255774122025, 0.9111350083224813, 0.9156333259155235, 0.9200235033903823, 0.9243084692436127, 0.928491104028765, 0.9325742376031924, 0.9365606468216252, 0.9404530536380388, 0.9442541235794527, 0.9479664645574476, 0.9515926259853154, 0.955135098170863, 0.9585963119569524, 0.9619786385838511, 0.9652843897493935, 0.9685158178447968, 0.971675116345732, 0.9747644203399112, 0.9777858071740316, 0.9807412972043907, 0.9836328546368751, 0.986462388443321, 0.9892317533424494, 0.9919427508346993, 0.9945971302813198, 0.9971965900190418, 0.9997427785025306, 1.0022372954676364, 1.0046816931092049, 1.007077477267892, 1.0094261086210543, 1.0117290038733529, 1.0139875369432327, 1.0162030401419075, 1.0183768053419096, 1.020510085132654, 1.0226040939608172, 1.0246600092536446, 1.0266789725235914, 1.0286620904529553, 1.0306104359573913, 1.0325250492274058, 1.0344069387471115, 1.036257082289691, 1.0380764278891612, 1.039865894788165, 1.041626374361626, 1.043358731016213, 1.0450638030656378, 1.0467424035819033, 1.0483953212226733, 1.050023321035006, 1.051627145235734, 1.0532075139688295, 1.0547651260401194, 1.0563006596297533, 1.0578147729828513, 1.0593081050787818, 1.0607812762795323, 1.0622348889576556, 1.0636695281042796, 1.0650857619176781, 1.0664841423729041, 1.0678652057729892, 1.0692294732822134, 1.0705774514419477, 1.0719096326695694, 1.0732264957409443, 1.0745285062569667, 1.0758161170946388, 1.0770897688431653, 1.078349890225532, 1.0795968985060245, 1.0808311998841387, 1.082053189875321, 1.083263253678969, 1.0844617665341116, 1.0856490940631782, 1.0868255926042545, 1.0879916095322135, 1.0891474835691002, 1.0902935450841322, 1.0914301163836797, 1.0925575119915636, 1.0936760389200095, 1.0947859969315852, 1.0958876787924317, 1.0969813705170974, 1.0980673516052675, 1.0991458952706754, 1.100217268662473, 1.1012817330793259, 1.102339544176493, 1.103390952166138, 1.1044362020111176, 1.1054755336124724, 1.1065091819908532, 1.1075373774620931, 1.1085603458071371, 1.1095783084365314, 1.110591482549665, 1.1116000812889542, 1.1126043138891453, 1.1136043858219171, 1.1146004989359448, 1.1155928515925888, 1.1165816387973668, 1.1175670523273542, 1.1185492808546624, 1.119528510066129, 1.1205049227793569, 1.1214786990552301, 1.1224500163070292, 1.1234190494062655, 1.12438597078535, 1.125350950537205, 1.126314156511924, 1.1272757544105836, 1.128235907876303, 1.1291947785826448, 1.130152526319448, 1.1311093090761788, 1.1320652831228804, 1.133020603088805, 1.1339754220388012, 1.1349298915475288, 1.1358841617715734, 1.1368383815195262, 1.1377926983200932, 1.138747258488294, 1.139702207189811, 1.1406576885035413, 1.1416138454824076, 1.1425708202124778, 1.143528753870441, 1.1444877867794865, 1.1454480584636293, 1.146409707700524, 1.147372872572807, 1.148337690518002, 1.149304298377028, 1.150272832441339, 1.1512434284987292, 1.1522162218778336, 1.1531913474913502, 1.1541689398780104, 1.1551491332433224, 1.1561320614991084, 1.1571178583018598, 1.158106657089925, 1.1590985911195517, 1.1600937934997977, 1.1610923972263245, 1.1620945352140886, 1.1631003403289397, 1.1641099454181396, 1.1651234833398056, 1.1661410869912912, 1.1671628893365062, 1.1681890234321841, 1.1692196224530975, 1.1702548197162257, 1.171294748703875, 1.1723395430857508, 1.1733893367399828, 1.174444263773095, 1.1755044585389238, 1.1765700556564747, 1.177641190026712, 1.1787179968482777, 1.1798006116321256, 1.180889170215068, 1.18198380877222, 1.183084663828333, 1.1841918722680025, 1.1853055713447398]]"
40.0,40.0,3,90,270,I0-S1,"[[0.01, 0.009218546420913139, 0.008861068736292907, 0.00877505793697105, 0.008868443846978049, 0.009085512659991794, 0.00939247577557815, 0.0097688393035904, 0.010202214216132119, 0.01068519344165259, 0.011213467227415251, 0.011784682088608736, 0.012397746916034588, 0.0130524085324788, 0.013748990080833511, 0.014488228208354747, 0.015271170524866548, 0.016099110108393967, 0.016973543009569304, 0.01789614021997687, 0.018868728887970868, 0.01989327956747215, 0.02097189749711294, 0.022106816644057142, 0.02330039569775983, 0.024555115477117053, 0.025873577387903274, 0.027258502676992934, 0.028712732300258056, 0.030239227267121187, 0.03184106935556243, 0.03352146211244837, 0.035283732068761564, 0.037131330109768906, 0.0390678329477005, 0.041096944649964565, 0.043222498179851264, 0.04544845690944732, 0.047778916066347134, 0.05021810407688348, 0.05277038376914134, 0.05544025339905944, 0.05823234746254151, 0.06115143725575183, 0.06420243114470754, 0.0673903745039433, 0.07072044928244856, 0.0741979731532953, 0.07782839820141384, 0.08161730910186284, 0.08557042073870591, 0.08969357521227607, 0.09399273818020956, 0.09847399447519224, 0.10314354293991464, 0.10800769041731138, 0.11307284483180241, 0.11834550729499893, 0.12383226316723, 0.12953977200433534, 0.13547475631750908, 0.14164398907262757, 0.1480542798545144, 0.154712459621059, 0.16162536397208474, 0.16879981485844028, 0.17624260065805264, 0.18396045454772036, 0.19196003110234225, 0.2002478810571716, 0.20883042417366462, 0.21771392015566599, 0.22690443757015433, 0.23640782073567265, 0.24622965455200077, 0.25637522725670325, 0.26684949110800843, 0.27765702100913986, 0.2888019711068183, 0.30028802941625093, 0.31211837054658, 0.32429560662451107, 0.336821736539683, 0.34969809366326, 0.36292529222115755, 0.37650317253515936, 0.39043074537879774, 0.40470613573005587, 0.41932652623946054, 0.43428810076965313, 0.4495859884006809, 0.46521420833360333, 0.48116561616304476, 0.49743185202647044, 0.5140034408509176, 0.5308712679216208, 0.5480273745210299, 0.5654640883981331, 0.5831733592333497, 0.6011463468597796, 0.6193731629175818, 0.6378427062824965, 0.6565425563746518, 0.6754589028992894, 0.6945764993478553, 0.7138786329149345, 0.733347106712748, 0.7529622321106213, 0.7727028301907563, 0.7925462419970046, 0.8124683476444047, 0.8324435945659122, 0.8524450352669246, 0.8724443749790707, 0.8924120295773218, 0.9123171940640664, 0.9321279218398065, 0.9518112148786099, 0.9713331248114291, 0.9906588647948529, 1.0097529319092096, 1.0285792396904287, 1.0471012602568468, 1.0652821753474842, 1.0830850354445791, 1.1004729260127946, 1.1174091397531198, 1.1338573536436432, 1.14978180942474, 1.165147496085336, 1.1799203328222174, 1.1940673508781212, 1.2075568726185182, 1.2203586861832623, 1.2324442140489111, 1.2437866738613221, 1.2543612299464981, 1.264145133980409, 1.2731178533950125, 1.2812611862167278, 1.2885593611735058, 1.2949991220651993, 1.3005697955666062, 1.3052633418203394, 1.309074387374328, 1.312000240222801, 1.3140408869164188, 1.3151989719131523, 1.3154797595429744, 1.3148910791529291, 1.313443254181464, 1.3111490160790769, 1.3080234041437744, 1.3040836524723665, 1.2993490653405486, 1.2938408824147745, 1.2875821352663797, 1.2805974967030167, 1.2729131244544198, 1.2645565007494801, 1.2555562693006779, 1.2459420711714662, 1.2357443809439836, 1.2249943445304512, 1.213723619883916, 1.2019642217649353, 1.1897483716126518, 1.1771083534538518, 1.1640763766642825, 1.1506844462749457, 1.1369642413943182, 1.1229470021973742, 1.108663425815585, 1.0941435713502445, 1.0794167741257563, 1.0645115692009763, 1.0494556240661328, 1.0342756803708222, 1.0189975044555253, 1.0036458463951536, 0.9882444072083656, 0.9728158138406363, 0.9573816014920572, 0.9419622028321772, 0.9265769436234235, 0.91124404426117, 0.8959806267317815, 0.8808027264892798, 0.8657253087560189, 0.8507622887622316, 0.8359265554528797, 0.8212299982072555, 0.8066835361366309, 0.7922971495473636, 0.7780799131807012, 0.7640400308655853, 0.7501848712466004, 0.7365210042754352, 0.7230542381804728, 0.7097896566550957, 0.6967316560307223, 0.6838839822252502, 0.6712497672813125, 0.6588315653313829, 0.6466313878482126, 0.6346507380592468, 0.6228906444225143, 0.6113516930789696, 0.6000340592123977, 0.5889375372627674, 0.5780615699523762, 0.5674052760962967, 0.5569674771795625, 0.546746722693285, 0.5367413142305109, 0.5269493283502116, 0.5173686382243745, 0.507996934088837, 0.49883174252332546, 0.48987044459020357, 0.48111029286476603, 0.4725484273926019, 0.4641818906116544, 0.456007641278186, 0.44802256743697316, 0.4402234984767545, 0.4326072163122971, 0.42517046573446293, 0.4179099639694044, 0.41082240948752374, 0.4039044901021416, 0.3971528903969555, 0.39056429852037194, 0.38413541238367865, 0.37786294529882414, 0.37174363109029585, 0.3657742287142697, 0.3599515264168447, 0.35427234546180264, 0.3487335434569484, 0.34333201730670604, 0.3380647058172798, 0.33292859197933944, 0.3279207049518682, 0.3230381217695236, 0.31827796879460485, 0.3136374229335081, 0.30911371263637766, 0.30470411869753156, 0.3004059748731585, 0.29621666833174365, 0.29213363995169, 0.28815438447965813, 0.2842764505622467, 0.2804974406627833, 0.27681501087418503, 0.2732268706380832, 0.2697307823796818, 0.2663245610671368, 0.2630060737035998, 0.25977323875946334, 0.25662402555177727, 0.25355645357726886, 0.25056859180490154, 0.2476585579334346, 0.24482451761900953, 0.24206468367737732, 0.2393773152649979, 0.23676071704288582, 0.23421323832674346, 0.2317332722266125, 0.22931925477898618, 0.22696966407405775, 0.2246830193805307, 0.22245788027018618, 0.22029284574418925, 0.21818655336291803, 0.2161376783809157, 0.2141449328883975, 0.21220706496058797, 0.21032285781601956, 0.20849112898479166, 0.20671072948766647, 0.20498054302676638, 0.20329948518853388, 0.201666502659521, 0.20008057245548824, 0.1985407011642143, 0.19704592420234462, 0.19559530508654172, 0.19418793471913917, 0.19282293068844716, 0.19149943658380733, 0.19021662132544975, 0.18897367850916422, 0.18776982576576132, 0.18660430413526558, 0.18547637745575335, 0.18438533176672173, 0.1833304747268506, 0.1823111350459995, 0.18132666193126198, 0.18037642454688382, 0.17945981148783688, 0.17857623026682848, 0.17772510681451473, 0.17690588499267737, 0.1761180261201159, 0.175361008511, 0.17463432702542214, 0.17393749263188618, 0.17327003198146407, 0.17263148699335046, 0.17202141445154387, 0.17143938561238145, 0.1708849858226547, 0.17035781414803364, 0.16985748301152737, 0.1693836178417113, 0.1689358567304516, 0.1685138500998609, 0.16811726037822028, 0.16774576168460678, 0.16739903952196683, 0.16707679047838067, 0.166778721936265, 0.16650455178926496, 0.16625400816659028, 0.1660268291645535, 0.16582276258507248, 0.16564156568090277, 0.16548300490736942, 0.1653468556803715, 0.1652329021404371, 0.16514093692260903, 0.1650707609319471, 0.16502218312443517, 0.16499502029308585, 0.16498909685903923, 0.1650042446674556, 0.16504030278800644, 0.1650971173197702, 0.16517454120034522, 0.16527243401899303, 0.16539066183363108, 0.16552909699149576, 0.16568761795330075, 0.16586610912071856, 0.16606446066701686, 0.16628256837068378, 0.16652033345187967, 0.1667776624115561, 0.16705446687308548, 0.1673506634262477, 0.16766617347342316, 0.16800092307784437, 0.16835484281376048, 0.1687278676183732, 0.16911993664540315, 0.16953099312015055, 0.16996098419591468, 0.1704098608116409, 0.17087757755066496, 0.17136409250042803, 0.17186936711303757, 0.17239336606655198]]","[[0.01, 0.011673645222856313, 0.01362924433757481, 0.015801894644077778, 0.018156396973422848, 0.02067533772244006, 0.02335197863164374, 0.02618604990116677, 0.02918125146342833, 0.03234377583929032, 0.03568144011353639, 0.03920318127463512, 0.04291876806674653, 0.04683864167169413, 0.050973832920186146, 0.05533592487757167, 0.059937042279622266, 0.0647898568317203, 0.06990760187882752, 0.07530409262898226, 0.08099374970251556, 0.0869916247206648, 0.0933134272025016, 0.09997555236438396, 0.10699510960477482, 0.11438995156487697, 0.12217870371524753, 0.1303807944500775, 0.139016485685836, 0.14810690396638873, 0.15767407207656364, 0.1677409411628165, 0.17833142335450822, 0.18947042487310622, 0.20118387960978418, 0.2134987831446306, 0.22644322717307774, 0.24004643429726072, 0.2543387931317989, 0.26935189366492873, 0.285118562806971, 0.3016729000487437, 0.3190503131426873, 0.33728755370912017, 0.35642275265913737, 0.37649545531418477, 0.39754665609024176, 0.4196188326018116, 0.44275597902752206, 0.467003638565073, 0.4924089347885152, 0.5190206017054149, 0.546889012295346, 0.576066205294386, 0.6066059099728818, 0.6385635686357499, 0.6719963565560191, 0.7069631990332736, 0.7435247852492038, 0.7817435785726834, 0.8216838229468107, 0.8634115449702795, 0.9069945512654503, 0.9525024207057432, 1.0000064910556656, 1.0495798395581522, 1.1012972569861739, 1.155235214659058, 1.2114718239089475, 1.2700867874696709, 1.331161342249359, 1.3947781929398204, 1.4610214359104432, 1.5299764728326397, 1.6017299134831349, 1.6763694671811944, 1.753983822326761, 1.8346625135239658, 1.9184957757981729, 2.0055743854451817, 2.0959894870890357, 2.1898324065706154, 2.287194449343397, 2.3881666841159204, 2.492839711553129, 2.6013034179311925, 2.7136467137330587, 2.8299572572750082, 2.950321163568059, 3.0748226987421385, 3.203543960495398, 3.336564545175483, 3.473961202253557, 3.6158074771146023, 3.76217350071888, 3.9131273336045904, 4.0687360147602005, 4.22906488129781, 4.3941768855501016, 4.564132029262988, 4.738986866841009, 4.918794049068682, 5.103601890485534, 5.293453950832388, 5.488388625477813, 5.688438742548701, 5.8936311662787375, 6.103986407247939, 6.319518240955037, 6.540233336686781, 6.766130899011434, 6.997202324479564, 7.233430876294433, 7.47479137983413, 7.72124994197806, 7.972763697216198, 8.229280583503156, 8.490739150761256, 8.757068404837577, 9.028187689579312, 9.304006609509669, 9.584424995363525, 9.869332914478957, 10.15861072773926, 10.45212919442241, 10.749749625944109, 11.051324089080433, 11.356695658831038, 11.665698720639126, 11.978159321225677, 12.293895566829033, 12.612718067173605, 12.934430423030113, 13.258829754781514, 13.585707268980837, 13.9148488594863, 14.246035739392136, 14.57904509964645, 14.913650789965933, 15.249624017425864, 15.586734057926662, 15.924748975618025, 16.26343634530048, 16.602563972822555, 16.941900608549695, 17.28121664909681, 17.62028482268794, 17.958880853729926, 18.29678410245869, 18.633778175830813, 18.96965150618469, 19.304197894577715, 19.63721701611262, 19.96851488499029, 20.29790427746149, 20.625205111288803, 20.950244780766994, 21.272858446778148, 21.59288928177203, 21.91018866995712, 22.22461636335895, 22.53604059474643, 22.844338148740057, 23.149394392696593, 23.451103269210993, 23.749367252286866, 24.044097269402, 24.335212591834903, 24.62264069572356, 24.906317096399306, 25.186185158579196, 25.462195885011255, 25.73430768615091, 26.0024861334064, 26.26670369842864, 26.52693948083953, 26.78317892669503, 27.035413539867967, 27.28364058841327, 27.527862807847523, 27.768088103138034, 28.0043292510558, 28.23660360440431, 28.46493279949337, 28.689342468086185, 28.909861954909662, 29.126524041684007, 29.339364678498683, 29.548422723238975, 29.75373968965102, 29.955359504523823, 30.153328274364938, 30.34769406185216, 30.538506672256872, 30.72581744995569, 30.90967908507548, 31.090145430252676, 31.267271327430652, 31.441112444568542, 31.611725122091002, 31.779166228870434, 31.94349302750114, 32.10476304859779, 32.263033973828556, 32.41836352737578, 32.57080937550326, 32.72042903389965, 32.86727978246072, 33.011418587169736, 33.1529020287342, 33.291786237638476, 33.42812683527534, 33.56197888082416, 33.69339682355034, 33.82243446020821, 33.94914489723823, 34.073580517459234, 34.19579295096645, 34.31583304995693, 34.43375086721512, 34.54959563800258, 34.66341576510744, 34.77525880682052, 34.88517146761675, 34.99319959133156, 35.09938815663328, 35.20378127460346, 35.30642218824752, 35.40735327376874, 35.506616043448396, 35.604251149984506, 35.700298392151154, 35.79479672164894, 35.8877842510259, 35.97929826255619, 36.06937521797177, 36.15805076894938, 36.24535976826242, 36.33133628151374, 36.41601359937171, 36.49942425023768, 36.58160001327882, 36.66257193176517, 36.74237032665487, 36.82102481037624, 36.89856430075936, 36.97501703507428, 37.05041058413636, 37.12477186644307, 37.1981271623097, 37.270502127974574, 37.3419218096471, 37.41241065747484, 37.48199253940805, 37.5506907549424, 37.61852804872292, 37.6855266239939, 37.751708155881424, 37.81709380449685, 37.88170422785105, 37.94555959457065, 38.008679596408776, 38.07108346054405, 38.132789961662624, 38.19381743381902, 38.25418378207251, 38.31390649389648, 38.373002650359204, 38.43148893707477, 38.48938165492395, 38.546696730544994, 38.60344972659501, 38.65965585178312, 38.715329970676734, 38.77048661328291, 38.82513998440697, 38.879303972790694, 38.932992160033095, 38.986217829296365, 39.038993973800366, 39.091333305108876, 39.14324826121099, 39.19475101440127, 39.24585347896224, 39.29656731865303, 39.34690395400789, 39.39687456944841, 39.446490120213355, 39.495761339110025, 39.54469874309093, 39.593312639659814, 39.641613133110845, 39.689610130604834, 39.737313348086396, 39.784732316045776, 39.83187638512921, 39.87875473160147, 39.92537636266429, 39.97175012163441, 40.017884692984644, 40.063788607251624, 40.10947024581358, 40.15493784554163, 40.200199503327816, 40.245263180493254, 40.290136707079434, 40.33482778602597, 40.37934399723765, 40.42369280154394, 40.46788154455378, 40.51191746040838, 40.55580767543503, 40.59955921170441, 40.643178990494086, 40.686673835660756, 40.730050476923694, 40.77331555306182, 40.81647561502675, 40.85953712897402, 40.902506479214814, 40.945389971090215, 40.98819383377012, 41.03092422297877, 41.073587223648914, 41.11618885250644, 41.15873506058723, 41.201231735688154, 41.24368470475371, 41.28609973620012, 41.32848254217834, 41.370838780777554, 41.41317405817063, 41.45549393070292, 41.49780390692581, 41.54010944957625, 41.5824159775036, 41.624728867544945, 41.667053456350025, 41.709395042156956, 41.751758886519696, 41.79415021598834, 41.83657422374316, 41.87903607118337, 41.92154088947142, 41.964093781033675, 42.006699821018266, 42.04936405871089, 42.09209151890921, 42.13488720325649, 42.17775609153526, 42.22070314292132, 42.26373329719891, 42.306851475937314, 42.35006258362957, 42.39337150879358, 42.43678312503607, 42.48030229207979, 42.52393385675421, 42.567682653950115, 42.61155350753826, 42.655551231252375, 42.6996806295367, 42.743946498358255, 42.788353625983895, 42.83290679372235, 42.877610776631315]]","[array([6.37688001e-05, 6.00799169e-05, 5.86665222e-05, 5.87302966e-05,
       5.97888815e-05, 6.15500726e-05, 6.38365647e-05, 6.65409519e-05,
       6.95985753e-05, 7.29711815e-05, 7.66370468e-05, 8.05849861e-05,
       8.48107010e-05, 8.93145377e-05, 9.41000995e-05, 9.91733788e-05,
       1.04542207e-04, 1.10215900e-04, 1.16205027e-04, 1.22521257e-04,
       1.29177256e-04, 1.36186612e-04, 1.43563793e-04, 1.51324109e-04,
       1.59483693e-04, 1.68059487e-04, 1.77069232e-04, 1.86531470e-04,
       1.96465541e-04, 2.06891585e-04, 2.17830554e-04, 2.29304214e-04,
       2.41335155e-04, 2.53946803e-04, 2.67163424e-04, 2.81010143e-04,
       2.95512945e-04, 3.10698693e-04, 3.26595130e-04, 3.43230895e-04,
       3.60635522e-04, 3.78839455e-04, 3.97874046e-04, 4.17771560e-04,
       4.38565177e-04, 4.60288987e-04, 4.82977991e-04, 5.06668088e-04,
       5.31396068e-04, 5.57199600e-04, 5.84117206e-04, 6.12188250e-04,
       6.41452901e-04, 6.71952109e-04, 7.03727563e-04, 7.36821650e-04,
       7.71277403e-04, 8.07138450e-04, 8.44448948e-04, 8.83253508e-04,
       9.23597124e-04, 9.65525078e-04, 1.00908285e-03, 1.05431600e-03,
       1.10127007e-03, 1.14999043e-03, 1.20052218e-03, 1.25290994e-03,
       1.30719776e-03, 1.36342887e-03, 1.42164558e-03, 1.48188898e-03,
       1.54419880e-03, 1.60861316e-03, 1.67516834e-03, 1.74389848e-03,
       1.81483536e-03, 1.88800811e-03, 1.96344289e-03, 2.04116261e-03,
       2.12118658e-03, 2.20353020e-03, 2.28820461e-03, 2.37521633e-03,
       2.46456691e-03, 2.55625254e-03, 2.65026372e-03, 2.74658483e-03,
       2.84519378e-03, 2.94606167e-03, 3.04915233e-03, 3.15442206e-03,
       3.26181919e-03, 3.37128402e-03, 3.48275340e-03, 3.59617077e-03,
       3.71148448e-03, 3.82864243e-03, 3.94758847e-03, 4.06826030e-03,
       4.19058802e-03, 4.31449328e-03, 4.43988867e-03, 4.56667736e-03,
       4.69475282e-03, 4.82399870e-03, 4.95428872e-03, 5.08548664e-03,
       5.21744634e-03, 5.35001186e-03, 5.48301762e-03, 5.61628860e-03,
       5.74964062e-03, 5.88288072e-03, 6.01580755e-03, 6.14821191e-03,
       6.27987725e-03, 6.41058037e-03, 6.54009207e-03, 6.66817800e-03,
       6.79459943e-03, 6.91911425e-03, 7.04147787e-03, 7.16144433e-03,
       7.27876730e-03, 7.39320128e-03, 7.50450275e-03, 7.61243133e-03,
       7.71675101e-03, 7.81723140e-03, 7.91364889e-03, 8.00578790e-03,
       8.09344203e-03, 8.17641523e-03, 8.25452288e-03, 8.32759283e-03,
       8.39546640e-03, 8.45799924e-03, 8.51506220e-03, 8.56654196e-03,
       8.61234174e-03, 8.65238172e-03, 8.68659951e-03, 8.71495039e-03,
       8.73740747e-03, 8.75396174e-03, 8.76462198e-03, 8.76941457e-03,
       8.76838321e-03, 8.76158845e-03, 8.74910718e-03, 8.73103204e-03,
       8.70747066e-03, 8.67854492e-03, 8.64439005e-03, 8.60515368e-03,
       8.56099492e-03, 8.51208330e-03, 8.45859771e-03, 8.40072532e-03,
       8.33866051e-03, 8.27260375e-03, 8.20276053e-03, 8.12934029e-03,
       8.05255536e-03, 7.97261993e-03, 7.88974911e-03, 7.80415794e-03,
       7.71606055e-03, 7.62566927e-03, 7.53319391e-03, 7.43884097e-03,
       7.34281303e-03, 7.24530811e-03, 7.14651915e-03, 7.04663353e-03,
       6.94583265e-03, 6.84429154e-03, 6.74217864e-03, 6.63965544e-03,
       6.53687640e-03, 6.43398872e-03, 6.33113231e-03, 6.22843968e-03,
       6.12603600e-03, 6.02403907e-03, 5.92255940e-03, 5.82170032e-03,
       5.72155809e-03, 5.62222203e-03, 5.52377473e-03, 5.42629220e-03,
       5.32984408e-03, 5.23449387e-03, 5.14029915e-03, 5.04731181e-03,
       4.95557829e-03, 4.86513982e-03, 4.77603270e-03, 4.68828850e-03,
       4.60193435e-03, 4.51699314e-03, 4.43348382e-03, 4.35142159e-03,
       4.27081813e-03, 4.19168187e-03, 4.11401818e-03, 4.03782957e-03,
       3.96311594e-03, 3.88987471e-03, 3.81810108e-03, 3.74778817e-03,
       3.67892720e-03, 3.61150767e-03, 3.54551748e-03, 3.48094313e-03,
       3.41776981e-03, 3.35598157e-03, 3.29556143e-03, 3.23649149e-03,
       3.17875305e-03, 3.12232671e-03, 3.06719247e-03, 3.01332981e-03,
       2.96071777e-03, 2.90933507e-03, 2.85916011e-03, 2.81017110e-03,
       2.76234608e-03, 2.71566301e-03, 2.67009979e-03, 2.62563432e-03,
       2.58224456e-03, 2.53990854e-03, 2.49860441e-03, 2.45831048e-03,
       2.41900524e-03, 2.38066738e-03, 2.34327584e-03, 2.30680979e-03,
       2.27124869e-03, 2.23657227e-03, 2.20276057e-03, 2.16979395e-03,
       2.13765307e-03, 2.10631897e-03, 2.07577297e-03, 2.04599679e-03,
       2.01697246e-03, 1.98868239e-03, 1.96110935e-03, 1.93423645e-03,
       1.90804716e-03, 1.88252534e-03, 1.85765516e-03, 1.83342118e-03,
       1.80980832e-03, 1.78680182e-03, 1.76438729e-03, 1.74255069e-03,
       1.72127831e-03, 1.70055678e-03, 1.68037306e-03, 1.66071444e-03,
       1.64156853e-03, 1.62292327e-03, 1.60476688e-03, 1.58708792e-03,
       1.56987524e-03, 1.55311797e-03, 1.53680555e-03, 1.52092769e-03,
       1.50547438e-03, 1.49043589e-03, 1.47580274e-03, 1.46156573e-03,
       1.44771590e-03, 1.43424454e-03, 1.42114318e-03, 1.40840360e-03,
       1.39601779e-03, 1.38397799e-03, 1.37227665e-03, 1.36090643e-03,
       1.34986020e-03, 1.33913106e-03, 1.32871226e-03, 1.31859730e-03,
       1.30877982e-03, 1.29925369e-03, 1.29001292e-03, 1.28105173e-03,
       1.27236449e-03, 1.26394573e-03, 1.25579018e-03, 1.24789268e-03,
       1.24024825e-03, 1.23285207e-03, 1.22569944e-03, 1.21878582e-03,
       1.21210680e-03, 1.20565811e-03, 1.19943561e-03, 1.19343528e-03,
       1.18765325e-03, 1.18208573e-03, 1.17672909e-03, 1.17157979e-03,
       1.16663440e-03, 1.16188962e-03, 1.15734223e-03, 1.15298912e-03,
       1.14882731e-03, 1.14485387e-03, 1.14106600e-03, 1.13746098e-03,
       1.13403618e-03, 1.13078907e-03, 1.12771718e-03, 1.12481814e-03,
       1.12208967e-03, 1.11952956e-03, 1.11713566e-03, 1.11490592e-03,
       1.11283835e-03, 1.11093105e-03, 1.10918215e-03, 1.10758988e-03,
       1.10615253e-03, 1.10486845e-03, 1.10373606e-03, 1.10275381e-03,
       1.10192025e-03, 1.10123397e-03, 1.10069361e-03, 1.10029787e-03,
       1.10004550e-03, 1.09993530e-03, 1.09996614e-03, 1.10013692e-03,
       1.10044658e-03, 1.10089412e-03, 1.10147858e-03, 1.10219906e-03,
       1.10305467e-03, 1.10404459e-03, 1.10516803e-03, 1.10642423e-03,
       1.10781248e-03, 1.10933211e-03, 1.11098248e-03, 1.11276297e-03,
       1.11467302e-03, 1.11671208e-03, 1.11887965e-03, 1.12117525e-03,
       1.12359844e-03, 1.12614878e-03, 1.12882590e-03, 1.13162942e-03,
       1.13455900e-03, 1.13761434e-03, 1.14079513e-03, 1.14410112e-03,
       1.14753205e-03])]","[[0, 6.376880005047202e-05, 0.00012384871691641303, 0.00018251523914562925, 0.00024124553575181293, 0.0003010344172064485, 0.00036258448976793747, 0.00042642105448250316, 0.0004929620064232784, 0.0005625605817568245, 0.0006355317632758742, 0.0007121688100266596, 0.0007927537961223885, 0.0008775644971224766, 0.0009668790347883806, 0.0010609791342653752, 0.0011601525131105389, 0.0012646947200863992, 0.001374910619980734, 0.0014911156469871538, 0.0016136369042738892, 0.0017428141598231865, 0.0018790007715685374, 0.0020225645641643334, 0.002173888672909481, 0.0023333723659158426, 0.002501431852658293, 0.002678501085015184, 0.0028650325554695575, 0.003061498096084872, 0.003268389681064967, 0.0034862202350744967, 0.0037155244489804327, 0.003956859604242528, 0.004210806406807368, 0.004477969831030287, 0.004758979973850039, 0.005054492919163985, 0.005365191612089658, 0.005691786742546631, 0.006035017637346228, 0.006395653159732061, 0.006774492615068724, 0.007172366661126453, 0.0075901382211540245, 0.008028703397668611, 0.008488992384618008, 0.008971970375286142, 0.009478638463015804, 0.010010034531511959, 0.010567234131163887, 0.011151351337484133, 0.01176353958740615, 0.012404992488810237, 0.013076944598258896, 0.013780672161517895, 0.014517493811018623, 0.01528877121398117, 0.016095909664466862, 0.016940358612164894, 0.017823612120241607, 0.018747209244094863, 0.019712734322361983, 0.020721817171030773, 0.021776133171002122, 0.022877403238953577, 0.024027393670860313, 0.02522791584704775, 0.026480825787184567, 0.027788023543181817, 0.029151452417550516, 0.030573097994393637, 0.03205498696987765, 0.03359918576875241, 0.03520779893327623, 0.03688296727076603, 0.03862686574594165, 0.040441701104281226, 0.04232970921276249, 0.044293152104647585, 0.046334314715388486, 0.04845550129730144, 0.050659031501395196, 0.052947236115653544, 0.055322452450181095, 0.05778701936093594, 0.0603432719053055, 0.06299353562454424, 0.06574012045009348, 0.06858531423305159, 0.0715313758985641, 0.07458052822965923, 0.07773495028806528, 0.08099676948280864, 0.08436805350306398, 0.08785080690085638, 0.09144697766854991, 0.09515846215323838, 0.09898710457965593, 0.10293469304943402, 0.10700295334866047, 0.11119354137106975, 0.11550803465223071, 0.11994792332293766, 0.12451460067870022, 0.12920935349698098, 0.13403335219651924, 0.13898764091265767, 0.14407312755231905, 0.1492905738880462, 0.154640585749793, 0.1601236033743806, 0.1657398919747405, 0.17148953259363794, 0.17737241330911013, 0.18338822086109435, 0.18953643277047666, 0.1958163100229259, 0.2022268903902896, 0.20876698246193406, 0.21543516045715486, 0.22222975988761295, 0.22914887413563928, 0.23619035201017607, 0.24335179633708662, 0.2506305636345797, 0.25802376491759266, 0.26552826766720516, 0.27314069899258153, 0.2808574500036453, 0.2886746814027745, 0.2965883302933893, 0.3045941181925091, 0.3126875602233314, 0.32086397545277745, 0.32911849832792167, 0.3374460911544323, 0.3458415575497675, 0.35429955679405006, 0.3628146189924453, 0.3713811609546277, 0.379993502689684, 0.38864588440867226, 0.39733248392213577, 0.40604743431624357, 0.41478484178893565, 0.42353880352653334, 0.43230342550173473, 0.44107284007573316, 0.4498412232903348, 0.45860281174034373, 0.4673519189220428, 0.4760829509602299, 0.48479042162384234, 0.49346896654859607, 0.5021133565941307, 0.5107185102727433, 0.5192795051967567, 0.5277915885017562, 0.5362501862131855, 0.5446509115339812, 0.5529895720409084, 0.5612621757869112, 0.5694649363160039, 0.5775942766058983, 0.5856468319616088, 0.5936194518906326, 0.6015092009969105, 0.6093133589366048, 0.6170294194837498, 0.6246550887580489, 0.6321882826704905, 0.6396271236450735, 0.6469699366767834, 0.654215244787088, 0.6613617639386639, 0.6684083974708805, 0.6753542301168092, 0.6821985216612404, 0.6889407002974645, 0.6955803557384332, 0.7021172321354591, 0.708551220854864, 0.7148823531600313, 0.7211107928431889, 0.7272368288480132, 0.7332608679208376, 0.7391834273249202, 0.7450051276489086, 0.7507266857373719, 0.7563489077680772, 0.7618726824976029, 0.7672989746939106, 0.7726288187716764, 0.7778633126435072, 0.7830036117976605, 0.7880509236105483, 0.7930065019001363, 0.7978716417243663, 0.8026476744269074, 0.8073359629309024, 0.8119378972798941, 0.8164548904238053, 0.8208883742466805, 0.8252397958318854, 0.8295106139595854, 0.8337022958305755, 0.8378163140099162, 0.8418541435833081, 0.845817259518739, 0.8497071342256136, 0.8535252353033524, 0.8572730234712888, 0.8609519506716123, 0.8645634583370835, 0.8681089758152737, 0.8715899189411657, 0.8750076887500683, 0.8783636703229512, 0.8816592317564916, 0.8848957232503332, 0.8880744763042817, 0.8911968030184123, 0.8942639954893136, 0.8972773252959634, 0.9002380430690009, 0.9031473781374331, 0.9060065382470927, 0.9088167093454377, 0.9115790554275556, 0.9142947184385035, 0.9169648182273824, 0.9195904525487946, 0.9221726971075905, 0.9247126056430489, 0.9272112100488699, 0.9296695205255877, 0.9320885257622231, 0.9344691931442066, 0.9368124689847992, 0.9391192787774281, 0.9413905274665338, 0.943627099734697, 0.9458298603039743, 0.9479996542495251, 0.95013730732376, 0.9522436262893709, 0.95431939925974, 0.9563653960453389, 0.9583823685048456, 0.9603710508998139, 0.9623321602518288, 0.9642663967011735, 0.9661744438661247, 0.9680569692020679, 0.9699146243597073, 0.9717480455417095, 0.973557853857188, 0.9753446556734988, 0.9771090429648687, 0.9788515936574332, 0.9805728719703114, 0.9822734287523835, 0.9839538018144859, 0.985614516256768, 0.9872560847909995, 0.9888790080576385, 0.9904837749375112, 0.9920708628579704, 0.9936407380934335, 0.9951938560602172, 0.9967306616056105, 0.9982515892911439, 0.9997570636700306, 1.0012474995587715, 1.0027233023029287, 1.0041848680370846, 1.0056325839390174, 1.0070668284781288, 1.0084879716581758, 1.00989637525436, 1.0112923930448365, 1.012676371036717, 1.0140486476866357, 1.0154095541159611, 1.016759414320737, 1.0180985453764397, 1.0194272576376404, 1.0207458549326676, 1.0220546347533612, 1.023353888440018, 1.024643901361621, 1.0259249530914556, 1.0271973175782068, 1.0284612633126398, 1.0297170534899605, 1.0309649461679538, 1.0322051944210013, 1.0334380464900703, 1.0346637459287744, 1.0358825317456013, 1.0370946385423987, 1.038300296649215, 1.0394997322555848, 1.0406931675383495, 1.0418808207861026, 1.043062906520346, 1.0442396356134431, 1.0454112154034538, 1.0465778498059322, 1.0477397394227668, 1.0488970816481453, 1.0500500707717166, 1.051198898079028, 1.0523437519493095, 1.0534848179506775, 1.054622278932827, 1.05575631511728, 1.0568871041852563, 1.0580148213632319, 1.0591396395062447, 1.060261729179012, 1.0613812587349147, 1.0624983943929094, 1.0636133003124189, 1.0647261386662605, 1.065837069711661, 1.0669462518594073, 1.0680538417411853, 1.0691599942751515, 1.070264862729785, 1.0713685987860606, 1.0724713525979903, 1.0735732728515701, 1.0746745068221744, 1.0757752004304344, 1.0768754982966384, 1.0779755437936884, 1.079075479098649, 1.0801754452429173, 1.0812755821610496, 1.0823760287382718, 1.083476922856704, 1.0845784014403248, 1.0856806004987043, 1.0867836551695282, 1.0878876997599392, 1.0889928677867158, 1.090099292015313, 1.0912071044977831, 1.0923164366095979, 1.0934274190853877, 1.094540182053618, 1.0956548550702179, 1.0967715671511746, 1.0978904468041115, 1.0990116220588595, 1.1001352204970363, 1.1012613692806434, 1.1023901951796928, 1.1035218245988707, 1.1046563836032501, 1.1057939979430562, 1.1069347930774944, 1.1080788941976463, 1.109226426248437]]"
40.0,40.0,3,90,270,I1-S1,"[[0.01, 0.009218546420913139, 0.008861068736292907, 0.00877505793697105, 0.00886844385432946, 0.009085513069994595, 0.009392479889244241, 0.009768859804568727, 0.010202283970603777, 0.010685380185479404, 0.011213891479269454, 0.0117855376649946, 0.012399323559139743, 0.013055116318752825, 0.013753385423599294, 0.014495041389142375, 0.015281334783220905, 0.016113792390956387, 0.016994176530329246, 0.017924459019100135, 0.018906804600535673, 0.019943560629144406, 0.021037251023933924, 0.02219057323012247, 0.0234063973791086, 0.024687767113648097, 0.026037901718267267, 0.027460199304586565, 0.028958240871887954, 0.030535795109688676, 0.03219682384022431, 0.033945488020042734, 0.03578615423471133, 0.03772340163101508, 0.039762029238271185, 0.04190706363533439, 0.04416376692304992, 0.04653764496367942, 0.049034455849414876, 0.05166021856166519, 0.054421221781457904, 0.057324032809119345, 0.06037550654842712, 0.06358279450670294, 0.06695335375784593, 0.070494955810106, 0.0742156953144624, 0.0781239985427977, 0.08222863155763192, 0.08653870798699267, 0.09106369630902994, 0.0958134265412258, 0.10079809621848647, 0.10602827553302924, 0.11151491149678472, 0.11726933097403082, 0.12330324241816895, 0.12962873613197032, 0.13625828285529806, 0.14320473046830196, 0.15048129858146297, 0.15810157076672843, 0.1660794841664511, 0.17442931619907937, 0.18316566806273013, 0.19230344472013883, 0.20185783103129287, 0.21184426368363726, 0.22227839855446554, 0.2331760731264075, 0.24455326356529142, 0.25642603606064956, 0.26881049202338536, 0.2817227067333235, 0.2951786610323032, 0.3091941656669878, 0.32378477790057825, 0.3389657100351077, 0.3547517295170093, 0.37115705033926916, 0.38819521550482705, 0.4058789703790901, 0.4242201268356031, 0.44322941818913625, 0.46291634501569723, 0.48328901208011293, 0.5043539567295364, 0.526115969265976, 0.5485779059828688, 0.5717404957396226, 0.5956021411532887, 0.6201587157069469, 0.6454033583082426, 0.6713262670764177, 0.6979147056079237, 0.7251549444992736, 0.7530331875577375, 0.7815340649178808, 0.8106393944580982, 0.8403273371532386, 0.8705718265578734, 0.9013421902440967, 0.932602907103511, 0.9643134629566276, 0.9964282800239515, 1.02889670501925, 1.0616630470121473, 1.0946666605518471, 1.1278420724043083, 1.1611191520321378, 1.194423326927754, 1.2276758443035105, 1.2607940805978834, 1.2936918998847933, 1.3262800616561046, 1.3584666776488885, 1.3901577164602583, 1.4212575536766463, 1.4516695641796395, 1.481296752212479, 1.5100424137339301, 1.5378108245822373, 1.5645079470528849, 1.5900421466900136, 1.6143249104305049, 1.6372715567468832, 1.6588019281313144, 1.6788410561643183, 1.6973197895290135, 1.7141753756690925, 1.7293519873439742, 1.742801186098448, 1.7544823156206146, 1.7643628190886456, 1.772418475875739, 1.7786335543608234, 1.7830008790436378, 1.7855218116481681, 1.7862061473785562, 1.7850719289277477, 1.782145182194503, 1.7774595789055803, 1.7710560324379525, 1.762982234067258, 1.7532921376157382, 1.7420454010244353, 1.729306793725651, 1.7151455788440415, 1.6996348792155285, 1.6828510359948994, 1.6648729682423946, 1.645781541357051, 1.625658951582932, 1.6045881330779905, 1.5826521932291242, 1.5599338810457035, 1.536515092591057, 1.512476416539017, 1.4878967220903578, 1.4628527906688662, 1.4374189920531706, 1.4116670048996178, 1.385665580981862, 1.3594803519200156, 1.3331736766991744, 1.306804527884528, 1.2804284141266316, 1.2540973363126098, 1.2278597745524735, 1.2017607030887372, 1.1758416301756835, 1.1501406599850548, 1.1246925736505171, 1.0995289266568697, 1.0746781599046653, 1.050165721930151, 1.0260141999280177, 1.0022434574048125, 0.9788707764789549, 0.9559110030347275, 0.9333766931285628, 0.911278259233263, 0.8896241150868348, 0.8684208180853416, 0.847673208321996, 0.8273845435265064, 0.8075566292987176, 0.7881899441584621, 0.7692837590491456, 0.7508362510360913, 0.7328446110323609, 0.7153051454651749, 0.6982133718657516, 0.6815641084250623, 0.6653515576084051, 0.6495693839635942, 0.6342107862917241, 0.6192685643766743, 0.6047351804905181, 0.590602815907507, 0.5768634226700101, 0.5635087708563212, 0.5505304916032081, 0.5379201161360077, 0.5256691110564533, 0.5137689101337125, 0.5022109428377026, 0.49098665984599743, 0.48008755574684303, 0.4695051891512406, 0.45923120041696186, 0.4492573271769309, 0.439575417853818, 0.430177443332071, 0.4210555069480937, 0.4122018529489472, 0.40360887355989084, 0.39526911479134313, 0.38717528110648175, 0.37932023906174683, 0.3716970200239853, 0.36429882205989006, 0.3571190110857542, 0.35015112135837356, 0.3433888553811888, 0.33682608329345265, 0.33045684180432044, 0.3242753327282886, 0.31827592117331693, 0.3124531334282605, 0.3068016545918792, 0.30131632598167163, 0.2959921423570746, 0.29082424898816295, 0.28580793859785564, 0.2809386482027658, 0.2762119558752063, 0.27162357744646326, 0.26716936316925927, 0.2628452943553312, 0.2586474800022295, 0.254572153421795, 0.2506156688812689, 0.24677449826663095, 0.24304522777653212, 0.23942455465407353, 0.23590928396267968, 0.23249632541140838, 0.22918269023422513, 0.22596548812703682, 0.22284192424562357, 0.21980929626701867, 0.2168649915163616, 0.21400648416077947, 0.2112313324714366, 0.20853717615452003, 0.20592173375160217, 0.2033828001095324, 0.20091824391975474, 0.19852600532672576, 0.196204093604913, 0.1939505849036843, 0.19176362005925351, 0.18964140247272238, 0.18758219605315224, 0.18558432322450977, 0.18364616299525557, 0.1817661490892839, 0.17994276813687207, 0.17817455792425982, 0.176460105700449, 0.1747980465397943, 0.17318706175894158, 0.17162587738666407, 0.17011326268514568, 0.16864802872126478, 0.16722902698644065, 0.1658551480636169, 0.16452532033997186, 0.16323850876396545, 0.16199371364535187, 0.16078996949681112, 0.159626343915878, 0.1585019365058718, 0.15741587783455915, 0.1563673284293096, 0.15535547780753295, 0.15437954354121705, 0.15343877035441433, 0.1525324292525558, 0.15165981668250092, 0.15082025372226215, 0.150013085299373, 0.1492376794368971, 0.14849342652610728, 0.14777973862488947, 0.14709604878095797, 0.14644181037899434, 0.14581649651085052, 0.145219599367984, 0.1446506296553182, 0.14410911602574789, 0.14359460453453418, 0.14310665811285753, 0.1426448560598218, 0.14220879355222518, 0.14179808117143558, 0.14141234444673106, 0.14105122341448573, 0.14071437219260302, 0.14040145856961733, 0.1401121636079044, 0.13984618126045925, 0.1396032180007186, 0.13938299246492145, 0.13918523510651887, 0.1390096878621593, 0.13885610382879165, 0.13872424695144345, 0.13861389172124516, 0.1385248228832863, 0.13845683515390145, 0.13840973294699785, 0.13838333010904788, 0.13837744966238205, 0.13839192355642896, 0.13842659242656002, 0.13848130536020675, 0.1385559196699288, 0.13865030067312015, 0.13876432147805032, 0.1388978627759461, 0.13905081263882782, 0.13922306632282216, 0.13941452607668123, 0.13962510095524513, 0.139854706637592, 0.14010326524962655, 0.14037070519086445, 0.14065696096517602, 0.14096197301525865, 0.14128568756061274, 0.1416280564388018, 0.14198903694978188, 0.14236859170309082, 0.14276668846769228, 0.1431833000242739, 0.14361840401980355, 0.14407198282415107, 0.14454402338858743, 0.14503451710597662, 0.14554345967247906, 0.14607085095058894, 0.1466166948333314, 0.14718099910944765, 0.14776377532940052, 0.14836503867203465, 0.1489848078117291, 0.14962310478588253, 0.150279954862574, 0.15095538640824474, 0.15164943075524914, 0.15236212206912528, 0.15309349721543816, 0.15384359562605096, 0.15461245916468222]]","[[0.01, 0.011673645222856313, 0.01362924433757481, 0.015801894644077778, 0.01815639698104909, 0.020675338163617957, 0.023351983220282438, 0.026186073599555597, 0.02918133498688804, 0.03234400733212471, 0.03568198424900464, 0.03920431590051559, 0.0429209285091756, 0.0468424728615403, 0.05098024958548374, 0.05534618013514605, 0.059952805050085656, 0.06481329859029394, 0.06994149333835029, 0.07535191103080857, 0.0810597974663109, 0.08708116027620799, 0.09343280889641337, 0.10013239640308635, 0.10719846306271096, 0.11465048155471613, 0.12250890388497022, 0.1307952100408531, 0.13953195845473412, 0.14874283834936286, 0.15845272403987676, 0.1686877312651255, 0.17947527561708718, 0.19084413313199636, 0.20282450310076391, 0.2154480731494769, 0.22874808663324683, 0.2427594123783679, 0.2575186167985597, 0.2730640384008809, 0.2894358646855699, 0.3066762114314479, 0.3248292043444478, 0.34394106303114486, 0.3640601872416821, 0.3852372453070276, 0.4075252646738838, 0.4309797244165906, 0.455658649578828, 0.4816227071686202, 0.50893530359786, 0.5376626833220942, 0.5678740283974222, 0.5996415586288412, 0.6330406319380167, 0.6681498445280488, 0.7050511303681596, 0.7438298594621622, 0.7845749343009212, 0.8273788838306639, 0.8723379541958446, 0.9195521954372603, 0.9691255432432683, 1.021165894764333, 1.075785177408894, 1.1330994094419282, 1.1932287511069324, 1.25629754488787, 1.3224343434204857, 1.3917719234531214, 1.4644472841466831, 1.540601627892903, 1.6203803217208679, 1.7039328372556035, 1.7914126670911625, 1.8829772153463713, 1.978787660086581, 2.0790087852222308, 2.1838087794378658, 2.293358999666862, 2.4078336966112146, 2.527409699816401, 2.6522660598528187, 2.7825836452321324, 2.918544691803838, 3.0603323025392104, 3.2081298958214646, 3.3621206006271684, 3.5224865973092623, 3.689408403080649, 3.863064101752863, 4.0436285178097116, 4.231272335492945, 4.426161164246717, 4.628454774920269, 4.838308488230659, 5.055874050341223, 5.2812979220587355, 5.514719467812802, 5.756269273833834, 6.006067560950044, 6.264222668984618, 6.530829598265411, 6.8059686004109246, 7.089703815808192, 7.382081959381954, 7.6831310596003135, 7.992859258329005, 8.311253681243908, 8.638279390113222, 8.973878429415661, 9.31796898050043, 9.670444636838472, 10.031173813875188, 10.399999306582167, 10.776738007028463, 11.16118079316201, 11.553092598524186, 11.95221267083637, 12.3582550253242, 12.770909096317867, 13.189840588127735, 13.614692523492899, 14.04508648509219, 14.480624042753407, 14.920888356162287, 15.365445940124802, 15.813848576841744, 16.265635357277883, 16.72033483161001, 17.177467246972547, 17.636546849332028, 18.09708422534832, 18.55858865954482, 19.020570482024887, 19.482543382336058, 19.944026665885207, 20.404547430520918, 20.86364264248894, 21.32086109288719, 21.775765217945498, 22.227932768873927, 22.676958319599485, 23.122454603381534, 23.564053671997844, 24.001407873866263, 24.434190650055648, 24.86209714959395, 25.28484466775841, 25.702172913097378, 26.113844110758333, 26.519642951263368, 26.919376395171142, 27.31287334508984, 27.699984197263024, 28.080580285449134, 28.4545532300712, 28.821814205644912, 29.18229313932342, 29.53593785304999, 29.882713161311468, 30.222599935861396, 30.555594148058383, 30.8817058986666, 31.20095844411502, 31.513387227330778, 31.819038920369472, 32.11797048517755, 32.41024825795395, 32.69594706174125, 32.97514935108098, 33.247944391820305, 33.5144274784636, 33.77469919082634, 34.02886469117152, 34.2770330624918, 34.51931668814231, 34.75583067262873, 34.98669230300972, 35.212020550079515, 35.431935608252026, 35.64655847286791, 35.85601055348771, 36.0604133216126, 36.25988799118605, 36.45455523017061, 36.644534901461206, 36.82994583138486, 37.010905604045156, 37.18753037979355, 37.359934736146926, 37.52823152951883, 37.69253177618837, 37.85294455099391, 38.00957690230662, 38.16253378191029, 38.31191798848713, 38.45783012348333, 38.60036855820256, 38.73962941104874, 38.87570653391141, 39.00869150675689, 39.138673639556046, 39.26573998074427, 39.38997533147141, 39.51146226495812, 39.63028115033109, 39.74651018036221, 39.86022540258606, 39.97150075331668, 40.08040809412766, 40.18701725039995, 40.29139605157933, 40.39361037282006, 40.493724177723294, 40.5917995619085, 40.68789679718348, 40.782074376103154, 40.87438905673091, 40.96489590743665, 41.053648351585224, 41.140698211986496, 41.22609575499382, 41.30988973415262, 41.392127433313654, 41.472854709137465, 41.552116032927316, 41.629954531737575, 41.70641202871326, 41.78152908262431, 41.8553450265652, 41.92789800579676, 41.99922501471278, 42.06936193291897, 42.13834356041624, 42.20620365188424, 42.272974950064715, 42.33868921824701, 42.403377271861075, 42.46706900918539, 42.52979344117945, 42.591578720452105, 42.65245216937855, 42.71244030738013, 42.77156887738205, 42.82986287146512, 42.88734655572824, 42.944043494379116, 42.99997657307083, 43.055168021502645, 43.10963943530318, 43.163411797214685, 43.21650549759688, 43.26894035426893, 43.32073563170811, 43.3719100596235, 43.422481850922885, 43.472468719090884, 43.521887894996, 43.57075614314412, 43.61908977739554, 43.666904676162325, 43.714216297102666, 43.7610396913281, 43.80738951713956, 43.85328005330759, 43.89872521191169, 43.943738550753416, 43.988333285357584, 44.03252230057522, 44.07631816180195, 44.119733125824645, 44.1627791513093, 44.20546790894219, 44.24781079123643, 44.289818922015435, 44.331503165584465, 44.37287413560122, 44.41394220365585, 44.45471750757065, 44.49520995942921, 44.53542925334463, 44.5753848729758, 44.61508609880087, 44.65454201515627, 44.69376151704966, 44.732753316754874, 44.771525950196455, 44.81008778313129, 44.848447017134546, 44.886611695396844, 44.92458970833933, 44.96238879905316, 45.000016568569485, 45.03748048096614, 45.0747878683166, 45.11194593548695, 45.148961764786115, 45.18584232047457, 45.22259445313652, 45.25922490392033, 45.295740308651766, 45.332147201824675, 45.36845202047312, 45.40466110792933, 45.44078071747125, 45.476817015863645, 45.51277608679632, 45.548663934223036, 45.58448648560448, 45.620249595058596, 45.6559590464214, 45.691620556221196, 45.72723977656925, 45.76282229796955, 45.79837365205041, 45.833899314220425, 45.86940470625127, 45.904895198789646, 45.940376113800674, 45.9758527269449, 46.01133026989096, 46.046813932565854, 46.082308865344814, 46.117820181182495, 46.15335295768726, 46.188912239140215, 46.224503038460554, 46.2601303391187, 46.29579909699874, 46.331514242211426, 46.36728068085914, 46.40310329675392, 46.43898695308985, 46.47493649407082, 46.51095674649468, 46.547052521294894, 46.58322861504048, 46.61948981139515, 46.65584088253648, 46.69228659053585, 46.72883168869987, 46.76548092287389, 46.80223903270826, 46.83911075288787, 46.87610081432548, 46.91321394531922, 46.95045487267482, 46.98782832279278, 47.0253390227209, 47.06299170117236, 47.10079108950968, 47.138741922694656, 47.176848940204465, 47.215116886914046, 47.25355051394477, 47.29215457947948, 47.330933849543925, 47.36989309875437, 47.409037111031445, 47.448370680280085, 47.48789861103532, 47.527625719073754, 47.56755683199055, 47.607696789741524, 47.64805044515017]]","[array([6.37688001e-05, 6.00799169e-05, 5.86665222e-05, 5.87302966e-05,
       5.97888823e-05, 6.15500841e-05, 6.38366354e-05, 6.65412265e-05,
       6.95993800e-05, 7.29731331e-05, 7.66411809e-05, 8.05929017e-05,
       8.48247167e-05, 8.93378602e-05, 9.41370022e-05, 9.92293902e-05,
       1.04624310e-04, 1.10332743e-04, 1.16367148e-04, 1.22741321e-04,
       1.29470306e-04, 1.36570344e-04, 1.44058839e-04, 1.51954351e-04,
       1.60276591e-04, 1.69046434e-04, 1.78285937e-04, 1.88018360e-04,
       1.98268199e-04, 2.09061220e-04, 2.20424495e-04, 2.32386445e-04,
       2.44976886e-04, 2.58227074e-04, 2.72169757e-04, 2.86839226e-04,
       3.02271369e-04, 3.18503728e-04, 3.35575556e-04, 3.53527872e-04,
       3.72403525e-04, 3.92247251e-04, 4.13105733e-04, 4.35027661e-04,
       4.58063793e-04, 4.82267009e-04, 5.07692377e-04, 5.34397199e-04,
       5.62441069e-04, 5.91885925e-04, 6.22796091e-04, 6.55238322e-04,
       6.89281842e-04, 7.24998373e-04, 7.62462159e-04, 8.01749984e-04,
       8.42941179e-04, 8.86117613e-04, 9.31363686e-04, 9.78766292e-04,
       1.02841478e-03, 1.08040089e-03, 1.13481869e-03, 1.19176444e-03,
       1.25133650e-03, 1.31363520e-03, 1.37876263e-03, 1.44682243e-03,
       1.51791962e-03, 1.59216027e-03, 1.66965120e-03, 1.75049968e-03,
       1.83481301e-03, 1.92269807e-03, 2.01426087e-03, 2.10960604e-03,
       2.20883618e-03, 2.31205129e-03, 2.41934804e-03, 2.53081901e-03,
       2.64655190e-03, 2.76662866e-03, 2.89112452e-03, 3.02010701e-03,
       3.15363490e-03, 3.29175711e-03, 3.43451149e-03, 3.58192364e-03,
       3.73400561e-03, 3.89075463e-03, 4.05215173e-03, 4.21816039e-03,
       4.38872519e-03, 4.56377070e-03, 4.74320713e-03, 4.92694335e-03,
       5.11488297e-03, 5.30691471e-03, 5.50290554e-03, 5.70269604e-03,
       5.90609726e-03, 6.11288863e-03, 6.32281679e-03, 6.53559476e-03,
       6.75090178e-03, 6.96838333e-03, 7.18765156e-03, 7.40828600e-03,
       7.62983453e-03, 7.85181466e-03, 8.07371516e-03, 8.29499792e-03,
       8.51510020e-03, 8.73343717e-03, 8.94940479e-03, 9.16238305e-03,
       9.37173943e-03, 9.57683277e-03, 9.77701731e-03, 9.97164700e-03,
       1.01600800e-02, 1.03416835e-02, 1.05158380e-02, 1.06819427e-02,
       1.08394199e-02, 1.09877198e-02, 1.11263249e-02, 1.12547545e-02,
       1.13725685e-02, 1.14793715e-02, 1.15748157e-02, 1.16586038e-02,
       1.17304917e-02, 1.17902900e-02, 1.18378655e-02, 1.18731418e-02,
       1.18960995e-02, 1.19067760e-02, 1.19052641e-02, 1.18917110e-02,
       1.18663157e-02, 1.18293272e-02, 1.17810411e-02, 1.17217965e-02,
       1.16519724e-02, 1.15719840e-02, 1.14822783e-02, 1.13833303e-02,
       1.12756387e-02, 1.11597212e-02, 1.10361108e-02, 1.09053515e-02,
       1.07679940e-02, 1.06245920e-02, 1.04756987e-02, 1.03218632e-02,
       1.01636273e-02, 1.00015228e-02, 9.83606871e-03, 9.66776901e-03,
       9.49711069e-03, 9.32456198e-03, 9.15057090e-03, 8.97556417e-03,
       8.79994629e-03, 8.62409888e-03, 8.44838033e-03, 8.27312557e-03,
       8.09864611e-03, 7.92523019e-03, 7.75314314e-03, 7.58262787e-03,
       7.41390544e-03, 7.24717577e-03, 7.08261842e-03, 6.92039345e-03,
       6.76064226e-03, 6.60348861e-03, 6.44903949e-03, 6.29738618e-03,
       6.14860516e-03, 6.00275908e-03, 5.85989780e-03, 5.72005920e-03,
       5.58327023e-03, 5.44954768e-03, 5.31889909e-03, 5.19132358e-03,
       5.06681257e-03, 4.94535055e-03, 4.82691582e-03, 4.71148105e-03,
       4.59901398e-03, 4.48947798e-03, 4.38283255e-03, 4.27903388e-03,
       4.17803524e-03, 4.07978750e-03, 3.98423941e-03, 3.89133808e-03,
       3.80102921e-03, 3.71325746e-03, 3.62796667e-03, 3.54510015e-03,
       3.46460089e-03, 3.38641176e-03, 3.31047566e-03, 3.23673575e-03,
       3.16513551e-03, 3.09561895e-03, 3.02813064e-03, 2.96261586e-03,
       2.89902067e-03, 2.83729198e-03, 2.77737762e-03, 2.71922635e-03,
       2.66278799e-03, 2.60801336e-03, 2.55485436e-03, 2.50326398e-03,
       2.45319632e-03, 2.40460660e-03, 2.35745114e-03, 2.31168741e-03,
       2.26727397e-03, 2.22417053e-03, 2.18233787e-03, 2.14173788e-03,
       2.10233355e-03, 2.06408890e-03, 2.02696903e-03, 1.99094007e-03,
       1.95596913e-03, 1.92202436e-03, 1.88907485e-03, 1.85709066e-03,
       1.82604277e-03, 1.79590306e-03, 1.76664432e-03, 1.73824016e-03,
       1.71066509e-03, 1.68389438e-03, 1.65790412e-03, 1.63267118e-03,
       1.60817317e-03, 1.58438844e-03, 1.56129603e-03, 1.53887568e-03,
       1.51710781e-03, 1.49597345e-03, 1.47545428e-03, 1.45553260e-03,
       1.43619127e-03, 1.41741374e-03, 1.39918401e-03, 1.38148659e-03,
       1.36430654e-03, 1.34762941e-03, 1.33144121e-03, 1.31572847e-03,
       1.30047812e-03, 1.28567755e-03, 1.27131459e-03, 1.25737746e-03,
       1.24385478e-03, 1.23073555e-03, 1.21800916e-03, 1.20566534e-03,
       1.19369417e-03, 1.18208606e-03, 1.17083177e-03, 1.15992234e-03,
       1.14934914e-03, 1.13910382e-03, 1.12917831e-03, 1.11956481e-03,
       1.11025582e-03, 1.10124405e-03, 1.09252248e-03, 1.08408434e-03,
       1.07592307e-03, 1.06803234e-03, 1.06040606e-03, 1.05303831e-03,
       1.04592341e-03, 1.03905585e-03, 1.03243033e-03, 1.02604172e-03,
       1.01988507e-03, 1.01395561e-03, 1.00824872e-03, 1.00275998e-03,
       9.97485075e-04, 9.92419878e-04, 9.87560396e-04, 9.82902780e-04,
       9.78443317e-04, 9.74178430e-04, 9.70104670e-04, 9.66218714e-04,
       9.62517360e-04, 9.58997524e-04, 9.55656236e-04, 9.52490637e-04,
       9.49497975e-04, 9.46675604e-04, 9.44020978e-04, 9.41531648e-04,
       9.39205262e-04, 9.37039560e-04, 9.35032372e-04, 9.33181614e-04,
       9.31485289e-04, 9.29941479e-04, 9.28548349e-04, 9.27304141e-04,
       9.26207170e-04, 9.25255829e-04, 9.24448578e-04, 9.23783948e-04,
       9.23260537e-04, 9.22877010e-04, 9.22632094e-04, 9.22524579e-04,
       9.22553315e-04, 9.22717210e-04, 9.23015231e-04, 9.23446399e-04,
       9.24009789e-04, 9.24704530e-04, 9.25529801e-04, 9.26484832e-04,
       9.27568900e-04, 9.28781331e-04, 9.30121495e-04, 9.31588808e-04,
       9.33182731e-04, 9.34902764e-04, 9.36748451e-04, 9.38719375e-04,
       9.40815159e-04, 9.43035462e-04, 9.45379982e-04, 9.47848453e-04,
       9.50440641e-04, 9.53156349e-04, 9.55995412e-04, 9.58957696e-04,
       9.62043100e-04, 9.65251552e-04, 9.68583007e-04, 9.72037452e-04,
       9.75614899e-04, 9.79315388e-04, 9.83138982e-04, 9.87085771e-04,
       9.91155868e-04, 9.95349409e-04, 9.99666551e-04, 1.00410747e-03,
       1.00867237e-03, 1.01336147e-03, 1.01817501e-03, 1.02311323e-03,
       1.02817641e-03])]","[[0, 6.376880005047202e-05, 0.00012384871691641303, 0.00018251523914562925, 0.0002412455357589515, 0.0003010344180161912, 0.00036258450210488815, 0.0004264211375321263, 0.0004929623640593312, 0.0005625617440687089, 0.0006355348771359785, 0.0007121760580654799, 0.0007927689597411907, 0.0008775936764360379, 0.0009669315366723228, 0.0010610685388572376, 0.0011602979290094733, 0.0012649222389438319, 0.0013752549820265198, 0.0014916221301742444, 0.0016143634510590958, 0.0017438337570665856, 0.0018804041005838804, 0.002024462939557502, 0.002176417290483176, 0.0023366938815861807, 0.002505740316018257, 0.0026840262528900383, 0.0028720446125414575, 0.0030703128114201077, 0.003279374031159803, 0.003499798525846305, 0.0037321849709708, 0.003977161857168344, 0.004235388931493316, 0.0045075586886790244, 0.004794397914550568, 0.005096669283498401, 0.0054151730116660975, 0.0057507485672523544, 0.006104276439067843, 0.006476679964216325, 0.006868927215481054, 0.0072820329486868, 0.007717060609969766, 0.008175124402517438, 0.008657391411933018, 0.009165083788929681, 0.009699480987563529, 0.010261922056665644, 0.010853807981528046, 0.011476604072230341, 0.012131842394258062, 0.012821124236254847, 0.013546122608863162, 0.01430858476763682, 0.015110334751947795, 0.01595327593065432, 0.016839393544042146, 0.017770757230191205, 0.018749523522451454, 0.019777938303130682, 0.020858339196800434, 0.021993157884811772, 0.023184922320679577, 0.024436258823942573, 0.02574989402793868, 0.02712865665465539, 0.028575479087429093, 0.030093398709784773, 0.031685558976140046, 0.03335521017746113, 0.03510570986227228, 0.03694052287070858, 0.03886322093659375, 0.04087748180985412, 0.042987087848987096, 0.04519592403083437, 0.04750797532261966, 0.049927323359158275, 0.05245814236639969, 0.055104694271099, 0.05787132293551211, 0.06076244745566225, 0.06378255446202964, 0.06693618936257398, 0.07022794646992023, 0.07366245795743358, 0.07724438159289335, 0.08097838720366303, 0.08486914183375519, 0.08892129356111078, 0.09313945395284944, 0.09752817914728053, 0.10209194985226874, 0.10683515698003601, 0.11176210033203861, 0.11687698330235988, 0.12218389800921312, 0.1276868035501454, 0.13338949959460186, 0.13929559685040319, 0.1454084854847247, 0.15173130227154022, 0.15826689703335692, 0.16501779881461573, 0.17198618214514722, 0.17917383370849765, 0.18658211971011954, 0.19421195423587242, 0.2020637688957899, 0.21013748405706292, 0.21843248198027512, 0.22694758218156882, 0.23568101934872904, 0.24463042413972935, 0.25379280718705866, 0.26316454661941674, 0.2727413793936814, 0.2825183967042006, 0.292490043703479, 0.3026501237284546, 0.31299180718026026, 0.3235076451533035, 0.33418958785254316, 0.3450290077770237, 0.35601672758424674, 0.3671430524851282, 0.37839780695451636, 0.38977037547898524, 0.4012497470033399, 0.41282456268139206, 0.4244831664864342, 0.4362136581936672, 0.44800394821166645, 0.45984181371364263, 0.4717149555023786, 0.48361105503565593, 0.4955178310418282, 0.5074230951677777, 0.5193148061234025, 0.5311811218173598, 0.5430104490171828, 0.5547914901120593, 0.5665132866073276, 0.5781652590348528, 0.5897372430215585, 0.6012195213181796, 0.6126028516504646, 0.6238784903143502, 0.6350382114939205, 0.646074322335229, 0.656979673859434, 0.6677476678444637, 0.6783722598450365, 0.6888479585559333, 0.699169821752731, 0.7093334490676857, 0.7193349718761834, 0.729171040581328, 0.7388388095911247, 0.7483359202847216, 0.7576604822617279, 0.766811053162249, 0.7757866173354765, 0.7845865636219805, 0.793210662499814, 0.8016590428276608, 0.8099321684000383, 0.8180308145104549, 0.825956044698839, 0.8337091878398767, 0.8412918157094308, 0.848705721147259, 0.8559528969160223, 0.8630355153392637, 0.869955908784787, 0.8767165510447772, 0.8833200396501496, 0.8897690791440203, 0.8960664653278819, 0.9022150704840164, 0.9082178295688534, 0.9140777273643441, 0.9197977865678972, 0.9253810567959506, 0.9308306044717529, 0.936149503564322, 0.9413408271427536, 0.946407639707986, 0.951352990262716, 0.9561799060793157, 0.9608913871252628, 0.9654904011056843, 0.9699798790830704, 0.9743627116349791, 0.9786417455115691, 0.9828197807560172, 0.986899568252261, 0.9908838076660064, 0.9947751457465303, 0.9985761749584567, 1.0022894324143596, 1.0059173990807344, 1.0094624992315575, 1.0129271001253095, 1.0163135118829454, 1.019623987545876, 1.0228607232945253, 1.0260258588094922, 1.0291214777587194, 1.0321496083954032, 1.035112224252611, 1.0380112449217662, 1.040848536903252, 1.0436259145184303, 1.0463451408733402, 1.0490079288652423, 1.0516159422240117, 1.0541707965811666, 1.0566740605600327, 1.0591272568812111, 1.061531863478132, 1.0638893146180328, 1.0662010020242203, 1.0684682759959487, 1.0706924465226755, 1.0728747843898518, 1.075016522273765, 1.0771188558232745, 1.0791829447265802, 1.0812099137614313, 1.0832008538274214, 1.0851568229592423, 1.0870788473199584, 1.088967922173545, 1.0908250128360915, 1.0926510556052091, 1.0944469586673198, 1.0962136029825986, 1.09795184314746, 1.099662508234553, 1.1013464026103186, 1.1030043067302204, 1.1046369779118312, 1.1062451510860007, 1.107829539526378, 1.1093908355576025, 1.1109297112425092, 1.112446819048717, 1.1139427924950012, 1.1154182467778613, 1.1168737793787145, 1.1183099706521593, 1.1197273843957574, 1.1211265684017915, 1.1225080549914617, 1.1238723615319828, 1.1252199909370448, 1.1265514321511008, 1.1278671606179378, 1.1291676387339902, 1.1304533162868415, 1.13172463087936, 1.1329820083399063, 1.1342258631190405, 1.1354565986731535, 1.1366746078354315, 1.1378802731745634, 1.1390739673415828, 1.140256053405233, 1.1414268851762293, 1.1425868075207877, 1.143736156663779, 1.1448752604818506, 1.1460044387868606, 1.1471240035999477, 1.1482342594165604, 1.1493355034627495, 1.1504280259430302, 1.1515121102800998, 1.152588033346696, 1.1536560656898676, 1.1547164717479215, 1.1557695100603034, 1.1568154334706575, 1.1578544893233067, 1.158886919653382, 1.159912961370827, 1.1609328464384923, 1.1619468020445272, 1.1629550507692734, 1.1639578107468505, 1.1649552958216245, 1.1659477156997398, 1.166935276095887, 1.1679181788754789, 1.1688966221923913, 1.169870800622433, 1.1708409052926882, 1.1718071240068824, 1.1727696413669086, 1.173728638890652, 1.1746842951262397, 1.1756367857628436, 1.1765862837381558, 1.177532959342654, 1.1784769803207678, 1.1794185119690523, 1.1803577172314763, 1.1812947567919205, 1.1822297891639857, 1.1831629707781997, 1.1840944560667137, 1.1850243975455734, 1.1859529458946452, 1.1868802500352784, 1.1878064572057776, 1.1887317130347574, 1.1896561616124517, 1.190579945560041, 1.1915032060970654, 1.1924260831069822, 1.193348715200928, 1.1942712397797421, 1.1951937930943062, 1.1961165103042497, 1.1970395255350728, 1.197962971933733, 1.1988869817227419, 1.1998116862528134, 1.2007372160541074, 1.2016637008861049, 1.2025912697861554, 1.2035200511167297, 1.2044501726114127, 1.2053817614196691, 1.2063149441504109, 1.207249846914396, 1.2081865953654871, 1.2091253147407932, 1.2100661298997195, 1.2110091653619488, 1.2119545453443745, 1.212902393797006, 1.2138528344378632, 1.2148059907868802, 1.2157619861988302, 1.2167209438952877, 1.2176829869956431, 1.2186482385471775, 1.2196168215542118, 1.2205888590063383, 1.2215644739057427, 1.2225437892936248, 1.2235269282757226, 1.2245140140469455, 1.225505169915121, 1.2265005193238556, 1.227500185874515, 1.2285042933473194, 1.229512965721559, 1.2305263271949243, 1.2315445022019498, 1.2325676154315695, 1.2335957918437777]]"
40.0,40.0,3,90,360,I0-S0,"[[0.01, 0.009218546420913139, 0.008861068736292907, 0.00877505793697105, 0.00886843846596455, 0.009085433970307647, 0.009392109410708031, 0.00976776875823354, 0.010199786768178364, 0.010680499967832168, 0.011205331074178546, 0.011771653792393547, 0.012378102574932546, 0.013024150301126218, 0.013709847728704578, 0.014435661018128368, 0.015202369051514482, 0.016010997496076908, 0.016862775689766622, 0.017759107903401895, 0.018701553824494902, 0.019691815089917977, 0.020731725891992608, 0.02182324640931875, 0.022968458257480697, 0.02416956142810787, 0.025428872355011935, 0.02674882285368943, 0.028131959749669394, 0.02958094505664024, 0.03109855659586655, 0.03268768896948999, 0.034351354815197466, 0.036092686280474566, 0.03791493666252025, 0.039821482165696136, 0.041815823732648166, 0.043901588908325184, 0.046082533698269756, 0.04836254438394292, 0.050745639258592073, 0.05323597024737394, 0.055837824375175725, 0.05855562504489484, 0.061393933087889006, 0.06435744754693316, 0.06745100615035168, 0.07067958543406419, 0.07404830046611702, 0.077562404125897, 0.08122728588766297, 0.08504847005530895, 0.0890316133924165, 0.09318250208868822, 0.09750704800081116, 0.10201128410270582, 0.10670135907701331, 0.11158353097659401, 0.11666415988180426, 0.12194969947642714, 0.12744668746241825, 0.13316173473114362, 0.13910151320660644, 0.14527274227435238, 0.15168217370839546, 0.15833657500770557, 0.16524271105364488, 0.17240732400033712, 0.17983711131142036, 0.18753870185908797, 0.19551863000489897, 0.20378330758667176, 0.21233899374201065, 0.22119176250679923, 0.23034746813647985, 0.2398117081092793, 0.24958978378388588, 0.25968665869958296, 0.270106914524636, 0.2808547046789459, 0.29193370567973165, 0.30334706628438, 0.31509735453267296, 0.3271865028213914, 0.3396157511778105, 0.352385588934771, 0.3654956950487484, 0.3789448773434607, 0.39273101100483016, 0.4068509766982303, 0.4213005987255074, 0.4360745836867884, 0.4511664601599911, 0.4665685199585712, 0.4822721645153981, 0.498271922790255, 0.5145675135854564, 0.531161283157387, 0.5480561646025595, 0.565254353008949, 0.5827564541662985, 0.600560948105116, 0.6186638623864673, 0.6370585852619874, 0.6557357721292977, 0.6746833142768365, 0.6938863493949954, 0.7133273004339657, 0.7329859342219939, 0.7528394345490182, 0.7728624866531125, 0.7930273715448405, 0.813304069587232, 0.8336603733671523, 0.8540620102515913, 0.8744727751928053, 0.8948546743809581, 0.9151680802789945, 0.9353718984389301, 0.955423746311665, 0.9752801440391442, 0.9948967169702622, 1.014228409380217, 1.0332297086053897, 1.0518548785396051, 1.0700582011794189, 1.087794224661963, 1.1050180160144751, 1.121685416635155, 1.1377532983551406, 1.153179817795401, 1.16792466663379, 1.1819493153392724, 1.1952172479145258, 1.207694185215953, 1.2193482944918679, 1.2301503828945652, 1.2400740728784236, 1.2490959575914595, 1.2571957345982496, 1.2643563165334015, 1.2705639175716013, 1.275808114906905, 1.280081884754116, 1.283381612712292, 1.2857070786580147, 1.2870614166575176, 1.2874510506957801, 1.286885607311458, 1.2853778064936925, 1.2829433324358808, 1.2796006859486044, 1.275371020506182, 1.27027796403676, 1.264347428663415, 1.257607410663226, 1.2500877829334422, 1.241820082240175, 1.232837293477724, 1.2231736330885101, 1.2128643336879465, 1.2019454318091094, 1.190453560532689, 1.1784257486024987, 1.1658992274498325, 1.1529112473652192, 1.139498903867424, 1.1256989751304722, 1.1115477711432722, 1.0970809950959834, 1.0823336173151292, 1.0673397619076712, 1.052132606124531, 1.0367442923176369, 1.0212058522423602, 1.00554714334972, 0.9897967966201285, 0.9739821754126282, 0.9581293447401482, 0.942263050331673, 0.926406706805606, 0.9105823942541091, 0.8948108625247664, 0.8791115424824981, 0.8635025635400877, 0.8480007767588671, 0.8326217828409049, 0.8173799643593799, 0.8022885216036637, 0.7873595114490176, 0.7726038886968276, 0.7580315493691536, 0.7436513754803062, 0.7294712808475559, 0.7154982575423439, 0.7017384226220327, 0.6881970648198859, 0.6748786909072826, 0.6617870714768752, 0.6489252859282911, 0.6362957664689098, 0.6239003409711191, 0.6117402745542049, 0.5998163097836537, 0.5881287054031442, 0.5766772735349225, 0.5654614153026583, 0.5544801548473363, 0.5437321717213524, 0.5332158316588502, 0.5229292157315648, 0.5128701479091492, 0.5030362210512576, 0.4934248213656608, 0.48403315137249614, 0.474858251419497, 0.4658970197968341, 0.4571462315031107, 0.448602555716198, 0.4402625720240571, 0.43212278547154936, 0.4241796404795774, 0.4164295336927805, 0.40886882581150563, 0.4014938524629448, 0.3943009341652223, 0.3872863854368847, 0.38044652310272675, 0.37377767384522953, 0.3672761810491095, 0.36093841098462626, 0.3547607583733851, 0.3487396513784276, 0.3428715560584486, 0.33715298032402446, 0.33158047743180324, 0.3261506490507008, 0.3208601479322819, 0.31570568021568596, 0.3106840073956907, 0.3057919479808023, 0.30102637886661493, 0.2963842364481036, 0.29186251749300224, 0.28745827979697486, 0.28316864263990954, 0.27899078706135866, 0.2749219559719047, 0.2709594541160577, 0.2671006479011756, 0.26334296510585364, 0.2596838944802372, 0.2561209852497846, 0.2526518465331322, 0.2492741466838944, 0.2459856125654624, 0.24278402876714922, 0.23966723676935234, 0.23663313406478198, 0.23367967324221472, 0.2308048610386885, 0.22800675736554624, 0.2252834743132642, 0.2226331751395615, 0.22005407324488116, 0.2175444311389551, 0.21510255940181577, 0.21272681564229365, 0.21041560345674087, 0.2081673713904444, 0.20598061190393735, 0.203853860346182, 0.20178569393638113, 0.19977473075597507, 0.19781962875219916, 0.19591908475440709, 0.1940718335042125, 0.1922766467003588, 0.1905323320590985, 0.18883773239074506, 0.18719172469295192, 0.18559321926117595, 0.18404115881669172, 0.1825345176524436, 0.1810723007969468, 0.17965354319638366, 0.17827730891497973, 0.17694269035369067, 0.17564880748718195, 0.17439480711903874, 0.1731798621551054, 0.17200317089481762, 0.17086395634036067, 0.1697614655234576, 0.1686949688495697, 0.16766375945926762, 0.16666715260651516, 0.1657044850535904, 0.16477511448235577, 0.16387841892157717, 0.16301379618998188, 0.16218066335473774, 0.16137845620502922, 0.16060662874040105, 0.15986465267353647, 0.15915201694713454, 0.15846822726454882, 0.15781280563385058, 0.15718528992497793, 0.1565852334396349, 0.15601220449360503, 0.15546578601114688, 0.1549455751311411, 0.15445118282466225, 0.1539822335236517, 0.15353836476037216, 0.1531192268173286, 0.1527244823873443, 0.15235380624348602, 0.15200688491853653, 0.1516834163937181, 0.1513831097963754, 0.15110568510633146, 0.15085087287063542, 0.15061841392642625, 0.15040805913164168, 0.15021956910330678, 0.15005271396314213, 0.1499072730902364, 0.14978303488053343, 0.14967979651288899, 0.1495973637214574, 0.14953555057417336, 0.14949417925709851, 0.14947307986440797, 0.14947209019379615, 0.14949105554708578, 0.14952982853582888, 0.14958826889169247, 0.14966624328142594, 0.14976362512621225, 0.14988029442520714, 0.15001613758307708, 0.15017104724134767, 0.1503449221133809, 0.1505376668228007, 0.15074919174519125, 0.15097941285289565, 0.15122825156274547, 0.15149563458655535, 0.1517814937842197, 0.15208576601925147, 0.15240839301660644, 0.15274932122263835, 0.15310850166703394, 0.15348588982657924, 0.15388144549061047, 0.15429513262800676, 0.1547269192555828, 0.15517677730774335, 0.15564468250726288, 0.15613061423705615, 0.15663455541280816, 0.15715649235633344, 0.15769641466953752, 0.15825431510885463]]","[[0.01, 0.011673645222856313, 0.01362924433757481, 0.015801894644077778, 0.01815639131196833, 0.02067525071247673, 0.023351553411730393, 0.026184747431530292, 0.02917815982724767, 0.0323375266016683, 0.035670129799925246, 0.03918429664893983, 0.04288911421316911, 0.04679427208140687, 0.05090998092354807, 0.05524693587258166, 0.059816306298608145, 0.0646297410655479, 0.06969938284363823, 0.07503788771639176, 0.08065844790184783, 0.0865748163425219, 0.0928013324680069, 0.09935294875484346, 0.10624525789318329, 0.11349452047440216, 0.12111769317117946, 0.12913245741123827, 0.13755724855952675, 0.146411285627945, 0.15571460153077885, 0.16548807390010734, 0.1757534564699233, 0.18653341103127855, 0.1978515399538267, 0.20973241926187414, 0.22220163224553752, 0.23528580357985393, 0.24901263391666825, 0.26341093490578776, 0.2785106645931929, 0.2943429631349656, 0.3109401887559901, 0.3283359538723345, 0.34656516128548903, 0.3656640403452637, 0.38567018296609074, 0.4066225793686986, 0.42856165340557795, 0.4515292973143268, 0.4755689057278047, 0.500725408754032, 0.5270453039219241, 0.5545766867712479, 0.5833692798466367, 0.6134744598361069, 0.6449452825743273, 0.6778365056099211, 0.7122046080144103, 0.748107807088086, 0.7856060715952337, 0.824761131137838, 0.8656364812532931, 0.9082973837979111, 0.9528108621543369, 0.9992456907775564, 1.0476723785713022, 1.0981631455645617, 1.1507918923369478, 1.2056341616222137, 1.26276709150163, 1.3222693595836894, 1.384221117554191, 1.4487039154716759, 1.5158006151780212, 1.585595292193364, 1.6581731254690584, 1.7336202743827482, 1.8120237423765917, 1.8934712266639118, 1.9780509534618425, 2.065851498248628, 2.1569615905948805, 2.251469903179015, 2.349464824668977, 2.4510342162358714, 2.556265151560785, 2.6652436403043933, 2.778054335130263, 2.894780222507246, 3.0155022976640735, 3.140299224230036, 3.2692469792690106, 3.4024184845995196, 3.539883649231736, 3.681713583200881, 3.8279838876758565, 3.978773109384755, 4.134161094247152, 4.294227630811003, 4.459051292116128, 4.628708417024435, 4.803272192341524, 4.982811810111499, 5.167391683030074, 5.357070706666257, 5.5519015611405225, 5.751930047713516, 5.957194457788125, 6.167724973364657, 6.383543099167417, 6.604661127577882, 6.831081638225867, 7.0627970346445625, 7.299789120812847, 7.542028720704959, 7.7894753441539635, 8.042076902418797, 8.29976947683025, 8.562477143783553, 8.830111859148397, 9.10257340488549, 9.379749400297428, 9.661515379906096, 9.947734939446125, 10.238259950901801, 10.532930846902133, 10.831576974135652, 11.134017014763742, 11.440059474110669, 11.749503232202377, 12.062138156027332, 12.377745768713943, 12.696099971173357, 13.01696781115577, 13.340110294124434, 13.665283229874841, 13.992238108426102, 14.320722998395286, 14.650483460838995, 14.981263471414133, 15.312806343673365, 15.644855646370548, 15.977156107805195, 16.309454500479145, 16.64150049966721, 16.973047509909566, 17.30385345390812, 17.633681518842522, 17.962300855702953, 18.289487227855226, 18.615023605697598, 18.938700704926315, 19.260317466587427, 19.57968147774479, 19.896609332228675, 20.21092693153711, 20.52246972653485, 20.831082901126255, 21.136621499562626, 21.438950499477855, 21.737944833125148, 22.03348935961109, 22.32547879119021, 22.61381757689454, 22.89841974692957, 23.179208721373083, 23.45611708676947, 23.729086344222743, 23.998066632561034, 24.263016430077638, 24.52390223825358, 24.780698250738553, 25.033386010715564, 25.28195405960415, 25.526397579871634, 25.766718034525912, 26.002922805660013, 26.235024834211877, 26.463042262895094, 26.68699808405085, 26.90691979396989, 27.12283905503832, 27.33479136687367, 27.54281574743977, 27.746954424960844, 27.94725254129828, 28.143757867307837, 28.336520530560907, 28.525592755691, 28.71102861751588, 28.89288380698604, 29.07121540992187, 29.246081698423605, 29.417541934770167, 29.585656187564307, 29.750485159831623, 29.912090028739225, 30.0705322965657, 30.225873652526605, 30.378175845038697, 30.52750056399047, 30.673909332576255, 30.817463408245064, 30.958223692313155, 31.096250647790864, 31.23160422497834, 31.364343794391758, 31.494528086590517, 31.62221513848672, 31.747462245730347, 31.87032592077702, 31.99086185625939, 32.10912489329821, 32.22516899440453, 32.33904722063999, 32.450811712718306, 32.560513675746314, 32.668203367319265, 32.77393008869981, 32.87774217882582, 32.97968701090663, 33.07981099138165, 33.178159561029354, 33.27477719802783, 33.36970742278093, 33.462992804336615, 33.5546749682354, 33.64479460563851, 33.73339148359551, 33.82050445632176, 33.90617147736518, 33.990429612551154, 34.0733150536027, 34.15486313234123, 34.23510833538065, 34.31408431923471, 34.39182392576398, 34.46835919789534, 34.54372139555231, 34.617941011740236, 34.69104778873525, 34.76307073433067, 34.834038138098855, 34.90397758763058, 34.972915984717766, 35.040879561448946, 35.10789389618987, 35.1739839294249, 35.23917397943739, 35.30348775780992, 35.366948384727415, 35.42957840406857, 35.49139979827272, 35.55243400297125, 35.61270192137438, 35.672223938405324, 35.7310199345757, 35.78910929959686, 35.84651094572331, 35.903243320825204, 35.95932442118795, 36.014771804037814, 36.06960259979309, 36.12383352404132, 36.17748088924329, 36.23056061616554, 36.283088245043274, 36.335078946476116, 36.38654753205965, 36.43750846475583, 36.4879758690058, 36.53796354058887, 36.5874849562316, 36.636553282971214, 36.685181387277616, 36.733381843938496, 36.78116694471212, 36.82854870675245, 36.87553888081132, 36.92214895922248, 36.96839018367227, 37.01427355276178, 37.05980982936535, 37.10500954779016, 37.14988302074179, 37.194440346100414, 37.238691413512505, 37.282645910802565, 37.32631333020963, 37.369702974453055, 37.412823962632096, 37.45568523596373, 37.49829556336302, 37.54066354687039, 37.582797626929924, 37.624706087522846, 37.66639706116022, 37.707878533738764, 37.74915834926374, 37.7902442144425, 37.83114370315266, 37.87186426078816, 37.91241320848696, 37.95279774724374, 37.99302496191082, 38.033101825090625, 38.07303520092289, 38.11283184876955, 38.15249842680043, 38.192041495482435, 38.231467520975336, 38.270782878436584, 38.30999385523799, 38.34910665409678, 38.388127396123515, 38.42706212378926, 38.46591680381441, 38.504697329981326, 38.543409525873116, 38.58205914754051, 38.620651886099, 38.659193370258144, 38.69768916878506, 38.73614479290375, 38.77456569863223, 38.812957289059064, 38.851324916561026, 38.88967388496342, 38.92800945164459, 38.966336829586176, 39.0046611893704, 39.0429876611259, 39.08132133642323, 39.11966727012148, 39.15803048216702, 39.19641595934566, 39.234828656989265, 39.27327350063788, 39.31175538765832, 39.35027918882029, 39.38884974983078, 39.427471892827796, 39.46615041783401, 39.504890104171295, 39.54369571183682, 39.58257198284126, 39.62152364251, 39.660555400747754, 39.69967195326723, 39.73887798278237, 39.77817816016664, 39.817577145576806, 39.857079589542664, 39.89669013402304, 39.93641341342841, 39.97625405561048, 40.016216682818985, 40.05630591262587, 40.09652635881719, 40.1368826322528, 40.177379341693985, 40.21802109459919, 40.2588124978878, 40.29975815867223, 40.340862684958076]]","[array([6.37688001e-05, 6.00799169e-05, 5.86665222e-05, 5.87302893e-05,
       5.97886726e-05, 6.15487600e-05, 6.38320694e-05, 6.65297243e-05,
       6.95754175e-05, 7.29291452e-05, 7.65673800e-05, 8.04771112e-05,
       8.46522115e-05, 8.90912056e-05, 9.37958873e-05, 9.87704518e-05,
       1.04020943e-04, 1.09554898e-04, 1.15381108e-04, 1.21509461e-04,
       1.27950836e-04, 1.34717021e-04, 1.41820669e-04, 1.49275254e-04,
       1.57095050e-04, 1.65295111e-04, 1.73891266e-04, 1.82900110e-04,
       1.92339007e-04, 2.02226087e-04, 2.12580260e-04, 2.23421214e-04,
       2.34769431e-04, 2.46646196e-04, 2.59073605e-04, 2.72074582e-04,
       2.85672887e-04, 2.99893131e-04, 3.14760787e-04, 3.30302203e-04,
       3.46544612e-04, 3.63516143e-04, 3.81245830e-04, 3.99763620e-04,
       4.19100379e-04, 4.39287897e-04, 4.60358886e-04, 4.82346987e-04,
       5.05286760e-04, 5.29213679e-04, 5.54164126e-04, 5.80175372e-04,
       6.07285562e-04, 6.35533693e-04, 6.64959581e-04, 6.95603838e-04,
       7.27507822e-04, 7.60713597e-04, 7.95263883e-04, 8.31201988e-04,
       8.68571747e-04, 9.07417445e-04, 9.47783727e-04, 9.89715504e-04,
       1.03325785e-03, 1.07845589e-03, 1.12535465e-03, 1.17399895e-03,
       1.22443321e-03, 1.27670134e-03, 1.33084651e-03, 1.38691096e-03,
       1.44493582e-03, 1.50496089e-03, 1.56702434e-03, 1.63116254e-03,
       1.69740971e-03, 1.76579772e-03, 1.83635569e-03, 1.90910976e-03,
       1.98408271e-03, 2.06129361e-03, 2.14075751e-03, 2.22248502e-03,
       2.30648192e-03, 2.39274881e-03, 2.48128069e-03, 2.57206652e-03,
       2.66508887e-03, 2.76032346e-03, 2.85773874e-03, 2.95729555e-03,
       3.05894664e-03, 3.16263689e-03, 3.26831625e-03, 3.37596659e-03,
       3.48559616e-03, 3.59722347e-03, 3.71086619e-03, 3.82653403e-03,
       3.94422418e-03, 4.06391847e-03, 4.18558169e-03, 4.30916068e-03,
       4.43458393e-03, 4.56176154e-03, 4.69058534e-03, 4.82092925e-03,
       4.95264975e-03, 5.08558633e-03, 5.21956217e-03, 5.35438474e-03,
       5.48984656e-03, 5.62572596e-03, 5.76178792e-03, 5.89778505e-03,
       6.03345850e-03, 6.16853912e-03, 6.30274855e-03, 6.43580046e-03,
       6.56740189e-03, 6.69725462e-03, 6.82505663e-03, 6.95050363e-03,
       7.07329062e-03, 7.19311357e-03, 7.30967106e-03, 7.42266597e-03,
       7.53180721e-03, 7.63681139e-03, 7.73740455e-03, 7.83332374e-03,
       7.92431870e-03, 8.01015332e-03, 8.09060711e-03, 8.16547655e-03,
       8.23457633e-03, 8.29774040e-03, 8.35482300e-03, 8.40569945e-03,
       8.45026678e-03, 8.48844430e-03, 8.52017381e-03, 8.54541986e-03,
       8.56416969e-03, 8.57643305e-03, 8.58224182e-03, 8.58164957e-03,
       8.57473085e-03, 8.56158042e-03, 8.54231232e-03, 8.51705882e-03,
       8.48596930e-03, 8.44920900e-03, 8.40695773e-03, 8.35940849e-03,
       8.30676612e-03, 8.24924580e-03, 8.18707166e-03, 8.12047531e-03,
       8.04969443e-03, 7.97497137e-03, 7.89655178e-03, 7.81468329e-03,
       7.72961429e-03, 7.64159267e-03, 7.55086478e-03, 7.45767432e-03,
       7.36226141e-03, 7.26486170e-03, 7.16570555e-03, 7.06501736e-03,
       6.96301490e-03, 6.85990880e-03, 6.75590206e-03, 6.65118965e-03,
       6.54595824e-03, 6.44038595e-03, 6.33464216e-03, 6.22888739e-03,
       6.12327331e-03, 6.01794267e-03, 5.91302940e-03, 5.80865869e-03,
       5.70494712e-03, 5.60200286e-03, 5.49992583e-03, 5.39880795e-03,
       5.29873338e-03, 5.19977882e-03, 5.10201374e-03, 5.00550070e-03,
       4.91029567e-03, 4.81644830e-03, 4.72400228e-03, 4.63299559e-03,
       4.54346085e-03, 4.45542564e-03, 4.36891277e-03, 4.28394057e-03,
       4.20052323e-03, 4.11867104e-03, 4.03839066e-03, 3.95968541e-03,
       3.88255552e-03, 3.80699832e-03, 3.73300857e-03, 3.66057858e-03,
       3.58969849e-03, 3.52035645e-03, 3.45253878e-03, 3.38623019e-03,
       3.32141394e-03, 3.25807198e-03, 3.19618510e-03, 3.13573308e-03,
       3.07669484e-03, 3.01904850e-03, 2.96277156e-03, 2.90784095e-03,
       2.85423317e-03, 2.80192434e-03, 2.75089033e-03, 2.70110676e-03,
       2.65254917e-03, 2.60519299e-03, 2.55901367e-03, 2.51398667e-03,
       2.47008755e-03, 2.42729202e-03, 2.38557594e-03, 2.34491538e-03,
       2.30528666e-03, 2.26666635e-03, 2.22903132e-03, 2.19235876e-03,
       2.15662617e-03, 2.12181142e-03, 2.08789274e-03, 2.05484872e-03,
       2.02265834e-03, 1.99130099e-03, 1.96075643e-03, 1.93100486e-03,
       1.90202686e-03, 1.87380344e-03, 1.84631600e-03, 1.81954637e-03,
       1.79347679e-03, 1.76808990e-03, 1.74336877e-03, 1.71929685e-03,
       1.69585800e-03, 1.67303648e-03, 1.65081695e-03, 1.62918444e-03,
       1.60812437e-03, 1.58762254e-03, 1.56766512e-03, 1.54823863e-03,
       1.52932997e-03, 1.51092639e-03, 1.49301545e-03, 1.47558509e-03,
       1.45862357e-03, 1.44211945e-03, 1.42606163e-03, 1.41043931e-03,
       1.39524202e-03, 1.38045954e-03, 1.36608197e-03, 1.35209969e-03,
       1.33850335e-03, 1.32528386e-03, 1.31243242e-03, 1.29994047e-03,
       1.28779968e-03, 1.27600199e-03, 1.26453958e-03, 1.25340483e-03,
       1.24259039e-03, 1.23208908e-03, 1.22189397e-03, 1.21199832e-03,
       1.20239560e-03, 1.19307947e-03, 1.18404379e-03, 1.17528260e-03,
       1.16679012e-03, 1.15856076e-03, 1.15058908e-03, 1.14286982e-03,
       1.13539788e-03, 1.12816832e-03, 1.12117635e-03, 1.11441734e-03,
       1.10788678e-03, 1.10158034e-03, 1.09549379e-03, 1.08962306e-03,
       1.08396420e-03, 1.07851337e-03, 1.07326689e-03, 1.06822116e-03,
       1.06337274e-03, 1.05871826e-03, 1.05425448e-03, 1.04997827e-03,
       1.04588661e-03, 1.04197656e-03, 1.03824530e-03, 1.03469009e-03,
       1.03130829e-03, 1.02809735e-03, 1.02505483e-03, 1.02217833e-03,
       1.01946557e-03, 1.01691435e-03, 1.01452253e-03, 1.01228806e-03,
       1.01020897e-03, 1.00828335e-03, 1.00650937e-03, 1.00488527e-03,
       1.00340936e-03, 1.00208001e-03, 1.00089565e-03, 9.99854786e-04,
       9.98955971e-04, 9.98197826e-04, 9.97579028e-04, 9.97098309e-04,
       9.96754458e-04, 9.96546314e-04, 9.96472772e-04, 9.96532775e-04,
       9.96725316e-04, 9.97049436e-04, 9.97504224e-04, 9.98088813e-04,
       9.98802382e-04, 9.99644152e-04, 1.00061339e-03, 1.00170939e-03,
       1.00293151e-03, 1.00427912e-03, 1.00575165e-03, 1.00734856e-03,
       1.00906934e-03, 1.01091351e-03, 1.01288065e-03, 1.01497035e-03,
       1.01718223e-03, 1.01951595e-03, 1.02197120e-03, 1.02454770e-03,
       1.02724520e-03, 1.03006346e-03, 1.03300229e-03, 1.03606151e-03,
       1.03924098e-03, 1.04254056e-03, 1.04596016e-03, 1.04949970e-03,
       1.05315911e-03])]","[[0, 6.376880005047202e-05, 0.00012384871691641303, 0.00018251523914562925, 0.00024124552846763064, 0.0003010342010953007, 0.00036258296106551576, 0.0004264150304752402, 0.0004929447547810207, 0.0005625201723074318, 0.0006354493175518623, 0.0007120166975726306, 0.0007924938087853653, 0.0008771460202670299, 0.0009662372258400906, 0.0010600331131026825, 0.0011588035648595753, 0.0012628245082979476, 0.0013723794065940672, 0.0014877605146231127, 0.00160926997603514, 0.001737220811755945, 0.0018719378331432278, 0.002013758502481161, 0.0021630337567714953, 0.002320128806397254, 0.002485423917303052, 0.002659315183312956, 0.002842215293762528, 0.00303455430055337, 0.0032367803879197994, 0.0034493606475485025, 0.0036727818611617096, 0.003907551292228675, 0.004154197488085883, 0.004413271093407221, 0.004685345675659464, 0.004971018562896851, 0.005270911693984377, 0.005585672481086879, 0.0059159746840156055, 0.006262519295781602, 0.006626035438462711, 0.007007281268245185, 0.0074070448882493515, 0.007826145267489103, 0.008265433164045169, 0.008725792050250243, 0.009208139037388593, 0.00971342579710207, 0.010242639476367315, 0.010796803602564234, 0.011376978974792402, 0.011984264537209341, 0.0126197982297617, 0.01328475781125717, 0.013980361649280878, 0.014707869470995507, 0.015468583068379378, 0.016263846950952177, 0.017095048938514688, 0.017963620685888165, 0.01887103813108277, 0.019818821857754774, 0.020808537362232246, 0.02184179521480132, 0.022920251104354732, 0.024045605754914923, 0.02521960470196175, 0.026444037915925343, 0.027720739259655354, 0.029051585766156303, 0.0304384967223943, 0.03188343254454226, 0.03338839342965043, 0.03495541776841778, 0.03658658030351097, 0.038283990017744546, 0.04004978773641443, 0.041886143428180936, 0.04379525318914574, 0.04577933589517528, 0.04784062950810929, 0.04998138702227595, 0.05220387203873159, 0.05451035395587273, 0.0569031027665464, 0.05938438345353071, 0.06195644997728397, 0.06462153885218222, 0.06738186231009263, 0.07023960105307137, 0.07319689660023428, 0.07625584323742723, 0.07941848012250229, 0.08268679637430199, 0.08606276296338702, 0.08954835912278879, 0.09314558258817127, 0.09685644877407937, 0.10068298280389174, 0.10462720698491743, 0.10869112545337814, 0.1128767071389484, 0.11718586781560465, 0.12162045175037464, 0.1261822132920917, 0.13087279863063772, 0.13569372788483464, 0.1406463776315751, 0.14573196396141053, 0.15095152613072838, 0.1563059108737308, 0.1617957574357769, 0.1674214833912015, 0.17318327131200406, 0.1790810563577405, 0.18511451486077418, 0.19128305398419018, 0.19758580253173744, 0.20402160298985078, 0.21058900488091506, 0.2172862595043432, 0.2241113161376807, 0.23106181976380574, 0.23813511038239957, 0.24532822395429013, 0.2526378950161345, 0.26006056099035296, 0.26759236820144233, 0.2752291795949864, 0.28296658414009196, 0.29079990787986154, 0.29872422657815145, 0.30673437989454067, 0.31482498700344325, 0.3229904635579292, 0.33122503988435525, 0.33952278028061883, 0.3478776032789804, 0.35628330272417486, 0.3647335695091367, 0.37322201380425046, 0.3817421876117163, 0.3902876074744636, 0.3988517771690699, 0.40742821021433884, 0.4160104520314893, 0.4245921015982094, 0.4331668324469937, 0.44172841286803494, 0.45027072518828554, 0.45878778401091247, 0.46727375331300425, 0.47572296231380184, 0.48412992004066097, 0.4924893285351602, 0.5007960946570046, 0.5090453404584033, 0.5172324121162107, 0.5253528874231145, 0.5334025818523647, 0.5413775532228156, 0.5492741050022781, 0.557088788297265, 0.5648184025860868, 0.5724599952598871, 0.5800108600425713, 0.5874685343657006, 0.594830795778313, 0.6020956574743509, 0.6092613630219718, 0.616326380379585, 0.6232893952830632, 0.6301493040873194, 0.6369052061434266, 0.6435563957897609, 0.6501023540323998, 0.6565427399862789, 0.6628773821445046, 0.6691062695388377, 0.6752295428497608, 0.6812474855198327, 0.6871605149192515, 0.6929691736077843, 0.6986741207325192, 0.7042761235962958, 0.709776049427233, 0.7151748573755131, 0.7204735907595324, 0.725673369579716, 0.7307753833147246, 0.7357808840114695, 0.7406911796773002, 0.7455076279799437, 0.7502316302582412, 0.7548646258444611, 0.7594080866969339, 0.7638635123399697, 0.7682324251064501, 0.7725163656771377, 0.7767168889095938, 0.780835559948625, 0.7848739506093876, 0.7888336360236369, 0.7927161915391155, 0.7965231898617062, 0.8002561984297254, 0.8039167770095889, 0.8075064755020227, 0.8110268319480205, 0.8144793707238409, 0.817865600914497, 0.821187014855391, 0.8244450868320009, 0.8276412719278052, 0.8307770050109474, 0.833853699850473, 0.8368727483533264, 0.8398355199136558, 0.8427433608663447, 0.8455975940370664, 0.8483995183815293, 0.8511504087069575, 0.853851515469218, 0.8565040646393693, 0.8591092576337594, 0.8616682713021477, 0.864182257968657, 0.866652345520686, 0.8690796375412245, 0.8714652134803067, 0.8738101288616297, 0.8761154155206303, 0.8783820818705772, 0.8806111131934771, 0.8828034719528318, 0.884960098125499, 0.8870819095501212, 0.8891698022897827, 0.8912246510067389, 0.8932473093472376, 0.8952386103346125, 0.8971993667689835, 0.8991303716320418, 0.901032398495529, 0.9029062019321453, 0.9047525179277395, 0.9065720642937362, 0.9083655410788627, 0.9101336309793263, 0.9118769997466799, 0.9135962965926957, 0.9152921545906385, 0.9169651910723988, 0.9186160080210107, 0.9202451924581343, 0.9218533168261387, 0.9234409393644692, 0.9250086044800281, 0.9265568431113377, 0.9280861730862959, 0.9295970994733646, 0.9310901149260654, 0.9325657000206865, 0.9340243235871254, 0.935466443032824, 0.9368925046597657, 0.9383029439745293, 0.9396981859914081, 0.9410786455286207, 0.9424447274976526, 0.9437968271857791, 0.9451353305318345, 0.9464606143952993, 0.9477730468187848, 0.9490729872840076, 0.9503607869613447, 0.9516367889530744, 0.9529013285304049, 0.9541547333644036, 0.9553973237509377, 0.9566294128297427, 0.9578513067977379, 0.9590633051167069, 0.960265700715465, 0.9614587801866346, 0.9626428239781508, 0.9638181065796201, 0.9649848967036515, 0.9661434574622842, 0.9672940465386306, 0.9684369163538538, 0.9695723142295991, 0.9707004825459954, 0.9718216588953418, 0.9729360762315931, 0.9740439630157567, 0.9751455433573095, 0.9762410371517446, 0.9773306602143514, 0.9784146244103359, 0.97949313778138, 0.9805664046687419, 0.9816346258329925, 0.9826979985704856, 0.9837567168266516, 0.9848109713062091, 0.985860949580379, 0.9869068361911897, 0.987948812752957, 0.9889870580510184, 0.9900217481378042, 0.9910530564263206, 0.9920811537811207, 0.9931062086068354, 0.9941283869343365, 0.9951478525045996, 0.9961647668503341, 0.9971792893754442, 0.9981915774323847, 0.999201786397471, 1.0002100697442033, 1.001216579114661, 1.0022214643890222, 1.0032248737532627, 1.0042269537650852, 1.0052278494181275, 1.006227704204499, 1.0072266601756905, 1.0082248580019042, 1.0092224370298435, 1.0102195353390067, 1.0112162897965238, 1.0122128361105742, 1.0132093088824223, 1.0142058416571067, 1.0152025669728175, 1.0161996164089928, 1.0171971206331671, 1.0181952094466002, 1.019194011828717, 1.020193655980383, 1.0211942693660438, 1.0221959787547519, 1.0231989102601051, 1.0242031893791192, 1.0252089410300553, 1.0262162895892215, 1.0272253589267715, 1.0282362724415113, 1.029249153094738, 1.0302641234431227, 1.0312813056706507, 1.032300821619637, 1.033322792820827, 1.0343473405225945, 1.0353745857192465, 1.036404649178449, 1.0374376514677779, 1.0384737129804036, 1.0395129539599204, 1.0405554945243216, 1.041601454689129, 1.0426509543896803, 1.0437041135025769]]"
40.0,40.0,3,90,360,I1-S0,"[[0.01, 0.009218546420913139, 0.008861068736292907, 0.00877505793697105, 0.008868438473316585, 0.009085434380342091, 0.009392113524283818, 0.009767789254929968, 0.010199856489056911, 0.01068068655511577, 0.011205754784306042, 0.01177250783281693, 0.012379675448521945, 0.013026849798757048, 0.013714226356610862, 0.014442442769104247, 0.015212477525484425, 0.016025585448072473, 0.016883256135891818, 0.017787186952242004, 0.01873926542659092, 0.019741557914739995, 0.020796302552971005, 0.021905905264967548, 0.023072938021963394, 0.02430013882879996, 0.025590413078406912, 0.026946836024815273, 0.02837265619427429, 0.029871299599873773, 0.03144637465602941, 0.03310167771058485, 0.034841199127369285, 0.03666912986282779, 0.038589868488064755, 0.04060802861310169, 0.042728446673860075, 0.044956190044673223, 0.047296565440231336, 0.04975512757092218, 0.0523376880146483, 0.055050324266448535, 0.05789938892467232, 0.060891518969074736, 0.06403364508203312, 0.06733300095913268, 0.07079713254962346, 0.07443390716070056, 0.07825152235218592, 0.08225851453996971, 0.08646376721748045, 0.09087651869446704, 0.09550636924147081, 0.10036328751651617, 0.10545761613773835, 0.11080007625187978, 0.11640177093382156, 0.12227418723657545, 0.12842919669446626, 0.13487905406461909, 0.14163639407338532, 0.14871422591507646, 0.1561259252304321, 0.1638852232717681, 0.17200619294091393, 0.18050323136507176, 0.18939103865489196, 0.1986845924686822, 0.2083991179871425, 0.21855005288480514, 0.22915300686798667, 0.24022371533514744, 0.25177798670480217, 0.2638316429493253, 0.2764004528710394, 0.28950005766084597, 0.3031458882904431, 0.31735307430804643, 0.33213634363575606, 0.34750991300563217, 0.3634873687225563, 0.38008153750650525, 0.39730434724639496, 0.4151666775935949, 0.4336782004369076, 0.4528472104334971, 0.4726804459229592, 0.49318290072524623, 0.5143576275179248, 0.5362055337042605, 0.5587251709203679, 0.5819125195859806, 0.6057607701773902, 0.6302601031900373, 0.6553980395851068, 0.6811649893968716, 0.7075570449803049, 0.7345721653563416, 0.7622070355089845, 0.7904549406427565, 0.8193043431159217, 0.8487379474491392, 0.878732105581109, 0.9092564611849526, 0.9402737645621977, 0.9717398125872986, 1.0036034842536452, 1.035806853554778, 1.0682853691043892, 1.1009680950270744, 1.1337780109264592, 1.1666323706491286, 1.199443120465272, 1.2321173774381573, 1.2645579683461043, 1.296664028698563, 1.3283316602672102, 1.359454644227856, 1.3899252055598752, 1.4196348228482527, 1.4484750761442582, 1.47633852412465, 1.5031196005021104, 1.5287155185326808, 1.5530271715850061, 1.5759600171202433, 1.5974249311114699, 1.617339019928957, 1.6356263770440025, 1.6522187725591975, 1.6670562645456541, 1.6800877224351183, 1.6912712542436592, 1.7005745311509142, 1.7079750048739557, 1.7134600153012272, 1.7170267879295682, 1.7186823227149843, 1.7184431779457343, 1.7163351546185, 1.7123928884947286, 1.7066593584922292, 1.699185321293315, 1.6900286830017124, 1.679253819342888, 1.666930856273436, 1.6531349229514225, 1.6379453888366222, 1.6214450962603875, 1.6037195991585909, 1.5848564178311861, 1.5649443186148795, 1.5440726262688236, 1.522330575714571, 1.4998067085766764, 1.476588318772584, 1.4527609502296233, 1.4284079486887602, 1.4036100685105095, 1.3784451344447461, 1.3529877574751459, 1.3273091031083648, 1.3014767098515534, 1.2755543551095267, 1.249601965331944, 1.2236755669457482, 1.1978272744113927, 1.1721053116341549, 1.146554062934197, 1.1212141498205628, 1.0961225299144175, 1.0713126145151852, 1.0468144014898202, 1.0226546203810019, 0.9988568868660351, 0.9754418639470438, 0.9524274275079891, 0.9298288341293772, 0.9076588893024559, 0.8859281144273147, 0.8646449112105343, 0.8438157222955509, 0.8234451871610791, 0.8035362925087339, 0.7840905165298697, 0.7651079665935202, 0.7465875100324377, 0.7285268978231128, 0.7109228810590777, 0.6937713202056618, 0.677067287199699, 0.6608051605205855, 0.6449787134106553, 0.6295811954642268, 0.6146054078369528, 0.6000437723513694, 0.585888394791759, 0.5721311226926027, 0.5587635979308334, 0.5457773044336499, 0.53316361131151, 0.5209138117207669, 0.5090191577528115, 0.4974708916370584, 0.4862602735341079, 0.4753786061833288, 0.46481725665625967, 0.45456767545391946, 0.4446214131725749, 0.4349701349489484, 0.4256056328824115, 0.4165198366185437, 0.40770482226563404, 0.39915281980335476, 0.39085621913099433, 0.38280757489134537, 0.3749996101956327, 0.36742521936474554, 0.36007746979251687, 0.3529496030278663, 0.3460350351642799, 0.3393273566173263, 0.3328203313636868, 0.32650789570847916, 0.32038415664146513, 0.3144433898370168, 0.30868003734745314, 0.3030887050345228, 0.2976641597793687, 0.2924013265072435, 0.2872952850595243, 0.28234126694218, 0.27753465197674243, 0.2728709648770139, 0.2683458717721739, 0.26395517669461815, 0.2596948180487469, 0.2555608650750014, 0.2515495143217158, 0.24765708613577986, 0.24388002118169666, 0.24021487699733962, 0.23665832459356748, 0.23320714510382046, 0.22985822648889523, 0.226608560301263, 0.223455238512552, 0.22039545040714986, 0.2174264795442883, 0.21454570079044352, 0.21175057742341777, 0.20903865830904994, 0.20640757515113645, 0.2038550398148189, 0.20137884172341006, 0.19897684532838045, 0.1966469876520098, 0.19438727590201896, 0.19219578515733496, 0.1900706561240016, 0.18801009296012908, 0.1860123611686755, 0.18407578555676948, 0.18219874826021373, 0.18037968683175415, 0.17861709239165474, 0.17690950783908563, 0.17525552612280662, 0.17365378856961403, 0.17210298326900847, 0.17060184351254024, 0.16914914628629157, 0.16774371081496373, 0.1663843971560488, 0.16507010484258292, 0.1637997715729963, 0.16257237194659802, 0.16138691624325743, 0.1602424492458702, 0.15913804910422505, 0.15807282623891644, 0.15704592228397757, 0.15605650906694024, 0.15510378762505853, 0.15418698725646549, 0.15330536460506403, 0.1524582027779853, 0.15164481049447975, 0.1508645212651383, 0.15011669260037225, 0.14940070524711266, 0.14871596245271979, 0.14806188925512448, 0.1474379317982531, 0.14684355667181656, 0.1462782502745735, 0.1457415182002049, 0.14523288464496573, 0.14475189183630532, 0.14429809948167463, 0.14387108423676384, 0.14347043919243835, 0.1430957733796653, 0.14274671129174588, 0.14242289242319112, 0.14212397082460113, 0.14184961467292823, 0.14159950585652537, 0.14137333957440068, 0.14117082394911804, 0.1409916796528024, 0.1408356395457256, 0.14070244832696593, 0.1405918621966518, 0.14050364852931413, 0.14043758555788904, 0.14039346206792633, 0.14037107710157323, 0.14037023967091686, 0.14039076848028173, 0.14043249165709112, 0.14049524649091327, 0.1405788791803247, 0.14068324458723427, 0.14080820599832214, 0.14095363489325732, 0.14111941071936876, 0.14130542067245222, 0.14151155948340602, 0.1417377292103957, 0.14198383903625708, 0.14224980507085386, 0.1425355501581146, 0.1428410036874797, 0.14316610140949718, 0.14351078525531122, 0.14387500315979504, 0.14425870888808442, 0.1446618618652746, 0.1450844270090487, 0.14552637456501036, 0.14598767994449938, 0.1464683235646727, 0.14696829069063866, 0.14748757127943593, 0.14802615982565367, 0.14858405520849266, 0.1491612605400716, 0.149757783014786, 0.1503736337595316, 0.15100882768460622, 0.15166338333510923, 0.1523373227426596, 0.15303067127725753, 0.1537434574991172, 0.1544757130103022, 0.15522747230599723, 0.15599877262525338, 0.15678965380104684, 0.15760015810949426, 0.15843033011807092, 0.15928021653268037, 0.16014986604342815, 0.16103932916895417, 0.16194865809918282, 0.16287790653635179]]","[[0.01, 0.011673645222856313, 0.01362924433757481, 0.015801894644077778, 0.018156391319595223, 0.02067525115368881, 0.02335155800028888, 0.026184771125287575, 0.02917824331290383, 0.032337757912628905, 0.035670673287158026, 0.03918542938412716, 0.042891269886251714, 0.04679809249893702, 0.05091637528718657, 0.05525714810107047, 0.0598319907425755, 0.06465304704821613, 0.06973304854020221, 0.07508534396024776, 0.0807239325774412, 0.08666350009313833, 0.0929194565132368, 0.0995079756775547, 0.10644603632039784, 0.11375146464112354, 0.12144297842147325, 0.12954023275711987, 0.13806386748574634, 0.14703555639976848, 0.15647805833244785, 0.16641527020384458, 0.17687228210908093, 0.18787543452638675, 0.19945237771669577, 0.21163213338027645, 0.22444515862901213, 0.237923412325425, 0.2521004238312558, 0.26701136419923455, 0.2826931198314512, 0.2991843686163002, 0.31652565854315395, 0.33475948877953365, 0.3539303931794079, 0.3740850261731487, 0.39527225096941626, 0.4175432299765958, 0.4409515173261582, 0.46555315335221226, 0.4914067608503268, 0.5185736429041643, 0.547117882030332, 0.5771064403498589, 0.6086092604485807, 0.6416993665382009, 0.6764529654746416, 0.7129495471302467, 0.7512719835512375, 0.7915066262613295, 0.8337434009964312, 0.8780758990737274, 0.9246014645111185, 0.9734212759199262, 1.0246404220950573, 1.078367970122578, 1.1347170247151888, 1.1938047773717837, 1.2557525438386947, 1.3206857882281022, 1.3887341320243567, 1.4600313460827865, 1.5347153235993694, 1.6129280319051358, 1.6948154408183573, 1.780527425172815, 1.8702176390344465, 1.964043359024555, 2.062165294088998, 2.1647473589933117, 2.2719564087878585, 2.383961931479543, 2.5009356961725686, 2.6230513540055043, 2.7504839893213666, 2.883409618667462, 3.0220046354383707, 3.1664451982547885, 3.3169065615187434, 3.473562347007512, 3.636583755869198, 3.806138720966455, 3.9823910001841503, 4.165499212073318, 4.35561641509806, 4.552895555821941, 4.757493590245412, 4.969568657663292, 5.189276990840742, 5.416770172558408, 5.652192644883679, 5.89567940768217, 6.147353863658557, 6.407325782256073, 6.6756893659199035, 6.952521410728122, 7.237879559972969, 7.53180065442261, 7.834299187022718, 8.145365872910133, 8.464966347936038, 8.7930400105152, 9.129499022582404, 9.47422748578094, 9.827080808755646, 10.187885280596246, 10.556437864099907, 10.9325062206249, 11.3158289759287, 11.706116233572539, 12.103050339290593, 12.506286896236984, 12.915456027319667, 13.330163876998059, 13.749994341059109, 14.174511009096397, 14.603259300802044, 15.035768773842236, 15.471555578118345, 15.910125028701843, 16.350974267744085, 16.79359498425774, 17.237476159883496, 17.68210680861225, 18.126978678928808, 18.571588887957052, 19.015442458879804, 19.458054735123188, 19.89895364746506, 20.337681813269036, 20.773798450370617, 21.206881091656786, 21.636527089991173, 22.062354906752024, 22.484005180784386, 22.901141577942745, 23.313451424549314, 23.72064613095994, 24.122461413970832, 24.518657328985103, 24.909018124669746, 25.293351934265733, 25.67149031877063, 26.04328767790893, 26.408620545162048, 26.767386783176192, 27.119504695634717, 27.46491207120868, 27.80356517452211, 28.135437698225413, 28.460519689297932, 28.778816461634424, 29.090347505842427, 29.395145406017985, 29.69325477210174, 29.984731195268772, 30.26964023269221, 30.54805642695813, 30.82006236440914, 31.085747775765203, 31.34520868151823, 31.598546583825527, 31.845867705936946, 32.087282279581224, 32.322903880206226, 32.55284880951207, 32.77723552433146, 32.99618411059285, 33.2098158008439, 33.41825253360975, 33.62161655270727, 33.8200300445266, 34.013614811220556, 34.20249197770479, 34.38678173036238, 34.566603085362146, 34.742073684534724, 34.91330961680231, 35.080425263222516, 35.24353316378153, 35.40274390415394, 35.55816602073421, 35.709905922335615, 35.8580678270449, 36.002753712814155, 36.14406328046308, 36.28209392785559, 36.41694073410248, 36.54869645272665, 36.677451512809185, 36.803294027211834, 36.926309807045556, 37.0465823816241, 37.164193023207154, 37.279220775899184, 37.39174248812695, 37.50183284817247, 37.60956442228744, 37.71500769496102, 37.818231110955296, 37.919301118761645, 38.01828221516699, 38.11523699065208, 38.21022617537361, 38.30330868550993, 38.39454166977485, 38.48398055592698, 38.57167909712286, 38.65768941798089, 38.74206206024013, 38.82484602791351, 38.906088831848805, 38.985836533623484, 39.06413378871061, 39.14102388886323, 39.21654880367381, 39.29074922127332, 39.363664588141916, 39.43533314800961, 39.50579197983109, 39.57507703482384, 39.64322317256358, 39.71026419613444, 39.776232886335386, 39.841161034947106, 39.90507947706628, 39.96801812251661, 40.03000598634787, 40.091071218435886, 40.151241132198095, 40.210542232440076, 40.26900024234998, 40.32664012965825, 40.38348613198085, 40.43956178136472, 40.49488992805457, 40.549492763500325, 40.60339184262494, 40.656608105372015, 40.7091618975531, 40.76107299101407, 40.81236060314021, 40.863043415719254, 40.91313959318139, 40.962666800235255, 41.01164221891823, 41.06008256507944, 41.108004104313196, 41.15542266736056, 41.202353664996046, 41.24881210241626, 41.29481259314683, 41.340369372483636, 41.385496310483816, 41.4302069245217, 41.47451439142439, 41.51843155920136, 41.561970958381835, 41.6051448129736, 41.64796505105619, 41.690443315021234, 41.7325909714722, 41.7744191207955, 41.81593860641443, 41.85716002373713, 41.89809372880937, 41.93874984668258, 41.97913827950722, 42.01926871436122, 42.059150630822984, 42.098793308297935, 42.13820583310749, 42.17739710534889, 42.216375845534074, 42.25515060101551, 42.29372975220654, 42.33212151860365, 42.370333964617714, 42.40837500522101, 42.44625241141663, 42.48397381553657, 42.52154671637465, 42.558978484160114, 42.59627636537759, 42.633447487438836, 42.67049886321155, 42.70743739541029, 42.74426988085433, 42.7810030145972, 42.81764339393229, 42.85419752227904, 42.89067181295362, 42.92707259282836, 42.96340610588358, 42.99967851665558, 43.035895913584405, 43.072064312264686, 43.108189658602896, 43.14427783188412, 43.180334647751415, 43.21636586110057, 43.25237716889312, 43.28837421289018, 43.324362582309796, 43.36034781640999, 43.39633540700016, 43.43233080088277, 43.46833940222767, 43.50436657488099, 43.54041764461054, 43.57649790128964, 43.612612601021105, 43.64876696820305, 43.68496619753821, 43.721215455988194, 43.75751988467416, 43.793884600725306, 43.83031469907647, 43.86681525421601, 43.9033913218852, 43.94004794073021, 43.97679013390763, 44.01362291064459, 44.050551267754365, 44.08758019110817, 44.124714657064125, 44.16195963385399, 44.19932008292828, 44.236800960260496, 44.27440721761093, 44.31214380375057, 44.350015665645586, 44.38802774960266, 44.42618500237567, 44.46449237223394, 44.50295480999225, 44.54157727000287, 44.580364711109794, 44.61932209756515, 44.65845439990802, 44.69776659580549, 44.73726367085608, 44.77695061935534, 44.81683244502358, 44.85691416169552, 44.89720079397175, 44.93769737783165, 44.97840896120754, 45.01934060451981, 45.06049738117255, 45.1018843780094, 45.14350669572913, 45.1853694492605, 45.22747776809595, 45.26983679658352, 45.31245169417647]]","[array([6.37688001e-05, 6.00799169e-05, 5.86665222e-05, 5.87302893e-05,
       5.97886734e-05, 6.15487715e-05, 6.38321401e-05, 6.65299988e-05,
       6.95762217e-05, 7.29310947e-05, 7.65715078e-05, 8.04850100e-05,
       8.46661886e-05, 8.91144475e-05, 9.38326338e-05, 9.88261788e-05,
       1.04102555e-04, 1.09670930e-04, 1.15541938e-04, 1.21727536e-04,
       1.28240910e-04, 1.35096410e-04, 1.42309518e-04, 1.49896828e-04,
       1.57876039e-04, 1.66265962e-04, 1.75086530e-04, 1.84358820e-04,
       1.94105078e-04, 2.04348750e-04, 2.15114515e-04, 2.26428324e-04,
       2.38317446e-04, 2.50810508e-04, 2.63937546e-04, 2.77730057e-04,
       2.92221047e-04, 3.07445094e-04, 3.23438396e-04, 3.40238836e-04,
       3.57886040e-04, 3.76421436e-04, 3.95888317e-04, 4.16331904e-04,
       4.37799406e-04, 4.60340083e-04, 4.84005309e-04, 5.08848627e-04,
       5.34925814e-04, 5.62294930e-04, 5.91016379e-04, 6.21152950e-04,
       6.52769871e-04, 6.85934844e-04, 7.20718077e-04, 7.57192318e-04,
       7.95432866e-04, 8.35517583e-04, 8.77526892e-04, 9.21543759e-04,
       9.67653668e-04, 1.01594457e-03, 1.06650684e-03, 1.11943316e-03,
       1.17481843e-03, 1.23275967e-03, 1.29335581e-03, 1.35670756e-03,
       1.42291713e-03, 1.49208805e-03, 1.56432482e-03, 1.63973263e-03,
       1.71841694e-03, 1.80048309e-03, 1.88603583e-03, 1.97517879e-03,
       2.06801387e-03, 2.16464067e-03, 2.26515573e-03, 2.36965179e-03,
       2.47821698e-03, 2.59093389e-03, 2.70787864e-03, 2.82911980e-03,
       2.95471739e-03, 3.08472159e-03, 3.21917164e-03, 3.35809445e-03,
       3.50150336e-03, 3.64939667e-03, 3.80175627e-03, 3.95854620e-03,
       4.11971114e-03, 4.28517576e-03, 4.45486210e-03, 4.62872672e-03,
       4.80675187e-03, 4.98892112e-03, 5.17520199e-03, 5.36553428e-03,
       5.55982230e-03, 5.75792981e-03, 5.95967696e-03, 6.16483845e-03,
       6.37314277e-03, 6.58427214e-03, 6.79786299e-03, 7.01350694e-03,
       7.23075221e-03, 7.44910543e-03, 7.66803384e-03, 7.88696785e-03,
       8.10530406e-03, 8.32240863e-03, 8.53762108e-03, 8.75025849e-03,
       8.95962007e-03, 9.16499205e-03, 9.36565300e-03, 9.56087928e-03,
       9.74995088e-03, 9.93215727e-03, 1.01068034e-02, 1.02732159e-02,
       1.04307486e-02, 1.05787890e-02, 1.07167632e-02, 1.08441415e-02,
       1.09604430e-02, 1.10652402e-02, 1.11581626e-02, 1.12388998e-02,
       1.13072045e-02, 1.13628934e-02, 1.14058493e-02, 1.14360207e-02,
       1.14534219e-02, 1.14581314e-02, 1.14502906e-02, 1.14301014e-02,
       1.13978226e-02, 1.13537672e-02, 1.12982975e-02, 1.12318218e-02,
       1.11547886e-02, 1.10676826e-02, 1.09710192e-02, 1.08653396e-02,
       1.07512055e-02, 1.06291942e-02, 1.04998937e-02, 1.03638981e-02,
       1.02218028e-02, 1.00742009e-02, 9.92167864e-03, 9.76481249e-03,
       9.60416564e-03, 9.44028529e-03, 9.27370020e-03, 9.10491865e-03,
       8.93442667e-03, 8.76268669e-03, 8.59013649e-03, 8.41718846e-03,
       8.24422913e-03, 8.07161896e-03, 7.89969239e-03, 7.72875808e-03,
       7.55909934e-03, 7.39097469e-03, 7.22461864e-03, 7.06024247e-03,
       6.89803519e-03, 6.73816452e-03, 6.58077798e-03, 6.42600393e-03,
       6.27395272e-03, 6.12471779e-03, 5.97837682e-03, 5.83499279e-03,
       5.69461508e-03, 5.55728057e-03, 5.42301457e-03, 5.29183191e-03,
       5.16373779e-03, 5.03872872e-03, 4.91679336e-03, 4.79791333e-03,
       4.68206393e-03, 4.56921489e-03, 4.45933099e-03, 4.35237269e-03,
       4.24829669e-03, 4.14705645e-03, 4.04860268e-03, 3.95288376e-03,
       3.85984619e-03, 3.76943489e-03, 3.68159360e-03, 3.59626513e-03,
       3.51339167e-03, 3.43291503e-03, 3.35477682e-03, 3.27891872e-03,
       3.20528259e-03, 3.13381064e-03, 3.06444559e-03, 2.99713078e-03,
       2.93181024e-03, 2.86842883e-03, 2.80693228e-03, 2.74726727e-03,
       2.68938149e-03, 2.63322366e-03, 2.57874360e-03, 2.52589223e-03,
       2.47462161e-03, 2.42488495e-03, 2.37663660e-03, 2.32983209e-03,
       2.28442812e-03, 2.24038252e-03, 2.19765430e-03, 2.15620362e-03,
       2.11599173e-03, 2.07698104e-03, 2.03913504e-03, 2.00241831e-03,
       1.96679650e-03, 1.93223627e-03, 1.89870535e-03, 1.86617243e-03,
       1.83460720e-03, 1.80398030e-03, 1.77426330e-03, 1.74542868e-03,
       1.71744979e-03, 1.69030085e-03, 1.66395693e-03, 1.63839390e-03,
       1.61358842e-03, 1.58951791e-03, 1.56616057e-03, 1.54349527e-03,
       1.52150163e-03, 1.50015993e-03, 1.47945110e-03, 1.45935672e-03,
       1.43985899e-03, 1.42094070e-03, 1.40258523e-03, 1.38477651e-03,
       1.36749903e-03, 1.35073780e-03, 1.33447831e-03, 1.31870659e-03,
       1.30340912e-03, 1.28857283e-03, 1.27418511e-03, 1.26023378e-03,
       1.24670708e-03, 1.23359364e-03, 1.22088248e-03, 1.20856300e-03,
       1.19662497e-03, 1.18505850e-03, 1.17385405e-03, 1.16300239e-03,
       1.15249463e-03, 1.14232217e-03, 1.13247672e-03, 1.12295025e-03,
       1.11373505e-03, 1.10482363e-03, 1.09620879e-03, 1.08788357e-03,
       1.07984126e-03, 1.07207537e-03, 1.06457965e-03, 1.05734806e-03,
       1.05037477e-03, 1.04365417e-03, 1.03718082e-03, 1.03094950e-03,
       1.02495516e-03, 1.01919294e-03, 1.01365814e-03, 1.00834623e-03,
       1.00325285e-03, 9.98373804e-04, 9.93705029e-04, 9.89242623e-04,
       9.84982823e-04, 9.80922005e-04, 9.77056680e-04, 9.73383488e-04,
       9.69899195e-04, 9.66600690e-04, 9.63484979e-04, 9.60549184e-04,
       9.57790538e-04, 9.55206381e-04, 9.52794160e-04, 9.50551419e-04,
       9.48475806e-04, 9.46565061e-04, 9.44817017e-04, 9.43229599e-04,
       9.41800818e-04, 9.40528770e-04, 9.39411634e-04, 9.38447668e-04,
       9.37635209e-04, 9.36972669e-04, 9.36458534e-04, 9.36091360e-04,
       9.35869774e-04, 9.35792470e-04, 9.35858206e-04, 9.36065805e-04,
       9.36414153e-04, 9.36902195e-04, 9.37528933e-04, 9.38293430e-04,
       9.39194800e-04, 9.40232214e-04, 9.41404893e-04, 9.42712112e-04,
       9.44153193e-04, 9.45727507e-04, 9.47434471e-04, 9.49273549e-04,
       9.51244249e-04, 9.53346120e-04, 9.55578756e-04, 9.57941789e-04,
       9.60434892e-04, 9.63057775e-04, 9.65810187e-04, 9.68691911e-04,
       9.71702767e-04, 9.74842606e-04, 9.78111316e-04, 9.81508812e-04,
       9.85035044e-04, 9.88689990e-04, 9.92473657e-04, 9.96386077e-04,
       1.00042731e-03, 1.00459745e-03, 1.00889661e-03, 1.01332491e-03,
       1.01788252e-03, 1.02256962e-03, 1.02738641e-03, 1.03233311e-03,
       1.03740995e-03, 1.04261720e-03, 1.04795513e-03, 1.05342402e-03,
       1.05902419e-03, 1.06475595e-03, 1.07061963e-03, 1.07661557e-03,
       1.08274413e-03])]","[[0, 6.376880005047202e-05, 0.00012384871691641303, 0.00018251523914562925, 0.00024124552847476974, 0.0003010342019051094, 0.00036258297340272867, 0.00042641511351578177, 0.000492945112307712, 0.00056252133396138, 0.0006354524286455058, 0.0007120239363976681, 0.0007925089464345391, 0.0008771751350696093, 0.0009662895826123557, 0.0010601222164147064, 0.0011589483952491183, 0.0012630509506530814, 0.001372721880631438, 0.001488263818389759, 0.0016099913545675392, 0.001738232264373982, 0.001873328674292617, 0.002015638192534731, 0.0021655350207385564, 0.002323411060060352, 0.0024896770218978265, 0.00266476355148843, 0.002849122371207065, 0.003043227449347913, 0.0032475761993874903, 0.0034626907141106405, 0.003689119038486015, 0.0039274364847677636, 0.004178246992951454, 0.004442184539407135, 0.004719914596237715, 0.00501213564365589, 0.005319580737429206, 0.005643019133202917, 0.005983257969267607, 0.006341144009087057, 0.006717565444635886, 0.007113453761310622, 0.007529785664866877, 0.007967585070493922, 0.008427925153760852, 0.008911930462750527, 0.009420779090233047, 0.009955704904214092, 0.010517999834619386, 0.011109016213238888, 0.011730169163347041, 0.012382939034632279, 0.013068873878203697, 0.01378959195548886, 0.014546784273787534, 0.015342217140095359, 0.016177734723552502, 0.017055261615498973, 0.01797680537462457, 0.018944459043081844, 0.019960403617680166, 0.021026910458393718, 0.022146343614393334, 0.02332116204564951, 0.024553921715851867, 0.025847277529950693, 0.02720398508705331, 0.02862690221670902, 0.030118990263801826, 0.03168331508435427, 0.033323047711547205, 0.035041464648202875, 0.03684194773889138, 0.038727983571739455, 0.04070316235698711, 0.04277117622640283, 0.0449358168948894, 0.04720097262305662, 0.04957062441728058, 0.05204884140189708, 0.05463977529678373, 0.057347653932776875, 0.060176773737258694, 0.06313149112296014, 0.06621621271468603, 0.06943538435141669, 0.07279347880521608, 0.07629498216372084, 0.07994437882983976, 0.08374613510079157, 0.08770468129887692, 0.09182439243852678, 0.09610956819514165, 0.10056443029675503, 0.1051931570198729, 0.10999990889108961, 0.1149888300086171, 0.12016403199780915, 0.12552956627968204, 0.13108938857748134, 0.13684731839162206, 0.14280699535249666, 0.14897183380149887, 0.1553449765750863, 0.16192924871998243, 0.16872711171085275, 0.17574061864722929, 0.1829713708541054, 0.19042047628596304, 0.19808851012639145, 0.2059754779770683, 0.2140807820348774, 0.22240319065998804, 0.23094081173760214, 0.23969107022942068, 0.2486506902960271, 0.2578156823472422, 0.267181335343488, 0.2767422146271776, 0.2864921655094113, 0.29642432277448205, 0.306531126193906, 0.3168043420642625, 0.32723509070067935, 0.3378138797322227, 0.34853064295878644, 0.3593747844434894, 0.3703352274322766, 0.38140046761554375, 0.39255863017721104, 0.4037975300166192, 0.4151047344795153, 0.42646762789752873, 0.4378734772118397, 0.44930949794675956, 0.46076291980281076, 0.47222105115634644, 0.4836713417831311, 0.4951014431656078, 0.5064992657964824, 0.5178530329531914, 0.5291513304870215, 0.5403831522452341, 0.5515379408225799, 0.5626056234181276, 0.5735766426525541, 0.5844419822781938, 0.595193187787702, 0.6058223819958072, 0.6163222757311914, 0.626686173831216, 0.6369079766803732, 0.6469821775736464, 0.6569038562182759, 0.666668668711821, 0.6762728343511671, 0.6857131196366654, 0.6949868198384593, 0.704091738488904, 0.7130261651565214, 0.7217888518439192, 0.7303789883352849, 0.7387961767992158, 0.7470404059304686, 0.7551120248904114, 0.7630117172811427, 0.7707404753629861, 0.7782995746998613, 0.7856905493923074, 0.7929151680340355, 0.7999754105051208, 0.8068734456935129, 0.8136116102166291, 0.820192388196495, 0.8266183921252859, 0.8328923448432082, 0.8390170626374411, 0.8449954394592852, 0.8508304322466698, 0.8565250473306778, 0.86208232789765, 0.867505342472626, 0.8727971743852612, 0.8779609121758096, 0.8829996408961645, 0.887916434259201, 0.8927143475886617, 0.8973964115214521, 0.9019656264143968, 0.9064249574081472, 0.9107773301019481, 0.9150256267943043, 0.9191726832461622, 0.9232212859249805, 0.9271741696899708, 0.931034015880777, 0.9348034507739185, 0.9384850443733915, 0.9420813095039055, 0.9455947011772683, 0.94902761620445, 0.9523823930277957, 0.9556613117497432, 0.9588665943361989, 0.962000404974448, 0.9650648505671054, 0.9680619813451553, 0.9709937915845814, 0.9738622204124485, 0.9766691526895711, 0.9794164199580905, 0.9821058014433842, 0.9847390251007526, 0.9873177686982739, 0.989843660928088, 0.9923182825391728, 0.9947431674854132, 0.9971198040834365, 0.9994496361753056, 1.0017340642917276, 1.0039744468119438, 1.0061721011169396, 1.008328304733034, 1.0104442964632945, 1.0125212775045689, 1.0145604125482448, 1.016562830863124, 1.0185296273590616, 1.0204618636302427, 1.02236056897718, 1.0242267414066941, 1.026061348609309, 1.0278653289136352, 1.0296395922174464, 1.0313850208952697, 1.0331024706824126, 1.0347927715354337, 1.036456728469152, 1.0380951223703485, 1.0397087107883813, 1.04129822870298, 1.0428643892695344, 1.0444078845422304, 1.0459293861754118, 1.0474295461035799, 1.0489089972004635, 1.0503683539176047, 1.0518082129029276, 1.0532291535997584, 1.0546317388267847, 1.0560165153394327, 1.057384014373159, 1.0587347521691401, 1.0600692304828547, 1.0613879370760386, 1.0626913461924996, 1.063979919018267, 1.065254104126548, 1.0665143379079527, 1.067761044986447, 1.0689946386214786, 1.0702155210967186, 1.0714240840958442, 1.0726207090657869, 1.0738057675678527, 1.074979621617119, 1.0761426240104945, 1.0772951186438242, 1.078437440818409, 1.0795699175372975, 1.0806928677917034, 1.0818066028378812, 1.0829114264647948, 1.0840076352528942, 1.0850955188243128, 1.0861753600847799, 1.0872474354575434, 1.08831201510958, 1.089369363170366, 1.0904197379434697, 1.0914633921112213, 1.0925005729327035, 1.0935315224353017, 1.09455647760004, 1.095575670540928, 1.0965893286785273, 1.0975976749079464, 1.098600927761463, 1.0995993015659615, 1.1005930065953762, 1.1015822492183127, 1.102567232041023, 1.1035481540458976, 1.1045252107256367, 1.1054985942132498, 1.1064684934080364, 1.1074350940976863, 1.1083985790766402, 1.109359128260839, 1.1103169187989925, 1.1112721251804865, 1.1122249193400484, 1.1131754707592836, 1.1141239465651904, 1.1150705116257607, 1.1160153286427636, 1.1169585582418116, 1.1179003590598007, 1.1188408878298128, 1.1197802994635693, 1.1207187471315128, 1.1216563823406018, 1.1225933550098883, 1.1235298135439558, 1.1244659049042822, 1.1254017746786005, 1.1263375671483142, 1.1272734253540335, 1.1282094911592877, 1.129145905312473, 1.1300828075070843, 1.1310203364402855, 1.1319586298698672, 1.132897824669634, 1.1338380568832713, 1.1347794617767277, 1.1357221738891585, 1.1366663270824624, 1.1376120545894532, 1.1385594890606954, 1.1395087626100384, 1.14046000685888, 1.1414133529791861, 1.1423689317352939, 1.1433268735245248, 1.1442873084166287, 1.145250366192084, 1.14621617637927, 1.1471848682905343, 1.1481565710571713, 1.1491314136633244, 1.150109524978832, 1.1510910337910263, 1.1520760688354963, 1.1530647588258283, 1.1540572324823306, 1.15505361855975, 1.156054045873987, 1.1570586433278156, 1.1580675399356102, 1.1590808648470832, 1.1600987473700348, 1.1611213169921148, 1.1621487034015965, 1.1631810365071602, 1.1642184464566834, 1.1652610636550333, 1.1663090187808591, 1.1673624428023726, 1.1684214669921158, 1.1694862229407035, 1.1705568425695327, 1.1716334581424508, 1.172716202276367]]"
40.0,40.0,3,90,360,I0-S1,"[[0.01, 0.009218546420913139, 0.008861068736292907, 0.00877505793697105, 0.008868443846298113, 0.009085512639570864, 0.009392475628664505, 0.009768838713178336, 0.010202212487520144, 0.010685189293504505, 0.011213458541529569, 0.01178466561669816, 0.012397717940538793, 0.01305236047750621, 0.013748914068612087, 0.014488112555986976, 0.015271000175676919, 0.016098865991692947, 0.01697320132221234, 0.01789567162265482, 0.01886809760871994, 0.019892442404431516, 0.02097080271208333, 0.022105402737923437, 0.02329859005833436, 0.02455283288943883, 0.025870718396493256, 0.027254951789017726, 0.028708356017996668, 0.030233871937563727, 0.03183455882439867, 0.033513595169131265, 0.035274279668759505, 0.03712003235955516, 0.03905439583747338, 0.04108103651855311, 0.043203745895744286, 0.04542644175139585, 0.047753169286538936, 0.05018810212928197, 0.052735543185229716, 0.05539992529294436, 0.05818581164716095, 0.06109789595181187, 0.06414100226395639, 0.06732008448849341, 0.07064022548209624, 0.07410663572317905, 0.0777246515029181, 0.08149973259043364, 0.08543745932322139, 0.08954352907183213, 0.09382375202566474, 0.0982840462445927, 0.10293043191901868, 0.10776902477888217, 0.11280602859016804, 0.11804772667562323, 0.12350047239472564, 0.12917067851651678, 0.13506480541775848, 0.1411893480380632, 0.14755082152324034, 0.15415574548816358, 0.16101062683107314, 0.16812194103245437, 0.1754961118735691, 0.1831394895124402, 0.1910583268586994, 0.19925875419329334, 0.2077467519847061, 0.21652812186019377, 0.22560845569863977, 0.23499310282112856, 0.2446871352662964, 0.2546953111500436, 0.2650220361233695, 0.2756713229579944, 0.2866467493071293, 0.2979514137082875, 0.30958788991643843, 0.32155817967908534, 0.3338636640899872, 0.34650505368519063, 0.3594823374737025, 0.37279473112539396, 0.38644062457041134, 0.4004175292972607, 0.41472202567056154, 0.4293497106239067, 0.44429514611793536, 0.4595518087881831, 0.4751120412410137, 0.490967005488399, 0.5071067862254857, 0.5235218467054389, 0.5402038154849902, 0.5571446353834677, 0.5743359143711619, 0.5917685254109223, 0.6094323575301687, 0.6273161593858483, 0.6454074399493093, 0.6636924051429955, 0.6821559178925323, 0.7007814742965789, 0.7195511917888914, 0.7384458070790747, 0.7574446828012811, 0.7765258224721626, 0.7956658937422636, 0.8148402601290898, 0.8340230215123674, 0.8531870636932545, 0.8723041172942895, 0.891344826220831, 0.9102788258270746, 0.9290748308364251, 0.9477007329610794, 0.966123708052064, 0.984310332491017, 1.0022267084108, 1.0198385972055863, 1.037111560664413, 1.054011108937424, 1.0705028544232984, 1.0865526705518864, 1.1021268543300928, 1.1171922914237455, 1.1317166224657313, 1.1456684092130323, 1.159017299124313, 1.1717341868969382, 1.1837913714890358, 1.1951627071594095, 1.2058237470862982, 1.2157518781753396, 1.2249264457373465, 1.233328866806933, 1.2409427309824728, 1.2477538877948102, 1.2537505197545764, 1.2589232003836346, 1.26326493670248, 1.2667711958195285, 1.2694399154471685, 1.27127149835011, 1.272268790910875, 1.2724370461721497, 1.271783871883285, 1.270319164235706, 1.268055028116983, 1.2650056848435955, 1.2611873684462496, 1.256618211677524, 1.251318122988642, 1.245308655779678, 1.2386128712653195, 1.2312551963166423, 1.2232612776387657, 1.2146578336256746, 1.2054725051981245, 1.1957337068798632, 1.18547047930306, 1.1747123442576748, 1.16348916331344, 1.1518310009491435, 1.1397679930239881, 1.1273302213219, 1.1145475947936367, 1.1014497380151613, 1.0880658872756428, 1.0744247946060386, 1.0605546399608556, 1.04648295167241, 1.0322365352096827, 1.0178414101933828, 1.0033227555456325, 0.9887048625871551, 0.97401109583714, 0.9592638612211777, 0.9444845813506583, 0.9296936775026519, 0.9149105579022062, 0.9001536118888246, 0.8854402095351772, 0.87078670627834, 0.8562084521215146, 0.8417198049667016, 0.8273341476456084, 0.8130639082266177, 0.7989205831893582, 0.7849147630747958, 0.7710561602372769, 0.757353638345154, 0.7438152432980555, 0.7304482352511398, 0.717259121459436, 0.7042536896782982, 0.6914370418788096, 0.6788136280594314, 0.6663872799570766, 0.6541612444819563, 0.6421382167208289, 0.6303203723725976, 0.6187093994984508, 0.6073065294858725, 0.5961125671418311, 0.5851279198452668, 0.5743526257026397, 0.5637863806627905, 0.553428564558721, 0.5432782660541712, 0.5333343064820784, 0.5235952625702236, 0.5140594880566275, 0.504725134203637, 0.49559016922518034, 0.48665239664643545, 0.47790947261920624, 0.4693589222196964, 0.4609981547581638, 0.4528244781321895, 0.4448351122570521, 0.4370272016080146, 0.42939782691025435, 0.4219440160127363, 0.4146627539825969, 0.40755099245660015, 0.40060565828598715, 0.3938236615106037, 0.38720190269757737, 0.3807372796790632, 0.3744266937227019, 0.3682670551674662, 0.36225528855652156, 0.35638833729762226, 0.35066316788041346, 0.3450767736788284, 0.3396261783655741, 0.33430843896449314, 0.3291206485653849, 0.32405993872468014, 0.31912348157418136, 0.3143084916589315, 0.30961222752414075, 0.3050319930700082, 0.30056513869220586, 0.29620906222476684, 0.2919612097011276, 0.28781907594811934, 0.2837802050267919, 0.27984219053307957, 0.2760026757704819, 0.27225935380614175, 0.26860996742094356, 0.26505230896353993, 0.2615842201175344, 0.2582035915904052, 0.25490836273214634, 0.2516965210910317, 0.2485661019133636, 0.24551518759356258, 0.24254190708047493, 0.2396444352453265, 0.23682099221633077, 0.23406984268456366, 0.23138929518534992, 0.22877770135905973, 0.22623345519489207, 0.22375499226092105, 0.2213407889234001, 0.21898936155805826, 0.21669926575587972, 0.214469095525631, 0.212297482495191, 0.21018309511354388, 0.2081246378551136, 0.20612085042795256, 0.20417050698714076, 0.20227241535460905, 0.20042541624646784, 0.19862838250880022, 0.19688021836276567, 0.1951798586597575, 0.19352626814726046, 0.19191844074596862, 0.19035539883864236, 0.1888361925711092, 0.18735989916574664, 0.1859256222477221, 0.18453249118421, 0.18317966043675296, 0.18186630892688907, 0.18059163941512288, 0.1793548778932808, 0.17815527299025521, 0.17699209539111113, 0.17586463726950044, 0.17477221173330323, 0.17371415228339285, 0.17268981228540115, 0.17169856445434203, 0.17073980035193528, 0.16981292989645896, 0.16891738088494576, 0.16805259852752805, 0.16721804499372717, 0.16641319897047446, 0.16563755523164483, 0.1648906242188777, 0.16417193163345614, 0.1634810180390109, 0.16281743847481311, 0.1621807620794179, 0.16157057172441905, 0.16098646365807495, 0.1604280471585646, 0.1598949441966343, 0.1593867891073951, 0.15890322827103281, 0.1584439198021941, 0.1580085332478131, 0.1575967492931463, 0.15720825947578476, 0.15684276590741597, 0.15649998100310972, 0.15617962721790588, 0.15588143679048486, 0.15560515149370405, 0.15535052239178757, 0.15511730960395953, 0.15490528207431434, 0.1547142173477208, 0.15454390135156088, 0.1543941281831062, 0.15426469990234004, 0.1541554263300352, 0.15406612485090143, 0.15399662022162003, 0.15394674438358621, 0.1539163362801832, 0.15390524167841482, 0.15391331299472769, 0.15394040912485582, 0.1539863952775247, 0.15405114281185428, 0.15413452907830355, 0.15423643726300232, 0.15435675623531853, 0.15449538039851216, 0.1546522095433299, 0.154827148704397, 0.15502010801926552, 0.1552310025899805, 0.1554597523470287, 0.15570628191553607, 0.15597052048358317, 0.1562524016725096, 0.15655186340908123, 0.15686884779939575, 0.15720330100440444, 0.15755517311692996, 0.1579244180400626, 0.15831099336681836, 0.15871486026094536]]","[[0.01, 0.011673645222856313, 0.01362924433757481, 0.015801894644077778, 0.01815639697271332, 0.02067533770023154, 0.02335197846541689, 0.026186049206890362, 0.02918124935357041, 0.03234377059099926, 0.03568142873662307, 0.039203158966874194, 0.042918727542126674, 0.046838572345430915, 0.05097371993249809, 0.05533574793637223, 0.05993677430037128, 0.0647894623506882, 0.06990703521393732, 0.07530329576019609, 0.08099264984141415, 0.08699013153642085, 0.09331142966886757, 0.09997291518959268, 0.10699166920338755, 0.11438551152760114, 0.12217302972958537, 0.13037360862135416, 0.1390074602046909, 0.1480956540651969, 0.15766014821348595, 0.16772382036826095, 0.17831049967072182, 0.18944499881341503, 0.20115314655966385, 0.21346182062232905, 0.22639898086293833, 0.23999370276422077, 0.2542762111207795, 0.2692779138840098, 0.2850314360883785, 0.3015706537767939, 0.3189307278329623, 0.3371481376183262, 0.35626071430036016, 0.3763076737476487, 0.3973296488552515, 0.4193687211513602, 0.4424684515231518, 0.46667390988603974, 0.49203170360621373, 0.5185900044714464, 0.5463985739896506, 0.5755087867786112, 0.6059736517937269, 0.6378478311235289, 0.6711876560652437, 0.7060511401748117, 0.7424979889676541, 0.780589605928178, 0.8203890944676719, 0.8619612554519801, 0.9053725799023372, 0.9506912364551526, 0.9979870531495789, 1.0473314930955937, 1.0987976235603312, 1.1524600779967933, 1.2083950105271535, 1.266680042382987, 1.3273941997972603, 1.3906178428381968, 1.456432584673604, 1.5249212007563626, 1.5961675274279652, 1.6702563494477831, 1.7472732759715826, 1.827304604524254, 1.910437172539264, 1.9967581960714862, 2.086355095331364, 2.179315306737234, 2.275726081239623, 2.375674268736767, 2.4792460884749374, 2.586526885410621, 2.6976008726044562, 2.812550859819193, 2.931457968605783, 3.05440133428297, 3.1814577953460774, 3.3127015709797267, 3.4482039274962606, 3.588032834675962, 3.7322527679821875, 3.8809260406463295, 4.034113846219485, 4.191875601424162, 4.354268287889688, 4.521345910610322, 4.693159025927725, 4.869754310946337, 5.0511741578247324, 5.2374562834855585, 5.428633349684564, 5.624732591128542, 5.825775451072107, 6.031777224942498, 6.24274671327563, 6.458685885737796, 6.679589558341972, 6.905445086196778, 7.136232074280483, 7.371922108829623, 7.612478511981861, 7.857856122321082, 8.108001103942154, 8.362850786584463, 8.622333539278001, 8.88636867980354, 9.15486642208991, 9.427727863457209, 9.704845013366157, 9.986100865052437, 10.271369511113093, 10.560516303772749, 10.853398060194143, 11.149863312814349, 11.449752604289726, 11.752898826224317, 12.059127600443588, 12.368257701163971, 12.680101516004685, 12.994465543397881, 13.311150923582437, 13.629954000021451, 13.950666907769422, 14.273078185037244, 14.596973403966118, 14.922135816429122, 15.24834701053475, 15.575387573412344, 15.903037755816545, 16.231078134097068, 16.5592902651409, 16.8874573300049, 17.215364762115776, 17.54280085611811, 17.869557353696077, 18.195430002976046, 18.5202190884305, 18.84372992854342, 19.165773338857505, 19.486166058398876, 19.804731137859115, 20.12129828830207, 20.435704189548186, 20.747792757766945, 21.057415372173637, 21.364431061075546, 21.668706647841102, 21.970116857670213, 22.268544386322382, 22.563879932208952, 22.856022193475876, 23.144877831892572, 23.430361405520525, 23.712395272262658, 23.990909466491456, 24.265841551021964, 24.537136446735946, 24.804746242178076, 25.068629985435432, 25.328753460580284, 25.58508895090542, 25.837614991113284, 26.08631611053749, 26.331182569380083, 26.572210089842667, 26.809399583916097, 27.04275687947438, 27.27229244619516, 27.498021122703907, 27.719961846212883, 27.938137385801024, 28.15257408035784, 28.363301582094678, 28.57035260641116, 28.77376268879382, 28.973569949318808, 29.169814865231224, 29.362540051980766, 29.551790053006922, 29.737611138487182, 29.920051113188563, 30.099159133496297, 30.274985533633377, 30.447581661030863, 30.61699972076115, 30.783292628904277, 30.946513874680914, 31.106717391154145, 31.263957434275653, 31.418288470029616, 31.56976506940965, 31.718441810949834, 31.864373190519824, 32.007613538086545, 32.14821694113968, 32.28623717447581, 32.42172763603574, 32.554741288491094, 32.685330606279535, 32.81354752779284, 32.939443412427934, 33.063069002217894, 33.184474387768084, 33.30370897823089, 33.420821475061686, 33.53585984930834, 33.64887132219612, 33.759902348780194, 33.86899860444772, 33.976204974061886, 34.08156554355035, 34.185123593750205, 34.286921596331936, 34.38700121163392, 34.48540328824887, 34.58216786421231, 34.677334169652454, 34.77094063076895, 34.86302487501645, 34.95362373737678, 35.04277326761089, 35.13050873838918, 35.216864654205516, 35.30187476098682, 35.38557205631639, 35.46798880019488, 35.54915652626856, 35.629106053459616, 35.707867497938324, 35.78547028538154, 35.86194316346632, 35.93731421455175, 36.01161086850579, 36.084859915637615, 36.157087519699424, 36.22831923092469, 36.298579999073006, 36.36789418645426, 36.4362855809075, 36.50377740871239, 36.570392347413076, 36.63615253853676, 36.7010796001908, 36.76519463952414, 36.82851826504056, 36.891070598752584, 36.95287128816644, 37.01393951808959, 37.074294022253774, 37.13395309474732, 37.19293460125175, 37.25125599007839, 37.3089343030017, 37.36598618588671, 37.42242789910872, 37.47827532776397, 37.533543991670705, 37.58824905516039, 37.64240533665943, 37.69602731806226, 37.74912915389681, 37.801724680283904, 37.85382742369239, 37.905450609492036, 37.956607170306555, 38.00730975416919, 38.057570732483725, 38.107402207793584, 38.15681602136225, 38.20582376056795, 38.25443676611594, 38.302666139071654, 38.350522747718195, 38.39801723424139, 38.445160021246124, 38.49196131810732, 38.53843112715906, 38.58457924972543, 38.63041529199663, 38.675948670753755, 38.7211886189459, 38.76614419112286, 38.81082426872706, 38.85523756524801, 38.89939263124267, 38.943297859225076, 38.98696148842849, 39.030391609443285, 39.073596168733786, 39.116582973037154, 39.1593596936474, 39.20193387058751, 39.24431291667265, 39.28650412146734, 39.328514655139415, 39.37035157221356, 39.412021815227035, 39.4535322182904, 39.494889510555566, 39.53610031959399, 39.57717117468715, 39.618108510031945, 39.65891866786314, 39.699607901495334, 39.7401823782864, 39.78064818252474, 39.8210113182424, 39.8612777119559, 39.90145321533702, 39.9415436078152, 39.98155459911348, 40.021491831719885, 40.0613608832958, 40.101167269023115, 40.140916443891825, 40.180613804929486, 40.220264693374254, 40.25987439679281, 40.29944815114468, 40.33899114279433, 40.378508510472265, 40.41800534718654, 40.45748670208583, 40.4969575822752, 40.53642295458585, 40.57588774729983, 40.615356851830775, 40.65483512436171, 40.69432738744089, 40.73383843153657, 40.773373016551616, 40.81293587329882, 40.85253170493766, 40.8921651883734, 40.93184097561912, 40.97156369512148, 41.01133795305088, 41.05116833455651, 41.09105940498708, 41.13101571107764, 41.17104178210308, 41.21114213099881, 41.251321255449, 41.29158363894294, 41.33193375179981, 41.37237605216227, 41.4129149869592, 41.453554992837944, 41.494300497066206, 41.53515591840402, 41.57612566794593, 41.61721414993351]]","[array([6.37688001e-05, 6.00799169e-05, 5.86665222e-05, 5.87302966e-05,
       5.97888814e-05, 6.15500721e-05, 6.38365625e-05, 6.65409447e-05,
       6.95985567e-05, 7.29711402e-05, 7.66369651e-05, 8.05848377e-05,
       8.48104485e-05, 8.93141298e-05, 9.40994680e-05, 9.91724349e-05,
       1.04540837e-04, 1.10213962e-04, 1.16202344e-04, 1.22517613e-04,
       1.29172387e-04, 1.36180203e-04, 1.43555467e-04, 1.51313421e-04,
       1.59470117e-04, 1.68042408e-04, 1.77047935e-04, 1.86505126e-04,
       1.96433193e-04, 2.06852137e-04, 2.17782748e-04, 2.29246618e-04,
       2.41266142e-04, 2.53864526e-04, 2.67065802e-04, 2.80894828e-04,
       2.95377300e-04, 3.10539762e-04, 3.26409608e-04, 3.43015095e-04,
       3.60385340e-04, 3.78550330e-04, 3.97540922e-04, 4.17388841e-04,
       4.38126681e-04, 4.59787899e-04, 4.82406807e-04, 5.06018561e-04,
       5.30659150e-04, 5.56365376e-04, 5.83174834e-04, 6.11125885e-04,
       6.40257625e-04, 6.70609853e-04, 7.02223025e-04, 7.35138211e-04,
       7.69397040e-04, 8.05041638e-04, 8.42114567e-04, 8.80658744e-04,
       9.20717360e-04, 9.62333791e-04, 1.00555150e-03, 1.05041391e-03,
       1.09696431e-03, 1.14524570e-03, 1.19530070e-03, 1.24717130e-03,
       1.30089882e-03, 1.35652363e-03, 1.41408502e-03, 1.47362099e-03,
       1.53516802e-03, 1.59876089e-03, 1.66443237e-03, 1.73221303e-03,
       1.80213095e-03, 1.87421147e-03, 1.94847686e-03, 2.02494605e-03,
       2.10363433e-03, 2.18455299e-03, 2.26770904e-03, 2.35310483e-03,
       2.44073775e-03, 2.53059984e-03, 2.62267747e-03, 2.71695097e-03,
       2.81339430e-03, 2.91197469e-03, 3.01265228e-03, 3.11537985e-03,
       3.22010241e-03, 3.32675721e-03, 3.43527824e-03, 3.54560615e-03,
       3.65768663e-03, 3.77146513e-03, 3.88688342e-03, 4.00387749e-03,
       4.12237619e-03, 4.24230042e-03, 4.36356261e-03, 4.48606632e-03,
       4.60970610e-03, 4.73436734e-03, 4.85992620e-03, 4.98624968e-03,
       5.11319566e-03, 5.24061302e-03, 5.36834186e-03, 5.49621368e-03,
       5.62405175e-03, 5.75167142e-03, 5.87888056e-03, 6.00548005e-03,
       6.13126435e-03, 6.25602209e-03, 6.37953676e-03, 6.50158748e-03,
       6.62194975e-03, 6.74039639e-03, 6.85669840e-03, 6.97062592e-03,
       7.08194928e-03, 7.19044001e-03, 7.29587192e-03, 7.39802219e-03,
       7.49667249e-03, 7.59161006e-03, 7.68262885e-03, 7.76953057e-03,
       7.85212579e-03, 7.93023492e-03, 8.00368926e-03, 8.07233186e-03,
       8.13601843e-03, 8.19461813e-03, 8.24801424e-03, 8.29610486e-03,
       8.33880340e-03, 8.37603901e-03, 8.40775693e-03, 8.43391875e-03,
       8.45450247e-03, 8.46950258e-03, 8.47892991e-03, 8.48281149e-03,
       8.48119022e-03, 8.47412450e-03, 8.46168769e-03, 8.44396763e-03,
       8.42106587e-03, 8.39309704e-03, 8.36018803e-03, 8.32247710e-03,
       8.28011306e-03, 8.23325427e-03, 8.18206773e-03, 8.12672807e-03,
       8.06741658e-03, 8.00432018e-03, 7.93763048e-03, 7.86754276e-03,
       7.79425505e-03, 7.71796717e-03, 7.63887986e-03, 7.55719392e-03,
       7.47310938e-03, 7.38682474e-03, 7.29853626e-03, 7.20843730e-03,
       7.11671766e-03, 7.02356308e-03, 6.92915472e-03, 6.83366869e-03,
       6.73727568e-03, 6.64014061e-03, 6.54242236e-03, 6.44427351e-03,
       6.34584017e-03, 6.24726183e-03, 6.14867125e-03, 6.05019443e-03,
       5.95195057e-03, 5.85405208e-03, 5.75660464e-03, 5.65970726e-03,
       5.56345241e-03, 5.46792611e-03, 5.37320810e-03, 5.27937198e-03,
       5.18648541e-03, 5.09461030e-03, 5.00380300e-03, 4.91411450e-03,
       4.82559068e-03, 4.73827251e-03, 4.65219626e-03, 4.56739376e-03,
       4.48389259e-03, 4.40171633e-03, 4.32088477e-03, 4.24141412e-03,
       4.16331726e-03, 4.08660389e-03, 4.01128078e-03, 3.93735196e-03,
       3.86481890e-03, 3.79368069e-03, 3.72393425e-03, 3.65557445e-03,
       3.58859431e-03, 3.52298516e-03, 3.45873674e-03, 3.39583739e-03,
       3.33427417e-03, 3.27403297e-03, 3.21509866e-03, 3.15745515e-03,
       3.10108556e-03, 3.04597227e-03, 2.99209703e-03, 2.93944104e-03,
       2.88798506e-03, 2.83770944e-03, 2.78859422e-03, 2.74061917e-03,
       2.69376390e-03, 2.64800785e-03, 2.60333039e-03, 2.55971084e-03,
       2.51712853e-03, 2.47556283e-03, 2.43499318e-03, 2.39539914e-03,
       2.35676042e-03, 2.31905687e-03, 2.28226855e-03, 2.24637573e-03,
       2.21135890e-03, 2.17719881e-03, 2.14387648e-03, 2.11137319e-03,
       2.07967053e-03, 2.04875035e-03, 2.01859484e-03, 1.98918651e-03,
       1.96050815e-03, 1.93254291e-03, 1.90527424e-03, 1.87868595e-03,
       1.85276214e-03, 1.82748729e-03, 1.80284617e-03, 1.77882390e-03,
       1.75540593e-03, 1.73257803e-03, 1.71032630e-03, 1.68863717e-03,
       1.66749738e-03, 1.64689399e-03, 1.62681436e-03, 1.60724619e-03,
       1.58817745e-03, 1.56959643e-03, 1.55149170e-03, 1.53385213e-03,
       1.51666688e-03, 1.49992537e-03, 1.48361732e-03, 1.46773270e-03,
       1.45226175e-03, 1.43719496e-03, 1.42252310e-03, 1.40823716e-03,
       1.39432839e-03, 1.38078827e-03, 1.36760850e-03, 1.35478104e-03,
       1.34229804e-03, 1.33015188e-03, 1.31833515e-03, 1.30684066e-03,
       1.29566139e-03, 1.28479055e-03, 1.27422152e-03, 1.26394788e-03,
       1.25396338e-03, 1.24426197e-03, 1.23483776e-03, 1.22568501e-03,
       1.21679819e-03, 1.20817189e-03, 1.19980088e-03, 1.19168007e-03,
       1.18380452e-03, 1.17616946e-03, 1.16877022e-03, 1.16160230e-03,
       1.15466133e-03, 1.14794304e-03, 1.14144334e-03, 1.13515821e-03,
       1.12908379e-03, 1.12321632e-03, 1.11755216e-03, 1.11208778e-03,
       1.10681976e-03, 1.10174478e-03, 1.09685963e-03, 1.09216119e-03,
       1.08764646e-03, 1.08331251e-03, 1.07915651e-03, 1.07517574e-03,
       1.07136754e-03, 1.06772934e-03, 1.06425868e-03, 1.06095316e-03,
       1.05781045e-03, 1.05482831e-03, 1.05200458e-03, 1.04933717e-03,
       1.04682406e-03, 1.04446329e-03, 1.04225297e-03, 1.04019131e-03,
       1.03827653e-03, 1.03650695e-03, 1.03488094e-03, 1.03339693e-03,
       1.03205341e-03, 1.03084893e-03, 1.02978207e-03, 1.02885151e-03,
       1.02805594e-03, 1.02739412e-03, 1.02686487e-03, 1.02646702e-03,
       1.02619950e-03, 1.02606124e-03, 1.02605124e-03, 1.02616854e-03,
       1.02641222e-03, 1.02678141e-03, 1.02727525e-03, 1.02789296e-03,
       1.02863378e-03, 1.02949698e-03, 1.03048188e-03, 1.03158783e-03,
       1.03281420e-03, 1.03416043e-03, 1.03562595e-03, 1.03721026e-03,
       1.03891286e-03, 1.04073329e-03, 1.04267113e-03, 1.04472598e-03,
       1.04689747e-03, 1.04918525e-03, 1.05158900e-03, 1.05410842e-03,
       1.05674325e-03])]","[[0, 6.376880005047202e-05, 0.00012384871691641303, 0.00018251523914562925, 0.00024124553575104434, 0.0003010344171600177, 0.00036258448926629577, 0.000426421051784728, 0.0004929619965207861, 0.0005625605531816819, 0.000635531693379052, 0.0007121686584461308, 0.0007927534961451399, 0.0008775639446214211, 0.0009668780743866498, 0.001060977542347669, 0.001160149977264789, 0.0012646908145193575, 0.0013749047764084412, 0.001491107120455618, 0.001613624733316733, 0.001742797120311412, 0.0018789773235528384, 0.0020225327909524486, 0.0021738462115598236, 0.0023333163282639566, 0.002501358735924471, 0.0026784066709697784, 0.0028649117970569933, 0.0030613449903281347, 0.0032681971269892807, 0.003485979875302071, 0.0037152264935574643, 0.003956492635165193, 0.004210357161615339, 0.004477422963734441, 0.004758317791355691, 0.005053695091242207, 0.0053642348528374195, 0.005690644461161763, 0.006033659555925945, 0.006394044895684406, 0.006772595225605233, 0.007170136147182194, 0.007587524987958544, 0.008025651669068974, 0.008485439568133909, 0.008967846374757959, 0.009473864935590492, 0.010004524085600167, 0.010560889461895913, 0.011144064296093884, 0.011755190180882757, 0.01239544780607841, 0.013066057659083335, 0.013768280684276546, 0.014503418895456515, 0.015272815935043862, 0.016077857573322824, 0.01691997214056264, 0.017800630884413346, 0.018721348244517332, 0.01968368203582071, 0.02068923353161012, 0.021739647436844322, 0.022836611741899736, 0.023981857446409422, 0.025177158142450747, 0.02642432944593389, 0.027725228264667383, 0.029081751891235193, 0.030495836908519574, 0.031969457895453635, 0.03350462592039571, 0.03510338680939401, 0.03676781917656468, 0.038500032203849704, 0.0403021631575652, 0.042176374629406106, 0.044124851489953223, 0.04614979754324483, 0.04825343187164024, 0.05043798486102952, 0.052705693897443555, 0.05505879872730483, 0.05749953647494098, 0.06003013631257262, 0.06265281377979047, 0.06536976475156422, 0.06818315905607959, 0.07109513374618553, 0.07410778603094921, 0.07722316587675969, 0.08044326829058608, 0.08377002550017411, 0.08720530373872447, 0.09075090988920768, 0.09440859652053753, 0.0981800616498319, 0.10206694507011431, 0.10607082255578071, 0.11019319874183087, 0.1144354991655954, 0.11879906177513148, 0.1232851280984943, 0.12789483420342762, 0.13262920153982377, 0.13748912773671232, 0.14247537741491817, 0.14758857307183465, 0.15282918609349894, 0.1581975279498101, 0.16369374163034067, 0.16931779338016542, 0.17506946479707977, 0.1809483453532533, 0.1869538254055865, 0.1930850897596893, 0.1993411118523876, 0.20572064861692146, 0.21222223609347776, 0.2188441858453613, 0.22558458223793695, 0.23244128063345523, 0.23941190655001743, 0.24649385582725847, 0.25368429583486385, 0.2609801677528379, 0.268378189944571, 0.275874862435288, 0.283466472499495, 0.29114910135167954, 0.2989186319248766, 0.30677075771191814, 0.31470099263436446, 0.32270468189441964, 0.3307770137556905, 0.33891303218960783, 0.34710765031582314, 0.355355664557056, 0.3636517694218168, 0.3719905728222799, 0.3803666118294264, 0.38877436876349597, 0.39720828751484094, 0.4056627899885127, 0.4141322925653421, 0.4226112224729153, 0.4310940339616606, 0.4395752241842278, 0.44804934868038454, 0.4565110363747129, 0.46495500400036155, 0.47337606986889963, 0.48176916691380783, 0.49012935494320625, 0.49845183204593563, 0.5067319451039386, 0.5149651993729092, 0.5231472671022542, 0.5312739951744269, 0.539341411752522, 0.5473457319335722, 0.5552833624131402, 0.563150905174499, 0.5709451602228348, 0.5786631273914647, 0.5863020072529527, 0.5938592011732355, 0.6013323105513855, 0.6087191352914493, 0.6160176715559077, 0.6232261088527118, 0.6303428265095958, 0.6373663895904681, 0.6442955443091848, 0.6511292129959511, 0.6578664886710249, 0.6645066292793641, 0.6710490516384147, 0.677493325149434, 0.6838391653206367, 0.6900864271480849, 0.6962350983976803, 0.7022852928288886, 0.7082372433979917, 0.7140912954757495, 0.7198479001114197, 0.7255076073721334, 0.7310710597837199, 0.7365389858962239, 0.7419121939945824, 0.7471915659722634, 0.7523780513831149, 0.7574726616842448, 0.7624764646804743, 0.7673905791787599, 0.7722161698589985, 0.7769544423657889, 0.7816066386240388, 0.7861740323797795, 0.7906579249661583, 0.7950596412933434, 0.799380526059969, 0.8036219401827812, 0.8077852574402963, 0.8118718613255578, 0.8158831421024607, 0.8198204940595957, 0.8236853129551477, 0.8274789936460512, 0.8312029278943479, 0.8348585023435164, 0.838447096657423, 0.8419700818144865, 0.8454288185496437, 0.8488246559367393, 0.8521589301040448, 0.8554329630757213, 0.8586480617321857, 0.8618055168825051, 0.8649066024421312, 0.8679525747094947, 0.8709446717351912, 0.8738841127777237, 0.8767720978399995, 0.8796098072810189, 0.8823984014974378, 0.8851390206699298, 0.8878327845695155, 0.8904807924192695, 0.8930841228070492, 0.8956438336451276, 0.8981609621728339, 0.9006365249985312, 0.9030715181774724, 0.9054669173222837, 0.9078236777430243, 0.9101427346139633, 0.9124250031643982, 0.9146713788910154, 0.9168827377894612, 0.9190599366029525, 0.921203813085906, 0.923315186280712, 0.9253948568059126, 0.9274436071541768, 0.9294622019985828, 0.9314513885058359, 0.933411896655158, 0.935344439561686, 0.9372497138033115, 0.9391283997499855, 0.9409811618945954, 0.9428086491845961, 0.9446114953536581, 0.9463903192526565, 0.9481457251793927, 0.9498783032064978, 0.9515886295070248, 0.9532772666772837, 0.9549447640565258, 0.9565916580431227, 0.9582184724069314, 0.9598257185975698, 0.9614138960483657, 0.9629834924757703, 0.9645349841740618, 0.9660688363051864, 0.9675855031836128, 0.9690854285560988, 0.9705690458762858, 0.972036778574062, 0.9734890403196467, 0.9749262352823688, 0.9763487583841229, 0.9777569955475032, 0.9791513239386221, 0.9805321122046396, 0.981899720706028, 0.9832545017436141, 0.9845967997804453, 0.9859269516585321, 0.9872452868105251, 0.9885521274663951, 0.9898477888551799, 0.9911325794018767, 0.9924068009195524, 0.9936707487967542, 0.9949247121803013, 0.996168974153542, 0.9974038119101624, 0.9986294969236339, 0.999846295112387, 1.0010544670008001, 1.0022542678760937, 1.0034459479412166, 1.0046297524638164, 1.005805921921382, 1.0069746921426446, 1.0081362944453283, 1.0092909557703356, 1.0104388988124537, 1.0115803421476688, 1.0127155003571682, 1.0138445841481194, 1.0149678004713028, 1.0160853526356792, 1.0171974404199735, 1.0183042601813495, 1.0194060049612519, 1.0205028645884928, 1.0215950257796518, 1.0226826722368627, 1.023765984743059, 1.0248451412547417, 1.02592031699234, 1.0269916845282283, 1.028059413872462, 1.0291236725562953, 1.0301846257135425, 1.0312424361598371, 1.0322972644698505, 1.0333492690525217, 1.0343986062243566, 1.0354454302808442, 1.0364898935660447, 1.0375321465403962, 1.0385723378467893, 1.0396106143749566, 1.0406471213242212, 1.0416820022646467, 1.042715399196634, 1.043747452609004, 1.044778301535604, 1.0458080836104804, 1.0468369351216507, 1.0478649910635123, 1.0488923851879222, 1.049919250053981, 1.0509457170765517, 1.0519719165735475, 1.0529979778120138, 1.0540240290530363, 1.0550501975955018, 1.0560766098187362, 1.0571033912240482, 1.0581306664751986, 1.0591585594378226, 1.0601871932178237, 1.061216690198764, 1.0622471720782656, 1.0632787599034474, 1.0643115741054134, 1.065345734532809, 1.066381360484463, 1.06741857074113, 1.068457483596348, 1.0694982168864247, 1.0705408880195646, 1.0715856140041522, 1.072632511476197, 1.0736816967259564, 1.0747332857237404, 1.0757873941449132, 1.076844137394094]]"
40.0,40.0,3,90,360,I1-S1,"[[0.01, 0.009218546420913139, 0.008861068736292907, 0.00877505793697105, 0.00886844385365052, 0.00908551304968709, 0.009392479744069013, 0.009768859225933598, 0.010202282293046145, 0.010685376204406245, 0.011213883244145085, 0.01178552224980321, 0.012399296810256503, 0.013055072579119986, 0.013753317231196587, 0.014494939147073367, 0.015281186398237601, 0.01611358287685724, 0.0169938875723479, 0.01792406849512209, 0.018906286054715164, 0.01994288269322864, 0.021036376781326343, 0.02218945951742399, 0.023404994019562253, 0.024686016076575293, 0.026035736198222286, 0.027457542713568952, 0.028955005737540514, 0.03053188187197199, 0.032192119538597755, 0.033939864862697594, 0.03577946804089533, 0.037715490136959955, 0.039752710256688466, 0.04189613305788083, 0.044150996554585084, 0.04652278017654765, 0.04901721304538485, 0.051640282428556936, 0.054398242330884646, 0.057297622181175116, 0.060345235568567863, 0.06354818897950615, 0.06691389048180119, 0.07045005829709626, 0.07416472919715515, 0.07806626665279007, 0.08216336865689959, 0.08646507513499654, 0.0909807748477561, 0.09572021168049591, 0.10069349020410086, 0.1059110803807217, 0.11138382127560575, 0.11712292362366777, 0.12313997108589395, 0.12944692001641886, 0.1360560975461658, 0.14298019777335091, 0.1502322758349999, 0.15782573961701035, 0.16577433884334225, 0.17409215126778707, 0.18279356567464516, 0.19189326137776072, 0.20140618389099496, 0.21134751642768124, 0.2217326468722715, 0.23257712985468268, 0.24389664354726545, 0.25570694079640854, 0.268023794196168, 0.2808629347106707, 0.2942399834561349, 0.30817037626301236, 0.3226692806548745, 0.3377515049041965, 0.35343139885714736, 0.36972274626091584, 0.38663864837906825, 0.4041913987440257, 0.42239234897202377, 0.4412517656558869, 0.4607786784555372, 0.48098071962615757, 0.5018639553599531, 0.5234327094698884, 0.5456893801127065, 0.5686342504336839, 0.5922652942162436, 0.6165779778345308, 0.6415650600345768, 0.6672163913073175, 0.6935189244361084, 0.720458646030643, 0.7480215021409369, 0.7761919099430519, 0.8049515351723275, 0.8342784601752302, 0.8641466238254933, 0.8945254518180756, 0.9253796216839817, 0.956668925219111, 0.9883482040000631, 1.0203673427725828, 1.0526713118192277, 1.0852002537124463, 1.1178896126905582, 1.1506703066543011, 1.1834689427562943, 1.2162080779508613, 1.248806525836492, 1.28117971076723, 1.3132400696142565, 1.3448975007878265, 1.3760598592329616, 1.4066334951323303, 1.43652383302407, 1.4656359870054751, 1.4938754066782818, 1.5211485475292672, 1.5473635585613605, 1.5724309792241864, 1.5962644370654964, 1.6187813370599515, 1.639903533289018, 1.6595579735605919, 1.6776773076792004, 1.6942004504111146, 1.7090730907309089, 1.7222481396778446, 1.7336861100763792, 1.743355422463545, 1.7512326327898986, 1.7573025787887298, 1.7615584433054017, 1.7640017343080792, 1.7646421827249925, 1.7634975606346786, 1.7605934236392269, 1.755962782444499, 1.7496457097279343, 1.7416888892713258, 1.7321451150560143, 1.721072748550518, 1.7085351427610271, 1.694600041764757, 1.679338964411736, 1.6628265806739957, 1.6451400887583654, 1.6263586005994866, 1.6065625427350412, 1.5858330788588038, 1.5642515595728415, 1.5418990040416514, 1.5188556174108523, 1.4952003470123452, 1.471010479555527, 1.4463612807167279, 1.4213256778003158, 1.395973985465919, 1.370373673905161, 1.3445891783137298, 1.318681748043532, 1.292709333435873, 1.266726508028816, 1.240784423597196, 1.2149307953179107, 1.1892099142507295, 1.1636626842799043, 1.1383266806676895, 1.1132362274207541, 1.0884224907575113, 1.0639135860819848, 1.0397346960115896, 1.0159081971662194, 0.9924537935988675, 0.9693886549287732, 0.94672755742251, 0.9244830264528032, 0.9026654789460534, 0.8812833646050003, 0.8603433048606272, 0.8398502286657218, 0.8198075043903444, 0.8002170672160429, 0.7810795415506, 0.7623943580982447, 0.7441598653217217, 0.7263734351226779, 0.7090315626459464, 0.6921299601820353, 0.6756636452011271, 0.6596270226018424, 0.6440139612996791, 0.6288178653141286, 0.6140317395407519, 0.5996482504156855, 0.5856597816958432, 0.5720584855891381, 0.5588363294759979, 0.5459851384668556, 0.5334966340406957, 0.52136246900761, 0.5095742590340948, 0.49812361096389923, 0.4870021481599534, 0.4762015330845732, 0.4657134873260208, 0.45552980926982845, 0.4456423896032624, 0.4360432248310873, 0.4267244289705277, 0.4176782435831266, 0.4088970462911769, 0.4003733579166156, 0.3920998483707938, 0.3840693414144078, 0.37627481839813604, 0.3687094210861959, 0.3613664536571269, 0.35423938396863214, 0.34732184416627127, 0.3406076307091818, 0.3340907038798213, 0.3277651868389379, 0.32162536428159777, 0.3156656807450944, 0.30988073861492765, 0.3042652958707507, 0.29881426361021934, 0.2935227033850268, 0.2883858243800449, 0.2833989804634066, 0.2785576671325295, 0.27385751837848904, 0.2692943034887754, 0.2648639238063032, 0.2605624094605654, 0.2563859160850264, 0.25233072153320957, 0.2483932226044503, 0.24456993178893754, 0.24085747404044375, 0.23725258358404108, 0.23375210076510253, 0.23035296894498733, 0.2270522314479996, 0.22384702856348085, 0.2207345946062424, 0.21771225503795896, 0.2147774236516191, 0.21192759982066167, 0.20916036581401054, 0.20647338417784927, 0.20386439518465063, 0.20133121434968465, 0.19887173001497524, 0.1964839010004503, 0.1941657543218352, 0.1919153829746692, 0.18973094378367703, 0.18761065531660115, 0.18555279586149268, 0.18355570146636674, 0.18161776404005278, 0.17973742951300614, 0.1779131960567969, 0.17614361236095133, 0.17442727596579036, 0.17276283164988707, 0.1711489698707499, 0.16958442525733033, 0.1680679751529506, 0.16659843820724987, 0.16517467301575428, 0.16379557680568668, 0.16246008416664665, 0.16116716582480803, 0.15991582745930116, 0.15870510855946832, 0.1575340813217048, 0.15640184958462253, 0.1553075478012996, 0.15425034004740595, 0.15322941906402351, 0.15224400533400723, 0.1512933461907622, 0.1503767149583415, 0.14949341012179765, 0.14864275452675058, 0.14782409460716328, 0.14703679964034527, 0.1462802610282326, 0.14555389160402107, 0.14485712496325703, 0.14418941481851758, 0.14355023437683825, 0.14293907573907338, 0.1423554493203987, 0.14179888329119206, 0.14126892303755173, 0.14076513064073626, 0.14028708437483212, 0.1398343782219793, 0.1394066214045057, 0.13900343793334294, 0.13862446617211738, 0.1382693584163292, 0.13793778048705232, 0.13762941133860715, 0.1373439426796751, 0.1370810786073427, 0.13684053525357906, 0.13662204044366727, 0.13642533336612633, 0.13625016425367462, 0.13609629407480167, 0.1359634942355281, 0.13585154629094784, 0.13576024166615985, 0.1356893813862087, 0.1356387758146658, 0.13560824440049477, 0.1355976154328556, 0.13560672580351257, 0.135635420776522, 0.13568355376488472, 0.13575098611385908, 0.1358375868906376, 0.1359432326801008, 0.1360678073863691, 0.13621120203988157, 0.13637331460973887, 0.1365540498210538, 0.13675331897706125, 0.13697103978574446, 0.13720713619074248, 0.13746153820630866, 0.13773418175609628, 0.1380250085155532, 0.13833396575771212, 0.1386610062021691, 0.13900608786704652, 0.13936917392374248, 0.13975023255427263, 0.14014923681101418, 0.14056616447866668, 0.1410009979382474, 0.14145372403294312, 0.14192433393564324, 0.14241282301798336, 0.14291919072073045, 0.14344344042534482, 0.14398557932655687, 0.1445456183057987, 0.1451235718053346, 0.14571945770293607, 0.14633329718694973, 0.14696511463160997, 0.14761493747244875, 0.14828279608165912, 0.14896872364326988, 0.14967275602799243, 0.1503949316676015]]","[[0.01, 0.011673645222856313, 0.01362924433757481, 0.015801894644077778, 0.0181563969803406, 0.020675338141530317, 0.023351983055967543, 0.02618607291863793, 0.029181332936731058, 0.0323440022851426, 0.03568197343143012, 0.039204294942425506, 0.04292089091012323, 0.04684240936477309, 0.05098014745241255, 0.055346022310458313, 0.059952569206640965, 0.06481295604168626, 0.06994100780574629, 0.07535123724935858, 0.08105887961506107, 0.08707993021400733, 0.09343118418479375, 0.10013027809548893, 0.1071957332377285, 0.11464700056921039, 0.12250450732099805, 0.1307897053182894, 0.13952512107930565, 0.1487344077634992, 0.1584423990413381, 0.1686751649557754, 0.17946006984143678, 0.19082583236225326, 0.2028025877220653, 0.21542195209577722, 0.2287170893209556, 0.24272277988129923, 0.25747549220405874, 0.27301345628313795, 0.28937673962812294, 0.30660732552671893, 0.3247491935938625, 0.34384840256496274, 0.3639531752731327, 0.38511398573072353, 0.40738364821378886, 0.43081740822408904, 0.455473035176705, 0.4814109166320601, 0.508694153858949, 0.5373886584798311, 0.5675632499109576, 0.5992897532676564, 0.6326430973590971, 0.6677014123469049, 0.7045461265878988, 0.7432620621228384, 0.7839375282102266, 0.8266644122368128, 0.871538267264409, 0.9186583953959203, 0.9681279260621385, 1.0200538882449366, 1.0745472755621994, 1.131723103045393, 1.1917004543424905, 1.2546025179775029, 1.3205566111937672, 1.3896941898021962, 1.4621508423488618, 1.5380662668097425, 1.6175842279155892, 1.7008524931082778, 1.7880227450335888, 1.8792504683862497, 1.9746948088437042, 2.074518401758191, 2.178887168225352, 2.287970076115083, 2.4019388636403534, 2.520967723056143, 2.645232942127714, 2.77491250108946, 2.910185622937234, 3.0512322750628638, 3.1982326204543052, 3.351366416953, 3.5108123633858814, 3.676747391777021, 3.849345905296498, 4.028778962124362, 4.215213405997208, 4.408810944864409, 4.60972740039327, 4.818114094947177, 5.03411873270997, 5.257883716511401, 5.489544366462676, 5.729227268130724, 5.97704871601564, 6.233113229515349, 6.497512126978738, 6.770322150002903, 7.051604135297055, 7.3414017355437275, 7.639740193965467, 7.946625179910544, 8.262041694813444, 8.585953059439078, 8.918299994433156, 9.258999806907136, 9.607945696105393, 9.965006191148403, 10.33002473342933, 10.702819415472366, 11.083182886951516, 11.470882437133874, 11.865660261273035, 12.267233916463226, 12.675296970207345, 13.089519842493472, 13.509550839562417, 13.935017374837484, 14.365527369735608, 14.800670824348847, 15.24002154534095, 15.683139015909571, 16.12957039038255, 16.578852594004186, 17.030514506776232, 17.484079208891806, 17.939066264372368, 18.394994019011406, 18.851381888655002, 19.30775261420797, 19.763634460532764, 20.21856333758239, 20.672084823644173, 21.12375607242504, 21.573147587830224, 22.01984485262038, 22.463449799616733, 22.903582116700324, 23.339880379458496, 23.772003007912524, 24.19962904626086, 24.62245876694497, 25.040214102547925, 25.45263891103553, 25.859499081619944, 26.260582490047852, 26.655698813378912, 27.044679215322056, 27.427375913940654, 27.803661644031784, 28.173429026744124, 28.536589859041662, 28.893074335467517, 29.242830214337417, 29.5858219400201, 29.922029732367275, 30.251448653663317, 30.5740876626985, 30.889968664751365, 31.199125565416566, 31.50160333535258, 31.797457092165192, 32.086751204801864, 32.36955842502029, 32.64595904972153, 32.9160401172108, 33.17989463977324, 33.43762087433119, 33.6893216323853, 33.9351036299356, 34.175076877629216, 34.409354110988005, 34.638050260228816, 34.861281958899795, 35.079167090313625, 35.2918243705603, 35.499372966723485, 35.701932148802506, 35.89962097375234, 36.09255799999329, 36.280861030706376, 36.464646884217125, 36.644031189775326, 36.81912820705965, 36.99005066776998, 37.15690963771545, 37.3198143978596, 37.47887234284425, 37.634188895578845, 37.78586743655057, 37.93400924658104, 38.07871346182739, 38.22007703989713, 38.35819473601755, 38.49315908827026, 38.62506041096935, 38.753986795327855, 38.88002411662016, 39.00325604710871, 39.12376407406102, 39.24162752223768, 39.35692358028328, 39.46972733050118, 39.580111781538086, 39.68814790354721, 39.79390466543815, 39.89744907385865, 39.998846213587484, 40.0981592890492, 40.19544966669078, 40.290776917987, 40.38419886286606, 40.47577161336956, 40.56554961738191, 40.65358570228288, 40.73993111839463, 40.82463558211004, 40.90774731860377, 40.989313104040185, 41.06937830720442, 41.1479869304931, 41.225181650211326, 41.30100385613086, 41.37549369027232, 41.44869008488141, 41.52063079957519, 41.59135245764018, 41.6608905814691, 41.72927962712736, 41.796553018044534, 41.862743177829316, 41.92788156220982, 41.9919986901035, 42.05512417382346, 42.11728674842996, 42.17851430023767, 42.23883389449071, 42.29827180221888, 42.35685352628957, 42.414603826670614, 42.47154674492027, 42.52770562792099, 42.58310315087425, 42.63776133957383, 42.69170159197537, 42.7449446990803, 42.7975108651519, 42.84941972728171, 42.90069037432428, 42.95134136521794, 43.001390746709575, 43.05085607050066, 43.09975440983209, 43.14810237552463, 43.195916131491856, 43.24321140974195, 43.290003524884554, 43.33630738815826, 43.38213752099441, 43.42750806813204, 43.47243281029877, 43.51692517647192, 43.56099825573383, 43.60466480873487, 43.647937278777455, 43.69082780253375, 43.7333482204096, 43.7755100865668, 43.81732467861519, 43.85880300698636, 43.89995582399948, 43.94079363263028, 43.98132669499341, 44.021565040548026, 44.061518474036454, 44.10119658316522, 44.1406087460374, 44.17976413834517, 44.218671740330855, 44.257340343524746, 44.29577855726746, 44.33399481502453, 44.37199738050053, 44.409794353559775, 44.44739367596051, 44.48480313690914, 44.52203037844085, 44.55908290063276, 44.595968066655544, 44.632693107669226, 44.669265127568586, 44.70569110758352, 44.741977910739486, 44.77813228618289, 44.8141608733762, 44.8500702061673, 44.885866716737546, 44.9215567394327, 44.95714651448085, 44.99264219160119, 45.02804983350753, 45.06337541931001, 45.098624847818726, 45.13380394075239, 45.16891844585545, 45.2039740399267, 45.23897633176235, 45.273930865016446, 45.30884312098139, 45.34371852129129, 45.3785624305505, 45.41338015889004, 45.448176964454, 45.48295805581832, 45.51772859434411, 45.55249369646748, 45.587258435927914, 45.62202784593717, 45.6568069212903, 45.69160062042077, 45.72641386740124, 45.76125155389148, 45.796118541035156, 45.831019661306705, 45.86595972030988, 45.9009434985291, 45.93597575303498, 45.97106121914511, 46.006204612041316, 46.04141062834437, 46.07668394764724, 46.112029234007736, 46.14745113740153, 46.18295429513632, 46.21854333322797, 46.254222867739365, 46.28999750608263, 46.32587184828536, 46.3618504882215, 46.39793801480733, 46.434139013163126, 46.47045806574092, 46.50689975341875, 46.5434686565618, 46.580169356050696, 46.617006434277336, 46.653984476108356, 46.691108069816536, 46.72838180798028, 46.76581028835123, 46.803398114690246, 46.84114989757155, 46.87907025515528, 46.91716381392832, 46.9554352094133, 46.99388908684574, 47.032530101819134, 47.071362920897876, 47.11039222219774, 47.149622695933736]]","[array([6.37688001e-05, 6.00799169e-05, 5.86665222e-05, 5.87302966e-05,
       5.97888822e-05, 6.15500836e-05, 6.38366333e-05, 6.65412195e-05,
       6.95993620e-05, 7.29730937e-05, 7.66411040e-05, 8.05927638e-05,
       8.48244853e-05, 8.93374918e-05, 9.41364401e-05, 9.92285622e-05,
       1.04623126e-04, 1.10331093e-04, 1.16364897e-04, 1.22738307e-04,
       1.29466337e-04, 1.36565192e-04, 1.44052238e-04, 1.51945991e-04,
       1.60266111e-04, 1.69033419e-04, 1.78269909e-04, 1.87998772e-04,
       1.98244430e-04, 2.09032561e-04, 2.20390145e-04, 2.32345499e-04,
       2.44928323e-04, 2.58169746e-04, 2.72102379e-04, 2.86760357e-04,
       3.02179401e-04, 3.18396869e-04, 3.35451810e-04, 3.53385024e-04,
       3.72239118e-04, 3.92058563e-04, 4.12889755e-04, 4.34781070e-04,
       4.57782926e-04, 4.81947833e-04, 5.07330456e-04, 5.33987661e-04,
       5.61978571e-04, 5.91364611e-04, 6.22209553e-04, 6.54579556e-04,
       6.88543199e-04, 7.24171512e-04, 7.61537991e-04, 8.00718618e-04,
       8.41791860e-04, 8.84838664e-04, 9.29942436e-04, 9.77189012e-04,
       1.02666661e-03, 1.07846575e-03, 1.13267921e-03, 1.18940189e-03,
       1.24873070e-03, 1.31076438e-03, 1.37560341e-03, 1.44334968e-03,
       1.51410638e-03, 1.58797763e-03, 1.66506824e-03, 1.74548332e-03,
       1.82932791e-03, 1.91670658e-03, 2.00772287e-03, 2.10247886e-03,
       2.20107451e-03, 2.30360708e-03, 2.41017040e-03, 2.52085417e-03,
       2.63574309e-03, 2.75491607e-03, 2.87844525e-03, 3.00639504e-03,
       3.13882106e-03, 3.27576908e-03, 3.41727383e-03, 3.56335781e-03,
       3.71403008e-03, 3.86928493e-03, 4.02910060e-03, 4.19343797e-03,
       4.36223916e-03, 4.53542656e-03, 4.71290839e-03, 4.89459173e-03,
       5.08037860e-03, 5.27015649e-03, 5.46379160e-03, 5.66112427e-03,
       5.86196586e-03, 6.06609682e-03, 6.27326544e-03, 6.48318718e-03,
       6.69554445e-03, 6.90998674e-03, 7.12613101e-03, 7.34356249e-03,
       7.56183560e-03, 7.78047530e-03, 7.99897863e-03, 8.21681666e-03,
       8.43343663e-03, 8.64826450e-03, 8.86070781e-03, 9.07015878e-03,
       9.27599777e-03, 9.47759705e-03, 9.67432471e-03, 9.86554894e-03,
       1.00506424e-02, 1.02289867e-02, 1.03999770e-02, 1.05630269e-02,
       1.07175728e-02, 1.08630786e-02, 1.09990397e-02, 1.11249881e-02,
       1.12404951e-02, 1.13451759e-02, 1.14386923e-02, 1.15207555e-02,
       1.15911284e-02, 1.16496275e-02, 1.16961241e-02, 1.17305450e-02,
       1.17528724e-02, 1.17631438e-02, 1.17614512e-02, 1.17479390e-02,
       1.17228028e-02, 1.16862862e-02, 1.16386789e-02, 1.15803126e-02,
       1.15115583e-02, 1.14328219e-02, 1.13445408e-02, 1.12471796e-02,
       1.11412258e-02, 1.10271860e-02, 1.09055817e-02, 1.07769450e-02,
       1.06418147e-02, 1.05007329e-02, 1.03542412e-02, 1.02028771e-02,
       1.00471715e-02, 9.88764530e-03, 9.72480721e-03, 9.55915139e-03,
       9.39115545e-03, 9.22127878e-03, 9.04996116e-03, 8.87762162e-03,
       8.70465754e-03, 8.53144403e-03, 8.35833354e-03, 8.18565561e-03,
       8.01371692e-03, 7.84280142e-03, 7.67317068e-03, 7.50506431e-03,
       7.33870055e-03, 7.17427695e-03, 7.01197111e-03, 6.85194147e-03,
       6.69432823e-03, 6.53925423e-03, 6.38682587e-03, 6.23713409e-03,
       6.09025527e-03, 5.94625222e-03, 5.80517511e-03, 5.66706237e-03,
       5.53194157e-03, 5.39983033e-03, 5.27073712e-03, 5.14466205e-03,
       5.02159766e-03, 4.90152963e-03, 4.78443747e-03, 4.67029513e-03,
       4.55907169e-03, 4.45073183e-03, 4.34523642e-03, 4.24254301e-03,
       4.14260626e-03, 4.04537837e-03, 3.95080948e-03, 3.85884801e-03,
       3.76944101e-03, 3.68253443e-03, 3.59807340e-03, 3.51600248e-03,
       3.43626589e-03, 3.35880769e-03, 3.28357197e-03, 3.21050299e-03,
       3.13954537e-03, 3.07064416e-03, 3.00374498e-03, 2.93879411e-03,
       2.87573859e-03, 2.81452626e-03, 2.75510584e-03, 2.69742700e-03,
       2.64144037e-03, 2.58709760e-03, 2.53435135e-03, 2.48315538e-03,
       2.43346451e-03, 2.38523463e-03, 2.33842276e-03, 2.29298698e-03,
       2.24888649e-03, 2.20608157e-03, 2.16453357e-03, 2.12420492e-03,
       2.08505912e-03, 2.04706071e-03, 2.01017525e-03, 1.97436931e-03,
       1.93961046e-03, 1.90586726e-03, 1.87310920e-03, 1.84130672e-03,
       1.81043115e-03, 1.78045474e-03, 1.75135060e-03, 1.72309267e-03,
       1.69565575e-03, 1.66901541e-03, 1.64314801e-03, 1.61803070e-03,
       1.59364132e-03, 1.56995847e-03, 1.54696142e-03, 1.52463014e-03,
       1.50294524e-03, 1.48188796e-03, 1.46144017e-03, 1.44158435e-03,
       1.42230353e-03, 1.40358133e-03, 1.38540188e-03, 1.36774988e-03,
       1.35061051e-03, 1.33396945e-03, 1.31781285e-03, 1.30212734e-03,
       1.28689999e-03, 1.27211829e-03, 1.25777018e-03, 1.24384396e-03,
       1.23032835e-03, 1.21721246e-03, 1.20448573e-03, 1.19213799e-03,
       1.18015939e-03, 1.16854043e-03, 1.15727190e-03, 1.14634493e-03,
       1.13575093e-03, 1.12548161e-03, 1.11552897e-03, 1.10588525e-03,
       1.09654298e-03, 1.08749494e-03, 1.07873413e-03, 1.07025381e-03,
       1.06204748e-03, 1.05410883e-03, 1.04643179e-03, 1.03901049e-03,
       1.03183925e-03, 1.02491259e-03, 1.01822523e-03, 1.01177207e-03,
       1.00554816e-03, 9.99548759e-04, 9.93769261e-04, 9.88205233e-04,
       9.82852394e-04, 9.77706614e-04, 9.72763907e-04, 9.68020430e-04,
       9.63472472e-04, 9.59116457e-04, 9.54948937e-04, 9.50966587e-04,
       9.47166203e-04, 9.43544697e-04, 9.40099093e-04, 9.36826528e-04,
       9.33724241e-04, 9.30789577e-04, 9.28019981e-04, 9.25412994e-04,
       9.22966252e-04, 9.20677481e-04, 9.18544499e-04, 9.16565208e-04,
       9.14737593e-04, 9.13059723e-04, 9.11529743e-04, 9.10145879e-04,
       9.08906427e-04, 9.07809760e-04, 9.06854317e-04, 9.06038610e-04,
       9.05361214e-04, 9.04820772e-04, 9.04415989e-04, 9.04145630e-04,
       9.04008522e-04, 9.04003548e-04, 9.04129650e-04, 9.04385822e-04,
       9.04771115e-04, 9.05284629e-04, 9.05925518e-04, 9.06692982e-04,
       9.07586272e-04, 9.08604684e-04, 9.09747561e-04, 9.11014290e-04,
       9.12404300e-04, 9.13917065e-04, 9.15552097e-04, 9.17308949e-04,
       9.19187214e-04, 9.21186522e-04, 9.23306539e-04, 9.25546968e-04,
       9.27907546e-04, 9.30388045e-04, 9.32988268e-04, 9.35708052e-04,
       9.38547265e-04, 9.41505802e-04, 9.44583593e-04, 9.47780591e-04,
       9.51096779e-04, 9.54532168e-04, 9.58086791e-04, 9.61760711e-04,
       9.65554010e-04, 9.69466797e-04, 9.73499202e-04, 9.77651378e-04,
       9.81923496e-04, 9.86315750e-04, 9.90828351e-04, 9.95461530e-04,
       1.00021553e-03])]","[[0, 6.376880005047202e-05, 0.00012384871691641303, 0.00018251523914562925, 0.0002412455357581838, 0.0003010344179699537, 0.0003625845016077538, 0.00042642113487543695, 0.0004929623543814261, 0.0005625617163827624, 0.0006355348100593515, 0.0007121759140940856, 0.0007927686779186163, 0.0008775931632637169, 0.0009669306550965182, 0.0010610670951528552, 0.0011602956573611256, 0.0012649187835020513, 0.0013752498761921649, 0.00149161477283731, 0.0016143530794895027, 0.0017438194161241206, 0.0018803846078822692, 0.0020244368461835036, 0.002176382836835486, 0.002336648947860651, 0.0025056823668253435, 0.002683952275447284, 0.0028719510478380553, 0.003070195477702005, 0.0032792280390322166, 0.0034996181842357863, 0.0037319636831309464, 0.003976892005851773, 0.004235061752347449, 0.004507164130854451, 0.004793924487438195, 0.005096103888435105, 0.0054145007573681535, 0.0057499525676514545, 0.006103337592136059, 0.006475576710273865, 0.006867635273384275, 0.007280525028193676, 0.007715306098476141, 0.008173089024250058, 0.008655036857574901, 0.009162367313540233, 0.0096963549745404, 0.010258333545378273, 0.010849698156134879, 0.01147190770907364, 0.01212648726511316, 0.012815030464595702, 0.013539201976194577, 0.014300739966837327, 0.015101458584467656, 0.015943250444322585, 0.016828089108157418, 0.017758031544505497, 0.018735220556608024, 0.019761887163088566, 0.020840352914773923, 0.021973032129276607, 0.02316243402305335, 0.024411164718639793, 0.025721929102636237, 0.027097532507787563, 0.028540882190168704, 0.030054988570065267, 0.031642966202638845, 0.033308034441904756, 0.03505351775894598, 0.036882845672665095, 0.03879955224876501, 0.04080727512008406, 0.04290975397893061, 0.045110828489714115, 0.047414435568005286, 0.049824605970238085, 0.052345460136656724, 0.054981203228886145, 0.05773611930274518, 0.06061456455671617, 0.06362095959692717, 0.06675978066069364, 0.07003554974271042, 0.0734528235709899, 0.07701618138371881, 0.08073021146346326, 0.0845994963916949, 0.08862859699454106, 0.09282203496006831, 0.09718427411836597, 0.10171970067421197, 0.1064326090627671, 0.11132720079400085, 0.1164075793913857, 0.1216777358776714, 0.12714152747936347, 0.1328026517451986, 0.13866461760252655, 0.14473071442324043, 0.15100397986451408, 0.15748716704667512, 0.16418271150054922, 0.1710926982375647, 0.1782188292518987, 0.18556239174345163, 0.19312422734505919, 0.20090470264095747, 0.20890368127159153, 0.21712049792906232, 0.2255539345553551, 0.23420219906013173, 0.2430629068749231, 0.2521330656550274, 0.2614090634286116, 0.2708866604739992, 0.28056098518072087, 0.2904265341176381, 0.3004771764925768, 0.3107061631428847, 0.3211061401458, 0.3316691670823407, 0.34238673992958185, 0.3532498184948555, 0.3642488582428307, 0.37537384630398324, 0.38661434139202794, 0.3979595172998786, 0.40939820958997314, 0.4209189650466491, 0.43251009341682767, 0.4441597209315612, 0.45585584507582444, 0.4675863900578535, 0.4793392624227093, 0.49110240625764107, 0.5028638574491002, 0.5146117964724934, 0.5263345992253475, 0.538020885451657, 0.5496595643488051, 0.561239876997467, 0.572751435308104, 0.5841842572337618, 0.5955287980566288, 0.6067759776139269, 0.6179172033860139, 0.628944389424976, 0.6398499711545029, 0.6506269161206198, 0.661268730817227, 0.6717694637498131, 0.6821237049348085, 0.6923265820606043, 0.7023737535592028, 0.7122613988548566, 0.7219862060680696, 0.731545357460254, 0.7409365129065286, 0.75015779168203, 0.7592077528411628, 0.7680853744599436, 0.7767900319994985, 0.7853214760343834, 0.7936798095731946, 0.8018654651814012, 0.8098791820979105, 0.8177219835179643, 0.8253951541959249, 0.8329002185026619, 0.8402389190538617, 0.8474131960078782, 0.854425167114909, 0.8612771085834542, 0.867971436815302, 0.8745106910467542, 0.8808975169214878, 0.8871346510093718, 0.8932249062756945, 0.8991711584965839, 0.9049763336088799, 0.9106433959762757, 0.9161753375481284, 0.9215751678828659, 0.9268459050043254, 0.9319905670565476, 0.9370121647204657, 0.9419136943544755, 0.9466981318199874, 0.9513684269526644, 0.9559274986400814, 0.9603782304669355, 0.9647234668896338, 0.968966009903037, 0.9731086161632897, 0.9771539945319858, 0.9811048040083563, 0.9849636520176916, 0.9887330930258016, 0.9924156274509355, 0.9960137008462203, 0.9995297033273015, 1.002965969221479, 1.0063247769162023, 1.0096083488863203, 1.0128188518809509, 1.0159583972522617, 1.0190290414098022, 1.0220327863853218, 1.0249715804942225, 1.0278473190809598, 1.0306618453367808, 1.03341695117921, 1.036114378183646, 1.0387558185583181, 1.041342916154679, 1.0438772675060717, 1.0463604228882253, 1.048793887395779, 1.0511791220296467, 1.053517544790584, 1.055810531774831, 1.058059418268171, 1.0602654998351726, 1.062430033400772, 1.064554238321708, 1.0666392974456465, 1.0686863581561208, 1.0706965334016871, 1.0726709027079255, 1.0746105131711436, 1.0765163804328295, 1.0783894896340775, 1.0802307963493714, 1.0820412274992468, 1.0838216822414843, 1.0855730328405933, 1.0872961255154516, 1.0889917812650498, 1.0906607966723691, 1.0923039446864908, 1.093921975383093, 1.0955156167035462, 1.09708557517286, 1.098632536596778, 1.100157166738343, 1.1016601119742933, 1.1031419999316643, 1.1046034401049944, 1.1060450244545512, 1.107467327986, 1.1088709093119535, 1.110256311195845, 1.111624061078568, 1.1129746715883355, 1.1143086410342093, 1.1156264538837435, 1.1169285812251937, 1.1182154812147331, 1.119487599509112, 1.1207453696841974, 1.1219892136398144, 1.1232195419913147, 1.1244367544482767, 1.1256412401807494, 1.1268333781734277, 1.1280135375681521, 1.1291820779951065, 1.1303393498930854, 1.1314856948191891, 1.132621445748296, 1.1337469273626537, 1.134862456331923, 1.1359683415839907, 1.1370648845668707, 1.138152379501992, 1.1392311136291726, 1.1403013674435607, 1.141363414924823, 1.1424175237588474, 1.1434639555522201, 1.144502966039727, 1.145534805285124, 1.1465597178754119, 1.1475779431088426, 1.148589715176875, 1.1495952633402946, 1.1505948120997045, 1.1515885813605793, 1.1525767865930805, 1.1535596389868137, 1.154537345600707, 1.1555101095081848, 1.1564781299377982, 1.157441602409478, 1.1584007188665597, 1.1593556678037331, 1.1603066343910575, 1.1612538005941824, 1.1621973452909067, 1.1631374443842046, 1.1640742709118423, 1.1650079951527046, 1.1659387847299465, 1.1668668047110802, 1.1677922177051043, 1.1687151839567782, 1.1696358614381377, 1.1705544059373507, 1.1714709711450024, 1.1723857087378966, 1.1732987684604606, 1.1742102982038323, 1.1751204440827092, 1.1760293505100337, 1.1769371602695877, 1.1778440145865643, 1.1787500531961845, 1.1796554144104223, 1.1805602351829, 1.1814646511720115, 1.1823687968023306, 1.1832728053243595, 1.1841768088726663, 1.1850809385224645, 1.1859853243446805, 1.1868900954595525, 1.1877953800888097, 1.188701305606466, 1.1896079985882742, 1.1905155848598745, 1.1914241895436757, 1.1923339371045, 1.1932449513940289, 1.194157355694076, 1.19507127275872, 1.1959868248553231, 1.1969041338044624, 1.1978233210187983, 1.198744507540905, 1.199667814080081, 1.2005933610481658, 1.201521268594377, 1.2024516566391892, 1.2033846449072685, 1.2043203529594808, 1.2052589002239864, 1.2062004060264333, 1.2071449896192632, 1.208092770210138, 1.2090438669895, 1.2099983991572696, 1.2109564859486914, 1.211918246659335, 1.2128838006692508, 1.2138532674662932, 1.2148267666686057, 1.2158044180462766, 1.2167863415421625, 1.2177726572918817, 1.2187634856429759, 1.219758947173239, 1.2207591627082102]]"
40.0,40.0,3,120,90,I0-S0,"[[0.01, 0.009218546420913139, 0.008861068736292907, 0.008775057937429897, 0.00886844071184982, 0.00908546698162866, 0.009392264049681066, 0.009768223976047147, 0.010200827940872011, 0.010682532974168676, 0.011208894022279023, 0.011777427611954985, 0.01238692129177575, 0.013037011562112741, 0.013727923982258071, 0.01446031164572456, 0.015235153670569756, 0.0160536906038892, 0.016917382784516596, 0.017827883196839887, 0.01878701964833519, 0.019796783091605704, 0.020859320113560374, 0.02197692834417573, 0.02315205398321702, 0.024387290918063034, 0.025685381076956736, 0.027049215770155857, 0.02848183784097901, 0.02998644449434467, 0.03156639070098429, 0.03322519309649246, 0.03496653430907206, 0.036794267660290585, 0.0387124221906661, 0.0407252079672607, 0.04283702163420066, 0.045052452169510614, 0.047376286813077366, 0.049813517131105385, 0.052369345182203396, 0.055049189749327446, 0.057858692600257514, 0.06080372473714141, 0.06389039259292965, 0.06712504412926715, 0.07051427478661373, 0.07406493323304347, 0.077784126853325, 0.08167922691451295, 0.08575787333838339, 0.09002797900462328, 0.09449773350173392, 0.09917560623513451, 0.10407034879395732, 0.10919099646951913, 0.1145468688094492, 0.12014756908197263, 0.12600298251491726, 0.132123273163673, 0.13851887925163436, 0.1452005068156641, 0.1521791214779097, 0.15946593815398089, 0.1670724084961756, 0.17501020585926602, 0.18329120756548734, 0.19192747423501025, 0.20093122593854476, 0.21031481492007714, 0.22009069463037678, 0.23027138480615839, 0.2408694323260151, 0.25189736757286396, 0.26336765603412005, 0.27529264487563126, 0.2876845042341014, 0.3005551629858763, 0.3139162387681711, 0.32777896205271884, 0.34215409410206976, 0.35705183867604123, 0.3724817474007723, 0.3884526187661221, 0.40497239077938285, 0.4220480273750032, 0.43968539876171286, 0.4578891559804564, 0.4766626000490959, 0.49600754618295984, 0.5159241837038091, 0.5364109323832162, 0.5574642961089592, 0.5790787149137276, 0.6012464165627633, 0.6239572690591061, 0.647198635589577, 0.6709552335986773, 0.6952089998379447, 0.7199389633912153, 0.7451211288174623, 0.7707283716777802, 0.7967303488166325, 0.8230934258443945, 0.8497806243130349, 0.8767515910840001, 0.9039625923516135, 0.9313665347015421, 0.9589130154475829, 0.9865484042974081, 1.0142159581462038, 1.0418559704847756, 1.0694059565355742, 1.0968008747977742, 1.1239733851944134, 1.1508541434760415, 1.1773721309537386, 1.203455018019204, 1.2290295592722953, 1.2540220174301435, 1.278358612551522, 1.3019659924914646, 1.3247717199209001, 1.3467047707212636, 1.3676967984843509, 1.3876901781125306, 1.4066417047681032, 1.424517433074437, 1.4412888293676542, 1.4569305164637854, 1.4714190604635569, 1.4847324337058756, 1.4968499080640036, 1.5077522124487377, 1.5174218417403225, 1.5258434404532188, 1.533004209081695, 1.5388942980779086, 1.5435071662695814, 1.5468398888791968, 1.5488934062586066, 1.5496727087384548, 1.5491869561079745, 1.5474495325246906, 1.5444780393351636, 1.54029422952432, 1.5349238884102063, 1.5283966658379844, 1.5207458655541224, 1.5120081976965536, 1.502223500446829, 1.4914344368774457, 1.479686172909145, 1.4670260420841883, 1.4535032025762518, 1.439168291508559, 1.424073081251653, 1.4082701419327823, 1.3918125139217985, 1.3747533935747045, 1.357145835025862, 1.3390424703328316, 1.3204952498023483, 1.3015552038695, 1.2822722274710192, 1.2626948874528732, 1.2428702531859217, 1.2228437502341414, 1.2026590366294354, 1.1823579010560774, 1.1619801820361646, 1.1415637070340838, 1.1211442502612823, 1.1007555078603979, 1.0804290890774495, 1.0601945219894278, 1.040079272339188, 1.0201087740368686, 1.000306469913967, 0.9806938613596188, 0.96129056552555, 0.9421143788538361, 0.9231813457573929, 0.9045058313647107, 0.8861005973255943, 0.8679768797617431, 0.8501444685332941, 0.8326117870785821, 0.8153859721682252, 0.7984729529953046, 0.7818775291001607, 0.7656034467006321, 0.7496534730660628, 0.7340294686358408, 0.7187324566405134, 0.7037626900356282, 0.6891197156054631, 0.6748024351358556, 0.6608091635926446, 0.6471376842750161, 0.6337853009415747, 0.6207488869315401, 0.6080249313243751, 0.5956095821987156, 0.583498687065975, 0.5716878305657461, 0.5601723695194033, 0.5489474654453839, 0.5380081146447696, 0.5273491759692263, 0.5169653963853189, 0.5068514344499132, 0.49700188181097643, 0.48741128284678475, 0.4780741525544784, 0.4689849927962137, 0.46013830700797387, 0.4515286134725171, 0.44315045725406305, 0.4349984208882226, 0.4270671339164407, 0.41935128134990013, 0.4118456111434856, 0.4045449407560709, 0.39744416286910417, 0.39053825033126327, 0.38382226039284745, 0.37729133828959743, 0.3709407202317928, 0.3647657358507878, 0.3587618101516117, 0.35292446501689057, 0.34724932030413996, 0.3417320945754381, 0.336368605495613, 0.33115476993236287, 0.32608660378917387, 0.3211602215994976, 0.31637183590840096, 0.3117177564657908, 0.3071943892533477, 0.30279823536546435, 0.29852588976277267, 0.29437403991524874, 0.2903394643504069, 0.28641903112071954, 0.2826096962031262, 0.278908501842319, 0.27531257484840055, 0.2718191248585054, 0.2684254425710492, 0.26512889796041317, 0.261926938479085, 0.258817087253555, 0.2557969412795996, 0.2528641696219761, 0.2500165116229928, 0.24725177512390786, 0.2445678347026409, 0.2419626299308552, 0.23943416365307787, 0.23698050029016954, 0.23459976416913286, 0.23229013788095373, 0.23004986066790326, 0.22787722684148645, 0.22577058423200497, 0.22372833267050296, 0.22174892250368783, 0.2198308531422565, 0.21797267164291417, 0.21617297132424337, 0.21443039041646594, 0.21274361074503734, 0.21111135644792198, 0.2095323927263168, 0.20800552462851962, 0.2065295958665756, 0.20510348766528075, 0.20372611764307405, 0.2023964387243084, 0.201113438082356, 0.19987613611297375, 0.19868358543732983, 0.19753486993407185, 0.19642910379980041, 0.1953654306373, 0.19434302257086758, 0.1933610793880746, 0.19241882770729193, 0.19151552017030665, 0.19065043465935852, 0.18982287353792696, 0.18903216291460176, 0.18827765192937615, 0.1875587120617067, 0.18687473645969196, 0.18622513928972917, 0.18560935510601784, 0.18502683823928812, 0.18447706220414237, 0.1839595191244082, 0.18347371917591287, 0.18301919004609998, 0.18259547640992063, 0.18220213942144314, 0.1818387562206372, 0.18150491945479977, 0.18120023681410286, 0.18092433058075358, 0.1806768371912707, 0.1804574068113916, 0.18026570292313676, 0.1801014019235694, 0.17996419273479963, 0.17985377642479364, 0.17976986583855925, 0.1797121852392901, 0.17968046995906128, 0.17967446605867954, 0.17969392999630154, 0.17973862830444334, 0.17980833727501422, 0.17990284265201714, 0.18002193933156807, 0.18016543106889457, 0.1803331301919836, 0.18052485732155688, 0.18074044109706025, 0.18097971790836231, 0.18124253163286516, 0.18152873337773767, 0.1818381812269903, 0.18217073999311656, 0.1825262809730347, 0.18290468170806948, 0.18330582574772117, 0.18372960241697595, 0.18417590658691782, 0.18464463844840948, 0.18513570328861534, 0.18564901127014674, 0.18618447721261497, 0.1867420203763845, 0.18732156424832422, 0.1879230363293609, 0.18854636792364443, 0.18919149392914122, 0.18985835262947642, 0.19054688548685314, 0.191257036935881, 0.19198875417815325, 0.1927419869774169, 0.19351668745518597, 0.1943128098866542, 0.19513031049676902, 0.19596914725633457, 0.19682927967801744, 0.1977106686121348, 0.19861327604211088, 0.19953706487949352, 0.200481998758429, 0.2014480418294997, 0.20243515855283584, 0.20344331349041836, 0.20447247109749808]]","[[0.01, 0.011673645222856313, 0.01362924433757481, 0.01580189464430657, 0.018156393675681646, 0.020675287211724663, 0.023351732817940854, 0.02618530077724789, 0.029179483821409325, 0.032340226896824316, 0.0356750651880956, 0.03919262496636324, 0.042902340590906994, 0.046814300105427996, 0.05093916722862036, 0.055288148673435976, 0.05987298835248592, 0.06470597755909789, 0.06979997470240078, 0.07516843084567056, 0.08082541888281027, 0.08678566512627173, 0.0930645826326496, 0.09967830591583549, 0.10664372688521755, 0.11397853195349734, 0.12170124031831635, 0.12983124345366523, 0.1383888458626012, 0.147395307148964, 0.15687288546655945, 0.16684488240198406, 0.17733568934320634, 0.1883708353809178, 0.19997703678389367, 0.21218224808332267, 0.22501571479432658, 0.2385080277956684, 0.25269117938088265, 0.2675986209856649, 0.28326532258723164, 0.29972783376139595, 0.31702434637219007, 0.3351947588568786, 0.3542807420560312, 0.37432580652383474, 0.39537537123789246, 0.4174768336102589, 0.44067964068225446, 0.4650353613645658, 0.49059775956112706, 0.5174228679901598, 0.5455690624883898, 0.5750971365547225, 0.6060703758574182, 0.6385546323939355, 0.6726183979549968, 0.70833287650396, 0.7457720550391758, 0.785012772460588, 0.8261347859123602, 0.8692208340207477, 0.9143566963908157, 0.9616312486669708, 1.0111365124007285, 1.0629676989048622, 1.1172232462062601, 1.174004848140789, 1.2334174745625865, 1.2955693815679628, 1.3605721105610722, 1.42854047491542, 1.499592532912919, 1.5738495455715937, 1.6514359179052638, 1.7324791220948967, 1.8171096009933072, 1.9054606503340779, 1.9976682779738644, 2.0938710384666117, 2.194209841250859, 2.2988277307296334, 2.407869636538975, 2.521482092338605, 2.6398129215194706, 2.763010888310814, 2.891225312886945, 3.0246056492240707, 3.1633010246431885, 3.307459740198962, 3.4572287313391366, 3.6127529885666494, 3.774174938188743, 3.9416337836353814, 4.115264808273381, 4.29519864113259, 4.4815604874947, 4.674469326871377, 4.874037081512476, 5.080367759232043, 5.293556575012929, 5.513689056541826, 5.740840139525649, 5.975073259335959, 6.216439446207449, 6.464976431865154, 6.720707776057059, 6.9836420220076265, 7.253771890265896, 7.531073520781451, 7.815505773285192, 8.107009596162428, 8.405507473967623, 8.710902963529385, 9.023080328219457, 9.341904279402357, 9.667219833338235, 9.998852290880004, 10.336607346191231, 10.680271329422661, 11.02961158683698, 11.384377000283067, 11.744298646216777, 12.109090592674344, 12.478451630453366, 12.852074872950817, 13.229654998264792, 13.610886146445923, 13.995459913766641, 14.383064169788204, 14.773382480829707, 15.166093991320066, 15.560873657158218, 15.957392752700414, 16.355319591007657, 16.75432040905012, 17.15406037788438, 17.554204703777852, 17.954419790725783, 18.35437443834185, 18.75374105205307, 19.152196845114084, 19.549425014311993, 19.945115873443992, 20.338967930763676, 20.73068889863196, 21.1199966255838, 21.506619942930502, 21.89029941985201, 22.270788022682382, 22.647851675742587, 23.021269722614417, 23.39083528816635, 23.756355542926578, 24.11765187254234, 24.4745599560636, 24.826929757640038, 25.17462543692428, 25.51752518403401, 25.855520985346196, 26.188518326685966, 26.516435840639208, 26.83920490477261, 27.156769197498605, 27.469084218187756, 27.77611677791985, 28.077844466989326, 28.374255104952947, 28.665346178639133, 28.951124273139833, 29.23160450038735, 29.506809929488753, 29.77677102255795, 30.041525079356425, 30.301115693634813, 30.555592223662856, 30.805009279049848, 31.049426225593706, 31.288906709556972, 31.52351820245388, 31.753331567144773, 31.97842064577327, 32.19886186984699, 32.414733892554544, 32.626117243227995, 32.83309400370089, 33.03574750617527, 33.234162052095485, 33.4284226514308, 33.61861478169062, 33.8048241659345, 33.987136568992135, 34.165637611074544, 34.34041259793539, 34.51154636672946, 34.67912314671189, 34.84322643392639, 35.0039388790415, 35.16134218751014, 35.31551703124863, 35.46654297105583, 35.61449838901997, 35.75946043019059, 35.90150495282361, 36.04070648653991, 36.17713819777033, 36.31087186189277, 36.44197784150006, 36.5705250702696, 36.69658104193737, 36.82021180391026, 36.941481955080405, 37.06045464743444, 37.17719159107846, 37.29175306232594, 37.40419791452167, 37.51458359129867, 37.62296614198807, 37.729400238923766, 37.83393919640369, 37.93663499108936, 38.0375382836428, 38.13669844141725, 38.23416356203366, 38.32998049768977, 38.42419488006233, 38.51685114567569, 38.60799256162192, 38.69766125152862, 38.785898221680604, 38.872743387211216, 38.95823559828767, 39.04241266622266, 39.125311389452015, 39.20696757932492, 39.287416085659245, 39.36669082202052, 39.44482479068805, 39.521850107276485, 39.5977980249856, 39.67269895845499, 39.74658250720372, 39.819477478638746, 39.89141191061839, 39.96241309356015, 40.03250759208449, 40.10172126618831, 40.17007929194399, 40.237606181721546, 40.304325803932905, 40.37026140229902, 40.435435614641506, 40.499870491201726, 40.5635875124913, 40.62660760667876, 40.68895116651777, 40.75063806582334, 40.81168767550253, 40.87211887914703, 40.931950088195165, 40.99119925667145, 41.04988389551179, 41.10802108648297, 41.16562749570506, 41.22271938678551, 41.279312633573916, 41.33542273254634, 41.39106481482827, 41.44625365786505, 41.501003696748924, 41.55532903521142, 41.60924345629002, 41.66276043267778, 41.71589313676461, 41.76865445037864, 41.82105697423613, 41.87311303710811, 41.924834704711905, 41.97623378833543, 42.02732185320204, 42.07811022658362, 42.12861000566921, 42.17883206519659, 42.22878706485379, 42.27848545645754, 42.327937490915296, 42.37715322497751, 42.42614252778641, 42.474915087227615, 42.523480416090486, 42.57184785804322, 42.620026593428186, 42.6680256448832, 42.71585388279392, 42.76352003058269, 42.8110326698387, 42.85840024529447, 42.905631069653175, 42.952733328271584, 42.999715083702746, 43.046584280102884, 43.09334874750648, 43.14001620597355, 43.18659426961288, 43.233090450484994, 43.279512162388286, 43.32586672453185, 43.37216136509822, 43.41840322469925, 43.46459935972809, 43.510756745610344, 43.5568822799571, 43.60298278562254, 43.64906501366884, 43.69513564624075, 43.74120129935225, 43.78726852558765, 43.83334381671924, 43.87943360624362, 43.92554427183872, 43.971682137743414, 44.017853477061564, 44.064064513992214, 44.11032142598761, 44.156630345840576, 44.20299736370286, 44.24942852903569, 44.295929852494034, 44.342507307745784, 44.389166833227016, 44.435914333834546, 44.48275568255677, 44.52969672204382, 44.576743266117965, 44.62390110122511, 44.67117598782823, 44.718573661743484, 44.76609983541969, 44.813760199161784, 44.86156042229893, 44.90950615429765, 44.95760302582072, 45.0058566497319, 45.05427262204727, 45.102856522833186, 45.15161391705136, 45.2005503553512, 45.24967137480969, 45.29898249961885, 45.34848924172111, 45.39819710139244, 45.448111567773516, 45.498238119348734, 45.54858222437326, 45.59914934124787, 45.64994491884164, 45.70097439676231, 45.752243205574246, 45.80375676696374, 45.85552049385155, 45.9075397904525, 45.95982005228177, 46.01236666610775, 46.06518500985121, 46.11828045243037, 46.17165835355175]]","[array([6.37688001e-05, 6.00799169e-05, 5.86665222e-05, 5.87302924e-05,
       5.97887602e-05, 6.15493127e-05, 6.38339749e-05, 6.65345215e-05,
       6.95854037e-05, 7.29474609e-05, 7.65980828e-05, 8.05252453e-05,
       8.47238765e-05, 8.91936287e-05, 9.39375008e-05, 9.89609780e-05,
       1.04271488e-04, 1.09878051e-04, 1.15791058e-04, 1.22022119e-04,
       1.28583969e-04, 1.35490402e-04, 1.42756235e-04, 1.50397281e-04,
       1.58430341e-04, 1.66873200e-04, 1.75744635e-04, 1.85064424e-04,
       1.94853367e-04, 2.05133302e-04, 2.15927131e-04, 2.27258850e-04,
       2.39153576e-04, 2.51637581e-04, 2.64738325e-04, 2.78484495e-04,
       2.92906038e-04, 3.08034206e-04, 3.23901592e-04, 3.40542170e-04,
       3.57991340e-04, 3.76285968e-04, 3.95464425e-04, 4.15566632e-04,
       4.36634102e-04, 4.58709975e-04, 4.81839063e-04, 5.06067882e-04,
       5.31444691e-04, 5.58019527e-04, 5.85844228e-04, 6.14972468e-04,
       6.45459775e-04, 6.77363552e-04, 7.10743087e-04, 7.45659564e-04,
       7.82176059e-04, 8.20357535e-04, 8.60270825e-04, 9.01984607e-04,
       9.45569365e-04, 9.91097343e-04, 1.03864248e-03, 1.08828035e-03,
       1.14008803e-03, 1.19414404e-03, 1.25052819e-03, 1.30932142e-03,
       1.37060566e-03, 1.43446362e-03, 1.50097855e-03, 1.57023404e-03,
       1.64231370e-03, 1.71730088e-03, 1.79527832e-03, 1.87632778e-03,
       1.96052963e-03, 2.04796239e-03, 2.13870227e-03, 2.23282262e-03,
       2.33039337e-03, 2.43148044e-03, 2.53614505e-03, 2.64444304e-03,
       2.75642416e-03, 2.87213125e-03, 2.99159946e-03, 3.11485536e-03,
       3.24191609e-03, 3.37278841e-03, 3.50746775e-03, 3.64593730e-03,
       3.78816693e-03, 3.93411229e-03, 4.08371378e-03, 4.23689558e-03,
       4.39356471e-03, 4.55361009e-03, 4.71690167e-03, 4.88328962e-03,
       5.05260360e-03, 5.22465210e-03, 5.39922189e-03, 5.57607762e-03,
       5.75496153e-03, 5.93559332e-03, 6.11767022e-03, 6.30086721e-03,
       6.48483745e-03, 6.66921295e-03, 6.85360547e-03, 7.03760758e-03,
       7.22079406e-03, 7.40272349e-03, 7.58294008e-03, 7.76097575e-03,
       7.93635248e-03, 8.10858478e-03, 8.27718247e-03, 8.44165357e-03,
       8.60150736e-03, 8.75625762e-03, 8.90542586e-03, 9.04854571e-03,
       9.18519124e-03, 9.31502854e-03, 9.43780311e-03, 9.55330834e-03,
       9.66136543e-03, 9.76181213e-03, 9.85449707e-03, 9.93927770e-03,
       1.00160205e-02, 1.00846028e-02, 1.01449148e-02, 1.01968623e-02,
       1.02403698e-02, 1.02753823e-02, 1.03018682e-02, 1.03198207e-02,
       1.03292595e-02, 1.03302317e-02, 1.03228125e-02, 1.03071052e-02,
       1.02832410e-02, 1.02513784e-02, 1.02117023e-02, 1.01644228e-02,
       1.01097733e-02, 1.00480091e-02, 9.97940547e-03, 9.90425531e-03,
       9.82286716e-03, 9.73556283e-03, 9.64267518e-03, 9.54454576e-03,
       9.44152256e-03, 9.33395780e-03, 9.22220576e-03, 9.10662078e-03,
       8.98755529e-03, 8.86535804e-03, 8.74037243e-03, 8.61293499e-03,
       8.48337402e-03, 8.35200840e-03, 8.21914652e-03, 8.08508538e-03,
       7.95010987e-03, 7.81449211e-03, 7.67849102e-03, 7.54235194e-03,
       7.40630647e-03, 7.27057229e-03, 7.13535317e-03, 7.00083909e-03,
       6.86720636e-03, 6.73461787e-03, 6.60322341e-03, 6.47316001e-03,
       6.34455235e-03, 6.21751317e-03, 6.09214382e-03, 5.96853467e-03,
       5.84676566e-03, 5.72690685e-03, 5.60901889e-03, 5.49315362e-03,
       5.37935453e-03, 5.26765735e-03, 5.15809053e-03, 5.05067573e-03,
       4.94542835e-03, 4.84235794e-03, 4.74146874e-03, 4.64276004e-03,
       4.54622664e-03, 4.45185922e-03, 4.35964475e-03, 4.26956683e-03,
       4.18160603e-03, 4.09574018e-03, 4.01194472e-03, 3.93019296e-03,
       3.85045630e-03, 3.77270455e-03, 3.69690607e-03, 3.62302804e-03,
       3.55103663e-03, 3.48089718e-03, 3.41257437e-03, 3.34603234e-03,
       3.28123487e-03, 3.21814549e-03, 3.15672758e-03, 3.09694448e-03,
       3.03875959e-03, 2.98213645e-03, 2.92703880e-03, 2.87343069e-03,
       2.82127650e-03, 2.77054099e-03, 2.72118938e-03, 2.67318736e-03,
       2.62650117e-03, 2.58109755e-03, 2.53694385e-03, 2.49400800e-03,
       2.45225856e-03, 2.41166471e-03, 2.37219627e-03, 2.33382371e-03,
       2.29651815e-03, 2.26025140e-03, 2.22499589e-03, 2.19072474e-03,
       2.15741171e-03, 2.12503123e-03, 2.09355837e-03, 2.06296885e-03,
       2.03323903e-03, 2.00434590e-03, 1.97626706e-03, 1.94898074e-03,
       1.92246576e-03, 1.89670153e-03, 1.87166805e-03, 1.84734589e-03,
       1.82371616e-03, 1.80076054e-03, 1.77846122e-03, 1.75680094e-03,
       1.73576292e-03, 1.71533091e-03, 1.69548913e-03, 1.67622227e-03,
       1.65751549e-03, 1.63935439e-03, 1.62172503e-03, 1.60461389e-03,
       1.58800785e-03, 1.57189421e-03, 1.55626066e-03, 1.54109528e-03,
       1.52638651e-03, 1.51212316e-03, 1.49829439e-03, 1.48488969e-03,
       1.47189892e-03, 1.45931221e-03, 1.44712004e-03, 1.43531318e-03,
       1.42388270e-03, 1.41281995e-03, 1.40211656e-03, 1.39176444e-03,
       1.38175575e-03, 1.37208290e-03, 1.36273857e-03, 1.35371564e-03,
       1.34500727e-03, 1.33660679e-03, 1.32850780e-03, 1.32070408e-03,
       1.31318963e-03, 1.30595863e-03, 1.29900548e-03, 1.29232474e-03,
       1.28591118e-03, 1.27975973e-03, 1.27386548e-03, 1.26822370e-03,
       1.26282983e-03, 1.25767945e-03, 1.25276829e-03, 1.24809224e-03,
       1.24364731e-03, 1.23942968e-03, 1.23543564e-03, 1.23166162e-03,
       1.22810417e-03, 1.22475996e-03, 1.22162579e-03, 1.21869856e-03,
       1.21597530e-03, 1.21345313e-03, 1.21112928e-03, 1.20900110e-03,
       1.20706601e-03, 1.20532154e-03, 1.20376532e-03, 1.20239505e-03,
       1.20120855e-03, 1.20020368e-03, 1.19937843e-03, 1.19873083e-03,
       1.19825901e-03, 1.19796116e-03, 1.19783557e-03, 1.19788057e-03,
       1.19809457e-03, 1.19847605e-03, 1.19902355e-03, 1.19973567e-03,
       1.20061107e-03, 1.20164847e-03, 1.20284666e-03, 1.20420445e-03,
       1.20572074e-03, 1.20739446e-03, 1.20922460e-03, 1.21121017e-03,
       1.21335027e-03, 1.21564400e-03, 1.21809054e-03, 1.22068909e-03,
       1.22343888e-03, 1.22633921e-03, 1.22938938e-03, 1.23258876e-03,
       1.23593672e-03, 1.23943267e-03, 1.24307608e-03, 1.24686641e-03,
       1.25080317e-03, 1.25488589e-03, 1.25911412e-03, 1.26348743e-03,
       1.26800543e-03, 1.27266775e-03, 1.27747400e-03, 1.28242386e-03,
       1.28751700e-03, 1.29275310e-03, 1.29813187e-03, 1.30365302e-03,
       1.30931627e-03, 1.31512136e-03, 1.32106804e-03, 1.32715605e-03,
       1.33338514e-03, 1.33975508e-03, 1.34626564e-03, 1.35291656e-03,
       1.35970762e-03])]","[[0, 6.376880005047202e-05, 0.00012384871691641303, 0.0001825152391396538, 0.00024124553152809946, 0.00030103429169080545, 0.00036258360437038423, 0.00042641757925196747, 0.000492952100793177, 0.0005625375044845622, 0.0006354849653458853, 0.0007120830481664484, 0.0007926082934839288, 0.0008773321699562408, 0.0009665257986068131, 0.0010604632994210762, 0.0011594242774523684, 0.0012636957650703565, 0.001373573816048941, 0.0014893648739956029, 0.00161138699310325, 0.0017399709619393784, 0.001875461364132189, 0.0020182175992638908, 0.002168614880571443, 0.0023270452216995934, 0.0024939184218534974, 0.00266966305671453, 0.002854727481081097, 0.0030495808481719325, 0.0032547141497552, 0.0034706412806621203, 0.0036979001307567354, 0.00393705370702928, 0.004188691288135783, 0.004453429613404209, 0.00473191410805522, 0.0050248201461339705, 0.005332854352410529, 0.005656755944274277, 0.005997298114416322, 0.006355289454858926, 0.006731575422647603, 0.007127039847265904, 0.007542606479561083, 0.007979240581677084, 0.008437950557176074, 0.008919789620187418, 0.00942585750205012, 0.00995730219350787, 0.010515321720071268, 0.011101165947676276, 0.011716138415237817, 0.012361598190119172, 0.013038961741908077, 0.013749704829205622, 0.014495364393390848, 0.015277540452519153, 0.016097897987643075, 0.01695816881290688, 0.017860153419759113, 0.018805722784547625, 0.01979682012760795, 0.020835462610727013, 0.02192374295855982, 0.02306383098819731, 0.024257975029630466, 0.02550850321833192, 0.026817824639585507, 0.028188430302542488, 0.02962289392027781, 0.03112387247037044, 0.03269410650875076, 0.034336420207759226, 0.036053721087562184, 0.03784899940829261, 0.0397253271885508, 0.041685856814239, 0.043733819200147885, 0.045872521465295926, 0.04810534408178674, 0.05043573745593746, 0.05286721789969359, 0.05540336294993463, 0.05804780599324904, 0.060804230154176915, 0.0636763614058502, 0.06666796086347052, 0.0697828162232232, 0.07302473231210396, 0.07639752071780073, 0.07990498847229698, 0.08355092576830608, 0.08733909269406893, 0.09127320497949656, 0.0953569187551554, 0.09959381433519796, 0.10398737904604413, 0.10854098913440338, 0.11325789080106041, 0.11814118042066143, 0.12319378402244269, 0.12841843612231207, 0.13381765801276785, 0.1393937356336211, 0.1451486971631468, 0.15108429048585564, 0.15720196070924886, 0.1635028279173587, 0.16998766536322182, 0.17665687831529833, 0.18351048378383503, 0.19054809136187129, 0.19776888542160015, 0.20517160890974123, 0.21275454898509896, 0.2205155247372595, 0.22845187721716345, 0.23656046199789427, 0.24483764446733797, 0.25327929803338833, 0.2618808053971843, 0.27063706302067186, 0.2795424888818979, 0.2885910345965976, 0.2977762258399553, 0.3070912543765371, 0.31652905749016824, 0.326082365828545, 0.33574373125517953, 0.3455055433861336, 0.3553600404575113, 0.36529931815829114, 0.3753153387078357, 0.3853999415394112, 0.3955448563271921, 0.4057417186701995, 0.41598208845973866, 0.42625747076509607, 0.4365593389470818, 0.446879159631025, 0.45720841912663973, 0.4675386508624421, 0.4778614634005015, 0.48816856860853297, 0.49845180958721164, 0.5087031879785351, 0.5189148903140917, 0.5290793130986468, 0.5391890863632686, 0.5492370954622278, 0.5592165009282333, 0.5691207562404472, 0.5789436233985039, 0.5886791862328857, 0.5983218614170145, 0.6078664071789195, 0.6173079297400393, 0.6266418875353825, 0.6358640932927665, 0.6449707140690941, 0.6539582693586076, 0.6628236274018254, 0.6715639998345226, 0.6801769348238117, 0.6886603088432984, 0.6970123172416471, 0.7052314637589303, 0.7133165491431093, 0.7212666590151627, 0.729081151126005, 0.7367596421416799, 0.7443019940856278, 0.7517083005583385, 0.758978872845646, 0.7661142260174919, 0.7731150651093681, 0.7799822714690091, 0.7867168893413772, 0.7933201127556955, 0.799793272769331, 0.8061378251147909, 0.8123553382880419, 0.8184474821088272, 0.8244160167766861, 0.8302627824399782, 0.8359896892894024, 0.8415987081822578, 0.8470918617990286, 0.8524712163297491, 0.8577388736840094, 0.8628969642153642, 0.8679476399482727, 0.8728930682934954, 0.8777354262360771, 0.8824768949786047, 0.8871196550213234, 0.8916658816598877, 0.8961177408809746, 0.900477385635679, 0.9047469524705009, 0.9089285584958042, 0.9130242986718505, 0.917036243392855, 0.9209664363499731, 0.9248168926546653, 0.9285895972045037, 0.9322865032741482, 0.9359095313149314, 0.9394605679472253, 0.9429414651305188, 0.9463540394968967, 0.9497000718343767, 0.9529813067073172, 0.956199452201857, 0.9593561797850776, 0.9624531242672915, 0.9654918838575478, 0.96847402030311, 0.9714010591042987, 0.9742744897967001, 0.9770957662933231, 0.9798663072798391, 0.9825874966565618, 0.985260684021317, 0.9878871851878208, 0.9904682827346201, 0.9930052265800612, 0.9954992345791392, 0.9979514931384376, 1.0003631578457048, 1.00273535411093, 1.005069177816066, 1.0073656959708208, 1.0096259473721902, 1.0118509432656337, 1.0140416680060094, 1.016199079716586, 1.0183241109446257, 1.0204176693122031, 1.0224806381610818, 1.0245138771906042, 1.026518223087688, 1.0284944901481339, 1.0304434708885652, 1.0323659366484101, 1.0342626381814337, 1.0361343062364075, 1.0379816521265754, 1.039805368287647, 1.0416061288241034, 1.043384590043665, 1.0451413909798088, 1.0468771539022792, 1.0485924848155626, 1.0502879739453452, 1.051964196212996, 1.053621711698146, 1.0552610660894644, 1.0568827911237482, 1.058487405013464, 1.060075412862899, 1.0616473070730867, 1.0632035677356912, 1.064744663016042, 1.0662710495255179, 1.0677831726834894, 1.0692814670690332, 1.070766356762633, 1.0722382556780956, 1.0736975678848966, 1.075144687921189, 1.0765800010976965, 1.0780038837927162, 1.0794167037384603, 1.0808188202989564, 1.08221058473973, 1.0835923404894896, 1.0849644233940303, 1.0863271619625712, 1.087680877606736, 1.0890258848723864, 1.09036249166451, 1.0916909994653632, 1.0930117035460647, 1.0943248931718317, 1.095630851801045, 1.0969298572783264, 1.0982221820218068, 1.099508093204759, 1.1007878529317645, 1.1020617184095804, 1.1033299421128646, 1.1045927719449178, 1.1058504513935927, 1.1071032196825195, 1.1083513119177866, 1.1095949592302197, 1.1108343889133916, 1.1120698245574927, 1.1133014861791883, 1.1145295903475865, 1.1157543503064322, 1.1169759760926439, 1.1181946746513007, 1.1194106499471908, 1.1206241030730186, 1.1218352323543748, 1.1230442334515622, 1.1242512994583724, 1.1254566209978982, 1.126660386315473, 1.1278627813688156, 1.1290639899154615, 1.1302641935975568, 1.1314635720240895, 1.1326623028506255, 1.133860561856622, 1.135058523020378, 1.1362563585916892, 1.1374542391622624, 1.138652333733951, 1.139850809784862, 1.1410498333333916, 1.1422495690002337, 1.1434501800684145, 1.1446518285413947, 1.1458546751992849, 1.1470588796532133, 1.1482646003978867, 1.1494719948623808, 1.150681219459195, 1.1518924296316055, 1.1531057798993463, 1.1543214239026507, 1.155539514444679, 1.156760203532357, 1.1579836424156542, 1.1592099816253205, 1.1604393710091037, 1.161671959766468, 1.1629078964818325, 1.1641473291563444, 1.165390405238204, 1.166637271651554, 1.167888074823947, 1.1691429607124033, 1.1704020748280652, 1.1716655622594632, 1.172933567694395, 1.174206235440429, 1.175483709444034, 1.1767661333083446, 1.178053650309559, 1.1793464034119785, 1.1806445352816837, 1.1819481882988552, 1.1832575045687317, 1.1845726259312088, 1.1858936939690747, 1.1872208500148818, 1.1885542351564489, 1.1898939902409922, 1.1912402558778783, 1.1925931724399972, 1.1939528800637453]]"
40.0,40.0,3,120,90,I1-S0,"[[0.01, 0.009218546420913139, 0.008861068736292907, 0.008775057937429897, 0.008868440717358175, 0.009085467288543952, 0.009392267125478028, 0.009768239285663621, 0.010200879962868928, 0.010682672049768778, 0.011209209510878414, 0.011778062856390626, 0.012388090000341658, 0.01303901533455825, 0.013731170818382666, 0.014465335368238902, 0.015242634266877773, 0.016064475546123714, 0.01693250942662584, 0.017848602375108283, 0.01881482063048387, 0.019833420032128228, 0.020906840181251208, 0.022037701693459016, 0.023228805745017872, 0.02448313538938142, 0.025803858291539042, 0.027194330636045705, 0.028658102034454326, 0.030198921303892942, 0.03182074301953798, 0.03352773476509359, 0.03532428502037357, 0.03721501163571963, 0.039204770850537696, 0.04129866681848892, 0.043502061605343444, 0.04582058562752265, 0.04826014850013593, 0.0508269502630019, 0.05352749295182297, 0.0563685924794114, 0.05935739078867564, 0.06250136823497772, 0.0658083561504622, 0.06928654953701792, 0.0729445198276389, 0.07679122764806537, 0.08083603550166853, 0.08508872029054576, 0.08955948557466628, 0.09425897345859523, 0.09919827598177446, 0.10438894587349416, 0.10984300651750122, 0.11557296095361012, 0.12159179972467253, 0.12791300735679106, 0.13455056723872105, 0.14151896464298996, 0.14883318760640685, 0.15650872536138521, 0.16456156398195113, 0.1730081788795775, 0.18186552375425383, 0.19115101557569292, 0.2008825151385887, 0.2110783027047353, 0.22175704821404746, 0.23293777551662936, 0.2446398200496665, 0.2568827793568291, 0.26968645582496065, 0.283070790994103, 0.2970557907835517, 0.3116614409699548, 0.32690761225494097, 0.3428139542710242, 0.3593997778973557, 0.37668392529321837, 0.3946846271090358, 0.41341934640426126, 0.4329046088910515, 0.45315581923437914, 0.4741870632754209, 0.49601089620779854, 0.5186381169274891, 0.5420775289985913, 0.5663356889298833, 0.5914166427419032, 0.6173216521211432, 0.6440489118059858, 0.6715932602263622, 0.6999458858226871, 0.7290940318949758, 0.7590207032742144, 0.7897043785574159, 0.8211187320959653, 0.8532323703626775, 0.8860085877334761, 0.9194051470900926, 0.9533740909644849, 0.987861589186378, 1.022807829144174, 1.0581469548079483, 1.0938070605731185, 1.1297102457475905, 1.1657727351086349, 1.2019050703862462, 1.2380123767790165, 1.2739947076732143, 1.3097474696181903, 1.3451619283204648, 1.380125794971081, 1.4145238906398727, 1.4482388847876024, 1.4811521022012755, 1.5131443908946478, 1.5440970417858795, 1.5738927493221564, 1.6024166007236356, 1.6295570802227348, 1.6552070736333562, 1.6792648578466067, 1.7016359863771122, 1.7222433343635808, 1.7410315316181457, 1.7579604332366359, 1.7730002421541717, 1.7861286633953606, 1.7973294027585531, 1.8065915312198892, 1.8139093809155262, 1.8192827406753176, 1.8227171915765448, 1.8242244746725396, 1.823822820022925, 1.8215371926548218, 1.8173994300913845, 1.8114482596883554, 1.8037291937000366, 1.794294306802541, 1.7832019054824526, 1.7705161017895867, 1.7563063058417532, 1.740646652442048, 1.7236153774378016, 1.70529415917721, 1.685767439732131, 1.6651217395560385, 1.6434449780194458, 1.6208258108826372, 1.5973529942882545, 1.5731147833364492, 1.548198371787496, 1.5226893779585273, 1.4966713804732745, 1.4702255062110061, 1.4434300716018216, 1.4163602773431647, 1.3890879556747353, 1.3616813685492117, 1.3342050543736057, 1.306719720466508, 1.2792821779730073, 1.251945315692574, 1.2247581090950241, 1.1977656607141145, 1.171009268105159, 1.1445265156199513, 1.1183513863771886, 1.0925143909779829, 1.067042709723171, 1.0419603453221873, 1.0172882833334391, 0.9930446578357218, 0.9692449200926301, 0.9459020082315914, 0.9230265162115671, 0.9006268605950378, 0.8787094438679026, 0.8572788132634276, 0.8363378142421014, 0.8158877379575084, 0.7959284621988875, 0.7764585854441215, 0.7574755537829789, 0.7389757805802812, 0.7209547588432204, 0.703407166337362, 0.6863269635630829, 0.669707484759473, 0.6535415221472733, 0.6378214036573732, 0.6225390644178667, 0.6076861122917487, 0.5932538877699826, 0.579233518531839, 0.5656159689869238, 0.5523920851119334, 0.539552634890614, 0.5270883446582352, 0.5149899316426831, 0.5032481329834905, 0.4918537314981615, 0.48079757845237575, 0.47007061357735225, 0.45966388256408364, 0.44956855225051756, 0.4397759237042289, 0.43027744338984486, 0.42106471259755035, 0.41212949529650655, 0.403463724565019, 0.3950595077378394, 0.386909130400107, 0.3790050593471477, 0.3713399446196558, 0.3639066207146874, 0.3566981070643803, 0.34970760786637567, 0.34292851134252456, 0.3363543884956053, 0.3299789914274246, 0.32379625127580414, 0.31780027582254006, 0.3119853468194353, 0.30634591707492237, 0.30087660733958793, 0.2955722030250549, 0.2904276507871517, 0.28543805500107505, 0.28059867415331, 0.27590491717239163, 0.27135233971815, 0.2669366404468623, 0.26265365726772033, 0.25849936360419185, 0.254469864672201, 0.250561393785551, 0.24677030869765945, 0.24309308798745444, 0.23952632749617495, 0.23606673682082988, 0.23271113586917522, 0.22945645148027008, 0.22629971411395366, 0.22323805461194426, 0.22026870103268711, 0.2173889755615682, 0.21459629149765655, 0.2118881503177344, 0.20926213881801886, 0.20671592633366415, 0.20424726203585708, 0.20185397230607718, 0.19953395818688122, 0.19728519290838958, 0.19510571948949407, 0.19299364841267128, 0.19094715537117157, 0.1889644790872565, 0.18704391920007804, 0.18518383422172682, 0.1833826395599248, 0.18163880560579618, 0.17995085588512078, 0.17831736527145214, 0.17673695825946978, 0.17520830729692913, 0.1737301311735728, 0.17230119346537326, 0.17092030103248668, 0.16958630256931417, 0.1682980872050838, 0.16705458315338922, 0.16585475640914524, 0.16469760949144635, 0.163582180230844, 0.16250754059958716, 0.16147279558340286, 0.1604770820934252, 0.15951956791691413, 0.15859945070543946, 0.15771595699923846, 0.15686834128649033, 0.15605588509628418, 0.15527789612409135, 0.15453370738858685, 0.15382267641869782, 0.15314418446979006, 0.15249763576793626, 0.1518824567812418, 0.15129809551723505, 0.15074402084536068, 0.15021972184364354, 0.14972470716862177, 0.14925850444767494, 0.14882065969290248, 0.14841073673573393, 0.14802831668148003, 0.14767299738305859, 0.1473443929331549, 0.14704213317410034, 0.14676586322477625, 0.1465152430238734, 0.14628994688885874, 0.14608966309002322, 0.1459140934390042, 0.14576295289119623, 0.14563596916148347, 0.14553288235274459, 0.1454534445965996, 0.1453974197058846, 0.14536458283835757, 0.1453547201711532, 0.14536762858552094, 0.1454031153613946, 0.14546099788135597, 0.14554110334356826, 0.1456432684832687, 0.1457673393024212, 0.1459131708071427, 0.1460806267525276, 0.14626957939450605, 0.14647990924838244, 0.1467115048537096, 0.1469642625451651, 0.14723808622910428, 0.14753288716547389, 0.14784858375477825, 0.1481851013297985, 0.1485423719517727, 0.14892033421075193, 0.14931893302985508, 0.149738119473151, 0.15017785055690405, 0.1506380890639244, 0.15111880336077085, 0.15161996721755974, 0.15214155963013842, 0.1526835646443876, 0.15324597118242136, 0.1538287728704591, 0.15443196786814767, 0.1550555586991169, 0.15569955208255606, 0.15636395876560283, 0.15704879335634048, 0.15775407415720344, 0.15847982299859445, 0.15922606507252127, 0.15999282876606413, 0.16078014549448905, 0.1615880495338257, 0.16241657785273234, 0.16326576994347403, 0.16413566765184373, 0.16502631500586015, 0.1659377580430791, 0.16687004463636002, 0.16782322431793237, 0.16879734810161043, 0.16979246830301023, 0.17080863835762508, 0.17184591263662147]]","[[0.01, 0.011673645222856313, 0.01362924433757481, 0.01580189464430657, 0.0181563936813959, 0.020675287541983212, 0.023351736249037528, 0.026185318476168132, 0.029179546121100103, 0.032340399335946, 0.03567546994921959, 0.03919346774241171, 0.04290394289835845, 0.04681713709761384, 0.05094391111843461, 0.05529571793878536, 0.05988460296303983, 0.06472322052614776, 0.06982486031368605, 0.07520348000373221, 0.08087374201920065, 0.08685105321542813, 0.09315160687914377, 0.09979242673772441, 0.10679141286495561, 0.11416738947684141, 0.12194015467129042, 0.13013053219828088, 0.13876042536390928, 0.14785287317932055, 0.15743210886784084, 0.16752362084293793, 0.17815421626717692, 0.1893520872987866, 0.20114688012812254, 0.21356976690132112, 0.22665352062277425, 0.24043259312163415, 0.2549431961602569, 0.27022338575415217, 0.2863131497634491, 0.30325449880492006, 0.321091560521014, 0.33987067722792064, 0.35964050694817057, 0.38045212781443183, 0.40235914580971166, 0.42541780578483923, 0.4496871056665795, 0.4752289137387008, 0.5021080888434506, 0.530392603311832, 0.5601536683874591, 0.5914658618602143, 0.6244072575720563, 0.6590595563977154, 0.6955082182372972, 0.7338425944855493, 0.7741560603633856, 0.8165461464107945, 0.8611146683461609, 0.9079678543949767, 0.9572164690806522, 1.0089759323514755, 1.0633664327905914, 1.1205130335201792, 1.180545769266952, 1.2435997329039317, 1.3098151496236794, 1.3793374367314684, 1.45231724687421, 1.5289104923435586, 1.6092783479110901, 1.6935872294717536, 1.782008745591309, 1.8747196188770627, 1.9719015739222587, 2.0737411884169195, 2.1804297038762552, 2.292162792317143, 2.409140275119386, 2.5315657902479196, 2.659646403991912, 2.7935921634045044, 2.9336155857108834, 3.079931081101269, 3.232754305548124, 3.3923014405926963, 3.558788397444001, 3.732429943232377, 3.9134387478680503, 4.102024350679988, 4.2983920468576295, 4.5027416946918875, 4.715266445713925, 4.9361514010594405, 5.165572198738124, 5.4036935379540605, 5.650667648190344, 5.906632712422207, 6.171711255534567, 6.4460085107636065, 6.72961077872359, 7.0225837952804095, 7.324971126147558, 7.636792607559658, 7.9580428536709675, 8.288689852376919, 8.628673672010736, 8.977905301770578, 9.336265648735145, 9.703604713882287, 10.079740968599328, 10.464460951738985, 10.857519105317625, 11.258637864474005, 11.667508014324307, 12.083789322897859, 12.507111455470419, 12.93707517139821, 13.373253800082846, 13.815194988065596, 14.262422704571506, 14.714439488220119, 15.17072988821338, 15.630773471055589, 16.09405466232361, 16.56006098593334, 17.02828141715239, 17.498205792466155, 17.969325018160184, 18.441131878881315, 18.91312228877778, 19.384796858026828, 19.85566267033034, 20.32523518470323, 20.793040189179003, 21.258615745957968, 21.721514077716513, 22.18130335373371, 22.63756934246776, 23.089916904413705, 23.537971305607254, 23.98137933807093, 24.419810238860666, 24.85295640417845, 25.28053389927533, 25.702282768582645, 26.11796715368247, 26.52737522937132, 26.930318970199234, 27.326633761502947, 27.716177870124785, 28.098831790754208, 28.474497484185164, 28.843097523793173, 29.204574166246214, 29.55888836191928, 29.906018719729044, 30.245960440186927, 30.578724229426978, 30.90433520583829, 31.22283180975431, 31.534264725454417, 31.83869582354241, 32.13619713060479, 32.42684983193636, 32.71074331206613, 32.98797423683348, 33.258645679859605, 33.522866295437595, 33.78074953912733, 34.03241293668882, 34.2779774014178, 34.517566599456515, 34.75130636223729, 34.97932414487055, 35.20174852900787, 35.41870876848754, 35.63033437590032, 35.83675474808942, 36.03809882851651, 36.23449480437876, 36.426069836345846, 36.61294981879529, 36.79525916845584, 36.97312063941687, 37.146655162524716, 37.31598170726026, 37.48121716427384, 37.6424762468411, 37.799871409594665, 37.95351278297996, 38.10350812197736, 38.249962767726075, 38.39297962077718, 38.53265912479235, 38.66909925959132, 38.80239554253408, 38.93264103730316, 39.05992636922639, 39.18433974635178, 39.3059669855533, 39.42489154300882, 39.541194548450584, 39.654954842642994, 39.76624901759362, 39.8751514590503, 39.981734390880796, 40.086067920971736, 40.18822008832049, 40.28825691102766, 40.386242434928896, 40.482238782633466, 40.57630620276281, 40.66850311920621, 40.758886180232295, 40.84751030731468, 40.93442874354793, 41.0196931015463, 41.10335341073205, 41.18545816393362, 41.266054363225734, 41.345187564954166, 41.42290192389762, 41.49924023652782, 41.57424398333653, 41.64795337020533, 41.72040736879988, 41.79164375597612, 41.861699152190496, 41.93060905891087, 41.9984078950282, 42.06512903227276, 42.130804829641306, 42.195466666844325, 42.25914497678451, 42.3218692770797, 42.383668200644905, 42.444569525349685, 42.50460020276797, 42.56378638603863, 42.62215345685574, 42.67972605160808, 42.73652808668794, 42.792582782989655, 42.84791268961842, 42.90253970683016, 42.95648510822331, 43.00976956220311, 43.06241315273929, 43.114435399437504, 43.16585527694484, 43.2166912337095, 43.26696121011433, 43.316682656003756, 43.36587254762308, 43.414547403988905, 43.46272330270911, 43.51041589527009, 43.55764042180902, 43.60441172538796, 43.65074426578671, 43.69665213283041, 43.74214905926778, 43.78724843321537, 43.83196331018257, 43.876306424692054, 43.920290201509495, 43.963926766496314, 44.00722795709861, 44.050205332484985, 44.092870183345774, 44.135233541365515, 44.177306188380356, 44.2190986652315, 44.2606212803256, 44.30188411791254, 44.34289704609067, 44.38366972454929, 44.42421161205784, 44.46453197371075, 44.504639887936925, 44.54454425328215, 44.58425379497264, 44.62377707126763, 44.663122479608525, 44.702298262571965, 44.741312513633815, 44.78017318275088, 44.81888808176682, 44.85746488964871, 44.89591115755999, 44.93423431377603, 44.97244166844754, 45.01054041821744, 45.04853765069636, 45.086440348801624, 45.12425539496466, 45.16198957521136, 45.199649583119815, 45.23724202365978, 45.27477341691779, 45.31225020171197, 45.34967873910031, 45.38706531578593, 45.42441614742286, 45.46173738182568, 45.49903510208614, 45.53631532959987, 45.57358402700611, 45.61084710104317, 45.64811040532242, 45.6853797430233, 45.7226608695118, 45.7599594948848, 45.7972812864424, 45.834631871090515, 45.87201683767564, 45.90944173925374, 45.94691209529518, 45.98443339382738, 46.022011093516795, 46.05965062569193, 46.09735739630879, 46.135136787860134, 46.17299416122999, 46.21093485749454, 46.24896419967064, 46.287087494413, 46.32531003366116, 46.36363709623713, 46.40207394939457, 46.44062585032043, 46.479298047589744, 46.51809578257424, 46.557024290805515, 46.59608880329317, 46.63529454779862, 46.67464675006487, 46.71415063500274, 46.75381142783382, 46.79363435519054, 46.83362464617348, 46.87378753336613, 46.91412825380724, 46.95465204992091, 46.99536417040426, 47.03626987107284, 47.077374415663634, 47.11868307659553, 47.160201135687124, 47.20193388483163, 47.24388662662867, 47.28606467497258, 47.328473355597005, 47.37111800657532, 47.41400397877645, 47.4571366362757, 47.50052135672002, 47.544163531647285, 47.5880685667588, 47.63224188214471, 47.676688912461444, 47.721415107060594, 47.766425930068586]]","[array([6.37688001e-05, 6.00799169e-05, 5.86665222e-05, 5.87302924e-05,
       5.97887608e-05, 6.15493213e-05, 6.38340277e-05, 6.65347264e-05,
       6.95860033e-05, 7.29489130e-05, 7.66011545e-05, 8.05311172e-05,
       8.47342562e-05, 8.92108711e-05, 9.39647343e-05, 9.90022370e-05,
       1.04331852e-04, 1.09963790e-04, 1.15909785e-04, 1.22182955e-04,
       1.28797709e-04, 1.35769702e-04, 1.43115801e-04, 1.50854080e-04,
       1.59003817e-04, 1.67585514e-04, 1.76620914e-04, 1.86133033e-04,
       1.96146196e-04, 2.06686077e-04, 2.17779746e-04, 2.29455719e-04,
       2.41744011e-04, 2.54676198e-04, 2.68285475e-04, 2.82606726e-04,
       2.97676584e-04, 3.13533511e-04, 3.30217866e-04, 3.47771982e-04,
       3.66240247e-04, 3.85669179e-04, 4.06107513e-04, 4.27606281e-04,
       4.50218896e-04, 4.74001239e-04, 4.99011744e-04, 5.25311481e-04,
       5.52964241e-04, 5.82036619e-04, 6.12598093e-04, 6.44721105e-04,
       6.78481132e-04, 7.13956755e-04, 7.51229724e-04, 7.90385015e-04,
       8.31510873e-04, 8.74698857e-04, 9.20043861e-04, 9.67644129e-04,
       1.01760125e-03, 1.07002016e-03, 1.12500905e-03, 1.18267937e-03,
       1.24314569e-03, 1.30652562e-03, 1.37293964e-03, 1.44251094e-03,
       1.51536519e-03, 1.59163028e-03, 1.67143600e-03, 1.75491374e-03,
       1.84219601e-03, 1.93341601e-03, 2.02870709e-03, 2.12820218e-03,
       2.23203305e-03, 2.34032966e-03, 2.45321925e-03, 2.57082548e-03,
       2.69326742e-03, 2.82065847e-03, 2.95310517e-03, 3.09070593e-03,
       3.23354967e-03, 3.38171438e-03, 3.53526553e-03, 3.69425447e-03,
       3.85871667e-03, 4.02867001e-03, 4.20411281e-03, 4.38502202e-03,
       4.57135123e-03, 4.76302870e-03, 4.95995543e-03, 5.16200318e-03,
       5.36901261e-03, 5.58079148e-03, 5.79711291e-03, 6.01771386e-03,
       6.24229380e-03, 6.47051350e-03, 6.70199420e-03, 6.93631702e-03,
       7.17302274e-03, 7.41161197e-03, 7.65154570e-03, 7.89224635e-03,
       8.13309931e-03, 8.37345496e-03, 8.61263125e-03, 8.84991678e-03,
       9.08457445e-03, 9.31584566e-03, 9.54295494e-03, 9.76511513e-03,
       9.98153298e-03, 1.01914151e-02, 1.03939742e-02, 1.05884358e-02,
       1.07740444e-02, 1.09500707e-02, 1.11158182e-02, 1.12706304e-02,
       1.14139282e-02, 1.15452726e-02, 1.16643486e-02, 1.17709253e-02,
       1.18648300e-02, 1.19459347e-02, 1.20141489e-02, 1.20694171e-02,
       1.21117197e-02, 1.21410743e-02, 1.21575385e-02, 1.21612119e-02,
       1.21522385e-02, 1.21308076e-02, 1.20971545e-02, 1.20515599e-02,
       1.19943493e-02, 1.19258910e-02, 1.18465931e-02, 1.17569012e-02,
       1.16572940e-02, 1.15482797e-02, 1.14303919e-02, 1.13041845e-02,
       1.11702279e-02, 1.10291040e-02, 1.08814015e-02, 1.07277123e-02,
       1.05686268e-02, 1.04047300e-02, 1.02365983e-02, 1.00647958e-02,
       9.88987195e-03, 9.71235824e-03, 9.53276662e-03, 9.35158730e-03,
       9.16928736e-03, 8.98630956e-03, 8.80307142e-03, 8.61996469e-03,
       8.43735505e-03, 8.25558202e-03, 8.07495918e-03, 7.89577448e-03,
       7.71829079e-03, 7.54274662e-03, 7.36935686e-03, 7.19831374e-03,
       7.02978777e-03, 6.86392883e-03, 6.70086723e-03, 6.54071481e-03,
       6.38356613e-03, 6.22949952e-03, 6.07857826e-03, 5.93085166e-03,
       5.78635613e-03, 5.64511623e-03, 5.50714567e-03, 5.37244827e-03,
       5.24101887e-03, 5.11284422e-03, 4.98790380e-03, 4.86617056e-03,
       4.74761168e-03, 4.63218923e-03, 4.51986082e-03, 4.41058016e-03,
       4.30429760e-03, 4.20096065e-03, 4.10051442e-03, 4.00290204e-03,
       3.90806504e-03, 3.81594370e-03, 3.72647737e-03, 3.63960473e-03,
       3.55526409e-03, 3.47339356e-03, 3.39393133e-03, 3.31681576e-03,
       3.24198564e-03, 3.16938026e-03, 3.09893954e-03, 3.03060421e-03,
       2.96431581e-03, 2.90001682e-03, 2.83765074e-03, 2.77716211e-03,
       2.71849658e-03, 2.66160096e-03, 2.60642322e-03, 2.55291252e-03,
       2.50101927e-03, 2.45069507e-03, 2.40189277e-03, 2.35456645e-03,
       2.30867142e-03, 2.26416421e-03, 2.22100257e-03, 2.17914543e-03,
       2.13855294e-03, 2.09918638e-03, 2.06100822e-03, 2.02398203e-03,
       1.98807251e-03, 1.95324541e-03, 1.91946760e-03, 1.88670693e-03,
       1.85493232e-03, 1.82411363e-03, 1.79422173e-03, 1.76522839e-03,
       1.73710634e-03, 1.70982916e-03, 1.68337131e-03, 1.65770812e-03,
       1.63281569e-03, 1.60867094e-03, 1.58525157e-03, 1.56253600e-03,
       1.54050339e-03, 1.51913361e-03, 1.49840719e-03, 1.47830532e-03,
       1.45880986e-03, 1.43990324e-03, 1.42156852e-03, 1.40378932e-03,
       1.38654985e-03, 1.36983482e-03, 1.35362950e-03, 1.33791963e-03,
       1.32269147e-03, 1.30793174e-03, 1.29362763e-03, 1.27976674e-03,
       1.26633714e-03, 1.25332728e-03, 1.24072603e-03, 1.22852263e-03,
       1.21670670e-03, 1.20526823e-03, 1.19419754e-03, 1.18348529e-03,
       1.17312249e-03, 1.16310043e-03, 1.15341073e-03, 1.14404528e-03,
       1.13499627e-03, 1.12625617e-03, 1.11781769e-03, 1.10967381e-03,
       1.10181778e-03, 1.09424305e-03, 1.08694333e-03, 1.07991253e-03,
       1.07314481e-03, 1.06663450e-03, 1.06037617e-03, 1.05436456e-03,
       1.04859460e-03, 1.04306142e-03, 1.03776031e-03, 1.03268675e-03,
       1.02783637e-03, 1.02320496e-03, 1.01878848e-03, 1.01458304e-03,
       1.01058487e-03, 1.00679037e-03, 1.00319607e-03, 9.99798627e-04,
       9.96594827e-04, 9.93581582e-04, 9.90755927e-04, 9.88115012e-04,
       9.85656100e-04, 9.83376564e-04, 9.81273884e-04, 9.79345645e-04,
       9.77589530e-04, 9.76003319e-04, 9.74584888e-04, 9.73332205e-04,
       9.72243326e-04, 9.71316393e-04, 9.70549632e-04, 9.69941352e-04,
       9.69489937e-04, 9.69193853e-04, 9.69051637e-04, 9.69061900e-04,
       9.69223321e-04, 9.69534651e-04, 9.69994704e-04, 9.70602361e-04,
       9.71356564e-04, 9.72256316e-04, 9.73300681e-04, 9.74488779e-04,
       9.75819784e-04, 9.77292929e-04, 9.78907495e-04, 9.80662818e-04,
       9.82558281e-04, 9.84593316e-04, 9.86767403e-04, 9.89080066e-04,
       9.91530874e-04, 9.94119440e-04, 9.96845417e-04, 9.99708497e-04,
       1.00270842e-03, 1.00584494e-03, 1.00911788e-03, 1.01252708e-03,
       1.01607241e-03, 1.01975379e-03, 1.02357115e-03, 1.02752447e-03,
       1.03161376e-03, 1.03583903e-03, 1.04020036e-03, 1.04469782e-03,
       1.04933153e-03, 1.05410161e-03, 1.05900823e-03, 1.06405157e-03,
       1.06923182e-03, 1.07454920e-03, 1.08000396e-03, 1.08559633e-03,
       1.09132661e-03, 1.09719507e-03, 1.10320201e-03, 1.10934775e-03,
       1.11563261e-03, 1.12205692e-03, 1.12862104e-03, 1.13532531e-03,
       1.14217010e-03])]","[[0, 6.376880005047202e-05, 0.00012384871691641303, 0.0001825152391396538, 0.00024124553153344748, 0.00030103429229712367, 0.00036258361359894816, 0.0004264176413118057, 0.0004929523677462645, 0.0005625383710695384, 0.0006354872841127583, 0.0007120884385979508, 0.0007926195557926445, 0.0008773538120274186, 0.0009665646831182329, 0.0010605294174167918, 0.0011595316544457683, 0.0012638635059746511, 0.0013738272957677983, 0.00148973708126296, 0.0016119200360705666, 0.0017407177450207778, 0.001876487446698509, 0.0020196032479029985, 0.0021704573277905917, 0.0023294611451288322, 0.0024970466592143226, 0.0026736675730450704, 0.0028598006059598695, 0.0030559468019591596, 0.003262632879176699, 0.0034804126253985554, 0.003709868344072816, 0.003951612354884859, 0.004206288552664543, 0.0044745740281255135, 0.004757180753699504, 0.005054857337509392, 0.005368390848314833, 0.005698608714055854, 0.006046380696405877, 0.006412620943519708, 0.006798290122917882, 0.007204397636180338, 0.007632003916823598, 0.008082222812400364, 0.008556224051482412, 0.009055235795760362, 0.009580547277010677, 0.010133511518133902, 0.010715548136851546, 0.011328146229954207, 0.01197286733521259, 0.012651348467187542, 0.01336530522219624, 0.014116534946600144, 0.01490691996136688, 0.015738430834513206, 0.01661312969154973, 0.01753317355241051, 0.018500817681552057, 0.019518418935937445, 0.020588439093472757, 0.02171344814212723, 0.022896127507437348, 0.02413927319336329, 0.025445798808528933, 0.02681873844673239, 0.02826124938726318, 0.029776614577008816, 0.03136824485258556, 0.03303968085679818, 0.03479459459963974, 0.036636790609809115, 0.03857020661838331, 0.040598913711872936, 0.04272711588746281, 0.044959148938854436, 0.04729947859685454, 0.04975269784477727, 0.05232352332494417, 0.055016790749185925, 0.05783744922339897, 0.06079055439402923, 0.06388126032299903, 0.067114809997233, 0.07049652437975676, 0.07403178991153518, 0.07772604437699006, 0.0815847610517006, 0.0856134310583612, 0.0898175438668572, 0.09420256588652642, 0.09877391711348574, 0.10353694581347923, 0.10849690124117473, 0.11365890442027814, 0.11902791703527521, 0.12460870851500437, 0.13040582142048654, 0.1364235352842721, 0.1426658290856915, 0.14913634258538216, 0.15583833678275938, 0.16277465380102882, 0.16994767654510493, 0.1773592885174903, 0.1850108342147606, 0.19290308056167502, 0.20103617986991065, 0.20940963483277736, 0.21802226608478167, 0.22687218286438599, 0.23595675731864674, 0.24527260297864276, 0.2548155579139324, 0.26458067304215654, 0.27456220602605735, 0.2847536211346633, 0.2951475953785987, 0.30573603115218717, 0.3165100755283859, 0.32746014625813363, 0.3385759644252859, 0.34984659485289, 0.3612605230309611, 0.37280579560273924, 0.3844701442258884, 0.39624106948047316, 0.4081058994563843, 0.4200518341662762, 0.432065983056141, 0.44413540020421455, 0.45624711993120814, 0.46838819425334544, 0.48054573272807005, 0.49270694465340475, 0.5048591832026792, 0.516989990847406, 0.5290871452998795, 0.5411387051627984, 0.5531330544834072, 0.5650589454577875, 0.5769055386047106, 0.5886624398186735, 0.6003197338113355, 0.611868013554222, 0.6232984054391028, 0.6346025899727367, 0.6457728179172806, 0.6568019218748002, 0.667683323392736, 0.6784110357360144, 0.6889796625303319, 0.6993843925298101, 0.7096209908009005, 0.7196857866434536, 0.729575658589826, 0.7392880168344741, 0.7488207834504881, 0.7581723707468122, 0.7673416581114053, 0.7763279676722268, 0.7851310390905957, 0.793751003781024, 0.8021883588288894, 0.8104439408530223, 0.8185189000351177, 0.8264146745124243, 0.8341329653049265, 0.8416757119236474, 0.8490450687831004, 0.8562433825185889, 0.8632731702881984, 0.8701370991200805, 0.8768379663480932, 0.8833786811630635, 0.8897622472928911, 0.8959917468123637, 0.9020703250728652, 0.9080011767330272, 0.9137875328637172, 0.9194326490944595, 0.9249397947633343, 0.9303122430284789, 0.9355532618964092, 0.9406661061203617, 0.9456540099206355, 0.9505201804783655, 0.9552677921541952, 0.9598999813838456, 0.9644198422035124, 0.9688304223592917, 0.9731347199563645, 0.9773356806054091, 0.9814361950255966, 0.9854390970655172, 0.9893471621054423, 0.9931631058064209, 0.9968895831737994, 1.0005291879048264, 1.0040844519920413, 1.0075578455561212, 1.0109517768837764, 1.0142685926481165, 1.017510578290667, 1.0206799585458788, 1.023778898090553, 1.026809502302087, 1.029773818110846, 1.0326738349332651, 1.0355114856735108, 1.038288647782661, 1.0410071443654156, 1.043668745325325, 1.0462751685404195, 1.0488280810619532, 1.0513291003297422, 1.0537797953982675, 1.056181688168363, 1.0585362546198889, 1.0608449260413284, 1.0631090902527318, 1.0653300928188776, 1.0675092382499185, 1.0696477911871511, 1.0717469775718735, 1.073807985795596, 1.0758319678301385, 1.0778200403363922, 1.0797732857507372, 1.0816927533483072, 1.0835794602824655, 1.0854343926000103, 1.0872585062317712, 1.0890527279583766, 1.0908179563510865, 1.0925550626876765, 1.0942648918434479, 1.095948263157511, 1.0976059712745545, 1.0992387869623692, 1.1008474579054444, 1.1024327094749946, 1.103995245475813, 1.1055357488703745, 1.1070548824806363, 1.1085532896680068, 1.1100315949919652, 1.1114904048478331, 1.1129303080841992, 1.1143518766005145, 1.115755665925373, 1.1171422157759967, 1.118512050599442, 1.119865680096045, 1.1212035997256167, 1.1225262911968978, 1.1238342229407705, 1.1251278505677265, 1.1264076173100752, 1.1276739544493704, 1.1289272817295244, 1.1301680077560712, 1.1313965303820237, 1.1326132370807696, 1.1338185053064287, 1.135012702842095, 1.1361961881363658, 1.137369310628557, 1.1385324110629893, 1.1396858217927186, 1.1408298670730739, 1.1419648633453576, 1.1430911195110478, 1.1442089371968358, 1.1453186110108187, 1.14642042879016, 1.1475146718405167, 1.1486016151675267, 1.1496815277006365, 1.1507546725095426, 1.1518213070135084, 1.1528816831838122, 1.1539360477395706, 1.1549846423371743, 1.1560277037535667, 1.1570654640635831, 1.1580981508115664, 1.159125987177461, 1.160149192137587, 1.1611679806202817, 1.162182563656593, 1.1631931485262046, 1.1641999388987598, 1.16520313497075, 1.166202933598125, 1.1671995284247798, 1.1681931100070606, 1.1691838659344336, 1.1701719809464521, 1.1711576370461505, 1.1721410136099923, 1.173122287494492, 1.1741016331396261, 1.1750792226691464, 1.1760552259878982, 1.177029810876253, 1.178003143081746, 1.17897538640802, 1.1799467028011617, 1.18091725243352, 1.1818871937850886, 1.1828566837225325, 1.1838258775759358, 1.1847949292133435, 1.1857639911131677, 1.1867332144345246, 1.1877027490855678, 1.1886727437898768, 1.189643346150961, 1.190614702714936, 1.1915869590314214, 1.1925602597127136, 1.1935347484912817, 1.1945105682756316, 1.1954878612045805, 1.1964667686999857, 1.1974474315179637, 1.1984299897986388, 1.1994145831144534, 1.2004013505170754, 1.2013904305829317, 1.2023819614573963, 1.2033760808976615, 1.2043729263143161, 1.2053726348116542, 1.206375343226736, 1.2073811881672192, 1.2083903060479844, 1.2094028331265632, 1.2104189055373897, 1.211438659324888, 1.212462230475405, 1.2134897549480013, 1.214521368704109, 1.215557207736063, 1.2165974080945123, 1.217642105914716, 1.2186914374417273, 1.2197455390544676, 1.2208045472886928, 1.2218685988588478, 1.222937830678812, 1.224012379881528, 1.2250923838375154, 1.2261779801722577, 1.2272693067824592, 1.2283665018511662, 1.2294697038617406, 1.2305790516106752, 1.231694684219245, 1.2328167411439785, 1.233945362185935, 1.23508068749878, 1.2362228575956373]]"
40.0,40.0,3,120,90,I0-S1,"[[0.01, 0.009218546420913139, 0.008861068736292907, 0.008775057937429897, 0.00886844474850288, 0.009085526014465042, 0.009392538919415872, 0.009769027245570423, 0.010202649539156866, 0.010686055435257864, 0.011215000947268761, 0.011787207759269358, 0.012401669946161214, 0.013058230330905526, 0.01375731981633816, 0.014499795630097567, 0.015286839946294152, 0.016119895650413784, 0.01700062519636781, 0.017930884021354017, 0.018912703304455453, 0.01994827885809442, 0.021039964154100567, 0.022190266223600475, 0.023401843621171994, 0.024677505922067664, 0.026020214394844098, 0.027433083601355424, 0.028919383746434435, 0.030482543645595328, 0.03212615420978741, 0.03385397236712369, 0.0356699253559896, 0.037578115334104094, 0.0395828242552759, 0.041688518970608775, 0.04389985651430392, 0.04622168953634309, 0.048659071845453025, 0.0512172640260168, 0.05390173909212682, 0.0567181881408499, 0.059672525965057316, 0.06277089658390561, 0.06601967864626809, 0.06942549065913639, 0.07299519598925186, 0.07673590758200122, 0.0806549923369278, 0.08476007507407667, 0.0890590420198157, 0.09356004373476139, 0.09827149739999673, 0.10320208837090872, 0.10836077090071006, 0.11375676792806039, 0.11939956981519291, 0.1252989319146123, 0.13146487083379996, 0.13790765925849113, 0.14463781918603702, 0.15166611341120434, 0.159003535097586, 0.1666612952586994, 0.17465080796395852, 0.18298367307616095, 0.1916716563190974, 0.20072666646655152, 0.21016072943752842, 0.219985959077266, 0.23021452439971085, 0.24085861306497797, 0.2519303908651843, 0.2634419569943063, 0.2754052948827465, 0.2878322183855201, 0.3007343131248225, 0.31412287280368806, 0.3280088303279668, 0.3424026835994384, 0.35731441587403945, 0.3727534106164068, 0.38872836082570894, 0.40524717285850836, 0.42231686483256964, 0.43994345976145127, 0.45813187364365027, 0.4768857988121653, 0.49620758294062906, 0.5160981042005005, 0.5365566431698909, 0.5575807522078821, 0.5791661231279225, 0.6013064541290043, 0.6239933170725, 0.6472160263241186, 0.6709615105124397, 0.695214188685577, 0.7199558524730162, 0.7451655559775865, 0.7708195152294983, 0.796891019126828, 0.8233503538609044, 0.8501647428767493, 0.8772983044439672, 0.9047120289082067, 0.9323637776536127, 0.9602083057289165, 0.9881973099707649, 1.0162795042949284, 1.0444007236172888, 1.0725040576110105, 1.1005300152041368, 1.1284167203743365, 1.1561001394072719, 1.1835143393561012, 1.2105917769774581, 1.2372636169308115, 1.2634600775217464, 1.2891108017550763, 1.31414525095153, 1.3384931176837287, 1.3620847543155208, 1.3848516129959663, 1.4067269710126344, 1.4276491588073097, 1.4475632665613212, 1.466419672820342, 1.484173039855098, 1.5007818373763628, 1.516208178294036, 1.530417833255581, 1.5433803410706939, 1.555069163244203, 1.5654618501314348, 1.5745401982653497, 1.5822903859870117, 1.5887030793621877, 1.593773503542797, 1.5975014768782465, 1.5998914065916983, 1.6009522459478285, 1.6006974136940484, 1.5991446772402875, 1.5963160016016178, 1.5922373665901688, 1.5869385551224386, 1.580452915812675, 1.5728171032563487, 1.5640707995721552, 1.5542564208684748, 1.5434188123332302, 1.5316049356177797, 1.518863552100016, 1.505244905474206, 1.490800406931126, 1.4755823259681666, 1.4596434896122257, 1.443036992555471, 1.4258159204026615, 1.4080330879156555, 1.3897407938227113, 1.3709905934434519, 1.3518330900705275, 1.332317745751078, 1.3124927118292775, 1.2924046793490405, 1.2720987491760654, 1.2516183214827843, 1.231005004049693, 1.2102985386725682, 1.1895367448272376, 1.1687554796313158, 1.1479886130547028, 1.1272680172663214, 1.106623568961917, 1.0860831634949462, 1.065672739627622, 1.0454163137300394, 1.0253360222798635, 1.0054521715512725, 0.9857832934277093, 0.9663462063265953, 0.9471560802837408, 0.9282265053090808, 0.9095695621921107, 0.8911958950036525, 0.873114784609198, 0.8553342225770345, 0.8378609849308255, 0.8207007052605855, 0.8038579467674987, 0.7873362728763396, 0.771138316104051, 0.7552658449240945, 0.7397198284133761, 0.724500498511832, 0.7096074097641291, 0.6950394964484751, 0.6807951270293564, 0.6668721558992766, 0.653267972399431, 0.6399795471309254, 0.6270034755868357, 0.6143360191513318, 0.6019731435254767, 0.5899105546503695, 0.5781437322072707, 0.5666679607814088, 0.5554783587815413, 0.544569905211218, 0.5339374643902404, 0.5235758087262041, 0.5134796396364061, 0.5036436067199294, 0.494062325278528, 0.48473039228312786, 0.4756424008804525, 0.46679295353156747, 0.4581766738710947, 0.44978821737256125, 0.44162228090187405, 0.43367361123731457, 0.4259370126307749, 0.4184073534812497, 0.4110795721878963, 0.4039486822463051, 0.3970097766480127, 0.3902580316397622, 0.38368870989557957, 0.37729716315141537, 0.3710788343488982, 0.36502925933167274, 0.35914406813485467, 0.3534189859053311, 0.34784983348796716, 0.34243252771025157, 0.33716308139552126, 0.3320376031326461, 0.32705229682792814, 0.3222034610629704, 0.31748748828039247, 0.31290086381751503, 0.30844016480648917, 0.3041020589578146, 0.29988330324275797, 0.29578074248885233, 0.29179130790141944, 0.2879120155229077, 0.28413996464077207, 0.2804723361536353, 0.27690639090455493, 0.2734394679893792, 0.2700689830473931, 0.26679242654073976, 0.2636073620284404, 0.2605114244402264, 0.2575023183548415, 0.2545778162869544, 0.2517357569863571, 0.2489740437526886, 0.24629064276853405, 0.2436835814533858, 0.24115094684062843, 0.2386908839794072, 0.23630159436296977, 0.23398133438482227, 0.23172841382381712, 0.22954119435908643, 0.22741808811555142, 0.2253575562405717, 0.22335810751214938, 0.2214182969789684, 0.2195367246324287, 0.21771203411072734, 0.21594291143494196, 0.21422808377698693, 0.21256631825923605, 0.21095642078553897, 0.2093972349032995, 0.20788764069623203, 0.20642655370736804, 0.20501292389184522, 0.20364573459897908, 0.20232400158308797, 0.20104677204251964, 0.19981312368630716, 0.19862216382786635, 0.19747302850513448, 0.19636488162654053, 0.19529691414218997, 0.19426834323964348, 0.19327841156366565, 0.1923263864593207, 0.19141155923779224, 0.19053324446430814, 0.18969077926755512, 0.18888352266997327, 0.1881108549383271, 0.1873721769539571, 0.18666690960212348, 0.18599449317986322, 0.1853543868217898, 0.18474606794327567, 0.18416903170046695, 0.18362279046659052, 0.1831068733240246, 0.18262082557161372, 0.18216420824672164, 0.18173659766152486, 0.18133758495306201, 0.18096677564656452, 0.18062378923160569, 0.18030825875061537, 0.1800198303993194, 0.1797581631386729, 0.17952292831786734, 0.17931380930800225, 0.17913050114602203, 0.17897271018852903, 0.1788401537750938, 0.17873255990069326, 0.17864966689691694, 0.17859122312159123, 0.17855698665648004, 0.17854672501273008, 0.17856021484373705, 0.17859724166511773, 0.17865759958148153, 0.17874109101970306, 0.17884752646840457, 0.17897672422336613, 0.17912851013858774, 0.17930271738273526, 0.1794991862007096, 0.1797177636800848, 0.17995830352216802, 0.18022066581744073, 0.18050471682514702, 0.1808103287568011, 0.18113737956339204, 0.18148575272607034, 0.18185533705010595, 0.18224602646191373, 0.18265771980894777, 0.18309032066227118, 0.18354373712161387, 0.18401788162273544, 0.18451267074691619, 0.18502802503240376, 0.18556386878764858, 0.18612012990616542, 0.1866967396828642, 0.18729363263169752, 0.18791074630447693, 0.1885480211107158, 0.1892054001383602, 0.1898828289752749, 0.19058025553135563, 0.19129762986114435, 0.19203490398682788, 0.19279203172150647, 0.1935689684926223, 0.19436567116544393, 0.1951820978665065, 0.19601820780691379]]","[[0.01, 0.011673645222856313, 0.01362924433757481, 0.01580189464430657, 0.01815639792272139, 0.020675352486309667, 0.023352051842455163, 0.02618627805632638, 0.029181803792269506, 0.03234491682560262, 0.035683554268713454, 0.039206800616454235, 0.04292460269786439, 0.046847613828915564, 0.05098711486193909, 0.05535498098419695, 0.05996367575491729, 0.0648262614125525, 0.06995641898140223, 0.07536847438482866, 0.08107742836401584, 0.08709898894471345, 0.09344960575145748, 0.10014650579573664, 0.10720773055480076, 0.11465217426694208, 0.1224996234302666, 0.13077079752491766, 0.1394873909950964, 0.1486721165339427, 0.15834874971543775, 0.1685421750153184, 0.179278433258889, 0.19058477052833012, 0.20248968855602015, 0.2150229966236944, 0.22821586498002555, 0.24210087978141512, 0.25671209955238444, 0.2720851131528763, 0.28825709922993525, 0.3052668871205332, 0.323155019160646, 0.3419638143429629, 0.3617374332517218, 0.3825219441879972, 0.40436539038222263, 0.4273178581726906, 0.45143154600913304, 0.4767608341191397, 0.5033623546520025, 0.5312950620894838, 0.56062030368589, 0.591401889670587, 0.6237061629146367, 0.6576020677294712, 0.6931612174293955, 0.730457960251146, 0.7695694431827057, 0.8105756732100625, 0.8535595754445937, 0.8986070475453171, 0.9458070097994283, 0.9952514501714574, 1.047035463576184, 1.101257284573371, 1.1580183126236618, 1.2174231289850046, 1.2795795042681117, 1.3445983956082477, 1.4125939323496581, 1.4836833890788963, 1.557987144784976, 1.6356286268686215, 1.71673423867091, 1.8014332691445227, 1.8898577832499341, 1.9821424916256254, 2.07842459805742, 2.178843623259015, 2.283541203475612, 2.392660862437196, 2.506347755219609, 2.6247483826222555, 2.74801027474338, 2.876281642529588, 3.0097109961980046, 3.1484467295793412, 3.2926366696103533, 3.4424275904166377, 3.59796469167317, 3.7593910412118157, 3.9268469821632253, 4.100469505275557, 4.280391587444218, 4.466741497914477, 4.659642074080733, 4.859209969299988, 5.065554875659018, 5.278778725180507, 5.498974873517076, 5.726227270757029, 5.960609624543552, 6.202184561280922, 6.45100279175656, 6.707102288035184, 6.9705074789686625, 7.241228472099373, 7.519260310102652, 7.8045822702016405, 8.097157215182088, 8.396931004722617, 8.703831975725636, 9.017770500175029, 9.338638628750164, 9.66630982798527, 10.000638818175007, 10.341461518490428, 10.688595104887103, 11.041838185365238, 11.400971095990135, 11.765756319814095, 12.135939029475296, 12.511247752806133, 12.891395452286899, 13.276083574264973, 13.66500538676711, 14.057846059958452, 14.454282876076679, 14.853985782938675, 15.256618180861654, 15.661837871369352, 16.069298119203847, 16.478648793314157, 16.889537561166655, 17.301611116083805, 17.714516420697635, 18.12790195182037, 18.541418933588094, 18.954722546929535, 19.36747310443478, 19.779337180655407, 20.189988688818314, 20.599109895910086, 21.00639236909796, 21.41153784749651, 21.81425903435727, 22.2142803058394, 22.611338333598177, 23.00518261948867, 23.395575941709243, 23.782294712689147, 24.16512924994316, 24.54388396196303, 24.918377451981527, 25.28844254312305, 25.653926229040565, 26.014689554629634, 26.370607431806054, 26.721568395635504, 27.067474306314857, 27.40824000263011, 27.743792912560608, 28.07407262667061, 28.399030439834245, 28.718628866686622, 29.03284113599029, 29.341650668860442, 29.645050545512373, 29.943042964888075, 30.23563870119311, 30.522856561036367, 30.80472284452044, 31.081270813284412, 31.352540168158697, 31.61857653875755, 31.87943098701219, 32.13515952633913, 32.38582265784678, 32.63148492470977, 32.87221448558673, 33.10808270772352, 33.33916378017074, 33.56553434735182, 33.78727316304552, 34.004460764694045, 34.2171791678139, 34.42551158017091, 34.62954213528152, 34.82935564471945, 35.02503736863796, 35.216672803862735, 35.40434748886725, 35.5881468249105, 35.76815591259458, 35.9444594030862, 36.117141363240435, 36.28628515386577, 36.451973320376325, 36.61428749508871, 36.7733083104366, 36.92911532239541, 37.081786943431325, 37.23140038431302, 37.378031604150365, 37.521755268051244, 37.6626447118155, 37.800771913113515, 37.93620746862494, 38.069020576642004, 38.19927902466932, 38.32704918158007, 38.45239599391502, 38.57538298593709, 38.696072263079394, 38.814524518448906, 38.93079904207122, 39.0449537325842, 39.15704511110937, 39.26712833705022, 39.37525722558541, 39.481484266643236, 39.585860645160324, 39.68843626244384, 39.789259758471175, 39.88837853497549, 39.985838779178174, 40.08168548804206, 40.17596249293016, 40.26871248456569, 40.35997703819881, 40.449796638894746, 40.5382107068664, 40.62525762278242, 40.710974752988946, 40.79539847458983, 40.87856420033645, 40.96050640328363, 41.04125864117365, 41.12085358051485, 41.19932302032579, 41.276697915519975, 41.35300839990951, 41.42828380880976, 41.50255270122973, 41.57584288163585, 41.648181421279205, 41.719594679078554, 41.790108322053456, 41.85974734530369, 41.928536091532735, 41.99649827011464, 42.06365697570481, 42.130034706396444, 42.195653381425515, 42.26053435842786, 42.32469845025297, 42.38816594133967, 42.45095660365959, 42.51308971223462, 42.57458406023536, 42.6354579736677, 42.695729325655, 42.75541555032375, 42.814533656300696, 42.873100239829625, 42.93113149751609, 42.98864323870854, 43.04565089752423, 43.102169544528536, 43.15821389807595, 43.213798335321485, 43.268936902910674, 43.32364332735662, 43.37793102511242, 43.43181311234699, 43.485302414432546, 43.538411475151534, 43.59115256563092, 43.64353769301146, 43.695578608859584, 43.747286817329176, 43.79867358308058, 43.84974993896386, 43.900526693473225, 43.95101443797943, 44.00122355374671, 44.05116421874065, 44.10084641423334, 44.150279931211784, 44.19947437659565, 44.24843917927001, 44.297183595938705, 44.34571671680387, 44.39404747107675, 44.44218463232514, 44.49013682366219, 44.53791252278166, 44.58552006684408, 44.63296765721851, 44.680263364084134, 44.72741513089616, 44.77443077871983, 44.821318010436805, 44.86808441482755, 44.914737470533595, 44.96128454990312, 45.007732922723406, 45.05408975984347, 45.10036213669009, 45.14655703668038, 45.19268135453384, 45.23874189948681, 45.2847453984121, 45.33069849884645, 45.37660777192848, 45.42247971524943, 45.46832075561931, 45.51413725175049, 45.55993549686115, 45.605721721200545, 45.65150209449819, 45.697282728338834, 45.743069678465176, 45.78886894700995, 45.83468648465929, 45.88052819274873, 45.92639992529363, 45.9723074909554, 46.01825665494488, 46.06425314086432, 46.110302632489166, 46.156410775490926, 46.20258317910217, 46.2488254177248, 46.29514303248269, 46.34154153271954, 46.388026397442914, 46.43460307671536, 46.48127699299338, 46.52805354241496, 46.57493809603651, 46.62193600101968, 46.669052581768796, 46.71629314101946, 46.7636629608788, 46.81116730381782, 46.858811413616394, 46.906600516261136, 46.954539820796654, 47.00263452013041, 47.05088979179143, 47.099310798643245, 47.14790268955114, 47.196670600003856, 47.24561965269009, 47.29475495802961, 47.3440816146593, 47.39360470987413, 47.44332932002291, 47.49326051085906, 47.54340333784622, 47.59376284641869, 47.64434407219661, 47.69515204115576, 47.74619176975194]]","[array([6.37688001e-05, 6.00799169e-05, 5.86665222e-05, 5.87302979e-05,
       5.97889168e-05, 6.15502974e-05, 6.38373477e-05, 6.65429466e-05,
       6.96027828e-05, 7.29790112e-05, 7.66503776e-05, 8.06062310e-05,
       8.48428765e-05, 8.93613389e-05, 9.41659820e-05, 9.92636482e-05,
       1.04663116e-04, 1.10374754e-04, 1.16410301e-04, 1.22782719e-04,
       1.29506105e-04, 1.36595624e-04, 1.44067480e-04, 1.51938893e-04,
       1.60228089e-04, 1.68954304e-04, 1.78137789e-04, 1.87799827e-04,
       1.97962744e-04, 2.08649938e-04, 2.19885900e-04, 2.31696240e-04,
       2.44107722e-04, 2.57148288e-04, 2.70847100e-04, 2.85234567e-04,
       3.00342384e-04, 3.16203570e-04, 3.32852504e-04, 3.50324961e-04,
       3.68658152e-04, 3.87890759e-04, 4.08062976e-04, 4.29216541e-04,
       4.51394777e-04, 4.74642620e-04, 4.99006654e-04, 5.24535145e-04,
       5.51278062e-04, 5.79287106e-04, 6.08615733e-04, 6.39319167e-04,
       6.71454416e-04, 7.05080278e-04, 7.40257345e-04, 7.77047995e-04,
       8.15516382e-04, 8.55728416e-04, 8.97751730e-04, 9.41655644e-04,
       9.87511114e-04, 1.03539066e-03, 1.08536832e-03, 1.13751950e-03,
       1.19192093e-03, 1.24865051e-03, 1.30778717e-03, 1.36941071e-03,
       1.43360160e-03, 1.50044082e-03, 1.57000956e-03, 1.64238904e-03,
       1.71766015e-03, 1.79590322e-03, 1.87719758e-03, 1.96162128e-03,
       2.04925062e-03, 2.14015971e-03, 2.23442005e-03, 2.33209995e-03,
       2.43326401e-03, 2.53797253e-03, 2.64628092e-03, 2.75823896e-03,
       2.87389020e-03, 2.99327116e-03, 3.11641060e-03, 3.24332872e-03,
       3.37403635e-03, 3.50853409e-03, 3.64681144e-03, 3.78884597e-03,
       3.93460239e-03, 4.08403167e-03, 4.23707016e-03, 4.39363875e-03,
       4.55364200e-03, 4.71696734e-03, 4.88348431e-03, 5.05304387e-03,
       5.22547775e-03, 5.40059790e-03, 5.57819604e-03, 5.75804335e-03,
       5.93989018e-03, 6.12346603e-03, 6.30847961e-03, 6.49461906e-03,
       6.68155236e-03, 6.86892794e-03, 7.05637547e-03, 7.24350684e-03,
       7.42991738e-03, 7.61518726e-03, 7.79888310e-03, 7.98055981e-03,
       8.15976261e-03, 8.33602924e-03, 8.50889237e-03, 8.67788212e-03,
       8.84252876e-03, 9.00236553e-03, 9.15693155e-03, 9.30577510e-03,
       9.44846582e-03, 9.58461571e-03, 9.71387706e-03, 9.83593374e-03,
       9.95049635e-03, 1.00573002e-02, 1.01561048e-02, 1.02466945e-02,
       1.03288793e-02, 1.04024956e-02, 1.04674080e-02, 1.05235095e-02,
       1.05707231e-02, 1.06090015e-02, 1.06383283e-02, 1.06587176e-02,
       1.06702139e-02, 1.06728920e-02, 1.06668557e-02, 1.06522376e-02,
       1.06291978e-02, 1.05979220e-02, 1.05586211e-02, 1.05115283e-02,
       1.04568984e-02, 1.03950052e-02, 1.03261397e-02, 1.02506082e-02,
       1.01687298e-02, 1.00808347e-02, 9.98726207e-03, 9.88835758e-03,
       9.78447174e-03, 9.67595777e-03, 9.56316977e-03, 9.44646086e-03,
       9.32618157e-03, 9.20267819e-03, 9.07629136e-03, 8.94735474e-03,
       8.81619379e-03, 8.68312472e-03, 8.54845359e-03, 8.41247544e-03,
       8.27547368e-03, 8.13771952e-03, 7.99947152e-03, 7.86097529e-03,
       7.72246326e-03, 7.58415456e-03, 7.44625504e-03, 7.30895724e-03,
       7.17244060e-03, 7.03687162e-03, 6.90240411e-03, 6.76917952e-03,
       6.63732728e-03, 6.50696518e-03, 6.37819982e-03, 6.25112703e-03,
       6.12583233e-03, 6.00239144e-03, 5.88087072e-03, 5.76132772e-03,
       5.64381161e-03, 5.52836373e-03, 5.41501802e-03, 5.30380153e-03,
       5.19473488e-03, 5.08783270e-03, 4.98310408e-03, 4.88055299e-03,
       4.78017869e-03, 4.68197610e-03, 4.58593621e-03, 4.49204640e-03,
       4.40029079e-03, 4.31065055e-03, 4.22310422e-03, 4.13762796e-03,
       4.05419583e-03, 3.97278007e-03, 3.89335127e-03, 3.81587862e-03,
       3.74033013e-03, 3.66667277e-03, 3.59487267e-03, 3.52489527e-03,
       3.45670548e-03, 3.39026779e-03, 3.32554641e-03, 3.26250537e-03,
       3.20110862e-03, 3.14132015e-03, 3.08310404e-03, 3.02642455e-03,
       2.97124617e-03, 2.91753372e-03, 2.86525236e-03, 2.81436767e-03,
       2.76484566e-03, 2.71665283e-03, 2.66975622e-03, 2.62412337e-03,
       2.57972243e-03, 2.53652209e-03, 2.49449168e-03, 2.45360112e-03,
       2.41382096e-03, 2.37512240e-03, 2.33747725e-03, 2.30085796e-03,
       2.26523764e-03, 2.23059003e-03, 2.19688950e-03, 2.16411105e-03,
       2.13223034e-03, 2.10122361e-03, 2.07106774e-03, 2.04174021e-03,
       2.01321912e-03, 1.98548313e-03, 1.95851149e-03, 1.93228404e-03,
       1.90678115e-03, 1.88198376e-03, 1.85787335e-03, 1.83443191e-03,
       1.81164196e-03, 1.78948653e-03, 1.76794913e-03, 1.74701375e-03,
       1.72666486e-03, 1.70688739e-03, 1.68766670e-03, 1.66898860e-03,
       1.65083934e-03, 1.63320554e-03, 1.61607427e-03, 1.59943296e-03,
       1.58326943e-03, 1.56757189e-03, 1.55232888e-03, 1.53752931e-03,
       1.52316242e-03, 1.50921780e-03, 1.49568535e-03, 1.48255528e-03,
       1.46981810e-03, 1.45746463e-03, 1.44548597e-03, 1.43387350e-03,
       1.42261886e-03, 1.41171397e-03, 1.40115099e-03, 1.39092234e-03,
       1.38102066e-03, 1.37143885e-03, 1.36217000e-03, 1.35320747e-03,
       1.34454478e-03, 1.33617569e-03, 1.32809415e-03, 1.32029431e-03,
       1.31277049e-03, 1.30551722e-03, 1.29852918e-03, 1.29180126e-03,
       1.28532847e-03, 1.27910601e-03, 1.27312925e-03, 1.26739368e-03,
       1.26189495e-03, 1.25662888e-03, 1.25159139e-03, 1.24677855e-03,
       1.24218658e-03, 1.23781180e-03, 1.23365066e-03, 1.22969976e-03,
       1.22595576e-03, 1.22241549e-03, 1.21907586e-03, 1.21593388e-03,
       1.21298669e-03, 1.21023150e-03, 1.20766564e-03, 1.20528653e-03,
       1.20309167e-03, 1.20107867e-03, 1.19924520e-03, 1.19758904e-03,
       1.19610804e-03, 1.19480011e-03, 1.19366327e-03, 1.19269560e-03,
       1.19189525e-03, 1.19126044e-03, 1.19078945e-03, 1.19048065e-03,
       1.19033245e-03, 1.19034333e-03, 1.19051184e-03, 1.19083656e-03,
       1.19131617e-03, 1.19194936e-03, 1.19273491e-03, 1.19367161e-03,
       1.19475835e-03, 1.19599402e-03, 1.19737759e-03, 1.19890806e-03,
       1.20058448e-03, 1.20240593e-03, 1.20437154e-03, 1.20648048e-03,
       1.20873196e-03, 1.21112521e-03, 1.21365952e-03, 1.21633418e-03,
       1.21914855e-03, 1.22210199e-03, 1.22519390e-03, 1.22842373e-03,
       1.23179092e-03, 1.23529495e-03, 1.23893534e-03, 1.24271161e-03,
       1.24662332e-03, 1.25067005e-03, 1.25485137e-03, 1.25916692e-03,
       1.26361631e-03, 1.26819919e-03, 1.27291522e-03, 1.27776407e-03,
       1.28274544e-03, 1.28785901e-03, 1.29310450e-03, 1.29848162e-03,
       1.30399009e-03])]","[[0, 6.376880005047202e-05, 0.00012384871691641303, 0.0001825152391396538, 0.0002412455369926886, 0.00030103445381414614, 0.0003625847512477739, 0.00042642209898067433, 0.0004929650455353933, 0.0005625678283206432, 0.000635546839518044, 0.0007121972170697372, 0.0007928034480961866, 0.0008776463246236375, 0.0009670076635221023, 0.0010611736455610231, 0.0011604372937304714, 0.001265100409406201, 0.0013754751632476477, 0.0014918854639863548, 0.001614668183365205, 0.0017441742879641307, 0.0018807699116196602, 0.0020248373914840564, 0.0021767762839903573, 0.0023370043725941397, 0.00250595867624474, 0.002684096465547071, 0.002871896292173039, 0.003069859036060971, 0.0032785089741727367, 0.003498394873979084, 0.003730091114361024, 0.003974198836213663, 0.004231347124694656, 0.004502194224755471, 0.004787428791317445, 0.005087771175196676, 0.005403974745634583, 0.0057368272500483005, 0.006087152211371649, 0.00645581036310866, 0.0068437011219633455, 0.007251764097637856, 0.007680980639102697, 0.00813237541633405, 0.008607018036181063, 0.00910602469066726, 0.009630559835641697, 0.010181837897274369, 0.010761125003433429, 0.011369740736486302, 0.0120090599035297, 0.012680514319472168, 0.01338559459776433, 0.014125851942893789, 0.01490289993803124, 0.01571841632042945, 0.016574144736335217, 0.01747189646627459, 0.01841355211061187, 0.019401063224262674, 0.02043645388835955, 0.02152182220552619, 0.02265934170421366, 0.02385126263629118, 0.025099913150767914, 0.02640770032515463, 0.027777111034560608, 0.02921071263716836, 0.030711153453245394, 0.03228116301334853, 0.03392355204986472, 0.035641212204527664, 0.03743711542306917, 0.03931431300672733, 0.04127593428896393, 0.043325184904465894, 0.04546534461634942, 0.0476997646664825, 0.050031864613027846, 0.05246512861872179, 0.05500310115308831, 0.05764938207178564, 0.060407621036644425, 0.06328151124073082, 0.0662747824040092, 0.06939119300693963, 0.07263452173168117, 0.07600855808353606, 0.07951709216891638, 0.08316390361049182, 0.08695274958533257, 0.09088735197783256, 0.09497138364601869, 0.09920845380754181, 0.10360209256021548, 0.10815573456141334, 0.11287270190093515, 0.11775618621306291, 0.1228092300853917, 0.12803470783455076, 0.1334353057320169, 0.13901350177673186, 0.1447715451250025, 0.15071143530199949, 0.15683490133285852, 0.16314338094468725, 0.1696380000034257, 0.17631955236121333, 0.18318848030038443, 0.19024485576913264, 0.19748836261094802, 0.20491827999482315, 0.21253346725565953, 0.2203323503540044, 0.22831291016097527, 0.2364726727677822, 0.24480870200948973, 0.2533175943794847, 0.26199547649450927, 0.27083800525013946, 0.2798403707833708, 0.28899730233273163, 0.2983030774356953, 0.30775154325864074, 0.3173361589663843, 0.32705003602956145, 0.33688596977198926, 0.3468364661185018, 0.35689376630045777, 0.3670498711198384, 0.3772965656657964, 0.3876254449368821, 0.39802794054636953, 0.4084953485147652, 0.4190188580444319, 0.4295895811028101, 0.4401985825985793, 0.45083691091042327, 0.46149562851540493, 0.4721658424599373, 0.4828387344188123, 0.4935055900953196, 0.5041578277271779, 0.5147870254780871, 0.5253849475125932, 0.5359435685721229, 0.5464550968919958, 0.5569119953225072, 0.5673070005413189, 0.577633140268985, 0.587883748424036, 0.5980524781782602, 0.6081333128962941, 0.6181205749660241, 0.628008932547335, 0.6377934042861664, 0.6474693620584567, 0.6570325318242297, 0.6664789926856937, 0.6758051742547377, 0.6850078524446015, 0.6940841438077944, 0.7030314985476147, 0.711847692333957, 0.7205308170556168, 0.7290792706411527, 0.7374917460786908, 0.7457672197620362, 0.7539049392862481, 0.761904410810627, 0.7697653861010165, 0.7774878493566162, 0.7850720039192828, 0.7925182589557311, 0.7998272161952534, 0.8069996567977019, 0.8140365284186172, 0.8209389325306474, 0.8277081120528695, 0.8343454393323592, 0.8408524045154327, 0.847230604339431, 0.853481731369778, 0.8596075637013493, 0.8656099551379289, 0.8714908258587463, 0.8772521535767404, 0.8828959651893155, 0.8884243289188934, 0.8938393469375393, 0.8991431484672971, 0.9043378833456228, 0.9094257160433898, 0.9144088201213726, 0.9192893731098344, 0.9240695517948482, 0.9287515278942302, 0.933337464105438, 0.9378295105074633, 0.9422298012985973, 0.9465404518519588, 0.9507635560708103, 0.9549011840259494, 0.9589553798578124, 0.9629281599263674, 0.9668215111923701, 0.970637389814118, 0.9743777199444279, 0.9780443927131978, 0.9816392653815543, 0.9851641606542552, 0.9886208661376803, 0.9920111339314149, 0.995336680342088, 0.9985991857087819, 1.0018002943299675, 1.0049416144825405, 1.0080247185241333, 1.0110511430704638, 1.0140223892400355, 1.0169399229590395, 1.01980517531982, 1.0226195429867517, 1.0253843886438339, 1.0281010414787501, 1.030770797698547, 1.0333949210724782, 1.0359746434979253, 1.0385111655856472, 1.0410056572609316, 1.043459258377526, 1.0458730793414959, 1.0482482017424322, 1.0505856789896595, 1.0528865369513307, 1.0551517745944972, 1.0573823646244425, 1.059579254121739, 1.0617433651756587, 1.0638755955127177, 1.065976819119274, 1.0680478868572292, 1.0700896270719993, 1.0721028461920297, 1.0740883293192311, 1.076046840809797, 1.0779791248449506, 1.079885905991246, 1.081767889750108, 1.0836257630963675, 1.085460195005597, 1.0872718369701067, 1.089061323503502, 1.0908292726337525, 1.0925762863847477, 1.0943029512463605, 1.0960098386330566, 1.0976975053311246, 1.0993664939346157, 1.101017333270109, 1.1026505388104322, 1.1042666130774843, 1.1058660460343197, 1.107449315466667, 1.1090168873540596, 1.1105692162307728, 1.112106745536758, 1.1136299079587795, 1.1151391257619585, 1.1166348111119315, 1.1181173663878372, 1.1195871844863432, 1.1210446491169275, 1.122490135088625, 1.1239240085884565, 1.1253466274517487, 1.126758341424556, 1.1281594924183946, 1.1295504147574904, 1.130931435418749, 1.1323028742646433, 1.1336650442692184, 1.135018251737407, 1.1363627965178427, 1.1376989722093618, 1.1390270663613717, 1.140347360668266, 1.1416601311580592, 1.1429656483754154, 1.144264177559231, 1.1455559788149368, 1.146841307281677, 1.1481204132945189, 1.1493935425418402, 1.1506609362180429, 1.1519228311717324, 1.1531794600495004, 1.154431051435443, 1.155677829986546, 1.1569200165640598, 1.1581578283609884, 1.1593914790258062, 1.1606211787825218, 1.1618471345471952, 1.1630695500410158, 1.1642886259000467, 1.1655045597817337, 1.1667175464682744, 1.1679277779669435, 1.1691354436074617, 1.1703407301364988, 1.171543821809389, 1.1727449004791461, 1.1739441456828519, 1.175141734725495, 1.1763378427613325, 1.1775326428728432, 1.1787263061473408, 1.1799190017513104, 1.1811108970025324, 1.1823021574400496, 1.1834929468920408, 1.1846834275416485, 1.1858737599908196, 1.1870641033222074, 1.188254615159182, 1.1894454517239976, 1.19063676789416, 1.191828717257036, 1.1930214521627476, 1.194215123775385, 1.1954098821225823, 1.1966058761434826, 1.1978032537351324, 1.199002161797334, 1.2002027462759859, 1.2014051522049403, 1.202609523746404, 1.2038160042299104, 1.2050247361898812, 1.2062358614018067, 1.2074495209170613, 1.2086658550963765, 1.2098850036419873, 1.2111071056284726, 1.2123322995323025, 1.2135607232601093, 1.2147925141756948, 1.216027809125786, 1.2172667444645522, 1.218509456076893, 1.219756079400505, 1.2210067494467371, 1.2222616008202436, 1.2235207677374351, 1.2247843840437413, 1.226052583229683, 1.2273254984457607, 1.2286032625161625, 1.2298860079512919, 1.2311738669591192, 1.2324669714553556, 1.2337654530724487, 1.2350694431674039]]"
40.0,40.0,3,120,90,I1-S1,"[[0.01, 0.009218546420913139, 0.008861068736292907, 0.008775057937429897, 0.008868444754011441, 0.009085526321426259, 0.009392541996238818, 0.009769042564187709, 0.010202701608550104, 0.010686194691873534, 0.011215316990430952, 0.01178784445083705, 0.012402841997875546, 0.013060241122941562, 0.013760580301380103, 0.014504844269519769, 0.015294363697141813, 0.0161307520756853, 0.017015865809753065, 0.017951779004441188, 0.018940767752549863, 0.01998530072276821, 0.02108803405844942, 0.02225180933146722, 0.023479653745429756, 0.024774782060220258, 0.026140599883216317, 0.027580708082329236, 0.029098908146709818, 0.030699208367381686, 0.03238583074115314, 0.03416321852238481, 0.036036044361902886, 0.0380092189826199, 0.040087900348552516, 0.04227750328873132, 0.04458370954050676, 0.04701247817831258, 0.049570056394276904, 0.05226299059632107, 0.05509813778765322, 0.058082677188907694, 0.06122412206063824, 0.06453033167945799, 0.06800952341583266, 0.07167028485536635, 0.07552158589834969, 0.07957279076434413, 0.08383366981961807, 0.08831441113529717, 0.09302563167310024, 0.09797838798346628, 0.10318418628769568, 0.10865499180139307, 0.1144032371409775, 0.12044182963829053, 0.1267841573703672, 0.13344409369223248, 0.1404360000401566, 0.14777472675117378, 0.15547561162189136, 0.1635544759057699, 0.17202761742324707, 0.1809118004334617, 0.19022424189009976, 0.19998259367727753, 0.21020492039469932, 0.2209096722349493, 0.2321156524701378, 0.24384197904074806, 0.25610803971703566, 0.26893344028342664, 0.28233794517986505, 0.29634141002190423, 0.3109637054145633, 0.32622463147475506, 0.34214382248471864, 0.35874064111577475, 0.37603406168938447, 0.39404254198256444, 0.41278388313890346, 0.4322750773165175, 0.4525321427920757, 0.4735699463473345, 0.49540201289316316, 0.5180403224374577, 0.5414950946790424, 0.5657745617108038, 0.5908847295426595, 0.616829129408842, 0.6436085601040606, 0.6712208228983859, 0.6996604509093034, 0.7289184351584597, 0.7589819499062287, 0.789834080234195, 0.8214535552275163, 0.853814490488054, 0.8868861440759123, 0.9206326903209993, 0.9550130162555234, 0.9899805456799183, 1.0254830960746142, 1.0614627736937747, 1.0978559122098746, 1.1345930602053342, 1.1715990226157806, 1.2087929609067942, 1.2460885563023893, 1.283394239772034, 1.320613491720531, 1.3576452134127033, 1.3943841711086504, 1.430721512697006, 1.4665453553104681, 1.501741441013165, 1.5361938561921369, 1.5697858087995782, 1.6024004561173077, 1.6339217742924081, 1.6642354595675706, 1.6932298499463199, 1.7207968550358108, 1.746832881039009, 1.771240081832653, 1.7939306395512116, 1.8148289468095653, 1.8338696993797983, 1.8509965663845815, 1.866161570584262, 1.879324909397968, 1.8904550285281208, 1.8995288171383036, 1.906531834660341, 1.9114585089767737, 1.9143122671583293, 1.9151055754367041, 1.913859876309809, 1.9106054187873613, 1.9053809836288915, 1.8982335096008147, 1.8892176297082213, 1.8783951283418676, 1.8658343315369945, 1.8516094432239507, 1.8357998405764535, 1.8184893414195897, 1.7997654562162462, 1.7797186364656121, 1.7584415304709249, 1.7360282564106524, 1.7125737015187097, 1.68817285498267, 1.6629201809386047, 1.6369090367082733, 1.6102311402164764, 1.582976089367331, 1.555230935068023, 1.527079808583205, 1.498603602994686, 1.4698797077375942, 1.4409817944904366, 1.4119796521137666, 1.3829390678589852, 1.35392175170118, 1.324985300381835, 1.296183197571199, 1.267564846467376, 1.239175631130413, 1.2110570028950067, 1.1832465883051406, 1.1557783151583636, 1.1286825534273988, 1.1019862680337387, 1.0757131806740416, 1.0498839381384344, 1.0245162848041, 0.9996252372324677, 0.9752232590394216, 0.9513204344415969, 0.9279246391050553, 0.90504170713328, 0.8826755932278392, 0.8608285292362466, 0.8395011744668799, 0.8186927593001574, 0.7984012217586736, 0.7786233368170808, 0.7593548383358332, 0.7405905335922626, 0.7223244104587658, 0.704549737342117, 0.6872591560511163, 0.6704447678029746, 0.6540982126130388, 0.6382107423386835, 0.622773287667375, 0.6077765193519589, 0.5932109040039658, 0.5790667547589491, 0.5653342771272591, 0.5520036103398829, 0.5390648644925795, 0.5265081537830674, 0.5143236261258822, 0.5025014894181571, 0.49103203471729007, 0.4799056565785702, 0.46911287078757996, 0.4586443297087838, 0.44849083545832924, 0.4386433510958747, 0.4290930100173275, 0.4198311237178204, 0.4108491880821489, 0.40213888834828354, 0.39369210287849815, 0.3855009058621459, 0.37755756906417515, 0.3698545627241185, 0.36238455570149997, 0.35514041495538484, 0.3481152044381237, 0.3413021834762023, 0.3346948047044812, 0.3282867116139703, 0.32207173576760767, 0.31604389373327985, 0.31019738377850103, 0.3045265823667405, 0.29902604049132503, 0.29369047987912106, 0.28851478909279865, 0.2834940195573721, 0.278623381533877, 0.27389824006046704, 0.2693141108788647, 0.2648666563619741, 0.26055168145653207, 0.2563651296529269, 0.2523030789927337, 0.24836173812308976, 0.24453744240574854, 0.2408266500874927, 0.2372259385375489, 0.23373200055671378, 0.23034164076206703, 0.22705177205040014, 0.22385941214282565, 0.22076168021243914, 0.21775579359638078, 0.21483906459317811, 0.21200889734584122, 0.20926278481081934, 0.20659830581261215, 0.2040131221835511, 0.20150497598802605, 0.19907168683022455, 0.19671114924427252, 0.19442133016551183, 0.1922002664815224, 0.19004606266138835, 0.18795688846161798, 0.1859309767070571, 0.1839666211450759, 0.18206217437126732, 0.1802160458248624, 0.17842669985204612, 0.17669265383534544, 0.17501247638725664, 0.17338478560628176, 0.17180824739355327, 0.1702815738282403, 0.16880352159994857, 0.16737289049634954, 0.16598852194430028, 0.16464929760274533, 0.16335413800572318, 0.16210200125383337, 0.1608918817525564, 0.15972280899585414, 0.1585938463935168, 0.15750409014076028, 0.15645266812861622, 0.1554387388936973, 0.15446149060595754, 0.15352014009310816, 0.1526139319003874, 0.1517421373844215, 0.15090405383995195, 0.15009900365824233, 0.14932633351601424, 0.14858541359379857, 0.14787563682262428, 0.14719641815800105, 0.14654719388018714, 0.14592742091976602, 0.14533657620758914, 0.14477415604817237, 0.14423967551566538, 0.14373266787154293, 0.14325268400319527, 0.14279929188262427, 0.1423720760444778, 0.1419706370826822, 0.1415945911649577, 0.14124356956452638, 0.14091721820834627, 0.1406151972412281, 0.14033718060521333, 0.14008285563361353, 0.13985192265913196, 0.1396440946355079, 0.1394590967721435, 0.13929666618119155, 0.1391565515365998, 0.1390385127446251, 0.13894232062534642, 0.13886775660472236, 0.13881461241675258, 0.13878268981531883, 0.13877180029529337, 0.13878176482251744, 0.13881241357226423, 0.13886358567581347, 0.13893512897477658, 0.13902689978282246, 0.13913876265446465, 0.1392705901605814, 0.13942226267034907, 0.1395936681392801, 0.13978470190306447, 0.13999526647692326, 0.14022527136019022, 0.1404746328458459, 0.14074327383473614, 0.14103112365421352, 0.14133811788094805, 0.14166419816765896, 0.14200931207352646, 0.1423734128980478, 0.14275645951810798, 0.14315841622804054, 0.14357925258245963, 0.1440189432416483, 0.14447746781929438, 0.14495481073236838, 0.14545096105294258, 0.14596591236175518, 0.1464996626033262, 0.14705221394243692, 0.14762357262178696, 0.14821374882064778, 0.14882275651433383, 0.14945061333431622, 0.15009734042880724, 0.15076296232364614, 0.15144750678332064, 0.152151004671961, 0.15287348981414584, 0.15361499885536278, 0.15437557112196884, 0.15515524848049822, 0.1559540751961685, 0.15677209779043835, 0.15760936489747257]]","[[0.01, 0.011673645222856313, 0.01362924433757481, 0.01580189464430657, 0.018156397928435864, 0.0206753528166169, 0.023352055274669548, 0.02618629576533044, 0.029181866146559404, 0.03234508947907913, 0.03568395970467642, 0.039207645201478625, 0.042926209296628826, 0.04685046006989629, 0.05099187720341364, 0.055362584797147486, 0.05997535170749809, 0.06484360850665782, 0.06998147465437991, 0.0754037921484374, 0.08112616350876202, 0.0871649928914001, 0.09353752968386417, 0.10026191425951926, 0.10735722575857025, 0.11484353187256649, 0.12274194067116234, 0.13107465454377423, 0.1398650263463563, 0.14913761785159493, 0.15891826060337444, 0.16923411927567947, 0.18011375763345472, 0.19158720718902944, 0.20368603864286813, 0.21644343619175732, 0.22989427478108532, 0.2440752003705462, 0.259024713274284, 0.2747832546270424, 0.29139329601713015, 0.3088994323147717, 0.32734847771048814, 0.3467895649623348, 0.36727424783288803, 0.3888566066765889, 0.4115933571151668, 0.4355439617131209, 0.4607707445363565, 0.48733900844476974, 0.515317154933547, 0.5447768062978853, 0.575792929851422, 0.6084439638795638, 0.6428119449547848, 0.6789826361814961, 0.7170456558729343, 0.7570946060913554, 0.7992272004053488, 0.8435453901340139, 0.8901554882568202, 0.9391682900699998, 0.9906991895651357, 1.044868290393146, 1.1018005101571189, 1.1616256766505508, 1.2244786145237254, 1.2904992207206292, 1.3598325268825189, 1.4326287467628103, 1.5090433065423512, 1.5892368557756849, 1.673375256539157, 1.7616295481926119, 1.854175885010255, 1.951195443785711, 2.0528742983745345, 2.159403258008025, 2.2709776660992538, 2.387797156170333, 2.5100653614642674, 2.6379895747708253, 2.7717803549999305, 2.911651077084608, 3.0578174218955434, 3.2104968030081102, 3.369907727387733, 3.536269087358274, 3.7097993815981263, 3.8907158633769865, 4.079233614809288, 4.27556454656367, 4.479916323235932, 4.692491215468548, 4.913484880883762, 5.1430850769880045, 5.381470310398585, 5.628808428031608, 5.885255157261879, 6.150952603506022, 6.426027715169884, 6.710590727417043, 7.004733597728838, 7.308528447705528, 7.622026026966876, 7.945254216308886, 8.278216588419205, 8.620891045402697, 8.973228553075986, 9.335151992411493, 9.70655514860572, 10.08730185797599, 10.477225332222645, 10.876127678505917, 11.283779632264046, 11.699920517738075, 12.124258448778484, 12.556470779711661, 12.996204812876732, 13.44307876595553, 13.896682998474414, 14.356581492931536, 14.822313581983249, 15.29339590910225, 15.769324968826927, 16.249583338097036, 16.73364486128847, 17.220975639786097, 17.711035158082687, 18.203277875771708, 18.697155162545787, 19.192117475618534, 19.687616695506843, 20.183108549165535, 20.67805506007022, 21.17192697371152, 21.66420611459712, 22.15438763760651, 22.64198214264476, 23.126517627152598, 23.607541256246325, 24.084620935135877, 24.557346673025084, 25.025331731937307, 25.488213557822135, 25.945654494868123, 26.397342287155446, 26.842990374614665, 27.282337992702576, 27.715150087258042, 28.141217057661503, 28.56035434270007, 28.972401864450987, 29.377223346061488, 29.77470551954876, 30.164757239700812, 30.547308519860657, 30.92230950485762, 31.289729395646642, 31.649555339364547, 32.001791297545424, 32.3464569041881, 32.68358632426674, 33.01322712214753, 33.33543914824454, 33.65029345113546, 33.95787122128149, 34.25826277146756, 34.551566558111176, 34.83788824668815, 35.11733982369611, 35.390038756826165, 35.65610720433952, 35.91567127404934, 36.16886033178639, 36.41580635877738, 36.656643356983, 36.89150680112459, 37.12053313586883, 37.34385931643359, 37.56162239072066, 37.77395912096621, 37.98100564282335, 38.18289715974773, 38.37976767054259, 38.57174972792916, 38.758974226038454, 38.94157021476769, 39.1196647390049, 39.29338270079694, 39.46284674261549, 39.6281771499612, 39.78949177163568, 39.94690595610278, 40.10053250245358, 40.250481624581774, 40.39686092726764, 40.53977539295799, 40.679327378116135, 40.8156166180993, 40.94874023960105, 41.078792779772506, 41.20586621120824, 41.33004997205136, 41.451431000536296, 41.5700937733481, 41.6861203472335, 41.79959040335116, 41.910581293897486, 42.019168090589446, 42.12542363462754, 42.22941858780053, 42.33122148442908, 42.43089878387769, 42.52851492339448, 42.624132371065265, 42.717811678693394, 42.8096115344396, 42.89958881507639, 42.98779863773065, 43.074294411004615, 43.15912788538114, 43.24234920283274, 43.32400694556652, 43.4041481838482, 43.48281852285865, 43.56006214854537, 43.63592187243923, 43.710439175414244, 43.78365425037432, 43.855606043856774, 43.92633229654729, 43.99586958270543, 44.06425334850383, 44.131517949287414, 44.19769668576197, 44.262821839124115, 44.326924705146695, 44.390035627235605, 44.45218402847566, 44.51339844268439, 44.573706544493774, 44.63313517848081, 44.6917103873685, 44.7494574393194, 44.806400854344275, 44.862564429848625, 44.91797126534007, 44.97264378631954, 45.02660376737924, 45.07987235453037, 45.13247008678297, 45.18441691700067, 45.23573223205219, 45.28643487228163, 45.33654315031881, 45.38607486925082, 45.435047340175394, 45.483477399156236, 45.531381423600074, 45.578775348074686, 45.62567467958667, 45.672094512337274, 45.718049541974004, 45.76355407935547, 45.808622063846144, 45.85326707615739, 45.8975023507507, 45.94134078781842, 45.98479496485685, 46.0278771478462, 46.07059930205127, 46.11297310245653, 46.15500994384847, 46.19672095055799, 46.238116985875024, 46.279208661147166, 46.320006344573684, 46.36052016970603, 46.40076004366527, 46.44073565508697, 46.480456481803095, 46.51993179827077, 46.55917068275687, 46.59818202428745, 46.63697452937052, 46.67555672850035, 46.71393698245133, 46.75212348836903, 46.79012428566571, 46.82794726172753, 46.8656001574402, 46.90309057253965, 46.94042597079412, 46.977613685023684, 47.01466092196311, 47.05157476697371, 47.088362188609594, 47.125030043043566, 47.16158507835768, 47.19803393870329, 47.23438316833521, 47.270639215524525, 47.3068084363543, 47.342897098402275, 47.37891138431458, 47.414857395274275, 47.45074115436836, 47.4865686098567, 47.522345638346366, 47.558078047874595, 47.59377158090337, 47.62943191722876, 47.66506467680777, 47.70067542250553, 47.73626966276533, 47.77185285420416, 47.807430404136085, 47.84300767302575, 47.87858997687432, 47.91418258953985, 47.949790744994154, 47.985419639518184, 48.02107443383758, 48.056760255200366, 48.09248219939823, 48.128245332733215, 48.16405469393114, 48.19991529600338, 48.23583212805817, 48.271810157062866, 48.30785432955841, 48.34396957332702, 48.38016079901439, 48.416432901707196, 48.45279076246713, 48.48923924982218, 48.52578322121606, 48.56242752441666, 48.599176998884104, 48.63603647709922, 48.673010785852966, 48.71010474749746, 48.74732318115904, 48.78467090391391, 48.82215273192674, 48.8597734815526, 48.89753797040258, 48.93545101837332, 48.97351744864074, 49.01174208861811, 49.050129770878584, 49.088685334042424, 49.12741362362875, 49.166319492872034, 49.2054078035032, 49.244683426495264, 49.28415124277346, 49.323816143889644, 49.36368303266082, 49.40375682377156, 49.44404244434, 49.48454483444724, 49.525268947629684, 49.566219751333975, 49.6074022273342]]","[array([6.37688001e-05, 6.00799169e-05, 5.86665222e-05, 5.87302979e-05,
       5.97889174e-05, 6.15503061e-05, 6.38374006e-05, 6.65431516e-05,
       6.96033831e-05, 7.29804656e-05, 7.66534555e-05, 8.06121181e-05,
       8.48532896e-05, 8.93786482e-05, 9.41933409e-05, 9.93051294e-05,
       1.04723855e-04, 1.10461102e-04, 1.16529982e-04, 1.22945003e-04,
       1.29721985e-04, 1.36878012e-04, 1.44431410e-04, 1.52401742e-04,
       1.60809813e-04, 1.69677688e-04, 1.79028719e-04, 1.88887578e-04,
       1.99280293e-04, 2.10234296e-04, 2.21778465e-04, 2.33943182e-04,
       2.46760388e-04, 2.60263639e-04, 2.74488172e-04, 2.89470970e-04,
       3.05250830e-04, 3.21868433e-04, 3.39366419e-04, 3.57789460e-04,
       3.77184335e-04, 3.97600014e-04, 4.19087731e-04, 4.41701068e-04,
       4.65496036e-04, 4.90531153e-04, 5.16867526e-04, 5.44568929e-04,
       5.73701886e-04, 6.04335739e-04, 6.36542729e-04, 6.70398058e-04,
       7.05979961e-04, 7.43369759e-04, 7.82651915e-04, 8.23914077e-04,
       8.67247114e-04, 9.12745142e-04, 9.60505533e-04, 1.01062892e-03,
       1.06321916e-03, 1.11838332e-03, 1.17623163e-03, 1.23687736e-03,
       1.30043675e-03, 1.36702886e-03, 1.43677544e-03, 1.50980067e-03,
       1.58623100e-03, 1.66619478e-03, 1.74982204e-03, 1.83724405e-03,
       1.92859290e-03, 2.02400108e-03, 2.12360085e-03, 2.22752373e-03,
       2.33589977e-03, 2.44885682e-03, 2.56651973e-03, 2.68900946e-03,
       2.81644206e-03, 2.94892766e-03, 3.08656931e-03, 3.22946177e-03,
       3.37769017e-03, 3.53132863e-03, 3.69043878e-03, 3.85506822e-03,
       4.02524888e-03, 4.20099534e-03, 4.38230309e-03, 4.56914672e-03,
       4.76147813e-03, 4.95922469e-03, 5.16228742e-03, 5.37053918e-03,
       5.58382292e-03, 5.80195002e-03, 6.02469870e-03, 6.25181262e-03,
       6.48299955e-03, 6.71793039e-03, 6.95623824e-03, 7.19751794e-03,
       7.44132575e-03, 7.68717947e-03, 7.93455893e-03, 8.18290681e-03,
       8.43163002e-03, 8.68010141e-03, 8.92766202e-03, 9.17362381e-03,
       9.41727285e-03, 9.65787302e-03, 9.89467012e-03, 1.01268965e-02,
       1.03537761e-02, 1.05745295e-02, 1.07883801e-02, 1.09945597e-02,
       1.11923144e-02, 1.13809113e-02, 1.15596442e-02, 1.17278405e-02,
       1.18848782e-02, 1.20302134e-02, 1.21633773e-02, 1.22839650e-02,
       1.23916289e-02, 1.24860766e-02, 1.25670700e-02, 1.26344268e-02,
       1.26880217e-02, 1.27277880e-02, 1.27537183e-02, 1.27658658e-02,
       1.27643434e-02, 1.27493237e-02, 1.27210369e-02, 1.26797689e-02,
       1.26258587e-02, 1.25596945e-02, 1.24817105e-02, 1.23923822e-02,
       1.22922218e-02, 1.21817738e-02, 1.20616097e-02, 1.19323231e-02,
       1.17945247e-02, 1.16488375e-02, 1.14958919e-02, 1.13363213e-02,
       1.11707573e-02, 1.09998264e-02, 1.08241459e-02, 1.06443203e-02,
       1.04609387e-02, 1.02745719e-02, 1.00857701e-02, 9.89506113e-03,
       9.70294857e-03, 9.50991071e-03, 9.31639954e-03, 9.12284006e-03,
       8.92962998e-03, 8.73713956e-03, 8.54571172e-03, 8.35566239e-03,
       8.16728096e-03, 7.98083095e-03, 7.79655081e-03, 7.61465479e-03,
       7.43533390e-03, 7.25875702e-03, 7.08507194e-03, 6.91440653e-03,
       6.74686991e-03, 6.58255358e-03, 6.42153260e-03, 6.26386674e-03,
       6.10960162e-03, 5.95876976e-03, 5.81139171e-03, 5.66747703e-03,
       5.52702526e-03, 5.39002690e-03, 5.25646425e-03, 5.12631228e-03,
       4.99953939e-03, 4.87610818e-03, 4.75597612e-03, 4.63909618e-03,
       4.52541747e-03, 4.41488575e-03, 4.30744396e-03, 4.20303266e-03,
       4.10159049e-03, 4.00305456e-03, 3.90736076e-03, 3.81444413e-03,
       3.72423914e-03, 3.63667993e-03, 3.55170056e-03, 3.46923522e-03,
       3.38921843e-03, 3.31158516e-03, 3.23627102e-03, 3.16321237e-03,
       3.09234644e-03, 3.02361138e-03, 2.95694643e-03, 2.89229189e-03,
       2.82958924e-03, 2.76878117e-03, 2.70981162e-03, 2.65262579e-03,
       2.59717020e-03, 2.54339266e-03, 2.49124231e-03, 2.44066962e-03,
       2.39162637e-03, 2.34406566e-03, 2.29794191e-03, 2.25321083e-03,
       2.20982941e-03, 2.16775588e-03, 2.12694976e-03, 2.08737176e-03,
       2.04898380e-03, 2.01174897e-03, 1.97563151e-03, 1.94059680e-03,
       1.90661131e-03, 1.87364257e-03, 1.84165917e-03, 1.81063072e-03,
       1.78052781e-03, 1.75132200e-03, 1.72298579e-03, 1.69549259e-03,
       1.66881669e-03, 1.64293324e-03, 1.61781821e-03, 1.59344840e-03,
       1.56980138e-03, 1.54685546e-03, 1.52458972e-03, 1.50298392e-03,
       1.48201852e-03, 1.46167464e-03, 1.44193406e-03, 1.42277915e-03,
       1.40419292e-03, 1.38615894e-03, 1.36866134e-03, 1.35168481e-03,
       1.33521455e-03, 1.31923627e-03, 1.30373620e-03, 1.28870099e-03,
       1.27411780e-03, 1.25997421e-03, 1.24625822e-03, 1.23295826e-03,
       1.22006315e-03, 1.20756210e-03, 1.19544469e-03, 1.18370086e-03,
       1.17232090e-03, 1.16129542e-03, 1.15061539e-03, 1.14027205e-03,
       1.13025698e-03, 1.12056202e-03, 1.11117932e-03, 1.10210129e-03,
       1.09332060e-03, 1.08483018e-03, 1.07662321e-03, 1.06869310e-03,
       1.06103349e-03, 1.05363825e-03, 1.04650147e-03, 1.03961742e-03,
       1.03298061e-03, 1.02658571e-03, 1.02042759e-03, 1.01450131e-03,
       1.00880210e-03, 1.00332536e-03, 9.98066646e-04, 9.93021689e-04,
       9.88186364e-04, 9.83556699e-04, 9.79128863e-04, 9.74899168e-04,
       9.70864061e-04, 9.67020119e-04, 9.63364048e-04, 9.59892675e-04,
       9.56602948e-04, 9.53491930e-04, 9.50556797e-04, 9.47794831e-04,
       9.45203424e-04, 9.42780066e-04, 9.40522349e-04, 9.38427960e-04,
       9.36494679e-04, 9.34720377e-04, 9.33103013e-04, 9.31640632e-04,
       9.30331362e-04, 9.29173410e-04, 9.28165062e-04, 9.27304681e-04,
       9.26590703e-04, 9.26021634e-04, 9.25596053e-04, 9.25312604e-04,
       9.25169999e-04, 9.25167013e-04, 9.25302482e-04, 9.25575305e-04,
       9.25984439e-04, 9.26528897e-04, 9.27207749e-04, 9.28020119e-04,
       9.28965183e-04, 9.30042170e-04, 9.31250357e-04, 9.32589070e-04,
       9.34057683e-04, 9.35655616e-04, 9.37382332e-04, 9.39237339e-04,
       9.41220186e-04, 9.43330465e-04, 9.45567807e-04, 9.47931880e-04,
       9.50422393e-04, 9.53039089e-04, 9.55781748e-04, 9.58650184e-04,
       9.61644245e-04, 9.64763811e-04, 9.68008793e-04, 9.71379134e-04,
       9.74874806e-04, 9.78495809e-04, 9.82242171e-04, 9.86113947e-04,
       9.90111218e-04, 9.94234089e-04, 9.98482689e-04, 1.00285717e-03,
       1.00735771e-03, 1.01198450e-03, 1.01673776e-03, 1.02161772e-03,
       1.02662463e-03, 1.03175877e-03, 1.03702043e-03, 1.04240990e-03,
       1.04792750e-03])]","[[0, 6.376880005047202e-05, 0.00012384871691641303, 0.0001825152391396538, 0.00024124553699803682, 0.0003010344544205361, 0.00036258476047872025, 0.00042642216106864234, 0.0004929653126755664, 0.0005625686957715741, 0.0006355491614089733, 0.0007122026168997813, 0.000792814735032553, 0.000877668024596227, 0.0009670466727800923, 0.0010612400137046166, 0.0011605451431261377, 0.001265268998207079, 0.001375730099860438, 0.0014922600816622395, 0.0016152050845769394, 0.0017449270693151145, 0.0018818050811796041, 0.002026236491637716, 0.0021786382341075455, 0.0023394480470739286, 0.002509125734751846, 0.002688154453544027, 0.0028770420311596506, 0.003076322324265281, 0.0032865566197979577, 0.003508335084501162, 0.0037422782667935564, 0.003989038654711939, 0.004249302293358849, 0.004523790465013665, 0.004813261434820226, 0.005118512264733344, 0.005440380698182006, 0.0057797471176810776, 0.006137536577389015, 0.006514720912360108, 0.006912320925970133, 0.007331408656698106, 0.0077731097251183285, 0.008238605761590202, 0.008729136914722527, 0.009246004440227973, 0.00979057336926594, 0.010364275254791501, 0.010968610993777845, 0.011605153722452447, 0.012275551780876016, 0.012981531742290156, 0.013724901501657338, 0.014507553416706644, 0.015331467493573177, 0.01619871460776943, 0.017111459749745258, 0.01807196528267118, 0.01908259419830985, 0.02014581335491507, 0.021264196679010104, 0.022440428310641164, 0.023677305669273233, 0.024977742414890224, 0.026344771276078607, 0.027781546713913766, 0.02929134738733458, 0.030877578382391233, 0.03254377316429392, 0.034293595207591135, 0.03613083925608552, 0.038059432160278135, 0.04008343323625175, 0.04220703408599887, 0.044434557815319915, 0.046770457581616916, 0.04921931440025636, 0.05178583413474726, 0.05447484359286661, 0.05729128564816385, 0.06024021330410015, 0.06332678261655258, 0.06655624438967224, 0.06993393456027672, 0.07346526318723876, 0.0771557019648694, 0.08101077018325893, 0.0850360190641077, 0.08923701440792803, 0.09361931749779961, 0.09818846421627608, 0.10294994234571661, 0.10790916703837751, 0.11307145446113795, 0.11844199364080703, 0.12402581655957286, 0.1298277665762589, 0.1358524652775331, 0.14210427789387955, 0.1485872774477176, 0.15530520783517474, 0.16226144607822746, 0.16945896401966248, 0.17690028976892352, 0.18458746924164754, 0.19252202816872485, 0.20070493498113245, 0.20913656500362238, 0.21781666641260236, 0.22674432843021533, 0.2359179522367272, 0.2453352250859458, 0.2549930981026904, 0.2648877682266211, 0.2750146647425025, 0.2853684408029113, 0.29594297030543965, 0.3067313504328084, 0.3177259101014765, 0.3289182244931225, 0.34029913576486853, 0.35185877994969456, 0.36358662044140977, 0.37547149866352797, 0.38750171206438716, 0.39966508936120254, 0.4119490543298209, 0.42434068325162194, 0.43682675982202124, 0.44939382979455617, 0.46202825658100094, 0.47471627829883617, 0.48744406626216746, 0.5001977845857971, 0.512963650367803, 0.5257279937999143, 0.5384773175027896, 0.5511983543772391, 0.5638781232894936, 0.5765039819591598, 0.5890636764852781, 0.6015453870233844, 0.6139377692103422, 0.6262299910205625, 0.6384117648243076, 0.6504733745038547, 0.6624056975645962, 0.6742002222542105, 0.685849059772749, 0.697344951718996, 0.7086812729732027, 0.7198520302629318, 0.7308518566971551, 0.7416760025840083, 0.7523203228699562, 0.7627812615529762, 0.7730558334302189, 0.7831416035420741, 0.793036664670333, 0.8027396132389001, 0.8122495239520249, 0.8215659234880138, 0.8306887635465805, 0.8396183935260678, 0.848355533083384, 0.8569012448051992, 0.8652569071943053, 0.873424188150471, 0.8814050191010637, 0.8892015699134489, 0.8968162246990157, 0.9042515585978074, 0.9115103156133073, 0.9185953875490631, 0.9255097940825682, 0.9322566639971974, 0.938839217579984, 0.9452607501816096, 0.9515246169250802, 0.9576342185411147, 0.9635929883011818, 0.9694043800132849, 0.9750718570409272, 0.9805988823020516, 0.9859889092020719, 0.9912453734532624, 0.9963716857316639, 1.0013712251221993, 1.006247333302772, 1.0110033094186774, 1.015642405599599, 1.020167823072722, 1.024582708827027, 1.0288901527855348, 1.0330931854441625, 1.0371947759378188, 1.04119783049642, 1.0451051912555933, 1.0489196353889294, 1.0526438745307174, 1.0562805544601468, 1.0598322550199555, 1.063301490244426, 1.0666907086735047, 1.0700022938315896, 1.073238564851236, 1.0764017772236336, 1.0794941236592377, 1.082517735043356, 1.0854746814728482, 1.0883669733613441, 1.091196562601555, 1.0939653437743464, 1.0966751553952463, 1.0993277811899975, 1.1019249513916223, 1.1044683440522656, 1.1069595863638062, 1.1094002559818992, 1.111791882348721, 1.11413594801025, 1.116433889924424, 1.1186871007569796, 1.1208969301621994, 1.1230646860461755, 1.125191635810544, 1.127279007574954, 1.1293279913768197, 1.1313397403471541, 1.1333153718615105, 1.1352559686652628, 1.137162579972635, 1.1390362225390525, 1.140877881706532, 1.1426885124219541, 1.144469040228174, 1.1462203622280276, 1.1479433480213697, 1.1496388406153677, 1.1513076573083294, 1.1529505905474042, 1.1545684087605457, 1.1561618571631649, 1.1577316585399364, 1.1592785140022481, 1.1608031037218094, 1.1623060876409532, 1.1637881061601765, 1.1652497808034799, 1.1666917148620723, 1.1681144940170083, 1.169518686941334, 1.170904845882312, 1.172273507224292, 1.1736251920327994, 1.1749604065803936, 1.1762796428548559, 1.1775833790502481, 1.1788720800413808, 1.180146197842215, 1.1814061720487181, 1.1826524302666737, 1.1838853885249452, 1.185105451674672, 1.1863130137748705, 1.1875084584648996, 1.1886921593242352, 1.189864480219989, 1.1910257756425946, 1.1921763910300698, 1.1933166630812535, 1.1944469200584023, 1.1955674820795223, 1.1966786614007972, 1.1977807626894645, 1.1988740832874787, 1.1999589134662898, 1.2010355366730565, 1.2021042297685993, 1.2031652632573906, 1.2042189015098692, 1.2052654029773562, 1.206305020399837, 1.2073380010068708, 1.2083645867118753, 1.2093850143000235, 1.210399515609989, 1.211408317709759, 1.2124116430667338, 1.2134097097123153, 1.2144027314011896, 1.2153909177654922, 1.2163744744640426, 1.217353603326828, 1.2183285024949062, 1.2192993665558947, 1.2202663866752035, 1.2212297507231678, 1.2221896433982256, 1.2231462463462845, 1.2240997382764116, 1.2250502950729811, 1.2259980899044036, 1.2269432933285602, 1.2278860733950572, 1.2288265957444147, 1.2297650237042965, 1.2307015183828858, 1.2316362387595046, 1.232569341772576, 1.2335009824050178, 1.2344313137671574, 1.2353604871772539, 1.2362886522397054, 1.237215956921025, 1.2381425476236536, 1.2390685692576873, 1.2399941653105844, 1.2409194779149209, 1.241844647914254, 1.2427698149271578, 1.2436951174094864, 1.244620692714921, 1.2455466771538535, 1.246473206050657, 1.2474004137993917, 1.2483284339179925, 1.24925739910098, 1.25018744127074, 1.251118691627409, 1.2520512806974027, 1.252985338380626, 1.253920993996396, 1.2548583763281116, 1.2557976136666977, 1.2567388338528573, 1.2576821643181533, 1.2586277321249475, 1.2595756640052225, 1.2605260863983052, 1.2614791254875146, 1.2624349072357526, 1.263393557420056, 1.2643552016651258, 1.2653199654758476, 1.2662879742688193, 1.2672593534028955, 1.2682342282087617, 1.2692127240175475, 1.270194966188486, 1.2711810801356282, 1.272171191353619, 1.2731654254425357, 1.2741639081318, 1.2751667653031564, 1.2761741230127281, 1.277186107512145, 1.2782028452687422, 1.2792244629848335, 1.2802510876160498, 1.2812828463887436, 1.282319866816452, 1.2833622767154136, 1.2844102042191328]]"
40.0,40.0,3,120,180,I0-S0,"[[0.01, 0.009218546420913139, 0.008861068736292907, 0.008775057937429897, 0.008868440708794207, 0.009085466890031747, 0.009392263391700276, 0.009768221336146203, 0.010200820224999673, 0.010682514490928345, 0.011208855389343731, 0.011777354482583534, 0.012386792890752056, 0.013036799016500485, 0.013727588429395825, 0.014459802098505276, 0.015234404618007983, 0.016052619323114675, 0.0169158863385329, 0.01782583509057942, 0.01878426611368039, 0.019793138970103905, 0.020854564303519278, 0.021970798776679852, 0.023144242089348583, 0.02437743554724244, 0.02567306182383896, 0.02703394566493177, 0.028463055355238995, 0.02996350481186978, 0.03153855619994486, 0.03319162298656238, 0.034926273363919444, 0.03674623398279343, 0.03865539394503955, 0.040657809009087734, 0.04275770596615084, 0.04495948714733603, 0.047267735023318984, 0.049687216858859996, 0.05222288938432813, 0.054879903445639845, 0.05766360859267328, 0.06057955756433634, 0.063633510626081, 0.06683143971279487, 0.07017953232668593, 0.07368419513602317, 0.07735205721641973, 0.08118997287175742, 0.08520502396686341, 0.08940452169867506, 0.09379600772687721, 0.09838725457888801, 0.10318626523761867, 0.1082012718136671, 0.11344073319655142, 0.11891333157228505, 0.12462796768708181, 0.13059375472931334, 0.13682001069408395, 0.14331624908701682, 0.150092167816149, 0.1571576361133184, 0.16452267931921144, 0.17219746135946945, 0.18019226473308195, 0.18851746782890924, 0.19718351938177683, 0.20620090987640066, 0.2155801397056847, 0.2253316838899623, 0.23546595316583074, 0.2459932512576857, 0.2569237281522519, 0.26826732920670326, 0.28003373993476666, 0.2922323263329203, 0.30487207063085353, 0.31796150237717613, 0.3315086248033785, 0.34552083644666026, 0.36000484805584937, 0.3749665948545802, 0.3904111442924809, 0.4063425994785634, 0.42276399856145436, 0.439677210398573, 0.4570828269407451, 0.4749800528497817, 0.4933665929637913, 0.5122385383277896, 0.5315902516146326, 0.5514142528722972, 0.571701106646658, 0.5924393116424667, 0.6136151941972494, 0.6352128069510016, 0.6572138341963139, 0.6795975054860414, 0.7023405191557517, 0.7254169774826351, 0.7487983352479031, 0.7724533634924051, 0.7963481302517531, 0.8204460000242577, 0.8447076536592839, 0.869091130252417, 0.8935518924947702, 0.9180429167451803, 0.9425148088750264, 0.9669159466759575, 0.991192649321985, 1.015289374041345, 1.039148939783673, 1.062712777269022, 1.0859212043829896, 1.1087137254439163, 1.1310293524219888, 1.152806945745473, 1.1739855718962535, 1.1945048745860052, 1.214305455926546, 1.2333292636740372, 1.2515206726265695, 1.2688337408421, 1.2852355248343292, 1.3007013278017325, 1.3152111401847102, 1.3287475292382613, 1.3412944782682, 1.352836843627446, 1.3633602066878021, 1.3728509704508465, 1.3812965989881714, 1.3886859306934007, 1.3950095186833669, 1.4002599670578557, 1.4044322423875555, 1.407523947253738, 1.4095355479167175, 1.4104705519205076, 1.410335634107367, 1.4091407114310892, 1.4068989683363822, 1.4036268354610901, 1.399343925120254, 1.394072927516883, 1.3878394719432405, 1.3806719574234347, 1.372601357328311, 1.3636610024857407, 1.3538863472277831, 1.343314722672486, 1.3319850813422018, 1.3199377369810388, 1.307214103159591, 1.2938564339530703, 1.2799075696566868, 1.2654106901665645, 1.250409078312155, 1.2349458950831662, 1.219063968355995, 1.202805596396573, 1.186212367102735, 1.1693249936533934, 1.1521831669569274, 1.1348254250395642, 1.1172890392877584, 1.0996099172576275, 1.0818225215897666, 1.0639598044190788, 1.0460531565459876, 1.028132370536533, 1.0102256168430144, 0.9923594319824496, 0.9745587177753255, 0.9568467506300473, 0.9392451998571044, 0.9217741540092913, 0.9044521542683377, 0.8872962339321215, 0.870321963098418, 0.8535434976891867, 0.8369736320121425, 0.820623854112374, 0.8045044032247912, 0.7886243286970845, 0.7729915498117056, 0.7576129159932906, 0.7424942669442899, 0.7276404923057623, 0.7130555904919256, 0.6987427263957857, 0.6847042877087789, 0.6709419396396921, 0.6574566778571211, 0.6442488795153594, 0.631318352255929, 0.6186643811060549, 0.6062857732213575, 0.5941809004430447, 0.5823477396600831, 0.5707839109843966, 0.5594867137622676, 0.5484531604579834, 0.5376800084565765, 0.5271637898414272, 0.5169008392097254, 0.5068873195944856, 0.49711924656615164, 0.48759251058996617, 0.47830289771736145, 0.46924610869078753, 0.4604177765417598, 0.45181348276158895, 0.4434287721233609, 0.4352591662323552, 0.4273001758803093, 0.41954731227683456, 0.4119960972289281, 0.4046420723369657, 0.39748080727285656, 0.3905079072032332, 0.38371901941768227, 0.37710983921912333, 0.37067611513054555, 0.364413653469437, 0.35831832233841054, 0.3523860550777592, 0.34661285322297436, 0.3409947890076472, 0.3355280074496486, 0.33020872805605794, 0.32503324617998625, 0.3199979340602196, 0.3150992415724938, 0.3103336967192015, 0.3056979058824307, 0.3011885538634301, 0.2968024037299001, 0.2925362964909043, 0.28838715061769205, 0.2843519614273098, 0.28042780034455156, 0.27661181405656193, 0.2729012235732423, 0.26929332320553206, 0.2657854794726259, 0.2623751299482501, 0.2590597820552465, 0.25583701181690216, 0.2527044625727089, 0.24965984366553964, 0.24670092910658165, 0.24382555622376897, 0.2410316242989042, 0.23831709319814887, 0.23567998200009213, 0.2331183676251736, 0.23063038346983725, 0.22821421804842673, 0.22586811364549547, 0.22359036498089563, 0.22137931788972715, 0.21923336801896826, 0.21715095954237207, 0.21513058389499662, 0.21317077852853933, 0.21127012568846507, 0.2094272512137552, 0.2076408233599544, 0.20590955164605873, 0.20423218572566493, 0.20260751428269144, 0.20103436395188157, 0.1995115982642097, 0.1980381166172311, 0.1966128532703434, 0.19523477636486355, 0.19390288696876712, 0.192616218145885, 0.19137383404930838, 0.19017482903871272, 0.18901832682127712, 0.18790347961584505, 0.18682946733994638, 0.18579549681927812, 0.1848008010192228, 0.18384463829796666, 0.18292629168076732, 0.1820450681549097, 0.1812002979848806, 0.18039133404728586, 0.17961755118502995, 0.1788783455802744, 0.17817313414569041, 0.17750135393352115, 0.1768624615619696, 0.17625593265843087, 0.17568126131909, 0.175137959584411, 0.17462555693004667, 0.17414359977270435, 0.17369165099050834, 0.17326928945740566, 0.17287610959116856, 0.17251172091455375, 0.17217574762918597, 0.1718678282017398, 0.17158761496200192, 0.17133477371240372, 0.17110898334862043, 0.17090993549084274, 0.1707373341253326, 0.1705908952558841, 0.17047034656481688, 0.1703754270831381, 0.17030588686951587, 0.17026148669771501, 0.17024199775215293, 0.17024720133124122, 0.17027688855818515, 0.170330860098921, 0.17040892588687714, 0.17051090485425235, 0.17063662466951135, 0.17078592148080346, 0.17095863966501712, 0.17115463158218938, 0.17137375733499488, 0.17161588453304524, 0.1718808880617355, 0.17216864985537936, 0.1724790586743816, 0.1728120098861998, 0.1731674052498543, 0.17354515270374932, 0.1739451661565738, 0.174367365281055, 0.17481167531034303, 0.17527802683680868, 0.17576635561304232, 0.17627660235484516, 0.17680871254600922, 0.1773626362446869, 0.17793832789115463, 0.1785357461167801, 0.17915485355400623, 0.1797956166471698, 0.18045800546397633, 0.181141993507457, 0.1818475575282383, 0.18257467733695823, 0.18332333561666767, 0.18409351773505997, 0.1848852115563754, 0.1856984072528321, 0.18653309711543914, 0.18738927536405206, 0.18826693795653543, 0.18916608239690208, 0.190086707542303, 0.19102881340874714, 0.19199240097543505, 0.1929774719875954]]","[[0.01, 0.011673645222856313, 0.01362924433757481, 0.01580189464430657, 0.018156393672493065, 0.020675287112095465, 0.023351732073381003, 0.02618529767245922, 0.02917947440163212, 0.032340203504000485, 0.03567501456405425, 0.03919252587251179, 0.042902160886302707, 0.046813993217904366, 0.0509386679465299, 0.05528736817836383, 0.05987180840585891, 0.06470424374786163, 0.06979748864078131, 0.07516494122141218, 0.08082061122713223, 0.08677915017706811, 0.09305588315013068, 0.09966684179883813, 0.10662879842476722, 0.11395930104785346, 0.12167670946064985, 0.12980023228967574, 0.13834996510075703, 0.14734692959062054, 0.15681311390696154, 0.16677151413607003, 0.177246176992194, 0.18826224373686162, 0.19984599534975417, 0.2120248989655933, 0.224827655583932, 0.23828424905070691, 0.252425996301868, 0.26728559885027636, 0.2828971954872672, 0.2992964161597191, 0.31652043697205967, 0.33460803625027424, 0.35359965159156526, 0.37353743780874915, 0.3944653256626617, 0.4164290812586871, 0.4394763659649277, 0.463656796689395, 0.48902200633184045, 0.5156257042023602, 0.5435237361736251, 0.5727741443064193, 0.60343722565905, 0.6355755899600657, 0.6692542157905162, 0.70454050488671, 0.741504334137017, 0.7802181048067697, 0.8207567884837368, 0.8631979691930648, 0.9076218810850873, 0.9541114410521361, 1.002752275581625, 1.0536327411024693, 1.1068439370306213, 1.1624797106675204, 1.2206366530530102, 1.2814140848222446, 1.3449140310649323, 1.4112411841355983, 1.4805028533161972, 1.552808900188273, 1.6282716585319388, 1.7070058375343777, 1.7891284070625741, 1.8747584637349493, 1.964017076515974, 2.057027110558254, 2.153913028029749, 2.254800664691469, 2.3598169810350895, 2.4690897868523654, 2.5827474381909457, 2.7009185057562024, 2.8237314139478533, 2.9513140498753447, 3.083793341878838, 3.2212948072946923, 3.3639420694467512, 3.5118563441184287, 3.665155896065908, 3.82395546646972, 3.988365672589815, 4.1584923812866785, 4.334436058495901, 4.516291097192937, 4.704145126854729, 4.898078307910468, 5.098162615169307, 5.304461114711247, 5.517027239220942, 5.735904067223858, 5.961123612140264, 6.192706127494501, 6.430659434993567, 6.674978282508803, 6.925643739245554, 7.182622635556522, 7.4458670549339265, 7.71531388569312, 7.990884439726804, 8.272484145456714, 8.560002321732867, 8.853312038925807, 9.152270072823729, 9.4567169561863, 9.76647713192531, 10.081359210887648, 10.401156336120147, 10.725646654313596, 11.054593893872532, 11.387748047759164, 11.724846885979478, 12.06562461716851, 12.409818402480171, 12.757166347977941, 13.107405567915107, 13.46027098168207, 13.815494649214864, 14.172805511270553, 14.531929439872151, 14.892589529416062, 15.254506575513, 15.61739969977379, 15.980987086441385, 16.34498680225988, 16.709117675050642, 17.07310020963732, 17.43665752234597, 17.79951627750915, 18.161407611354072, 18.52206803043759, 18.881240273455663, 19.238674126832006, 19.594127185995934, 19.947365555699367, 20.298164484098592, 20.64630892663418, 20.991594036977446, 21.333825583467583, 21.67282029053382, 22.008406105576135, 22.34042239266096, 22.66872005517217, 22.993161590239897, 23.313621078350497, 23.629984112021074, 23.942147667804335, 24.250019926177927, 24.553520044072165, 24.85257788490717, 25.147133711051946, 25.43713784359127, 25.722550294199202, 26.003340373778745, 26.279486282343374, 26.550974684395964, 26.81780027381116, 27.079965331956, 27.33747928249669, 27.59035824604313, 27.838624597482575, 28.082306528553868, 28.32143761791895, 28.556056410701434, 28.786206009186476, 29.01193367611382, 29.233290451748804, 29.450330785685345, 29.66311218412147, 29.871694873152155, 30.076141478446324, 30.2765167215146, 30.4728871326313, 30.665320780347916, 30.853887017424793, 31.038656242912364, 31.21969968003197, 31.397089169438118, 31.57089697738782, 31.74119561829758, 31.908057691133425, 32.071555729053216, 32.23176206170237, 32.388748689553005, 32.54258716967177, 32.693348512302144, 32.84110308765225, 32.98592054228837, 33.12786972454684, 33.26701861839229, 33.40343428516747, 33.53718281269929, 33.66832927124607, 33.79693767579254, 33.92307095422122, 34.046790920911334, 34.16815825533916, 34.287232485275915, 34.40407197420216, 34.51873391257895, 34.63127431263807, 34.741748006373825, 34.850208646439626, 34.95670870967143, 35.061299502979224, 35.16403117136509, 35.26495270784378, 35.36411196505763, 35.46155566839299, 35.55732943042001, 35.65147776649113, 35.74404411134663, 35.83507083658769, 35.9245992688888, 36.01266970883205, 36.099321450255836, 36.18459280001966, 36.2685210980957, 36.35114273790567, 36.4324931868291, 36.512607006816125, 36.591517875044474, 36.669258604566124, 36.74586116489486, 36.82135670249097, 36.89577556110407, 36.96914730193942, 37.0415007236171, 37.11286388189708, 37.183264109146585, 37.25272803352936, 37.32128159789909, 37.38895007838196, 37.45575810263575, 37.52172966777475, 37.586888157952124, 37.65125636159273, 37.7148564882714, 37.77771018523278, 37.839838553550386, 37.901262163923725, 37.962001072113125, 38.02207483401324, 38.08150252036673, 38.140302731120634, 38.19849360942831, 38.2560928553008, 38.31311773891162, 38.36958511355969, 38.42551142829535, 38.48091274021488, 38.535804726429106, 38.59020269571192, 38.64412159983497, 38.697576044594484, 38.75058030053688, 38.80314831338939, 38.85529371420236, 38.90702982920975, 38.95836968941443, 39.009326039904934, 39.05991134891009, 39.11013781659829, 39.1600173836277, 39.20956173945398, 39.258782330401864, 39.30769036750676, 39.35629683413278, 39.40461249337311, 39.45264789523885, 39.5004133836421, 39.54791910317918, 39.59517500571955, 39.642190856805975, 39.68897624187147, 39.73554057227813, 39.78189309118311, 39.828042879236804, 39.87399886011813, 39.91976980591159, 39.96536434233097, 40.01079095379393, 40.056057988352165, 40.101173662481216, 40.14614606573414, 40.1909831652631, 40.23569281021267, 40.28028273598881, 40.32476056840702, 40.369133827723275, 40.41340993255121, 40.457596203668814, 40.501699867717896, 40.545728060799384, 40.58968783196748, 40.633586146625525, 40.67742988982639, 40.721225869480094, 40.76498081947116, 40.80870140268827, 40.85239421396861, 40.896065782959155, 40.93972257689715, 40.9833710033119, 41.02701741264992, 41.07066810082531, 41.11432931169737, 41.158007239477115, 41.201708031064456, 41.24543778831762, 41.289202570256506, 41.33300839520119, 41.376861242847326, 41.42076705627946, 41.4647317439237, 41.508761181440924, 41.552861213561606, 41.59703765586332, 41.64129629649197, 41.68564289782769, 41.73008319809618, 41.77462291292646, 41.81926773685566, 41.864023344781586, 41.9088953933638, 41.95388952237361, 41.99901135599371, 42.04426650406779, 42.08966056330065, 42.13519911840914, 42.18088774322431, 42.226732001744956, 42.27273744914291, 42.31890963272021, 42.36525409281822, 42.411776363679, 42.4584819742587, 42.50537644899325, 42.55246530851617, 42.59975407032846, 42.647248249420535, 42.6949533588459, 42.742874910246584, 42.79101841432995, 42.83938938129671, 42.8879933212199, 42.93683574437434, 42.985922161516434, 43.03525808411379, 43.084849024524324, 43.134700496124346, 43.18481801338529, 43.235207091898495]]","[array([6.37688001e-05, 6.00799169e-05, 5.86665222e-05, 5.87302924e-05,
       5.97887600e-05, 6.15493106e-05, 6.38339651e-05, 6.65344894e-05,
       6.95853204e-05, 7.29472769e-05, 7.65977199e-05, 8.05245872e-05,
       8.47227586e-05, 8.91918264e-05, 9.39347159e-05, 9.89568236e-05,
       1.04265471e-04, 1.09869555e-04, 1.15779320e-04, 1.22006207e-04,
       1.28562756e-04, 1.35462536e-04, 1.42720108e-04, 1.50350995e-04,
       1.58371667e-04, 1.66799536e-04, 1.75652961e-04, 1.84951250e-04,
       1.94714676e-04, 2.04964492e-04, 2.15722947e-04, 2.27013311e-04,
       2.38859899e-04, 2.51288095e-04, 2.64324378e-04, 2.77996355e-04,
       2.92332787e-04, 3.07363620e-04, 3.23120019e-04, 3.39634393e-04,
       3.56940431e-04, 3.75073134e-04, 3.94068839e-04, 4.13965254e-04,
       4.34801484e-04, 4.56618058e-04, 4.79456955e-04, 5.03361627e-04,
       5.28377015e-04, 5.54549573e-04, 5.81927276e-04, 6.10559635e-04,
       6.40497696e-04, 6.71794044e-04, 7.04502798e-04, 7.38679596e-04,
       7.74381577e-04, 8.11667354e-04, 8.50596977e-04, 8.91231889e-04,
       9.33634865e-04, 9.77869952e-04, 1.02400238e-03, 1.07209848e-03,
       1.12222554e-03, 1.17445175e-03, 1.22884599e-03, 1.28547768e-03,
       1.34441666e-03, 1.40573289e-03, 1.46949633e-03, 1.53577662e-03,
       1.60464283e-03, 1.67616315e-03, 1.75040462e-03, 1.82743270e-03,
       1.90731092e-03, 1.99010048e-03, 2.07585980e-03, 2.16464403e-03,
       2.25650455e-03, 2.35148843e-03, 2.44963790e-03, 2.55098966e-03,
       2.65557435e-03, 2.76341582e-03, 2.87453050e-03, 2.98892664e-03,
       3.10660362e-03, 3.22755122e-03, 3.35174881e-03, 3.47916464e-03,
       3.60975504e-03, 3.74346370e-03, 3.88022088e-03, 4.01994272e-03,
       4.16253054e-03, 4.30787019e-03, 4.45583142e-03, 4.60626737e-03,
       4.75901406e-03, 4.91389005e-03, 5.07069610e-03, 5.22921502e-03,
       5.38921157e-03, 5.55043257e-03, 5.71260704e-03, 5.87544661e-03,
       6.03864603e-03, 6.20188382e-03, 6.36482319e-03, 6.52711302e-03,
       6.68838912e-03, 6.84827560e-03, 7.00638649e-03, 7.16232745e-03,
       7.31569772e-03, 7.46609218e-03, 7.61310352e-03, 7.75632465e-03,
       7.89535105e-03, 8.02978333e-03, 8.15922977e-03, 8.28330985e-03,
       8.40167956e-03, 8.51407796e-03, 8.62031539e-03, 8.72024435e-03,
       8.81374090e-03, 8.90069399e-03, 8.98099991e-03, 9.05456014e-03,
       9.12128119e-03, 9.18107578e-03, 9.23386474e-03, 9.27957919e-03,
       9.31816279e-03, 9.34957396e-03, 9.37378778e-03, 9.39079772e-03,
       9.40061691e-03, 9.40327926e-03, 9.39884005e-03, 9.38737626e-03,
       9.36898666e-03, 9.34379142e-03, 9.31193162e-03, 9.27356841e-03,
       9.22888200e-03, 9.17807040e-03, 9.12134809e-03, 9.05894448e-03,
       8.99110233e-03, 8.91807606e-03, 8.84013005e-03, 8.75753685e-03,
       8.67057551e-03, 8.57952982e-03, 8.48468663e-03, 8.38633429e-03,
       8.28476107e-03, 8.18025370e-03, 8.07309605e-03, 7.96356784e-03,
       7.85194348e-03, 7.73849107e-03, 7.62347144e-03, 7.50713735e-03,
       7.38973276e-03, 7.27149231e-03, 7.15264072e-03, 7.03339250e-03,
       6.91395162e-03, 6.79451129e-03, 6.67525388e-03, 6.55635083e-03,
       6.43796274e-03, 6.32023942e-03, 6.20332004e-03, 6.08733334e-03,
       5.97239789e-03, 5.85862233e-03, 5.74610573e-03, 5.63493789e-03,
       5.52519971e-03, 5.41696360e-03, 5.31029381e-03, 5.20524687e-03,
       5.10187197e-03, 5.00021139e-03, 4.90030085e-03, 4.80216994e-03,
       4.70584252e-03, 4.61133705e-03, 4.51866703e-03, 4.42784129e-03,
       4.33886438e-03, 4.25173688e-03, 4.16645575e-03, 4.08301461e-03,
       4.00140403e-03, 3.92161181e-03, 3.84362326e-03, 3.76742142e-03,
       3.69298732e-03, 3.62030017e-03, 3.54933759e-03, 3.48007577e-03,
       3.41248972e-03, 3.34655332e-03, 3.28223961e-03, 3.21952081e-03,
       3.15836855e-03, 3.09875392e-03, 3.04064763e-03, 2.98402010e-03,
       2.92884154e-03, 2.87508205e-03, 2.82271169e-03, 2.77170058e-03,
       2.72201891e-03, 2.67363707e-03, 2.62652561e-03, 2.58065539e-03,
       2.53599754e-03, 2.49252354e-03, 2.45020524e-03, 2.40901487e-03,
       2.36892512e-03, 2.32990909e-03, 2.29194036e-03, 2.25499300e-03,
       2.21904154e-03, 2.18406104e-03, 2.15002706e-03, 2.11691566e-03,
       2.08470344e-03, 2.05336752e-03, 2.02288553e-03, 1.99323563e-03,
       1.96439651e-03, 1.93634735e-03, 1.90906789e-03, 1.88253832e-03,
       1.85673940e-03, 1.83165233e-03, 1.80725884e-03, 1.78354114e-03,
       1.76048190e-03, 1.73806427e-03, 1.71627188e-03, 1.69508877e-03,
       1.67449946e-03, 1.65448890e-03, 1.63504246e-03, 1.61614593e-03,
       1.59778550e-03, 1.57994778e-03, 1.56261975e-03, 1.54578877e-03,
       1.52944260e-03, 1.51356933e-03, 1.49815742e-03, 1.48319567e-03,
       1.46867322e-03, 1.45457955e-03, 1.44090443e-03, 1.42763796e-03,
       1.41477054e-03, 1.40229286e-03, 1.39019592e-03, 1.37847096e-03,
       1.36710952e-03, 1.35610339e-03, 1.34544462e-03, 1.33512553e-03,
       1.32513864e-03, 1.31547673e-03, 1.30613283e-03, 1.29710016e-03,
       1.28837216e-03, 1.27994249e-03, 1.27180502e-03, 1.26395381e-03,
       1.25638311e-03, 1.24908736e-03, 1.24206118e-03, 1.23529938e-03,
       1.22879693e-03, 1.22254895e-03, 1.21655076e-03, 1.21079782e-03,
       1.20528572e-03, 1.20001024e-03, 1.19496728e-03, 1.19015287e-03,
       1.18556321e-03, 1.18119459e-03, 1.17704348e-03, 1.17310642e-03,
       1.16938011e-03, 1.16586135e-03, 1.16254706e-03, 1.15943428e-03,
       1.15652014e-03, 1.15380189e-03, 1.15127688e-03, 1.14894254e-03,
       1.14679643e-03, 1.14483618e-03, 1.14305951e-03, 1.14146425e-03,
       1.14004829e-03, 1.13880962e-03, 1.13774631e-03, 1.13685650e-03,
       1.13613841e-03, 1.13559035e-03, 1.13521068e-03, 1.13499784e-03,
       1.13495034e-03, 1.13506675e-03, 1.13534572e-03, 1.13578595e-03,
       1.13638620e-03, 1.13714529e-03, 1.13806210e-03, 1.13913557e-03,
       1.14036468e-03, 1.14174848e-03, 1.14328606e-03, 1.14497657e-03,
       1.14681918e-03, 1.14881314e-03, 1.15095773e-03, 1.15325227e-03,
       1.15569613e-03, 1.15828872e-03, 1.16102947e-03, 1.16391787e-03,
       1.16695345e-03, 1.17013575e-03, 1.17346437e-03, 1.17693892e-03,
       1.18055906e-03, 1.18432447e-03, 1.18823485e-03, 1.19228996e-03,
       1.19648955e-03, 1.20083340e-03, 1.20532134e-03, 1.20995319e-03,
       1.21472881e-03, 1.21964808e-03, 1.22471089e-03, 1.22991715e-03,
       1.23526679e-03, 1.24075974e-03, 1.24639597e-03, 1.25217544e-03,
       1.25809813e-03, 1.26416403e-03, 1.27037314e-03, 1.27672545e-03,
       1.28322097e-03])]","[[0, 6.376880005047202e-05, 0.00012384871691641303, 0.0001825152391396538, 0.0002412455315246458, 0.00030103429148217465, 0.0003625836021215774, 0.00042641756717696155, 0.000492952056535908, 0.0005625373769629128, 0.0006354846538885852, 0.0007120823737643705, 0.0007926069609233938, 0.0008773297195169842, 0.0009665215458995867, 0.0010604562618145078, 0.0011594130853987252, 0.0012636785564869336, 0.0013735481117467115, 0.0014893274319696817, 0.001611333639310437, 0.001739896394986083, 0.0018753589310808157, 0.0020180790395365788, 0.002168430034686199, 0.0023268017013145727, 0.002493601237319764, 0.0026692541980452987, 0.0028542054479355344, 0.0030489201241233974, 0.003253884615766668, 0.003469607562324875, 0.0036966208734616783, 0.003935480772832942, 0.004186768867654927, 0.004451093245623523, 0.004729089600461851, 0.005021422387100545, 0.005328786007235042, 0.005651906025751077, 0.005991540418258162, 0.006348480849716348, 0.006723553983880171, 0.007117622823011378, 0.007531588077025569, 0.00796638956093388, 0.008423007619116255, 0.00890246457461465, 0.009405826201259949, 0.009934203216042537, 0.010488752788700702, 0.011070680065030782, 0.011681239699915531, 0.01232173739552029, 0.012993531439517694, 0.013698034237568792, 0.014436713833609475, 0.015211095410764283, 0.01602276276493338, 0.016873359742271592, 0.01776459163090007, 0.018698226496260982, 0.019676096448543852, 0.02070009882957968, 0.021772197305517233, 0.02289442285046753, 0.02406887460513089, 0.025297720593210685, 0.026583198277174896, 0.02792761493365829, 0.02933334782751293, 0.030802844162224313, 0.0323386207831264, 0.03394326360858668, 0.03561942676310875, 0.0373698313851344, 0.03919726408124175, 0.0411045749974553, 0.04309467547753559, 0.0451705352774306, 0.04733517930458107, 0.049591683850514524, 0.05194317228517509, 0.05439281018176067, 0.05694379984151858, 0.0595993741890296, 0.06236279001003635, 0.06523732050589018, 0.06822624714124918, 0.07133285076480288, 0.07456040198657038, 0.07791215079975684, 0.08139131544029285, 0.08500107048304992, 0.08874453418034171, 0.0926247550556938, 0.09664469777399094, 0.10080722831797237, 0.1051150985106082, 0.109570929933102, 0.11417719729905339, 0.11893621135658732, 0.12385010140189713, 0.1289207974995183, 0.13415001251658473, 0.1395392240901362, 0.14508965665803333, 0.15080226369497107, 0.15667771030521516, 0.16271635633276213, 0.16891824015737403, 0.17528306335109511, 0.18181017637415112, 0.18849856549130822, 0.19534684108958944, 0.20235322757550092, 0.20951555502443478, 0.2168312527465554, 0.2242973449221642, 0.23191044844525127, 0.2396667730967245, 0.24756212414876858, 0.2555919074791165, 0.2637511372489643, 0.2720344471000755, 0.28043612665782874, 0.28895020461417764, 0.2975705200045768, 0.3062907643566336, 0.31510450525828065, 0.32400519924536786, 0.3329861991595611, 0.34204075930348954, 0.35116204049260297, 0.3603431162733722, 0.369576981015075, 0.37885656020150693, 0.38817472299226025, 0.39752429695228786, 0.4068980847372359, 0.41628888245270784, 0.4256894993659387, 0.43509277862978446, 0.4444916186754935, 0.45387899493816314, 0.4632479815940498, 0.4725917730097579, 0.4819037046281165, 0.49117727304299613, 0.5004061550444349, 0.509584225445432, 0.5187055735319958, 0.5277645180079489, 0.5367556203351596, 0.5456736963978898, 0.5545138264465228, 0.563271363300787, 0.5719419388155174, 0.580521468632841, 0.5890061552633186, 0.5973924895549549, 0.6056772506230907, 0.6138575043260044, 0.6219306003806588, 0.6298941682204813, 0.6377461117024884, 0.6454846027745925, 0.6531080742156833, 0.660615211561252, 0.6680049443260657, 0.6752764366328892, 0.6824290773526652, 0.6894624698570687, 0.696376421479118, 0.7031709327717106, 0.7098461866477015, 0.7164025374786004, 0.7228405002222451, 0.7291607396430317, 0.735364059681546, 0.7414513930238187, 0.7474237909140095, 0.7532824132481494, 0.7590285189807052, 0.7646634568701941, 0.7701886565849076, 0.7756056201850168, 0.780915913992928, 0.7861211608597578, 0.791223032832174, 0.7962232442206194, 0.801123545067067, 0.8059257150079395, 0.8106315575256533, 0.8152428945803754, 0.819761561612018, 0.8241894029011921, 0.8285282672767902, 0.8327800041570448, 0.836946459910291, 0.8410294745212213, 0.845030878548151, 0.8489524903566812, 0.8527961136151452, 0.8565635350373255, 0.8602565223581324, 0.8638768225282072, 0.8674261601137611, 0.8709062358883538, 0.874318725603758, 0.8776652789275267, 0.8809475185353819, 0.8841670393470547, 0.8873254078947349, 0.8904241618138203, 0.8934648094461832, 0.8964488295467037, 0.8993776710843349, 0.9022527531294754, 0.9050754648199213, 0.9078471653981488, 0.9105691843131443, 0.9132428213804463, 0.9158693469944916, 0.9184500023877658, 0.920985999931652, 0.9234785234742412, 0.9259287287107182, 0.9283377435822717, 0.9307066686997905, 0.9330365777889027, 0.9353285181531962, 0.9375835111527138, 0.9398025526950674, 0.9419866137367406, 0.9441366407923619, 0.9462535564499324, 0.9483382598901766, 0.9503916274083551, 0.9524145129370396, 0.9544077485684996, 0.9563721450754858, 0.9583084924293227, 0.9602175603143398, 0.9621000986377809, 0.9639568380344267, 0.9657884903652607, 0.967595749209591, 0.9693792903501177, 0.971139772250507, 0.972877836525096, 0.9745941084004134, 0.9762891971682525, 0.9779636966300838, 0.9796181855326385, 0.9812532279945326, 0.9828693739238407, 0.9844671594265589, 0.9860471072059286, 0.9876097269526144, 0.9891555157257612, 0.9906849583249683, 0.9921985276532433, 0.9936966850710132, 0.995179880741283, 0.9966485539660513, 0.998103133514094, 0.9995440379402469, 1.0009716758963212, 1.002386446433791, 1.003788739298406, 1.0051789352168783, 1.0065574061758025, 1.0079245156929686, 1.0092806190812318, 1.0106260637051019, 1.0119611892302207, 1.0132863278658901, 1.0146018046008192, 1.0159079374322575, 1.017205037588676, 1.0184934097461622, 1.0197733522386898, 1.021045157262426, 1.0223091110742317, 1.023565494184512, 1.0248145815445724, 1.0260566427286286, 1.027291942110621, 1.0285207390359778, 1.0297432879884687, 1.0309598387522914, 1.0321706365695251, 1.0333759222930827, 1.034575932535296, 1.0357708998122566, 1.0369610526840394, 1.038146615890925, 1.0393278104857433, 1.0405048539624473, 1.0416779603810313, 1.0428473404888987, 1.0440132018387849, 1.0451757489033375, 1.0463351831864491, 1.047491703331441, 1.0486455052261872, 1.0497967821052705, 1.050945724649255, 1.0520925210811594, 1.0532373572602098, 1.0543804167729542, 1.0555218810218086, 1.0566619293111104, 1.0578007389307482, 1.0589384852374348, 1.06007534173369, 1.061211480144591, 1.0623470704923577, 1.0634822811688218, 1.0646172790058428, 1.0657522293437194, 1.0668872960976474, 1.0680226418222745, 1.0691584277743975, 1.070294813973846, 1.0714319592625958, 1.072570021362153, 1.073709156929244, 1.0748495216098548, 1.0759912700916445, 1.0771345561547772, 1.0782795327211936, 1.0794263519023584, 1.0805751650455084, 1.0817261227784274, 1.082879375052772, 1.0840350711859752, 1.0851933599017412, 1.0863543893691598, 1.087518307240453, 1.0886852606873723, 1.089855396436262, 1.091028860801804, 1.0922057997194528, 1.0933863587765769, 1.0945706832423128, 1.0957589180961411, 1.0969512080551946, 1.0981476976002995, 1.0993485310007602, 1.1005538523378884, 1.1017638055272783, 1.102978534339833, 1.1041981824215383, 1.1054228933119876, 1.1066528104616513, 1.1078880772478932, 1.1091288369897263, 1.1103752329613061, 1.1116274084041533, 1.1128855065381011, 1.1141496705709617, 1.1154200437068988, 1.116696769153503, 1.117979990127556]]"
40.0,40.0,3,120,180,I1-S0,"[[0.01, 0.009218546420913139, 0.008861068736292907, 0.008775057937429897, 0.008868440714307035, 0.009085467197456279, 0.009392266475291629, 0.009768236698492878, 0.010200872475258816, 0.010682654312398548, 0.011209172887159988, 0.011777994429722083, 0.012387971492179227, 0.013038821929977342, 0.013730869891829756, 0.014464885099313107, 0.01524198213389623, 0.016063556683661103, 0.01693124483198, 0.017846896947586833, 0.018812561026429166, 0.019830472317630077, 0.020903047263492215, 0.022032880510566656, 0.023222744193142155, 0.024475588964466694, 0.02579454642190749, 0.027182932680455966, 0.02864425291874121, 0.030182206767634584, 0.03180069444243704, 0.03350382354090262, 0.03529591644424541, 0.0371815182688266, 0.039165405323684746, 0.04125259403425322, 0.04344835029601541, 0.04575819922381221, 0.0481879352632563, 0.05074363263036732, 0.053431656044215986, 0.056258671715111924, 0.0592316585477249, 0.06235791951450689, 0.0656450931498844, 0.06910116510990545, 0.07273447973533488, 0.07655375154856568, 0.08056807660612118, 0.0847869436189237, 0.08922024474185897, 0.09387828592242932, 0.09877179668541798, 0.10391193921644266, 0.1093103165920181, 0.11497897998724456, 0.1209304346744669, 0.12717764460719622, 0.13373403536325204, 0.14061349519949204, 0.14783037394768647, 0.15539947945714114, 0.16333607126467317, 0.17165585114664503, 0.18037495018114708, 0.18950991192132727, 0.19907767125359999, 0.209095528487387, 0.21958111819660237, 0.2305523723078146, 0.24202747690653237, 0.25402482221209216, 0.26656294515401957, 0.2796604639694519, 0.29333600423333617, 0.30760811573187613, 0.3224951795964407, 0.33801530513135636, 0.354186215796291, 0.37102512384402697, 0.388548593169137, 0.40677238999431686, 0.42571132111083027, 0.44537905949961376, 0.4657879572919532, 0.4869488461850193, 0.5088708256094908, 0.5315610391552387, 0.5550244399974389, 0.5792635463298401, 0.6042781881038995, 0.6300652466909856, 0.6566183894277605, 0.6839278013690506, 0.711979916953617, 0.7407571546805347, 0.7702376582902185, 0.8003950483358033, 0.8311981884073989, 0.8626109706219395, 0.8945921253018297, 0.9270950600219772, 0.9600677333918174, 0.9934525690406925, 1.0271864152754782, 1.0612005557631858, 1.0954207763440431, 1.1297674926898735, 1.1641559429787054, 1.198496449053292, 1.232694748666789, 1.2666524003965285, 1.3002672616357411, 1.3334340387685342, 1.3660449072172973, 1.3979901975523334, 1.429159142305432, 1.4594406765723935, 1.4887242839687136, 1.5169008780654585, 1.543863708127988, 1.569509276857319, 1.59373825693878, 1.616456392576671, 1.6375762629089268, 1.6570268982097702, 1.674758029838239, 1.690733803879238, 1.7049280698547367, 1.7173216157606817, 1.7279006939161312, 1.736656380885601, 1.7435844525658069, 1.7486855528851952, 1.7519655036672759, 1.7534356524505912, 1.7531131902520487, 1.751021396459625, 1.7471897860877106, 1.7416541475264071, 1.734456468081651, 1.725644751041892, 1.7152727324361938, 1.7033995085818745, 1.6900890873282999, 1.6754098768583021, 1.6594341262110803, 1.642237331492792, 1.6238976211616885, 1.604495132907977, 1.5841113935718452, 1.5628287123208322, 1.540729595994816, 1.5178961941701135, 1.4944097801335676, 1.4703502726267148, 1.4457958019471469, 1.4208223228014267, 1.3955032752086363, 1.3699092937681776, 1.3441079647376897, 1.3181636296206536, 1.2921372333386356, 1.2660862145572618, 1.2400644353424906, 1.214122147037091, 1.1883059890574825, 1.162659017208242, 1.1372207580850981, 1.1120272861762759, 1.0871113203660332, 1.062502336682827, 1.0382266943081384, 1.0143077720616476, 0.9907661127961466, 0.9676195733641947, 0.9448834780518889, 0.9225707736079936, 0.9006921842247356, 0.8792563650463241, 0.858270052990001, 0.8377382138601752, 0.8176641849175493, 0.7980498122312956, 0.7788955822928838, 0.7602007475051259, 0.7419634452796878, 0.7241808105812926, 0.7068490818478427, 0.6899637002935999, 0.6735194026683501, 0.6575103076001578, 0.6419299956939215, 0.6267715835935058, 0.6120277922427511, 0.5976910096011087, 0.5837533480839249, 0.5702066970063531, 0.5570427703142853, 0.5442531498862754, 0.53182932468783, 0.5197627260542321, 0.5080447593707647, 0.4966668324102562, 0.48562038057768, 0.47489688930043383, 0.4644879137912106, 0.4543850963982775, 0.44458018174572683, 0.43506502985401446, 0.42583162741899955, 0.4168720974158585, 0.40817870718274984, 0.39974387512802895, 0.39156017619419375, 0.3836203462016272, 0.375917285185607, 0.3684440598309878, 0.36119390510043603, 0.3541602251440971, 0.3473365935711006, 0.34071675315633765, 0.3342946150494657, 0.32806425754708324, 0.3220199244834522, 0.31615602329000875, 0.31046712276916005, 0.30494795062350666, 0.29959339077762037, 0.2943984805258326, 0.2893584075361178, 0.28446850673707685, 0.2797242571122111, 0.275121278423106, 0.2706553278808069, 0.2663222967825353, 0.26211820712896033, 0.2580392082354785, 0.25408157334936154, 0.2502416962831867, 0.246516088073655, 0.24290137367372225, 0.23939428868490034, 0.23599167613562372, 0.23269048331071093, 0.22948775863617182, 0.22638064862291193, 0.22336639487225904, 0.2204423311456762, 0.2176058805005246, 0.21485455249329236, 0.21218594045130978, 0.20959771881361697, 0.20708764054133907, 0.20465353459764876, 0.20229330349715274, 0.2000049209243271, 0.1977864294204414, 0.19563593813824945, 0.19355162066358683, 0.1915317129028953, 0.18957451103559275, 0.18767836953012226, 0.18584169922244248, 0.18406296545566242, 0.1823406862794779, 0.180673430708029, 0.1790598170347708, 0.17749851120292973, 0.1759882252301053, 0.17452771568557107, 0.17311578221882776, 0.1717512661379657, 0.1704330490364027, 0.1691600514665751, 0.16793123165917576, 0.1667455842865507, 0.16560213926888698, 0.16449996062184666, 0.16343814534432663, 0.16241582234504923, 0.16143215140671552, 0.1604863221864815, 0.15957755325154505, 0.1587050911486607, 0.15786820950642938, 0.15706620816923836, 0.1562984123617572, 0.15556417188292504, 0.15486286032839314, 0.1541938743404166, 0.15355663288421736, 0.15295057654986965, 0.15237516687878616, 0.1518298857139117, 0.15131423457275792, 0.15082773404243802, 0.1503699231958883, 0.14994035902848654, 0.14953861591430334, 0.149164285081246, 0.14881697410437744, 0.14849630641671668, 0.14820192083684755, 0.14793347111268537, 0.1476906254807714, 0.14747306624048453, 0.14728048934257995, 0.14711260399148238, 0.1469691322607805, 0.1468498087213863, 0.1467543800818393, 0.14668260484025358, 0.14663425294741947, 0.14660910548058792, 0.14660695432748003, 0.14662760188007787, 0.1466708607377664, 0.14673655341940928, 0.1468245120839541, 0.14693457825917353, 0.14706660257816156, 0.14722044452321428, 0.14739597217673525, 0.14759306197881594, 0.14781159849115122, 0.14805147416695885, 0.14831258912658166, 0.14859485093845864, 0.14889817440516023, 0.14922248135418983, 0.14956770043326256, 0.14993376690977775, 0.1503206224742097, 0.15072821504714742, 0.15115649858972027, 0.15160543291715226, 0.15207498351519444, 0.15256512135918895, 0.15307582273552484, 0.15360706906525004, 0.15415884672960958, 0.1547311468972838, 0.15532396535310591, 0.15593730232804212, 0.15657116233022167, 0.15722555397680865, 0.1579004898265116, 0.15859598621252968, 0.15931206307573997, 0.1600487437979321, 0.16080605503490183, 0.16158402654921786, 0.1623826910424799, 0.16320208398689035, 0.1640422434559641, 0.16490320995420646, 0.16578502624559086, 0.16668773718067356, 0.16761138952218457, 0.1685560317689393, 0.1695217139779182, 0.17050848758436646, 0.17151640521976905, 0.17254552052756197, 0.17359588797644326]]","[[0.01, 0.011673645222856313, 0.01362924433757481, 0.01580189464430657, 0.018156393678211938, 0.02067528744289668, 0.023351735513050476, 0.026185315431196586, 0.02917953696827611, 0.03234037684198243, 0.035675421818978925, 0.03919337465693062, 0.0429037761974608, 0.046816856080564385, 0.050943459930725604, 0.0552950220080251, 0.05988356494193794, 0.06472171569567599, 0.06982273139454602, 0.0752005313192041, 0.08086973294720914, 0.08684569086218574, 0.09314453790096626, 0.09978322823151574, 0.10677958224139257, 0.11415233322341746, 0.12192117590507272, 0.13010681690046633, 0.13873102718000732, 0.14781669666001684, 0.15738789101628403, 0.16746991082431856, 0.17808935312601296, 0.1892741755182762, 0.20105376285425575, 0.2134589966421458, 0.2265223272202787, 0.24027784878013653, 0.25476137730097886, 0.2700105314508118, 0.28606481649824844, 0.3029657112682515, 0.3207567581616021, 0.33948365624299615, 0.3591943573857057, 0.3799391654415222, 0.4017708383829706, 0.4247446933402848, 0.44891871442808634, 0.47435366322582384, 0.5011131917414975, 0.5292639576496999, 0.5588757415522225, 0.590021565962063, 0.6227778156592876, 0.6572243590094932, 0.6934446697722471, 0.7315259488574981, 0.7715592454122436, 0.813639576537379, 0.8578660448453892, 0.9043419529731238, 0.9531749140601454, 1.0044769570919634, 1.0583646258888162, 1.1149590703946508, 1.1743861287877704, 1.2367763987946512, 1.3022652964422148, 1.3709931003321445, 1.443104979364654, 1.5187510016797328, 1.5980861224228997, 1.6812701477818406, 1.7684676725823267, 1.8598479885792534, 1.955584960434749, 2.055856866243795, 2.1608461993528993, 2.270739428123907, 2.3857267102282784, 2.5060015580231276, 2.6317604515652735, 2.763202395870574, 2.900528419130127, 3.043941008760308, 3.1936434823979143, 3.3498392912629407, 3.5127312537075013, 3.6825207172576477, 3.859406648042095, 4.043584647194024, 4.235245894613622, 4.434576021392665, 4.641753913228684, 4.856950448293165, 5.0803271742604625, 5.312034930543086, 5.552212423201908, 5.800984761489788, 6.0584619665223345, 6.324737464123753, 6.599886575437845, 6.883965020388454, 7.177007450480117, 7.479026028704971, 7.79000907541981, 8.109919799929967, 8.438695138116492, 8.776244716723609, 9.122449964841508, 9.47716339263751, 9.84020805647608, 10.211377228204048, 10.59043428455199, 10.977112830319234, 11.371117066285962, 11.772122409663673, 12.179776371403369, 12.593699690891569, 13.013487724555127, 13.43871208075561, 13.868922489181577, 14.303648888847855, 14.742404652147883, 15.184699001440913, 15.630046405079803, 16.077964819874865, 16.52797402574863, 16.97959496280007, 17.43234982675742, 17.88576273528557, 18.339360816933322, 18.792675603220776, 19.245244625975626, 19.696613138813994, 20.146335895133685, 20.59397892614356, 21.03912127195607, 21.48135662705944, 21.920294868849414, 22.355563444521426, 22.78680859761733, 23.213696420953735, 23.635913727568873, 24.05316873573097, 24.465191567962187, 24.871734567453874, 25.272572438187, 25.66750221753482, 26.056343092127296, 26.438936069317275, 26.815143517731862, 27.184848591148494, 27.5479545503379, 27.904383997602565, 28.25407803854898, 28.596995385204767, 28.933111413968458, 29.262417191098482, 29.584918477546992, 29.900634723957083, 30.20959806560085, 30.51185232596843, 30.807452036648883, 31.096461480093602, 31.378953760838453, 31.655009909796227, 31.924718025326175, 32.188172453949946, 32.445473012818226, 32.696724255341735, 32.942034780785164, 33.18151658808147, 33.41528447365467, 33.64345547263829, 33.86614834253981, 34.08348308812416, 34.295580526066246, 34.5025618877488, 34.70454845845225, 34.901661251092555, 35.09402071260605, 35.281746461053324, 35.46495705151169, 35.64376976884469, 35.81830044547319, 35.98866330232291, 36.15497081118483, 36.31733357679472, 36.4758602370144, 36.63065737957823, 36.781829473951156, 36.929478816929546, 37.07370549070049, 37.21460733215864, 37.35227991236194, 37.486816525086645, 37.61830818351915, 37.74684362419522, 37.87250931736757, 37.99538948304885, 38.11556611203995, 38.23311899131253, 38.34812573316968, 38.46066180766045, 38.5708005777719, 38.67861333696693, 38.784169348677565, 38.88753588740126, 38.988778281083455, 39.08795995450143, 39.18514247339466, 39.28038558911399, 39.373747283586624, 39.465283814417205, 39.555049759965385, 39.643098064259725, 39.72948008162454, 39.8142456209121, 39.8974429892466, 39.97911903519913, 40.05931919132434, 40.13808751599997, 40.215466734519694, 40.29149827939819, 40.366222329854835, 40.4396778504492, 40.511902628847594, 40.58293331270516, 40.65280544565295, 40.721553502383536, 40.78921092283251, 40.85581014545656, 40.92138263961159, 40.98595893703715, 41.04956866245522, 41.11224056329391, 41.174002538547605, 41.23488166678711, 41.294904233334165, 41.35409575661578, 41.41248101371475, 41.470084065133385, 41.52692827878778, 41.583036353250804, 41.638430340261856, 41.69313166652186, 41.74716115479207, 41.800539044315265, 41.8532850105779, 41.90541818443163, 41.95695717059266, 42.007920065536915, 42.05832447480918, 42.10818752976364, 42.15752590375344, 42.20635582778624, 42.25469310566256, 42.30255312861334, 42.34995088945277, 42.39690099626217, 42.4434176856201, 42.48951483539383, 42.53520597710656, 42.5805043078947, 42.62542270206895, 42.66997372229258, 42.71416963038993, 42.75802239779783, 42.8015437156721, 42.84474500466114, 42.88763742435804, 42.930231882442456, 42.97253904352297, 43.014569337690524, 43.056332968792915, 43.097839922440244, 43.13909997375073, 43.18012269484608, 43.22091746210516, 43.261493463184685, 43.3018597038149, 43.3420250143785, 43.38199805628024, 43.42178732811474, 43.461401171639636, 43.50084777756094, 43.54013519113721, 43.579271317609034, 43.61826392745988, 43.657120661514355, 43.69584903587952, 43.734456446734775, 43.77295017497572, 43.81133739071693, 43.84962515765873, 43.88782043732258, 43.92593009315964, 43.963960894536946, 44.001919520605306, 44.03981256405306, 44.07764653474947, 44.1154278632816, 44.15316290438813, 44.19085794029364, 44.22851918394659, 44.266152782164255, 44.303764818687526, 44.34136131714854, 44.37894824395397, 44.41653151108654, 44.45411697882739, 44.49171045840171, 44.52931771454994, 44.566944468026826, 44.604596398030374, 44.642279144562806, 44.67999831072541, 44.71775946494907, 44.755568143162364, 44.793429850898725, 44.831350065344324, 44.86933423732817, 44.90738779325578, 44.94551613698785, 44.98372465166501, 45.02201870148004, 45.060403633398515, 45.09888477882894, 45.13746745524336, 45.17615696774937, 45.21495861061426, 45.25387766874214, 45.29291941910477, 45.33208913212661, 45.3713920730248, 45.410833503104534, 45.450418681010284, 45.49015286393328, 45.53004130877563, 45.57008927327129, 45.61030201706426, 45.65068480274402, 45.69124289683851, 45.731981570764646, 45.77290610173634, 45.81402177363023, 45.85533387780878, 45.8968477139009, 45.93856859053969, 45.98050182605735, 46.02265274913678, 46.06502669941973, 46.10762902807115, 46.1504650982993, 46.19354028583125, 46.23685997934335, 46.28042958084612, 46.324254506023024, 46.36834018452265, 46.412692060203554, 46.457315591331266, 46.5022162507267, 46.5473995258653, 46.5928709189262]]","[array([6.37688001e-05, 6.00799169e-05, 5.86665222e-05, 5.87302924e-05,
       5.97887606e-05, 6.15493193e-05, 6.38340181e-05, 6.65346951e-05,
       6.95859230e-05, 7.29487377e-05, 7.66008129e-05, 8.05305059e-05,
       8.47332323e-05, 8.92092439e-05, 9.39622564e-05, 9.89985948e-05,
       1.04326655e-04, 1.09956560e-04, 1.15899943e-04, 1.22169806e-04,
       1.28780432e-04, 1.35747327e-04, 1.43087197e-04, 1.50817931e-04,
       1.58958603e-04, 1.67529486e-04, 1.76552071e-04, 1.86049092e-04,
       1.96044562e-04, 2.06563810e-04, 2.17633525e-04, 2.29281803e-04,
       2.41538197e-04, 2.54433774e-04, 2.68001171e-04, 2.82274658e-04,
       2.97290198e-04, 3.13085519e-04, 3.29700176e-04, 3.47175627e-04,
       3.65555301e-04, 3.84884677e-04, 4.05211354e-04, 4.26585130e-04,
       4.49058080e-04, 4.72684632e-04, 4.97521640e-04, 5.23628468e-04,
       5.51067059e-04, 5.79902010e-04, 6.10200642e-04, 6.42033069e-04,
       6.75472257e-04, 7.10594086e-04, 7.47477401e-04, 7.86204054e-04,
       8.26858939e-04, 8.69530021e-04, 9.14308345e-04, 9.61288041e-04,
       1.01056630e-03, 1.06224336e-03, 1.11642242e-03, 1.17320960e-03,
       1.23271384e-03, 1.29504673e-03, 1.36032241e-03, 1.42865735e-03,
       1.50017012e-03, 1.57498115e-03, 1.65321239e-03, 1.73498696e-03,
       1.82042874e-03, 1.90966194e-03, 2.00281051e-03, 2.09999761e-03,
       2.20134494e-03, 2.30697201e-03, 2.41699534e-03, 2.53152760e-03,
       2.65067665e-03, 2.77454448e-03, 2.90322613e-03, 3.03680845e-03,
       3.17536885e-03, 3.31897388e-03, 3.46767780e-03, 3.62152108e-03,
       3.78052876e-03, 3.94470881e-03, 4.11405040e-03, 4.28852220e-03,
       4.46807052e-03, 4.65261756e-03, 4.84205967e-03, 5.03626552e-03,
       5.23507445e-03, 5.43829487e-03, 5.64570276e-03, 5.85704027e-03,
       6.07201462e-03, 6.29029709e-03, 6.51152232e-03, 6.73528789e-03,
       6.96115423e-03, 7.18864483e-03, 7.41724697e-03, 7.64641267e-03,
       7.87556033e-03, 8.10407658e-03, 8.33131886e-03, 8.55661825e-03,
       8.77928298e-03, 8.99860228e-03, 9.21385079e-03, 9.42429328e-03,
       9.62918985e-03, 9.82780141e-03, 1.00193955e-02, 1.02032520e-02,
       1.03786698e-02, 1.05449722e-02, 1.07015134e-02, 1.08476855e-02,
       1.09829536e-02, 1.11069162e-02, 1.12192894e-02, 1.13198686e-02,
       1.14085037e-02, 1.14850853e-02, 1.15495382e-02, 1.16018184e-02,
       1.16419139e-02, 1.16698460e-02, 1.16856718e-02, 1.16894862e-02,
       1.16814240e-02, 1.16616612e-02, 1.16304154e-02, 1.15879460e-02,
       1.15345531e-02, 1.14705759e-02, 1.13963908e-02, 1.13124085e-02,
       1.12190706e-02, 1.11168463e-02, 1.10062284e-02, 1.08877294e-02,
       1.07618771e-02, 1.06292108e-02, 1.04902768e-02, 1.03456251e-02,
       1.01958046e-02, 1.00413603e-02, 9.88282999e-03, 9.72074056e-03,
       9.55560586e-03, 9.38792406e-03, 9.21817555e-03, 9.04682118e-03,
       8.87430082e-03, 8.70103215e-03, 8.52740985e-03, 8.35380493e-03,
       8.18056446e-03, 8.00801140e-03, 7.83644470e-03, 7.66613960e-03,
       7.49734807e-03, 7.33029934e-03, 7.16520068e-03, 7.00223813e-03,
       6.84157739e-03, 6.68336480e-03, 6.52772827e-03, 6.37477832e-03,
       6.22460909e-03, 6.07729941e-03, 5.93291379e-03, 5.79150345e-03,
       5.65310732e-03, 5.51775300e-03, 5.38545769e-03, 5.25622910e-03,
       5.13006629e-03, 5.00696049e-03, 4.88689588e-03, 4.76985033e-03,
       4.65579603e-03, 4.54470020e-03, 4.43652565e-03, 4.33123133e-03,
       4.22877286e-03, 4.12910299e-03, 4.03217205e-03, 3.93792836e-03,
       3.84631854e-03, 3.75728793e-03, 3.67078081e-03, 3.58674074e-03,
       3.50511076e-03, 3.42583365e-03, 3.34885211e-03, 3.27410893e-03,
       3.20154716e-03, 3.13111028e-03, 3.06274225e-03, 2.99638770e-03,
       2.93199196e-03, 2.86950120e-03, 2.80886243e-03, 2.75002361e-03,
       2.69293371e-03, 2.63754269e-03, 2.58380158e-03, 2.53166251e-03,
       2.48107869e-03, 2.43200447e-03, 2.38439531e-03, 2.33820779e-03,
       2.29339965e-03, 2.24992972e-03, 2.20775798e-03, 2.16684550e-03,
       2.12715444e-03, 2.08864808e-03, 2.05129072e-03, 2.01504775e-03,
       1.97988556e-03, 1.94577158e-03, 1.91267422e-03, 1.88056286e-03,
       1.84940783e-03, 1.81918038e-03, 1.78985269e-03, 1.76139779e-03,
       1.73378960e-03, 1.70700286e-03, 1.68101312e-03, 1.65579675e-03,
       1.63133085e-03, 1.60759330e-03, 1.58456270e-03, 1.56221835e-03,
       1.54054024e-03, 1.51950901e-03, 1.49910597e-03, 1.47931304e-03,
       1.46011273e-03, 1.44148816e-03, 1.42342301e-03, 1.40590150e-03,
       1.38890840e-03, 1.37242897e-03, 1.35644899e-03, 1.34095472e-03,
       1.32593287e-03, 1.31137063e-03, 1.29725560e-03, 1.28357581e-03,
       1.27031971e-03, 1.25747613e-03, 1.24503429e-03, 1.23298378e-03,
       1.22131454e-03, 1.21001688e-03, 1.19908140e-03, 1.18849906e-03,
       1.17826113e-03, 1.16835915e-03, 1.15878500e-03, 1.14953080e-03,
       1.14058897e-03, 1.13195217e-03, 1.12361335e-03, 1.11556567e-03,
       1.10780256e-03, 1.10031766e-03, 1.09310484e-03, 1.08615819e-03,
       1.07947200e-03, 1.07304078e-03, 1.06685921e-03, 1.06092218e-03,
       1.05522477e-03, 1.04976220e-03, 1.04452992e-03, 1.03952348e-03,
       1.03473865e-03, 1.03017132e-03, 1.02581755e-03, 1.02167352e-03,
       1.01773560e-03, 1.01400024e-03, 1.01046407e-03, 1.00712383e-03,
       1.00397638e-03, 1.00101870e-03, 9.98247909e-04, 9.95661218e-04,
       9.93255959e-04, 9.91029568e-04, 9.88979587e-04, 9.87103658e-04,
       9.85399520e-04, 9.83865010e-04, 9.82498055e-04, 9.81296672e-04,
       9.80258966e-04, 9.79383126e-04, 9.78667423e-04, 9.78110207e-04,
       9.77709908e-04, 9.77465029e-04, 9.77374146e-04, 9.77435908e-04,
       9.77649031e-04, 9.78012298e-04, 9.78524560e-04, 9.79184728e-04,
       9.79991777e-04, 9.80944740e-04, 9.82042710e-04, 9.83284834e-04,
       9.84670317e-04, 9.86198416e-04, 9.87868438e-04, 9.89679743e-04,
       9.91631739e-04, 9.93723882e-04, 9.95955673e-04, 9.98326659e-04,
       1.00083643e-03, 1.00348462e-03, 1.00627090e-03, 1.00919498e-03,
       1.01225661e-03, 1.01545559e-03, 1.01879173e-03, 1.02226490e-03,
       1.02587498e-03, 1.02962191e-03, 1.03350564e-03, 1.03752616e-03,
       1.04168348e-03, 1.04597764e-03, 1.05040873e-03, 1.05497683e-03,
       1.05968206e-03, 1.06452457e-03, 1.06950453e-03, 1.07462212e-03,
       1.07987755e-03, 1.08527106e-03, 1.09080288e-03, 1.09647327e-03,
       1.10228253e-03, 1.10823092e-03, 1.11431877e-03, 1.12054640e-03,
       1.12691412e-03, 1.13342227e-03, 1.14007121e-03, 1.14686129e-03,
       1.15379287e-03])]","[[0, 6.376880005047202e-05, 0.00012384871691641303, 0.0001825152391396538, 0.00024124553152999744, 0.00030103429208936104, 0.00036258361137035965, 0.00042641762942087567, 0.000492952324493956, 0.0005625382475216598, 0.0006354869852420507, 0.000712087798109313, 0.000792618304033288, 0.0008773515363788846, 0.0009665607802310614, 0.0010605230365899221, 0.0011595216313777068, 0.001263848286026361, 0.0013738048457809357, 0.001489704788873176, 0.001611874595344935, 0.001740655027131317, 0.001876402354220106, 0.0020194895511934834, 0.0021703074817727387, 0.0023292660846480724, 0.0024967955709913046, 0.0026733476420781914, 0.0028593967340588603, 0.003055441295906033, 0.003262005105814208, 0.003479638630738077, 0.003708920433292665, 0.0039504586298558355, 0.0042048924033914565, 0.004472893574230978, 0.004755168231799049, 0.005052458430034401, 0.005365543949031758, 0.005695244125206354, 0.006042419752052796, 0.006407975053328306, 0.006792859730230582, 0.00719807108385687, 0.007624656213917442, 0.008073714294327714, 0.008546398925912625, 0.009043920566018687, 0.009567549034336766, 0.01011861609368573, 0.010698518103886726, 0.011308718746162886, 0.011950751814722207, 0.012626224071314827, 0.013336818157591428, 0.014084295559019458, 0.014870499612929368, 0.015697358551955906, 0.016566888572701093, 0.017481196917867207, 0.018442484958381907, 0.01945305126015541, 0.020515294618064228, 0.02163171703754075, 0.022804926641757654, 0.024037640479826598, 0.025332687208679764, 0.02669300961837051, 0.028121666967418513, 0.02962183709154104, 0.0311968182456655, 0.03285003063552314, 0.034585017591399494, 0.036405446332789325, 0.03831510826880496, 0.040317918775256555, 0.04241791638541061, 0.044619261327595805, 0.046926233339132685, 0.049343228682594276, 0.05187475628725042, 0.05452543293581326, 0.05729997741440112, 0.06020320354210285, 0.06324001199579672, 0.06641538084611139, 0.06973435472177722, 0.07320203252227796, 0.07682355360285877, 0.08060408236176125, 0.08454879116722588, 0.08866284157150751, 0.09295136377106138, 0.09741943428632768, 0.10207205185130047, 0.10691411152240599, 0.11195037703818816, 0.11718545148590347, 0.12262374635829894, 0.12826944911345062, 0.13412648938235078, 0.14019850400264353, 0.1464888010921046, 0.15300032341163017, 0.15973561130401656, 0.16669676553095542, 0.17388541036560431, 0.18130265733091147, 0.18894907000357883, 0.1968246303290991, 0.20492870691362902, 0.21326002577249298, 0.22181664402182694, 0.230595926998325, 0.23959452928142053, 0.24880838007186756, 0.2582326733501436, 0.26786186319717603, 0.27768966460869227, 0.28770906007340535, 0.29791231211499053, 0.30829098191943605, 0.3188359540842284, 0.3295374674356151, 0.34038515296724553, 0.3513681065774323, 0.3624750227335471, 0.3736943121037825, 0.3850141806725687, 0.39642268433868555, 0.4079077696841894, 0.41945730790649277, 0.43105912634720817, 0.4427010402684567, 0.45437088629372346, 0.4660565580873613, 0.47774604428264006, 0.48942746830347905, 0.5010891295030745, 0.512719544922936, 0.524307490929033, 0.5358420439864816, 0.547312619874835, 0.5587090107109578, 0.5700214192270283, 0.581240489840849, 0.5923573361493798, 0.6033635645704182, 0.6142512939487098, 0.6250131710292691, 0.6356423817806616, 0.6461326586232847, 0.6564782836814822, 0.6666740882332052, 0.6767154485767364, 0.6865982785708019, 0.6963190191325157, 0.70587462499749, 0.7152625490586974, 0.7244807246059827, 0.7335275457872553, 0.7424018466061417, 0.7511028787600583, 0.759630288608083, 0.7679840935404266, 0.7761646580014687, 0.7841726693969092, 0.7920091140931953, 0.7996752536945744, 0.8071726017603561, 0.8145029011026553, 0.8216681017833493, 0.8286703399084953, 0.8355119172992175, 0.8421952821002229, 0.848723010370757, 0.8550977886879992, 0.8613223977796421, 0.86739969719069, 0.8733326109792864, 0.8791241144275923, 0.884777221746297, 0.8902949747451573, 0.8956804324369371, 0.9009366615381521, 0.9060667278270031, 0.9110736883167158, 0.9159605842010824, 0.920730434528235, 0.925386230558472, 0.9299309307622364, 0.9343674564150163, 0.9386986877469424, 0.9429274606061323, 0.9470565635963062, 0.9510887356508463, 0.9550266640072222, 0.958872982547541, 0.9626302704728545, 0.9663010512807528, 0.9698877920176567, 0.973392902779082, 0.9768187364329668, 0.9801675885429172, 0.983441697469923, 0.9866432446327286, 0.9897743549085901, 0.9928370971576284, 0.9958334848553734, 0.9987654768194101, 1.0016349780172595, 1.0044438404437819, 1.0071938640574531, 1.0098867977658699, 1.0125243404517523, 1.0151081420315742, 1.0176398045397352, 1.020120883231916, 1.0225528877019254, 1.0249372830069619, 1.0272754907967672, 1.0295688904426707, 1.0318188201629845, 1.034026578141634, 1.0361934236373054, 1.0383205780807323, 1.0404092261580695, 1.0424605168785894, 1.044475564625194, 1.046455450186476, 1.0484012217692682, 1.050313895990817, 1.0521944588498777, 1.0540438666761933, 1.0558630470579422, 1.0576528997468728, 1.0594142975409417, 1.0611480871443746, 1.0628550900051488, 1.0645361031299716, 1.066191899876896, 1.0678232307257671, 1.069430824026749, 1.071015386727214, 1.0725776050773261, 1.0741181453146655, 1.075637654328284, 1.0771367603025865, 1.078616073341464, 1.0800761860731094, 1.081517674235963, 1.0829410972462412, 1.0843469987475065, 1.0857359071427413, 1.0871083361093894, 1.08846478509783, 1.0898057398137424, 1.0911316726848252, 1.0924430433123191, 1.093740298907785, 1.0950238747155805, 1.0962941944214688, 1.0975516705477908, 1.0987967048356198, 1.1000296886143082, 1.101251003158836, 1.1024610200353477, 1.103660101435267, 1.1048486004983629, 1.106026861625135, 1.1071952207788702, 1.1083540057777217, 1.1095035365771442, 1.1106441255430137, 1.1117760777157497, 1.1128996910657485, 1.1140152567404242, 1.1151230593031511, 1.1162233769643857, 1.1173164818052392, 1.118402639993768, 1.119482111994232, 1.1205551527695685, 1.1216220119773228, 1.1226829341592612, 1.1237381589248907, 1.1247879211291008, 1.125832451044134, 1.1268719745260847, 1.1279067131761198, 1.1289368844966086, 1.1299627020423404, 1.1309843755670028, 1.1320021111650895, 1.1330161114093964, 1.1340265754842629, 1.1350336993147077, 1.136037675691601, 1.1370386943930157, 1.1380369423018855, 1.1390326035201042, 1.140025859479185, 1.1410168890476025, 1.142005868634927, 1.1429929722928671, 1.1439783718133196, 1.1449622368235337, 1.1459447348784837, 1.1469260315505452, 1.1479062905165638, 1.1488856736424033, 1.1498643410650558, 1.1508424512723918, 1.1518201611806296, 1.1527976262095925, 1.153775000355826, 1.154752436263643, 1.1557300852941559, 1.1567080975923625, 1.1576866221523396, 1.1586658068806015, 1.1596457986576763, 1.1606267433979502, 1.1616087861078288, 1.1625920709422581, 1.1635767412596538, 1.1645629396752732, 1.165550808113076, 1.1665404878561048, 1.1675321195954222, 1.1685258434776402, 1.1695217991510671, 1.1705201258105054, 1.171520962240725, 1.172524446858639, 1.1735307177542043, 1.174539912730068, 1.1755521693399822, 1.1765676249260018, 1.1775864166544865, 1.1786086815509182, 1.1796345565335495, 1.1806641784458949, 1.181697684088075, 1.1827352102470248, 1.183776893725569, 1.184822871370377, 1.1858732800987972, 1.1869282569245774, 1.1879879389824708, 1.1890524635517332, 1.1901219680785042, 1.1911965901970787, 1.1922764677500577, 1.1933617388073827, 1.1944525416842415, 1.1955490149578443, 1.1966512974830579, 1.1977595284068938, 1.1988738471818392, 1.1999943935780177, 1.2011213076941718, 1.2022547299674513, 1.2033948011819975, 1.2045416624763046, 1.2056954553493442]]"
40.0,40.0,3,120,180,I0-S1,"[[0.01, 0.009218546420913139, 0.008861068736292907, 0.008775057937429897, 0.008868444745447256, 0.009085525922866952, 0.00939253826141046, 0.009769024605471079, 0.010202641822273406, 0.01068603694814935, 0.011214962302215309, 0.01178713459716332, 0.012401541466292191, 0.013058017611992169, 0.01375698391000647, 0.014499285405445492, 0.015286089661972056, 0.01611882222862508, 0.016999125171242746, 0.017928830132199584, 0.018909940702389338, 0.019944620892502964, 0.021035187703203718, 0.022184106531152204, 0.023393988598969177, 0.02466758987548324, 0.02600781112604347, 0.027417698842201414, 0.02890044687034081, 0.03045939860475791, 0.032098049641313145, 0.03382005080860136, 0.03562921150801273, 0.03752950330418164, 0.039525063714465306, 0.04162020015109999, 0.043819393973093944, 0.04612730460709626, 0.048548773697673395, 0.05108882924780152, 0.05375268971006417, 0.056545767988119194, 0.05947367530653333, 0.06254222490512665, 0.06575743551156149, 0.069125534543083, 0.07265296098509547, 0.0763463678906625, 0.08021262444106807, 0.08425881750328763, 0.08849225261561139, 0.09292045432775385, 0.09755116581659513, 0.10239234769325326, 0.10745217591150974, 0.1127390386817341, 0.1182615322884136, 0.12402845570323677, 0.13004880387945308, 0.1363317596069975, 0.14288668380169742, 0.14972310409584963, 0.15685070159166234, 0.16427929563360366, 0.17201882645070724, 0.1800793355154912, 0.18847094346249918, 0.19720382540674217, 0.20628818350069356, 0.2157342165681684, 0.22555208665462867, 0.2357518823364369, 0.24634357863658982, 0.2573369934017782, 0.2687417400055257, 0.2805671762549631, 0.29282234939480284, 0.3055159371216131, 0.31865618454486166, 0.3322508370587233, 0.3463070691206158, 0.3608314089691215, 0.3758296593556159, 0.3913068144107511, 0.4072669728190899, 0.4237132475327226, 0.44064767231762025, 0.4580711054946839, 0.4759831313107095, 0.49438195945245594, 0.5132643232991703, 0.5326253775946264, 0.5524585963081151, 0.57275567154385, 0.5935064144486726, 0.6146986591573058, 0.6363181709010391, 0.6583485594877755, 0.6807711994367416, 0.7035651581176333, 0.7267071332991223, 0.7501714015529893, 0.773929778985095, 0.7979515957703488, 0.82220368595328, 0.8466503939363114, 0.8712535990122394, 0.8959727592037993, 0.9207649755500974, 0.9455850778260966, 0.9703857324968657, 0.9951175734932106, 1.0197293561506409, 1.04416813438123, 1.0683794608505515, 1.0923076096131086, 1.115895820324055, 1.1390865627978701, 1.1618218203321682, 1.184043389863805, 1.205693196682288, 1.2267136210999552, 1.2470478341773965, 1.2666401393340618, 1.2854365690640928, 1.303387752924635, 1.3204504164078334, 1.336585994370185, 1.351759662233187, 1.36593984385156, 1.3790980023999946, 1.3912085951023674, 1.4022491178944692, 1.4122001940848548, 1.421045678412033, 1.4287727586834238, 1.4353720439414313, 1.4408376323846181, 1.4451671550303564, 1.4483617929245747, 1.4504262669425572, 1.451368800100532, 1.4512010529432435, 1.4499380330670875, 1.4475979802285956, 1.4442022288013159, 1.4397750495959392, 1.4343434732575178, 1.4279370976046606, 1.4205878813815518, 1.412329926956623, 1.4031992545236416, 1.393233570344013, 1.3824720315157946, 1.3709550096682959, 1.358723855864652, 1.3458206688522334, 1.3322880686363106, 1.3181689771703047, 1.3035064077605758, 1.2883432645793078, 1.2727221534698134, 1.256685205018393, 1.2402739106593543, 1.2235289723781662, 1.206490166384801, 1.1891962209475253, 1.1716847084086481, 1.1539919512495636, 1.1361529419338612, 1.1182012761350275, 1.1001690988495807, 1.082087062807325, 1.0639842985174268, 1.0458883952316054, 1.0278253920630478, 1.0098197784707563, 0.9918945033027633, 0.974070991586837, 0.9563691682626762, 0.9388074880639078, 0.9214029707801779, 0.9041712411580493, 0.8871265727331082, 0.8702819349235327, 0.8536490427563516, 0.8372384086408, 0.82105939564768, 0.8051202717987385, 0.7894282649150992, 0.7739896176181675, 0.7588096421196963, 0.7438927744794519, 0.7292426280488467, 0.7148620458567493, 0.7007531517292866, 0.6869173999686672, 0.6733556234468355, 0.6600680799980702, 0.6470544970204787, 0.6343141142197742, 0.6218457244497922, 0.6096477126230302, 0.5977180926811612, 0.5860545426301084, 0.5746544376569994, 0.5635148813572705, 0.5526327351095084, 0.5420046456434221, 0.531627070852768, 0.5214963039102382, 0.511608495745383, 0.5019596759496975, 0.49254577217516504, 0.4833626280939318, 0.474406019987471, 0.4656716720336869, 0.4571552703599813, 0.44885247592944033, 0.4407589363260638, 0.432870296503419, 0.4251822085593063, 0.41769034059703264, 0.41039038473174255, 0.4032780642979893, 0.3963491403123886, 0.38959941724279873, 0.3830247481330517, 0.3766210391298388, 0.3703842534559459, 0.3643104148716633, 0.35839561066386727, 0.35263599419999886, 0.34702778708196547, 0.3415672809328543, 0.33625083884729784, 0.3310748965343555, 0.3260359631798914, 0.32113062205362225, 0.31635553088429647, 0.31170742202483337, 0.3071831024277061, 0.30277945344939144, 0.2984934305013281, 0.29432206256352494, 0.290262451575738, 0.28631177171998334, 0.28246726860707716, 0.27872625837888276, 0.2750861267370009, 0.2715443279077575, 0.2680983835525188, 0.26474588163159857, 0.2614844752293075, 0.2583118813470308, 0.2552258796706057, 0.25222431131769657, 0.24930507757033774, 0.24646613859732328, 0.24370551217066883, 0.24102127237995313, 0.23841154834795977, 0.235874522950683, 0.23340843154443486, 0.23101156070248732, 0.22868224696340736, 0.22641887559298718, 0.22421987936143958, 0.22208373733731349, 0.22000897369939015, 0.21799415656764146, 0.21603789685416902, 0.21413884713489412, 0.21229570054263341, 0.2105071896820731, 0.2087720855670424, 0.20708919658038688, 0.20545736745665072, 0.2038754782876957, 0.20234244355130987, 0.2008572111627933, 0.19941876154944882, 0.1980261067478527, 0.19667828952373295, 0.19537438251424144, 0.19411348739236925, 0.19289473405322202, 0.191717279821844, 0.19058030868225512, 0.18948303052734408, 0.18842468042924237, 0.18740451792978927, 0.1864218263506849, 0.18547591212291825, 0.18456610413504856, 0.18369175309991265, 0.18285223093932546, 0.18204693018633836, 0.18127526340461797, 0.18053666262450738, 0.1798305787953328, 0.17915648125351957, 0.1785138572060845, 0.17790221122907376, 0.17732106478052048, 0.17676995572749973, 0.17624843788686384, 0.1757560805792463, 0.17529246819592825, 0.1748571997781673, 0.17444988860859528, 0.17407016181429752, 0.17371765998119287, 0.17339203677934104, 0.1730929585988102, 0.17282010419574487, 0.1725731643482814, 0.17235184152196484, 0.17215584954432833, 0.1719849132883035, 0.1718387683641363, 0.17171716081949037, 0.17161984684742645, 0.17154659250195353, 0.1714971734208531, 0.17147137455548547, 0.1714689899072924, 0.17148982227071793, 0.17153368298227362, 0.17160039167548233, 0.17168977604143923, 0.17180167159473506, 0.1719359214444921, 0.17209237607026917, 0.17227089310259666, 0.17247133710790857, 0.17269357937764335, 0.1729374977212904, 0.1732029762631636, 0.17348990524268865, 0.1737981808179953, 0.17412770487261015, 0.17447838482504988, 0.1748501334411198, 0.17524286864872624, 0.17565651335501553, 0.17609099526565697, 0.17654624670609037, 0.17702220444456346, 0.1775188095167878, 0.1780360070520461, 0.1785737461005872, 0.179131979462149, 0.1797106635154536, 0.1803097580485216, 0.1809292260896577, 0.18156903373896177, 0.18222915000022466, 0.18290954661307057, 0.18361019788521246, 0.1843310805246895, 0.18507217347196075, 0.1858334577317317, 0.18661491620439502, 0.18741653351697005, 0.1882382958534306]]","[[0.01, 0.011673645222856313, 0.01362924433757481, 0.01580189464430657, 0.018156397919532805, 0.02067535238667908, 0.023352051097868073, 0.026186274951314124, 0.02918179437132419, 0.032344893428196644, 0.035683503629960034, 0.03920670148189315, 0.042924422892863946, 0.046847306715547626, 0.05098661510859387, 0.055354199565481044, 0.05996249409139657, 0.06482452455156394, 0.06995392771138684, 0.07536497616636752, 0.08107260695093067, 0.08709245255817843, 0.09344087365902369, 0.1001349931354612, 0.10719273123227156, 0.11463284173986743, 0.12247494918143553, 0.13073958700970656, 0.13944823683428348, 0.14862336870637577, 0.15828848248807106, 0.1684681503302796, 0.1791880602785565, 0.19047506101989248, 0.20235720777666316, 0.21486380934643162, 0.22802547627828165, 0.24187417016782037, 0.25644325404389134, 0.2717675438103249, 0.2878833606956465, 0.3048285846524915, 0.3226427086364536, 0.34136689368114126, 0.3610440246722531, 0.38171876670842747, 0.4034376219203904, 0.4262489866024513, 0.4502032084915919, 0.47535264400919974, 0.5017517152588395, 0.5294569665502767, 0.5585271201952106, 0.5890231312937958, 0.6210082412029934, 0.6545480293480687, 0.6897104630071436, 0.7265659446656082, 0.7651873565024422, 0.8056501015341284, 0.8480321409039461, 0.892414026765108, 0.9388789301656015, 0.9875126633008795, 1.0384036954579583, 1.0916431619312748, 1.147324865147164, 1.205545267190422, 1.2664034728835638, 1.330001202527577, 1.3964427533728152, 1.4658349488508053, 1.5382870745629342, 1.6139107999910463, 1.692820084868846, 1.77513106913267, 1.8609619453567552, 1.9504328125727703, 2.0436655103773664, 2.1407834322461534, 2.2419113169992433, 2.3471750174037704, 2.4567012449540715, 2.57061728994202, 2.6890507160198185, 2.812129028566843, 2.9399793163022663, 3.0727278657374146, 3.210499748237295, 3.353418379660296, 3.5016050527694236, 3.655178442857862, 3.8142540873061455, 3.97894384008726, 4.1493553025586305, 4.325591232224614, 4.5077489315177, 4.695919619028287, 4.890187786008156, 5.0906305413773385, 5.297316948873051, 5.510307360386905, 5.729652749936351, 5.955394053101061, 6.187561517117041, 6.426174067152354, 6.671238694579921, 6.922749873306012, 7.180689010398904, 7.445023937382122, 7.715708448602264, 7.992681893045172, 8.275868825849296, 8.56517872554612, 8.860505782740287, 9.161728765524368, 9.468710966404513, 9.781300234895326, 10.099329099229042, 10.422614979821995, 10.750960496258859, 11.084153868603497, 11.42196941283757, 11.764168129179533, 12.110498646765198, 12.460700847650749, 12.814508842135476, 13.171650974309504, 13.531849925153855, 13.894823109575496, 14.260283269664265, 14.627939201126795, 14.997496570805607, 15.368658796071351, 15.741127964820254, 16.11460577974766, 16.488794513690173, 16.8633979648649, 17.238122402233625, 17.612677492257994, 17.986777199155416, 18.360140651514257, 18.732492968838596, 19.103566042298205, 19.473099264673667, 19.84084020521347, 20.20654522585784, 20.569980036026728, 20.930920183909045, 21.289151482917777, 21.644470372681635, 21.996684214619986, 22.345611522785337, 22.69108213124999, 23.032937299854243, 23.37102976061851, 23.70522370754711, 24.035394732915766, 24.361429713436518, 24.683226649934056, 25.000694464346985, 25.313752757989278, 25.622331535073908, 25.92637089551647, 26.22582070100566, 26.520640218254634, 26.810797743237362, 27.096270210072188, 27.377042788046133, 27.653108470082607, 27.924467655747463, 28.19112773166755, 28.453102652006983, 28.710412521412632, 28.96308318260545, 29.21114581056138, 29.45463651499724, 29.693595952655524, 29.928068950669374, 30.158104142086614, 30.383753614440785, 30.605072572078615, 30.822119012787745, 31.034953419116114, 31.243638464635527, 31.4482387352761, 31.64882046574564, 31.845451290947896, 32.0382000122256, 32.227136378177754, 32.412330879734945, 32.59385455912099, 32.77177883228306, 32.94617532433507, 33.11711571752953, 33.28467161125063, 33.448914393505675, 33.6099151233815, 33.767744423927795, 33.92247238492859, 34.07416847502646, 34.222901462670954, 34.36873934537211, 34.51174928675209, 34.6519975609018, 34.78954950356513, 34.924469469690095, 35.0568207969041, 35.186665774488866, 35.314065617449806, 35.43908044529341, 35.561769265145784, 35.682189958864406, 35.80039927381423, 35.91645281699774, 36.03040505224685, 36.14230930020198, 36.25221774082108, 36.360181418177454, 36.466250247321454, 36.57047302299607, 36.67289743001105, 36.77357005509394, 36.872536400049704, 36.96984089607273, 37.065526919067274, 37.15963680584299, 37.25221187106317, 37.34329242483264, 37.43291779082208, 37.52112632483365, 37.60795543372136, 37.69344159458683, 37.777620374178575, 37.86052644842896, 37.94219362206974, 38.0226548482722, 38.10194224826366, 38.18008713087669, 38.257120011991994, 38.33307063384015, 38.40796798413127, 38.48184031498497, 38.55471516163675, 38.626619360899305, 38.697579069360714, 38.76761978130335, 38.83676634633015, 38.90504298668671, 38.97247331426978, 39.03908034731433, 39.10488652675314, 39.169913732244126, 39.23418329786208, 39.29771602745266, 39.360532209647424, 39.422651632539846, 39.48409359802297, 39.54487693579021, 39.60502001700139, 39.664540767617, 39.72345668140375, 39.78178483261539, 39.8395418883529, 39.89674412060879, 39.95340741800016, 40.009547297195915, 40.06517891404328, 40.12031707439942, 40.17497624467369, 40.22917056208641, 40.2829138446502, 40.3362196008797, 40.389101039235825, 40.441571077310655, 40.49364235075894, 40.54532722198236, 40.59663778857255, 40.64758589151885, 40.69818312318686, 40.74844083507348, 40.798370145344485, 40.84798194616019, 40.897286910794925, 40.946295500555934, 40.995017971507075, 41.04346438100272, 41.091644594037156, 41.13956828941458, 41.187244965744746, 41.234683947269204, 41.28189438952299, 41.32888528483635, 41.375665467681245, 41.42224361986694, 41.46862827558917, 41.514827826337076, 41.560850525662005, 41.606704493812245, 41.65239772223753, 41.697938077967194, 41.74333330786554, 41.7885910427681, 41.83371880150216, 41.87872399479496, 41.92361392907282, 41.96839581015427, 42.01307674684035, 42.05766375440489, 42.10216375798776, 42.14658359589369, 42.1909300227995, 42.235209712872134, 42.279429262800086, 42.3235951947406, 42.367713959184876, 42.41179193774361, 42.455835445854895, 42.49985073541663, 42.543843997345334, 42.587821364063366, 42.63178891191626, 42.67575266352199, 42.71971859005388, 42.763692613458645, 42.80768060861122, 42.85168840540781, 42.89572179079853, 42.93978651076098, 42.983888272216134, 43.02803274488758, 43.07222556310541, 43.11647232755582, 43.16077860697738, 43.20514993980509, 43.24959183576301, 43.29410977740643, 43.338709221614366, 43.38339560103313, 43.428174325471744, 43.47305078324978, 43.51803034249832, 43.56311835241458, 43.60832014447069, 43.653641033577195, 43.69908631920159, 43.74466128644239, 43.790371207058996, 43.83622134045776, 43.88221693463438, 43.92836322707303, 43.97466544560221, 44.02112880920768, 44.06775852880237, 44.11455980795353, 44.16153784356707, 44.20869782652909, 44.25604494230467, 44.30358437149369, 44.35132129034379, 44.399260871220214, 44.44740828303245, 44.49576869161745, 44.5443472600793, 44.593149149084994, 44.64217951711622]]","[array([6.37688001e-05, 6.00799169e-05, 5.86665222e-05, 5.87302978e-05,
       5.97889166e-05, 6.15502954e-05, 6.38373379e-05, 6.65429144e-05,
       6.96026995e-05, 7.29788272e-05, 7.66500145e-05, 8.06055725e-05,
       8.48417578e-05, 8.93595349e-05, 9.41631938e-05, 9.92594875e-05,
       1.04657088e-04, 1.10366239e-04, 1.16398532e-04, 1.22766759e-04,
       1.29484816e-04, 1.36567644e-04, 1.44031186e-04, 1.51892364e-04,
       1.60169071e-04, 1.68880161e-04, 1.78045457e-04, 1.87685761e-04,
       1.97822861e-04, 2.08479552e-04, 2.19679654e-04, 2.31448032e-04,
       2.43810622e-04, 2.56794451e-04, 2.70427666e-04, 2.84739561e-04,
       2.99760604e-04, 3.15522462e-04, 3.32058032e-04, 3.49401466e-04,
       3.67588199e-04, 3.86654978e-04, 4.06639882e-04, 4.27582348e-04,
       4.49523195e-04, 4.72504643e-04, 4.96570332e-04, 5.21765333e-04,
       5.48136168e-04, 5.75730809e-04, 6.04598690e-04, 6.34790705e-04,
       6.66359201e-04, 6.99357966e-04, 7.33842218e-04, 7.69868573e-04,
       8.07495019e-04, 8.46780874e-04, 8.87786735e-04, 9.30574420e-04,
       9.75206898e-04, 1.02174821e-03, 1.07026335e-03, 1.12081822e-03,
       1.17347941e-03, 1.22831416e-03, 1.28539013e-03, 1.34477526e-03,
       1.40653757e-03, 1.47074495e-03, 1.53746493e-03, 1.60676440e-03,
       1.67870937e-03, 1.75336463e-03, 1.83079345e-03, 1.91105722e-03,
       1.99421505e-03, 2.08032339e-03, 2.16943557e-03, 2.26160137e-03,
       2.35686651e-03, 2.45527213e-03, 2.55685428e-03, 2.66164332e-03,
       2.76966332e-03, 2.88093151e-03, 2.99545757e-03, 3.11324303e-03,
       3.23428060e-03, 3.35855349e-03, 3.48603470e-03, 3.61668638e-03,
       3.75045916e-03, 3.88729142e-03, 4.02710870e-03, 4.16982305e-03,
       4.31533244e-03, 4.46352018e-03, 4.61425446e-03, 4.76738785e-03,
       4.92275697e-03, 5.08018213e-03, 5.23946718e-03, 5.40039932e-03,
       5.56274914e-03, 5.72627071e-03, 5.89070178e-03, 6.05576418e-03,
       6.22116428e-03, 6.38659368e-03, 6.55172996e-03, 6.71623767e-03,
       6.87976939e-03, 7.04196703e-03, 7.20246322e-03, 7.36088286e-03,
       7.51684483e-03, 7.66996381e-03, 7.81985224e-03, 7.96612233e-03,
       8.10838826e-03, 8.24626834e-03, 8.37938730e-03, 8.50737891e-03,
       8.62989655e-03, 8.74663197e-03, 8.85731310e-03, 8.96169566e-03,
       9.05955851e-03, 9.15070134e-03, 9.23494386e-03, 9.31212589e-03,
       9.38210777e-03, 9.44477102e-03, 9.50001908e-03, 9.54777789e-03,
       9.58799643e-03, 9.62064714e-03, 9.64572603e-03, 9.66325280e-03,
       9.67327063e-03, 9.67584583e-03, 9.67106736e-03, 9.65904611e-03,
       9.63991408e-03, 9.61382337e-03, 9.58094510e-03, 9.54146814e-03,
       9.49559780e-03, 9.44355439e-03, 9.38557180e-03, 9.32189591e-03,
       9.25278305e-03, 9.17849845e-03, 9.09931466e-03, 9.01550997e-03,
       8.92736690e-03, 8.83517070e-03, 8.73920795e-03, 8.63976513e-03,
       8.53712740e-03, 8.43157729e-03, 8.32339363e-03, 8.21285049e-03,
       8.10021619e-03, 7.98575248e-03, 7.86971375e-03, 7.75234637e-03,
       7.63388809e-03, 7.51456757e-03, 7.39460398e-03, 7.27420666e-03,
       7.15357490e-03, 7.03289778e-03, 6.91235406e-03, 6.79211216e-03,
       6.67233020e-03, 6.55315610e-03, 6.43472766e-03, 6.31717279e-03,
       6.20060974e-03, 6.08514728e-03, 5.97088506e-03, 5.85791385e-03,
       5.74631592e-03, 5.63616531e-03, 5.52752826e-03, 5.42046351e-03,
       5.31502267e-03, 5.21125062e-03, 5.10918584e-03, 5.00886080e-03,
       4.91030230e-03, 4.81353183e-03, 4.71856592e-03, 4.62541647e-03,
       4.53409108e-03, 4.44459335e-03, 4.35692322e-03, 4.27107722e-03,
       4.18704876e-03, 4.10482843e-03, 4.02440419e-03, 3.94576167e-03,
       3.86888435e-03, 3.79375383e-03, 3.72034996e-03, 3.64865109e-03,
       3.57863423e-03, 3.51027519e-03, 3.44354878e-03, 3.37842892e-03,
       3.31488880e-03, 3.25290097e-03, 3.19243749e-03, 3.13347002e-03,
       3.07596993e-03, 3.01990836e-03, 2.96525633e-03, 2.91198482e-03,
       2.86006480e-03, 2.80946735e-03, 2.76016366e-03, 2.71212510e-03,
       2.66532330e-03, 2.61973013e-03, 2.57531777e-03, 2.53205877e-03,
       2.48992602e-03, 2.44889279e-03, 2.40893281e-03, 2.37002019e-03,
       2.33212952e-03, 2.29523585e-03, 2.25931469e-03, 2.22434204e-03,
       2.19029437e-03, 2.15714867e-03, 2.12488240e-03, 2.09347352e-03,
       2.06290052e-03, 2.03314233e-03, 2.00417843e-03, 1.97598876e-03,
       1.94855375e-03, 1.92185433e-03, 1.89587190e-03, 1.87058833e-03,
       1.84598595e-03, 1.82204758e-03, 1.79875646e-03, 1.77609630e-03,
       1.75405122e-03, 1.73260580e-03, 1.71174504e-03, 1.69145432e-03,
       1.67171946e-03, 1.65252667e-03, 1.63386254e-03, 1.61571404e-03,
       1.59806851e-03, 1.58091368e-03, 1.56423759e-03, 1.54802865e-03,
       1.53227561e-03, 1.51696755e-03, 1.50209385e-03, 1.48764422e-03,
       1.47360867e-03, 1.45997752e-03, 1.44674136e-03, 1.43389106e-03,
       1.42141779e-03, 1.40931296e-03, 1.39756825e-03, 1.38617559e-03,
       1.37512716e-03, 1.36441538e-03, 1.35403289e-03, 1.34397258e-03,
       1.33422753e-03, 1.32479105e-03, 1.31565667e-03, 1.30681810e-03,
       1.29826925e-03, 1.29000423e-03, 1.28201733e-03, 1.27430303e-03,
       1.26685596e-03, 1.25967095e-03, 1.25274298e-03, 1.24606719e-03,
       1.23963889e-03, 1.23345351e-03, 1.22750667e-03, 1.22179410e-03,
       1.21631169e-03, 1.21105545e-03, 1.20602154e-03, 1.20120622e-03,
       1.19660591e-03, 1.19221712e-03, 1.18803649e-03, 1.18406077e-03,
       1.18028684e-03, 1.17671166e-03, 1.17333231e-03, 1.17014597e-03,
       1.16714992e-03, 1.16434153e-03, 1.16171828e-03, 1.15927771e-03,
       1.15701748e-03, 1.15493533e-03, 1.15302906e-03, 1.15129658e-03,
       1.14973587e-03, 1.14834498e-03, 1.14712203e-03, 1.14606524e-03,
       1.14517287e-03, 1.14444326e-03, 1.14387483e-03, 1.14346604e-03,
       1.14321543e-03, 1.14312160e-03, 1.14318320e-03, 1.14339894e-03,
       1.14376760e-03, 1.14428801e-03, 1.14495903e-03, 1.14577960e-03,
       1.14674870e-03, 1.14786535e-03, 1.14912862e-03, 1.15053765e-03,
       1.15209158e-03, 1.15378963e-03, 1.15563105e-03, 1.15761512e-03,
       1.15974117e-03, 1.16200857e-03, 1.16441671e-03, 1.16696504e-03,
       1.16965301e-03, 1.17248014e-03, 1.17544595e-03, 1.17855002e-03,
       1.18179192e-03, 1.18517130e-03, 1.18868778e-03, 1.19234105e-03,
       1.19613079e-03, 1.20005674e-03, 1.20411864e-03, 1.20831624e-03,
       1.21264934e-03, 1.21711773e-03, 1.22172124e-03, 1.22645969e-03,
       1.23133296e-03, 1.23634089e-03, 1.24148338e-03, 1.24676030e-03,
       1.25217158e-03])]","[[0, 6.376880005047202e-05, 0.00012384871691641303, 0.0001825152391396538, 0.00024124553698923488, 0.0003010344536055096, 0.00036258474899889876, 0.0004264220869050138, 0.000492965001274046, 0.000562567700780449, 0.0006355465279933691, 0.0007121965424605146, 0.0007928021149758895, 0.0008776438728196219, 0.0009670034077555166, 0.0010611666015593645, 0.0011604260890759608, 0.0012650831772191905, 0.0013754494166271182, 0.0014918479489394257, 0.001614614707754319, 0.0017440995237837772, 0.0018806671676836343, 0.002024698353358674, 0.0021765907177481126, 0.0023367597886853023, 0.0025056399494907014, 0.0026836854069481847, 0.002871371167894614, 0.0030691940286134505, 0.0032776735804352706, 0.0034973532343293054, 0.0037288012667673707, 0.003972611888719762, 0.004229406339277866, 0.004499834005073548, 0.00478457356636851, 0.005084334170408416, 0.0053998566323692964, 0.005731914663961646, 0.006081316129495645, 0.006448904328944735, 0.006835559307270657, 0.007242199188987391, 0.0076697815366413395, 0.008119304731567387, 0.008591809374942725, 0.00908837970679971, 0.009610145040273346, 0.010158281207945766, 0.010734012016707222, 0.011338610707078511, 0.011973401412431563, 0.0126397606130011, 0.013339118578999571, 0.014072960796528167, 0.014842829369317658, 0.015650324388633022, 0.016497105262934783, 0.0173848919981073, 0.01831546641824023, 0.019290673316084635, 0.02031242152140102, 0.021382684874474697, 0.02250350309109743, 0.023676982504306065, 0.024905296667134147, 0.0261906867995761, 0.027535462061892734, 0.02894199963530931, 0.030412744590082762, 0.03195020951985372, 0.03355697392016479, 0.035235683288032935, 0.03698904791852779, 0.03881984137344693, 0.04073089859641434, 0.04272511364808201, 0.04480543703461051, 0.04697487260227091, 0.04923647397087344, 0.051593340478822046, 0.0540486126129469, 0.056605466896916076, 0.05926711021300593, 0.062036773533353774, 0.06491770503856223, 0.06791316260370728, 0.07102640563445674, 0.07426068623916465, 0.07761923972650006, 0.08110527442242167, 0.08472196080514362, 0.08847241996216647, 0.0923597113794794, 0.09638682007967031, 0.10055664313290023, 0.10487197557248079, 0.10933549575510165, 0.11394975021453776, 0.11871713806685524, 0.1236398950346471, 0.12872007716756503, 0.13395954434625224, 0.13935994366659116, 0.14492269281080625, 0.15064896352123844, 0.1565396653013561, 0.1625954294765923, 0.1688165937547019, 0.175203187431309, 0.18175491739096, 0.18847115505710788, 0.19535092444584126, 0.20239289147765543, 0.2095953546989937, 0.21695623756053137, 0.22447308239214167, 0.23214304620511356, 0.23996289844047244, 0.2479290207682226, 0.256037409026066, 0.2642836773677966, 0.2726630646713109, 0.28117044357665205, 0.2898003401227562, 0.2985469720968219, 0.30740428519322904, 0.3163659808550823, 0.3254255393694529, 0.33457624070816294, 0.34381118457206317, 0.35312331046522444, 0.3625054182334156, 0.37195018925735657, 0.38145020833933097, 0.39099798622724025, 0.4005859826618257, 0.41020662979748773, 0.4198523558268423, 0.4295156086289056, 0.4391888792574995, 0.44886472508819114, 0.4585357924475617, 0.468194838557015, 0.4778347526340821, 0.48744857600680286, 0.4970295211108888, 0.5065709892546595, 0.5160665870528891, 0.525510141447403, 0.5348957132492558, 0.5442176091543202, 0.5534703922008882, 0.5626488906541806, 0.5717482053182821, 0.5807637152907762, 0.589691082189077, 0.5985262528900318, 0.6072654608356751, 0.6159052259679919, 0.6244423533641423, 0.632873930650793, 0.6411973242820034, 0.6494101747695455, 0.6575103909576583, 0.6654961434361, 0.6733658571860665, 0.681118203553158, 0.6887520916402275, 0.6962666592107131, 0.7036612631900776, 0.7109354698493422, 0.7180890447505253, 0.7251219425291912, 0.7320342965843727, 0.7388264087409481, 0.745498738944228, 0.7520518950411054, 0.7584866226967263, 0.7648037954903092, 0.7710044052285315, 0.7770895525098629, 0.7830604375683904, 0.7889183514210915, 0.794664667338176, 0.8003008326520745, 0.8058283609168895, 0.8112488244266725, 0.8165638470977321, 0.8217750977173198, 0.8268842835584761, 0.8318931443585361, 0.8368034466567859, 0.841616978485008, 0.8463355444031526, 0.850960960871092, 0.8554950519463557, 0.8599396452968767, 0.8642965685170944, 0.868567645735239, 0.8727546944992514, 0.8768595229285481, 0.8808839271187259, 0.884829688786278, 0.8886985731404712, 0.8924923269696842, 0.89621267692973, 0.8998613280219598, 0.903439962249274, 0.9069502374385243, 0.9103937862181927, 0.9137722151406421, 0.9170871039386772, 0.9203400049065926, 0.9235324423963476, 0.9266659124199559, 0.9297418823496392, 0.9327617907077408, 0.9357270470388412, 0.9386390318569517, 0.9414990966610839, 0.9443085640129065, 0.9470687276705961, 0.9497808527733695, 0.9524461760715548, 0.955065906197407, 0.9576412239722102, 0.9601732827455267, 0.9626632087627561, 0.9651121015574537, 0.967521034365129, 0.9698910545555016, 0.972223184080431, 0.9745184199349636, 0.9767777346291541, 0.9790020766685151, 0.9811923710411367, 0.9833495197096899, 0.9854744021066932, 0.9875678756315667, 0.9896307761481444, 0.9916639184814438, 0.9936680969126084, 0.9956440856710592, 0.9975926394229864, 0.9995144937554121, 1.0014103656551447, 1.0032809539820216, 1.0051269399359164, 1.006948987517054, 1.0087477439792372, 1.0105238402756502, 1.0122778914969552, 1.0140104973014448, 1.01572224233706, 1.0174136966551206, 1.0190854161156528, 1.0207379427842307, 1.0223718053202784, 1.0239875193568064, 1.0255855878715792, 1.0271665015497329, 1.0287307391378826, 1.0302787677897745, 1.0318110434035526, 1.0333280109507257, 1.0348301047969313, 1.0363177490146005, 1.0377913576876443, 1.0392513352082802, 1.0406980765661313, 1.0421319676297358, 1.043553385420603, 1.0449626983799636, 1.0463602666283616, 1.0477464422182337, 1.049121569379634, 1.0504859847592511, 1.0518400176528717, 1.0531839902314468, 1.0545182177609105, 1.0558430088159054, 1.057158665487564, 1.0584654835854992, 1.059763752834149, 1.061053757063624, 1.0623357743952035, 1.0636100774216193, 1.0648769333822705, 1.0661366043335057, 1.0673893473141092, 1.0686354145061214, 1.0698750533911257, 1.0711085069021273, 1.07233601357115, 1.0735578076726693, 1.074774119363005, 1.0759851748157832, 1.0771911963535856, 1.078392402575893, 1.0795890084834296, 1.080781225599014, 1.0819692620850156, 1.0831533228575185, 1.0843336096972815, 1.0855103213575956, 1.0866836536691202, 1.087853799641792, 1.0890209495638863, 1.090185291098315, 1.0913470093762399, 1.092506287088077, 1.093663304571968, 1.0948182398997872, 1.0959712689607572, 1.0971225655427366, 1.0982723014112459, 1.0994206463862943, 1.1005677684170667, 1.1017138336545265, 1.102859006521995, 1.104003449783756, 1.1051473246117396, 1.1062907906503334, 1.1074340060793708, 1.1085771276753393, 1.1097203108708535, 1.1108637098124352, 1.1120074774166417, 1.1131517654245766, 1.1142967244548243, 1.1154425040548412, 1.1165892527508356, 1.1177371180961702, 1.1188862467183158, 1.1200367843643855, 1.121188875945276, 1.122342665578442, 1.1234982966293277, 1.1246559117514765, 1.1258156529253447, 1.1269776614958333, 1.1281420782085618, 1.129309043244897, 1.130478696255757, 1.1316511763942025, 1.1328266223468304, 1.1340051723639808, 1.1351869642887704, 1.1363721355849625, 1.1375608233636805, 1.1387531644089768, 1.1399492952022596, 1.1411493519455869, 1.142353470583831, 1.14356178682572, 1.1447744361637542, 1.1459915538930054, 1.1472132751287965, 1.1484397348232627, 1.1496710677807942, 1.1509074086723585, 1.1521488920487009, 1.1533956523524185, 1.154647823928906]]"
40.0,40.0,3,120,180,I1-S1,"[[0.01, 0.009218546420913139, 0.008861068736292907, 0.008775057937429897, 0.008868444750960292, 0.009085526230337494, 0.009392541346030615, 0.009769039976852066, 0.010202694120153124, 0.010686176951679687, 0.01121528035838623, 0.011787776002910776, 0.012402723441118748, 0.013060047616587704, 0.013760279176311231, 0.014504393635528664, 0.015293710925309506, 0.01612983214160586, 0.017014599482077102, 0.017950070862132027, 0.01893850401324952, 0.019982346863684684, 0.021084232210155936, 0.022246975423919006, 0.02347357438433669, 0.0247672111106542, 0.02613125473597521, 0.02756926557712437, 0.029085000124688093, 0.030682416823843796, 0.03236568254758387, 0.03413917968507732, 0.036007513782540135, 0.03797552168417874, 0.040048280127827574, 0.042231114754644486, 0.044529609495184926, 0.04694961629569305, 0.049497265148752294, 0.0521789743916797, 0.055001461234328634, 0.05797175247534552, 0.06109719536244838, 0.06438546854797768, 0.06784459308581933, 0.07148294340981115, 0.07530925822690389, 0.07933265125063707, 0.0835626216918826, 0.08800906441427798, 0.0926822796512867, 0.09759298217035406, 0.10275230975714601, 0.10817183087933806, 0.11386355137484226, 0.11983991999370804, 0.12611383260620312, 0.1326986348717833, 0.13960812314481585, 0.146856543373077, 0.1544585877242595, 0.1624293886540987, 0.17078451010737455, 0.17953993552013497, 0.18871205226821458, 0.19831763218374251, 0.20837380773814945, 0.2188980434675625, 0.22990810219485203, 0.24142200558247476, 0.2534579885322337, 0.26603444693282413, 0.2791698782443298, 0.2928828144015434, 0.3071917465160814, 0.3221150408618226, 0.3376708456404005, 0.35387698804459355, 0.37075086116885875, 0.3883093003593844, 0.4065684486524035, 0.42554361102065935, 0.44524909723539474, 0.4656980532565691, 0.48690228118862755, 0.5088720479843589, 0.531615883246282, 0.5551403666644106, 0.5794499058416271, 0.6045465054932297, 0.630429529264955, 0.6570954556926789, 0.6845376301250577, 0.7127460147447043, 0.7417069391502276, 0.7714028542956606, 0.8018120929193868, 0.8329086399243874, 0.8646619164870444, 0.8970365819632548, 0.9299923579176013, 0.9634838788122492, 0.9974605740448587, 1.0318665861065093, 1.0666407296287537, 1.1017164959912302, 1.137022107956407, 1.172480628476156, 1.2080101273681685, 1.243523908983602, 1.278930803279025, 1.314135521867725, 1.349039079664246, 1.3835392816627299, 1.4175312732204688, 1.4509081509740827, 1.4835616302229397, 1.5153827633031505, 1.5462627021797564, 1.576093497241479, 1.604768923130065, 1.6321853214136408, 1.6582424490581222, 1.6828443209973583, 1.705900365648448, 1.7273294978625549, 1.7470621978678416, 1.765038661261227, 1.7812074925802566, 1.7955250753081133, 1.8079553642127102, 1.8184699225311562, 1.8270480803175757, 1.8336771290190526, 1.838352495274865, 1.8410778570860813, 1.841865180052808, 1.840734661884021, 1.8377145809650022, 1.8328410502156698, 1.8261576813560025, 1.8177151674150203, 1.8075707931636906, 1.7957878843241553, 1.7824352070552467, 1.767586329445761, 1.7513189566442762, 1.7337142508817347, 1.7148561470532393, 1.6948306737635468, 1.673725288846393, 1.651628237377057, 1.628627939143425, 1.604812411453367, 1.5802687320628026, 1.5550825459337134, 1.5293376184957665, 1.50311543710699, 1.4764948615025928, 1.4495518231976394, 1.4223590730766664, 1.3949859757661685, 1.3674983488459893, 1.3399583445123124, 1.3124243709552135, 1.284951050452878, 1.257589211006366, 1.2303859082359772, 1.2033844742248065, 1.176624590018574, 1.1501423785647256, 1.1239705149897252, 1.0981383512632583, 1.072672052474148, 1.047594742138079, 1.0229266541653743, 0.9986852893324295, 0.9748855743180496, 0.9515400215817074, 0.928658888571136, 0.9062503349489295, 0.8843205767197336, 0.8628740363195782, 0.8419134878957888, 0.8214401971590667, 0.8014540553284139, 0.7819537068146355, 0.7629366703994347, 0.744399453765098, 0.7263376613151034, 0.7087460952993957, 0.6916188503204185, 0.674949401348133, 0.6587306854151024, 0.6429551771971712, 0.6276149587122108, 0.6127017833896885, 0.5982071347782562, 0.5841222801679135, 0.5704383194082818, 0.5571462292057877, 0.5442369031806904, 0.5317011879604292, 0.5195299155792025, 0.507713932445438, 0.49624412512926036, 0.4851114432115213, 0.47430691942473224, 0.4638216873045494, 0.4536469965585379, 0.44377422634693864, 0.4341948966582353, 0.4249006779505788, 0.4158833992186745, 0.4071350546346402, 0.398647808900663, 0.3904140014410593, 0.38242614955160253, 0.3746769506147482, 0.3671592834806626, 0.3598662091057503, 0.35279097053267444, 0.3459269922886611, 0.3392678792721585, 0.3328074151916761, 0.32653956061482386, 0.32045845068020484, 0.3145583925198487, 0.3088338624352967, 0.30327950286623545, 0.29789011918670266, 0.2926606763603371, 0.2875862954828893, 0.28266225023723396, 0.2778839632834069, 0.2732470026037112, 0.26874707782068025, 0.2643800365036335, 0.26014186047769694, 0.25602866214747116, 0.2520366808459993, 0.24816227921830386, 0.24440193964751203, 0.24075226073046227, 0.2372099538086716, 0.23377183955963105, 0.23043484465257846, 0.2271959984721661, 0.22405242991278465, 0.22100136424572087, 0.21804012006080564, 0.21516610628374727, 0.21237681926993437, 0.20966983997513153, 0.20704283120317177, 0.20449353493047032, 0.20201976970693902, 0.19961942813266859, 0.19729047440956118, 0.19503094196693732, 0.19283893116000547, 0.19071260703996826, 0.18865019719444262, 0.1866499896567916, 0.1847103308829012, 0.18282962379388304, 0.18100632588314478, 0.1792389473862401, 0.17752604951189013, 0.17586624273255572, 0.17425818513293587, 0.17270058081476788, 0.17119217835631284, 0.1697317693249207, 0.16831818684108596, 0.16695030419242354, 0.16562703349601762, 0.1643473244076208, 0.16311016287620805, 0.16191456994241976, 0.16075960057945757, 0.15964434257502905, 0.15856791545297003, 0.15752946943320598, 0.15652818442874797, 0.15556326907845308, 0.15463395981431258, 0.153739519962066, 0.15287923887397273, 0.15205243109260702, 0.15125843554457524, 0.1504966147630875, 0.14976635413834838, 0.14906706119476318, 0.1483981648939876, 0.14775911496287983, 0.14714938124544352, 0.1465684530778799, 0.1460158386858959, 0.14549106460344283, 0.14499367511208766, 0.14452323170024514, 0.14407931254152467, 0.14366151199147073, 0.1432694401019998, 0.14290272215286035, 0.14256099819946444, 0.14224392263646218, 0.14195116377645065, 0.14168240344322997, 0.14143733657903865, 0.1412156708652192, 0.14101712635578365, 0.14084143512336633, 0.14068834091706775, 0.1405575988317106, 0.1404489749880441, 0.14036224622344834, 0.1402971997927046, 0.1402536330784123, 0.14023135331064548, 0.14023017729545628, 0.1402499311518436, 0.14029045005681828, 0.14035157799820708, 0.14043316753484827, 0.14053507956384304, 0.140657183094536, 0.14079935502890856, 0.14096147994807715, 0.1411434499045981, 0.1413451642202885, 0.14156652928928107, 0.14180745838603834, 0.142067871478059, 0.14234769504301598, 0.14264686189007317, 0.14296531098513326, 0.14330298727977592, 0.14365984154365102, 0.1440358302000974, 0.1444309151647627, 0.14484506368700534, 0.1452782481938639, 0.1457304461363844, 0.14620163983809997, 0.14669181634546213, 0.14720096728002616, 0.14772908869219795, 0.14827618091635222, 0.14884224842713706, 0.1494272996967816, 0.15003134705322801, 0.15065440653891218, 0.15129649777001958, 0.15195764379604723, 0.15263787095950432, 0.1533372087555876, 0.15405568969167047, 0.1547933491464469, 0.15555022522857478, 0.15632635863466515, 0.1571217925064673, 0.15793657228710165, 0.15877074557619558, 0.15962436198377955]]","[[0.01, 0.011673645222856313, 0.01362924433757481, 0.01580189464430657, 0.018156397925251887, 0.020675352717529058, 0.02335205453865829, 0.026186292720172387, 0.029181856992821803, 0.03234506698174835, 0.03568391156424221, 0.03920755208929538, 0.042926042533138226, 0.04685017891849245, 0.05099142574724527, 0.055361888360897164, 0.05997431278107043, 0.0648421021226534, 0.06997934316614227, 0.07540083935025631, 0.08112214803442833, 0.08715962082167769, 0.09353044628752266, 0.10025269478631545, 0.10734536519593929, 0.114828433570754, 0.1227229037340649, 0.1310508598748331, 0.1398355212304407, 0.14910129894489546, 0.15887385519388098, 0.1691801646668239, 0.18004857849293726, 0.1915088906937056, 0.2035924072388373, 0.21633201777645705, 0.2297622701012525, 0.24391944741635663, 0.2588416484358353, 0.2745688703646103, 0.29114309478133094, 0.30860837643693, 0.32701093496718375, 0.3463992495013366, 0.3668241561305462, 0.38833894817932907, 0.41099947920011914, 0.43486426858523947, 0.45999460966179145, 0.4864546801029144, 0.5143116544532993, 0.5436358185274659, 0.5745006853958579, 0.6069831126259752, 0.6411634203932676, 0.6771255100190626, 0.7149569824301172, 0.754749255966201, 0.7965976828881897, 0.8406016638592422, 0.8868647595855897, 0.9354947987111168, 0.9866039809612017, 1.040308974426202, 1.0967310057635875, 1.1559959419802506, 1.2182343623332488, 1.2835816187586582, 1.3521778831049198, 1.4241681793099286, 1.4997023985211464, 1.5789352950165567, 1.662026460642871, 1.7491402753479541, 1.8404458312491792, 1.9361168275509322, 2.0363314335057874, 2.141272116508304, 2.2511254323218512, 2.3660817743715623, 2.486335078995207, 2.612082483533548, 2.743523934168212, 2.8808617404840957, 3.024300073851129, 3.1740444068931746, 3.330300891546554, 3.4932756735136046, 3.663174141294119, 3.840200108435386, 4.024554928185113, 4.216436540365137, 4.416038451010718, 4.623548646142026, 4.839148441951017, 5.063011274695875, 5.295301434691669, 5.536172749962012, 5.78576722636136, 6.044213652276593, 6.311626177351707, 6.588102876028794, 6.8737243080365005, 7.168552089254592, 7.472627487607585, 7.785970059756451, 8.108576345327657, 8.440418636204624, 8.78144383896923, 9.131572448882325, 9.490697653796973, 9.858684586074665, 10.235369739896989, 10.620560570314032, 11.014035288935498, 11.415542869350185, 11.824803273164292, 12.241507905000265, 12.665320301929603, 13.095877059670412, 13.532788994520594, 13.975642536487381, 14.424001345489295, 14.877408138929525, 15.33538706386884, 15.797449610822465, 16.263099536999903, 16.73183375492676, 17.20314333494657, 17.67651494128187, 18.151432587430325, 18.627379617680365, 19.103840837065057, 19.580304724318385, 20.056265672307855, 20.531226208664272, 21.004699156389407, 21.47620970042699, 21.945297331761026, 22.41151764570987, 22.874443975810845, 23.333668849094142, 23.788805252652978, 24.239487705236634, 24.685373131119025, 25.12614153671632, 25.56149649332871, 25.99116543195096, 26.414899758324157, 26.83247479828223, 27.243689584982416, 27.64836650080504, 28.046350787578174, 28.43750993934361, 28.821732992155567, 29.198929725417635, 29.56902978904603, 29.93198177032836, 30.28775221375782, 30.636324606394496, 30.977698340467832, 31.311887664016673, 31.63892062939146, 31.958838048442093, 32.27169246220554, 32.57754713190869, 32.87647505712955, 33.16855802602739, 33.453885701669165, 33.732554747654376, 34.00466799547829, 34.27033365537764, 34.529664571775314, 34.7827775238815, 35.02979257151614, 35.27083244579026, 35.50602198391779, 35.735487607121556, 35.9593568403432, 36.17775787226191, 36.39081915396712, 36.59866903451089, 36.80143543148167, 36.9992455346893, 37.19222554102571, 37.38050041856463, 37.56419369798191, 37.743427289412836, 37.91832132291146, 38.08899401073633, 38.25556152975455, 38.418137922330395, 38.576835014143235, 38.731762347460894, 38.88302712847764, 39.03073418740926, 39.1749859501202, 39.31588242013942, 39.45352117000038, 39.58799734091771, 39.71940364988649, 39.84783040336088, 39.9733655167359, 40.096094538919616, 40.21610068134316, 40.333464850812376, 40.44826568565769, 40.56057959468802, 40.670480798500854, 40.77804137274278, 40.883331292954765, 40.98641848067267, 41.0873688504872, 41.186246357798666, 41.28311304703011, 41.37802910008859, 41.47105288488811, 41.56224100376957, 41.651648341672846, 41.73932811393411, 41.82533191359797, 41.9097097581488, 41.99251013557891, 42.07378004972364, 42.153565064804056, 42.23190934912795, 42.308855717908635, 42.38444567516881, 42.45871945470412, 42.53171606008692, 42.60347330369686, 42.67402784476935, 42.74341522645786, 42.81166991190951, 42.878825319357006, 42.94491385623296, 43.00996695231511, 43.074015091913274, 43.137087845110884, 43.19921389807538, 43.2604210824534, 43.32073640386767, 43.380186069533586, 43.43879551501414, 43.49658943013269, 43.5535917840632, 43.6098258496184, 43.665314226756, 43.72007886532373, 43.77414108706366, 43.82752160689657, 43.88024055350655, 43.93231748924649, 43.98377142938426, 44.03462086070966, 44.084883759521595, 44.13457760901482, 44.183719416085005, 44.232325727570796, 44.28041264595093, 44.32799584451417, 44.37509058201937, 44.421711716862546, 44.46787372076751, 44.51359069201591, 44.55887636823253, 44.60374413874079, 44.64820705650326, 44.69227784966159, 44.735968932689524, 44.77929241717256, 44.822260122227384, 44.86488358457351, 44.907174068269484, 44.94914257412544, 44.99079984880347, 45.03215639361684, 45.07322247303877, 45.11400812293116, 45.15452315850314, 45.1947771820092, 45.23477959019611, 45.274539581507774, 45.314066163056445, 45.35336815736894, 45.39245420891572, 45.43133279043073, 45.470012209029456, 45.508500612132465, 45.54680599320137, 45.58493619729394, 45.62289892644493, 45.66070174487864, 45.69835208405945, 45.735857247586026, 45.773224415934706, 45.8104606510575, 45.84757290083987, 45.88456800342325, 45.921452691396965, 45.958233595864435, 45.99491725038774, 46.031510094815104, 46.06801847899512, 46.104448666381955, 46.14080683753499, 46.17709909351679, 46.21333145919275, 46.249509886435845, 46.28564025723961, 46.32172838674262, 46.357780026167184, 46.39380086567537, 46.42979653714489, 46.46577261686759, 46.501734628172954, 46.53768804397912, 46.57363828927364, 46.60959074352627, 46.64555074303582, 46.68152358321308, 46.71751452080184, 46.75352877603978, 46.78957153476091, 46.82564795044145, 46.861763146190484, 46.89792221668712, 46.93413023006547, 46.97039222974886, 47.00671323623459, 47.04309824883043, 47.079552247344076, 47.116080193726546, 47.15268703367074, 47.18937769816593, 47.226157105009214, 47.26303016027478, 47.30000175974172, 47.33707679028116, 47.37426013120342, 47.41155665556574, 47.44897123144126, 47.48650872314972, 47.524173992450315, 47.56197189969719, 47.599907304957945, 47.63798506909542, 47.676210054813104, 47.714587127664345, 47.75312115702558, 47.79181701703377, 47.830679587487985, 47.86971375471541, 47.908924412401596, 47.94831646238504, 47.98789481541598, 48.027664391879306, 48.06763012248145, 48.10779694890101, 48.14816982440298, 48.18875371441621, 48.2295535970739, 48.27057446371672, 48.311821319358174, 48.353299183111865, 48.39501308858019]]","[array([6.37688001e-05, 6.00799169e-05, 5.86665222e-05, 5.87302979e-05,
       5.97889172e-05, 6.15503040e-05, 6.38373909e-05, 6.65431202e-05,
       6.96033028e-05, 7.29802903e-05, 7.66531138e-05, 8.06115066e-05,
       8.48522652e-05, 8.93770200e-05, 9.41908612e-05, 9.93014839e-05,
       1.04718653e-04, 1.10453862e-04, 1.16520125e-04, 1.22931832e-04,
       1.29704674e-04, 1.36855588e-04, 1.44402735e-04, 1.52365492e-04,
       1.60764458e-04, 1.69621469e-04, 1.78959618e-04, 1.88803294e-04,
       1.99178208e-04, 2.10111442e-04, 2.21631489e-04, 2.33768305e-04,
       2.46553358e-04, 2.60019691e-04, 2.74201972e-04, 2.89136561e-04,
       3.04861572e-04, 3.21416939e-04, 3.38844485e-04, 3.57187989e-04,
       3.76493258e-04, 3.96808199e-04, 4.18182892e-04, 4.40669665e-04,
       4.64323162e-04, 4.89200421e-04, 5.15360944e-04, 5.42866770e-04,
       5.71782538e-04, 6.02175561e-04, 6.34115885e-04, 6.67676345e-04,
       7.02932626e-04, 7.39963306e-04, 7.78849896e-04, 8.19676878e-04,
       8.62531721e-04, 9.07504900e-04, 9.54689889e-04, 1.00418315e-03,
       1.05608411e-03, 1.11049509e-03, 1.16752125e-03, 1.22727051e-03,
       1.28985341e-03, 1.35538298e-03, 1.42397456e-03, 1.49574560e-03,
       1.57081540e-03, 1.64930484e-03, 1.73133605e-03, 1.81703206e-03,
       1.90651633e-03, 1.99991231e-03, 2.09734291e-03, 2.19892990e-03,
       2.30479326e-03, 2.41505046e-03, 2.52981566e-03, 2.64919887e-03,
       2.77330499e-03, 2.90223284e-03, 3.03607403e-03, 3.17491183e-03,
       3.31881990e-03, 3.46786102e-03, 3.62208568e-03, 3.78153061e-03,
       3.94621734e-03, 4.11615054e-03, 4.29131651e-03, 4.47168146e-03,
       4.65718988e-03, 4.84776289e-03, 5.04329656e-03, 5.24366030e-03,
       5.44869528e-03, 5.65821298e-03, 5.87199378e-03, 6.08978569e-03,
       6.31130332e-03, 6.53622693e-03, 6.76420180e-03, 6.99483779e-03,
       7.22770924e-03, 7.46235516e-03, 7.69827975e-03, 7.93495335e-03,
       8.17181372e-03, 8.40826781e-03, 8.64369386e-03, 8.87744405e-03,
       9.10884749e-03, 9.33721369e-03, 9.56183643e-03, 9.78199804e-03,
       9.99697399e-03, 1.02060379e-02, 1.04084666e-02, 1.06035457e-02,
       1.07905752e-02, 1.09688748e-02, 1.11377902e-02, 1.12966982e-02,
       1.14450238e-02, 1.15822656e-02, 1.17079936e-02, 1.18218376e-02,
       1.19234811e-02, 1.20126586e-02, 1.20891551e-02, 1.21528068e-02,
       1.22035023e-02, 1.22411839e-02, 1.22658487e-02, 1.22775487e-02,
       1.22763912e-02, 1.22625380e-02, 1.22362038e-02, 1.21976545e-02,
       1.21472049e-02, 1.20852150e-02, 1.20120873e-02, 1.19282624e-02,
       1.18342151e-02, 1.17304501e-02, 1.16174973e-02, 1.14959073e-02,
       1.13662471e-02, 1.12290954e-02, 1.10850381e-02, 1.09346645e-02,
       1.07785631e-02, 1.06173177e-02, 1.04515044e-02, 1.02816881e-02,
       1.01084198e-02, 9.93223426e-03, 9.75364756e-03, 9.57315543e-03,
       9.39123171e-03, 9.20832707e-03, 9.02486814e-03, 8.84125681e-03,
       8.65786988e-03, 8.47505882e-03, 8.29314991e-03, 8.11244441e-03,
       7.93321897e-03, 7.75572622e-03, 7.58019541e-03, 7.40683325e-03,
       7.23582470e-03, 7.06733397e-03, 6.90150551e-03, 6.73846501e-03,
       6.57832047e-03, 6.42116327e-03, 6.26706922e-03, 6.11609962e-03,
       5.96830231e-03, 5.82371266e-03, 5.68235459e-03, 5.54424148e-03,
       5.40937713e-03, 5.27775657e-03, 5.14936696e-03, 5.02418832e-03,
       4.90219429e-03, 4.78335286e-03, 4.66762695e-03, 4.55497509e-03,
       4.44535193e-03, 4.33870881e-03, 4.23499422e-03, 4.13415423e-03,
       4.03613295e-03, 3.94087284e-03, 3.84831511e-03, 3.75839998e-03,
       3.67106700e-03, 3.58625529e-03, 3.50390375e-03, 3.42395131e-03,
       3.34633706e-03, 3.27100044e-03, 3.19788137e-03, 3.12692041e-03,
       3.05805883e-03, 2.99123871e-03, 2.92640305e-03, 2.86349581e-03,
       2.80246198e-03, 2.74324763e-03, 2.68579997e-03, 2.63006733e-03,
       2.57599924e-03, 2.52354641e-03, 2.47266076e-03, 2.42329543e-03,
       2.37540476e-03, 2.32894430e-03, 2.28387084e-03, 2.24014232e-03,
       2.19771789e-03, 2.15655789e-03, 2.11662378e-03, 2.07787817e-03,
       2.04028480e-03, 2.00380850e-03, 1.96841517e-03, 1.93407175e-03,
       1.90074625e-03, 1.86840765e-03, 1.83702591e-03, 1.80657197e-03,
       1.77701769e-03, 1.74833582e-03, 1.72050003e-03, 1.69348482e-03,
       1.66726553e-03, 1.64181832e-03, 1.61712011e-03, 1.59314862e-03,
       1.56988229e-03, 1.54730027e-03, 1.52538242e-03, 1.50410928e-03,
       1.48346201e-03, 1.46342244e-03, 1.44397300e-03, 1.42509669e-03,
       1.40677713e-03, 1.38899844e-03, 1.37174533e-03, 1.35500298e-03,
       1.33875711e-03, 1.32299390e-03, 1.30770002e-03, 1.29286258e-03,
       1.27846913e-03, 1.26450765e-03, 1.25096653e-03, 1.23783455e-03,
       1.22510087e-03, 1.21275502e-03, 1.20078692e-03, 1.18918678e-03,
       1.17794519e-03, 1.16705304e-03, 1.15650154e-03, 1.14628220e-03,
       1.13638682e-03, 1.12680749e-03, 1.11753655e-03, 1.10856664e-03,
       1.09989061e-03, 1.09150160e-03, 1.08339295e-03, 1.07555826e-03,
       1.06799133e-03, 1.06068619e-03, 1.05363708e-03, 1.04683842e-03,
       1.04028485e-03, 1.03397119e-03, 1.02789243e-03, 1.02204375e-03,
       1.01642049e-03, 1.01101817e-03, 1.00583247e-03, 1.00085920e-03,
       9.96094341e-04, 9.91534021e-04, 9.87174501e-04, 9.83012178e-04,
       9.79043583e-04, 9.75265376e-04, 9.71674339e-04, 9.68267376e-04,
       9.65041505e-04, 9.61993859e-04, 9.59121681e-04, 9.56422319e-04,
       9.53893223e-04, 9.51531946e-04, 9.49336136e-04, 9.47303535e-04,
       9.45431978e-04, 9.43719386e-04, 9.42163770e-04, 9.40763221e-04,
       9.39515914e-04, 9.38420102e-04, 9.37474114e-04, 9.36676355e-04,
       9.36025300e-04, 9.35519498e-04, 9.35157564e-04, 9.34938180e-04,
       9.34860094e-04, 9.34922114e-04, 9.35123112e-04, 9.35462019e-04,
       9.35937824e-04, 9.36549571e-04, 9.37296360e-04, 9.38177344e-04,
       9.39191729e-04, 9.40338770e-04, 9.41617771e-04, 9.43028086e-04,
       9.44569113e-04, 9.46240296e-04, 9.48041124e-04, 9.49971128e-04,
       9.52029880e-04, 9.54216993e-04, 9.56532121e-04, 9.58974953e-04,
       9.61545218e-04, 9.64242680e-04, 9.67067137e-04, 9.70018423e-04,
       9.73096404e-04, 9.76300977e-04, 9.79632072e-04, 9.83089648e-04,
       9.86673692e-04, 9.90384221e-04, 9.94221278e-04, 9.98184932e-04,
       1.00227528e-03, 1.00649244e-03, 1.01083655e-03, 1.01530777e-03,
       1.01990631e-03, 1.02463235e-03, 1.02948613e-03, 1.03446789e-03,
       1.03957790e-03, 1.04481644e-03, 1.05018379e-03, 1.05568027e-03,
       1.06130621e-03])]","[[0, 6.376880005047202e-05, 0.00012384871691641303, 0.0001825152391396538, 0.00024124553699458675, 0.0003010344542127678, 0.00036258475825006934, 0.0004264221491771511, 0.0004929652694199656, 0.0005625685722095756, 0.0006355488624897656, 0.0007122019762697301, 0.0007928134829095967, 0.0008776657481014219, 0.0009670427680762087, 0.0010612336292303507, 0.0011605351131366475, 0.0012652537657414946, 0.0013757076281575367, 0.001492227752938293, 0.0016151595849656832, 0.001744864258649169, 0.0018817198461653696, 0.002026122580841466, 0.002178488073028639, 0.0023392525314311634, 0.002508873999950381, 0.002687833618122304, 0.0028766369118377304, 0.003075815120027316, 0.003285926562241483, 0.0035075580514739363, 0.0037413263561142107, 0.003987879714533166, 0.0042478994054807725, 0.004522101377189939, 0.004811237937819939, 0.005116099509627627, 0.0054375164490151435, 0.005776360934361836, 0.006133548923298763, 0.006510042180820378, 0.006906850379343777, 0.007325033271515818, 0.007765702936226674, 0.008230026097909559, 0.008719226518784814, 0.009234587463236427, 0.009777454232984645, 0.010349236771133414, 0.010951412332519807, 0.01158552821706784, 0.012253204562044463, 0.012956137188224338, 0.01369610049398507, 0.014474950390268948, 0.015294627268153607, 0.016157158989465393, 0.01706466388943828, 0.018019353778861432, 0.019023536931463123, 0.020079621040442027, 0.02119011612607343, 0.02235763737418356, 0.023584907882996702, 0.024874761293415794, 0.026230144275197383, 0.027654118838729747, 0.02914986443922253, 0.030720679837076714, 0.032369984675036684, 0.03410132072944759, 0.035918352789572484, 0.03782486911549118, 0.03982478142163889, 0.041922124329587244, 0.044121054230269775, 0.0464258474925639, 0.048840897952025765, 0.05137071361070591, 0.05401991247643643, 0.05679321746786722, 0.05969545030994329, 0.06273152434357211, 0.06590643617305197, 0.06922525607555365, 0.07269311709870836, 0.07631520277530374, 0.08009673338837639, 0.08404295072577027, 0.08815910127065343, 0.0924504177837002, 0.09692209924378337, 0.10157928912720314, 0.10642705202079972, 0.11147034858182375, 0.11671400887720211, 0.1221627041568214, 0.1278209171395926, 0.13369291091722954, 0.13978269660867806, 0.14609399992770244, 0.15263022685692573, 0.15939442865319695, 0.16638926644100857, 0.1736169756822135, 0.18107933084081165, 0.18877761059034978, 0.19671256393768988, 0.20488437765970705, 0.2132926454679986, 0.22193633933005028, 0.23081378338266853, 0.23992263087405974, 0.24925984456402664, 0.2588216809967818, 0.26860367903743765, 0.2786006530310938, 0.28880669090259337, 0.29921515746568655, 0.3098187031530007, 0.3206092783136036, 0.33157815315405637, 0.34271594332291333, 0.3540126415122179, 0.3654576652716859, 0.37703993088654697, 0.38874792451079304, 0.4005697621393848, 0.4124932432720456, 0.4245059019017563, 0.4365950570168627, 0.44874786381162296, 0.4609513661116711, 0.473192550052805, 0.48545839874229074, 0.49773594743731436, 0.5100123386634537, 0.5222748766440526, 0.5345110804024469, 0.5467087349209051, 0.5588559397838734, 0.5709411547919296, 0.5829532421016229, 0.5948815045211373, 0.6067157196693653, 0.6184461697840115, 0.6300636670407594, 0.6415595743187253, 0.65292582141607, 0.6641549167827541, 0.6752399548942335, 0.6861746194398637, 0.6969531825426037, 0.7075705002621498, 0.7180220046619202, 0.7283036927415655, 0.7384121125512045, 0.7483443468118242, 0.7580979943687495, 0.7676711498023678, 0.777062381513, 0.7862707085855966, 0.7952955767254487, 0.8041368335389695, 0.8127947034144364, 0.8212697622369656, 0.8295629121504262, 0.8376753565569962, 0.8456085755230077, 0.8533643017380147, 0.8609444971529329, 0.8683513304029105, 0.8755871551014895, 0.8826544890747547, 0.8895559945876593, 0.8962944595996196, 0.9028727800728182, 0.9092939433444542, 0.9155610125633965, 0.9216771121822906, 0.9276454144880818, 0.9334691271470671, 0.939151481734896, 0.9446957232173149, 0.9501051003437975, 0.9553828569134355, 0.9605322238704775, 0.9655564121856194, 0.970458606478473, 0.9752419593364972, 0.9799095862859731, 0.984464561371301, 0.9889099132998902, 0.9932486221111807, 0.9974836163297931, 1.0016177705644285, 1.0056539035158738, 1.0095947763592843, 1.0134430914677768, 1.0172014914462513, 1.020872558446238, 1.0244588137344273, 1.0279627174893606, 1.0313866688025373, 1.0347330058618984, 1.0380040062973024, 1.0412018876691758, 1.0443288080830204, 1.047386866913876, 1.0503781056261772, 1.0533045086756996, 1.0561680044814707, 1.058970466456623, 1.0617137140881938, 1.064399514056829, 1.0670295813882347, 1.0696055806290379, 1.0721291270404698, 1.0746017878039853, 1.077025083233564, 1.079400487990029, 1.081729432293253, 1.0840133031286094, 1.086253445444477, 1.0884511633380032, 1.0906077212267122, 1.092724345003869, 1.0948022231758134, 1.0968425079797581, 1.0988463164807833, 1.1008147316469874, 1.1027488034019473, 1.1046495496538251, 1.1065179573006128, 1.1083549832111492, 1.1101615551816733, 1.1119385728677829, 1.1136869086917711, 1.1154074087254002, 1.117100893548244, 1.1187681590818017, 1.1204099773996383, 1.1220270975138618, 1.1236202461382858, 1.1251901284286638, 1.1267374287004108, 1.1282628111242552, 1.1297669204002838, 1.1312503824108553, 1.1327138048528766, 1.1341577778499428, 1.1355828745448455, 1.1369896516729643, 1.1383786501170514, 1.1397503954439252, 1.1411053984235813, 1.1424441555312295, 1.1437671494327593, 1.1450748494541296, 1.146367712035173, 1.147646181168296, 1.1489106888225482, 1.150161655353525, 1.1513994898995588, 1.1526245907646404, 1.1538373457885103, 1.1550381327043384, 1.1562273194844084, 1.1574052646742075, 1.1585723177153153, 1.159728819257471, 1.1608751014601875, 1.162011488284275, 1.1631382957736203, 1.1642558323275605, 1.165364398964178, 1.1664642895748358, 1.1675557911702594, 1.1686391841184613, 1.1697147423747996, 1.170782733704445, 1.1718434198975287, 1.1728970569772283, 1.1739438954010455, 1.174984180255515, 1.1760181514445838, 1.1770460438718815, 1.178068087617105, 1.1790845081067223, 1.1800955262792057, 1.1811013587449843, 1.1821022179413074, 1.1830983122822007, 1.1840898463036904, 1.185077020804464, 1.1860600329821323, 1.1870390765652477, 1.188014341941231, 1.1889860162803525, 1.1899542836559063, 1.1909193251607155, 1.1918813190200943, 1.192840440701395, 1.1937968630202602, 1.1947507562436932, 1.195702288190062, 1.1966516243261394, 1.197598927861285, 1.1985443598388692, 1.1994880792250302, 1.2004302429948583, 1.2013710062160952, 1.2023105221304315, 1.2032489422324835, 1.2041864163465281, 1.205123092701069, 1.2060591180013058, 1.2069946374995753, 1.2079297950638308, 1.208864733244221, 1.2097995933378303, 1.2107345154516367, 1.2116696385637447, 1.2126051005829432, 1.2135410384066416, 1.2144775879772296, 1.215414884336909, 1.2163530616810394, 1.217292253410041, 1.2182325921798935, 1.2191742099512688, 1.2201172380373333, 1.2210618071502537, 1.2220080474464399, 1.2229560885705522, 1.2239060596983056, 1.2248580895780945, 1.2258123065714661, 1.2267688386924631, 1.2277278136458623, 1.2286893588643262, 1.2296536015444877, 1.2306206686819872, 1.231590687105477, 1.2325637835096077, 1.2335400844870132, 1.234519716559302, 1.23550280620707, 1.2364894798989425, 1.2374798641196543, 1.2384740853971759, 1.2394722703288896, 1.2404745456068247, 1.2414810380419503, 1.2424918745875326, 1.2435071823615556, 1.2445270886682065, 1.2455517210184266, 1.2465812071495224, 1.247615675043837, 1.248655252946476, 1.2497000693820868, 1.2507502531706793, 1.251805933442487, 1.2528672396518568]]"
40.0,40.0,3,120,270,I0-S0,"[[0.01, 0.009218546420913139, 0.008861068736292907, 0.008775057937429897, 0.008868440707774384, 0.009085466859421694, 0.00939226317152596, 0.009768220451590925, 0.010200817636087028, 0.010682508280591087, 0.011208842390401066, 0.011777329841322695, 0.012386749562920699, 0.013036727190148782, 0.013727474867950402, 0.0144596293965875, 0.01523415036174627, 0.01605225514598991, 0.016915376863101305, 0.01782513674571382, 0.018783325816243836, 0.019791892659209193, 0.020852935314728763, 0.021968696042659146, 0.023141558152603478, 0.0243740443696406, 0.025668816376646662, 0.027028675282082165, 0.028456562831492855, 0.029955563226434976, 0.03152890544498826, 0.033179965978881246, 0.034912271916841625, 0.03672950431415169, 0.03863550179582033, 0.04063426434609521, 0.042729957240760515, 0.04492691508114816, 0.047229645890270844, 0.049642835232129603, 0.05217135031517552, 0.05482024404020063, 0.0575947589516626, 0.06050033104966017, 0.0635425934175101, 0.06672737961716188, 0.07006072680154801, 0.07354887848942614, 0.07719828694434117, 0.08101561509503916, 0.08500773793001377, 0.08918174329387833, 0.09354493200795004, 0.0981048172318279, 0.10286912297686658, 0.10784578167632476, 0.11304293071063122, 0.11846890777970766, 0.12413224500766273, 0.13004166165848433, 0.1362060553346762, 0.14263449152419014, 0.1493361913545879, 0.1563205174072367, 0.16359695743861807, 0.17117510585065365, 0.17906464274747833, 0.18727531041249645, 0.19581688703703842, 0.20469915753070675, 0.2139318812438011, 0.22352475643430017, 0.23348738131603214, 0.243829211531186, 0.2545595138995195, 0.26568731630884046, 0.2772213536269245, 0.28917000953433547, 0.3015412542010011, 0.31434257775721364, 0.3275809195423249, 0.3412625931521099, 0.3553932073488749, 0.36997758294713656, 0.3850196658422906, 0.4005224364102369, 0.4164878155724642, 0.4329165678935366, 0.4498082021560578, 0.4671608699416613, 0.4849712628348497, 0.5032345089588843, 0.5219440696484675, 0.5410916371615394, 0.560667034430737, 0.5806581179523183, 0.6010506850047749, 0.6218283864788187, 0.6429726466826046, 0.6644625915583731, 0.6862749868064493, 0.7083841874568322, 0.730762100454523, 0.7533781618292947, 0.7761993300009153, 0.7991900967241561, 0.8223125171017728, 0.8455262599859236, 0.8687886799475509, 0.8920549118180776, 0.9152779885980157, 0.9384089832832684, 0.9613971748834035, 0.9841902385993947, 1.0067344597946712, 1.0289749710372613, 1.0508560111178755, 1.0723212045654391, 1.093313859795231, 1.1137772836435722, 1.1336551096756056, 1.152891637308211, 1.1714321784776511, 1.1892234083101214, 1.2062143812068442, 1.2223634797378453, 1.2376415778164358, 1.252027451545389, 1.265504336501977, 1.2780578782736125, 1.2896749964498213, 1.3003433431391156, 1.3100511419901775, 1.31878726338028, 1.3265414381188194, 1.3333045435595254, 1.3390689175103234, 1.3438286700962823, 1.347579973954104, 1.3503213202662814, 1.352053733149344, 1.3527809384473224, 1.3525094854925348, 1.3512488221841397, 1.3490113250087503, 1.3458122865303024, 1.341669863507717, 1.3366049892278369, 1.3306412539160013, 1.3238047572416587, 1.316123936996055, 1.3076293780012873, 1.298353605228506, 1.288330864968557, 1.2775968977198655, 1.2661887062436148, 1.2541443219923163, 1.2415025728511933, 1.2283028548485329, 1.2145849101970825, 1.2003886137290947, 1.1857537694878233, 1.1707199189427648, 1.1553261620088549, 1.1396109917748438, 1.1236121435862367, 1.1073664588860463, 1.0909097639941314, 1.0742767638044899, 1.057500950200415, 1.0406145248303322, 1.0236483357523192, 1.0066318273423476, 0.9895930027693775, 0.9725583982685068, 0.9555530683901247, 0.9386005813669851, 0.921723023720702, 0.9049410132227194, 0.8882737193306459, 0.8717388902372909, 0.8553528856951595, 0.8391307148120221, 0.8230860780519618, 0.8072314127197062, 0.7915779412527707, 0.7761357216949055, 0.7609136997745111, 0.7459197620622241, 0.7311607897320128, 0.7166427124992384, 0.7023705623567084, 0.6883485267753596, 0.6745800010795293, 0.6610676397475742, 0.6478134064267066, 0.6348186224862368, 0.6220840139659044, 0.6096097568056457, 0.5973955202700352, 0.5854405085048263, 0.5737435001846102, 0.562302886229735, 0.5511167055874163, 0.5401826790865786, 0.5294982413885435, 0.5190605710663905, 0.5088666188548036, 0.49891313411965377, 0.4891966896025827, 0.4797137045006099, 0.4704604659444042, 0.46143314894148413, 0.452627834852345, 0.44404052846848335, 0.4356671737615869, 0.4275036683728884, 0.4195458769109236, 0.41178964312476707, 0.4042308010183143, 0.39686518496939854, 0.3896886389155284, 0.3826970246658643, 0.3758862293967482, 0.36925217238571817, 0.3627908110364904, 0.35649814624492104, 0.35037022715348193, 0.3444031553393234, 0.3385930884785697, 0.3329362435271127, 0.32742889945584736, 0.32206739957604047, 0.3168481534883447, 0.31176763868687346, 0.3068224018477385, 0.30200905982952697, 0.29732430041135527, 0.29276488279239044, 0.2883276378750665, 0.2840094683526528, 0.27980734862034184, 0.2757183245276217, 0.2717395129883757, 0.26786810146390805, 0.2641013473329273, 0.26043657716142343, 0.2568711858843508, 0.2534026359100691, 0.2500284561576, 0.2467462410359219, 0.24355364937374782, 0.24044840330750544, 0.23742828713456793, 0.2344911461381566, 0.23163488538975832, 0.22885746853436192, 0.226156916563321, 0.2235313065791902, 0.22097877055645673, 0.2184974941016961, 0.21608571521631983, 0.21374172306474856, 0.21146385675053786, 0.20925050410270124, 0.20710010047421615, 0.20501112755446105, 0.2029821121971132, 0.20101162526483846, 0.19909828049192071, 0.19724073336581344, 0.19543768002844294, 0.19368785619795553, 0.19199003611147428, 0.1903430314893177, 0.1887456905210288, 0.18719689687346938, 0.1856955687211502, 0.18424065779889126, 0.18283114847683812, 0.18146605685779893, 0.1801444298968115, 0.1788653445428016, 0.1776279069021492, 0.17643125142394225, 0.17527454010666213, 0.17415696172601655, 0.17307773108360902, 0.17203608827611225, 0.17103129798459266, 0.17006264878361796, 0.1691294524697652, 0.16823104340913597, 0.16736677790347548, 0.166536033574486, 0.16573820876591874, 0.16497272196302504, 0.16423901122894463, 0.16353653365760812, 0.1628647648427303, 0.16222319836247204, 0.16161134527935045, 0.16102873365497927, 0.16047490807922504, 0.15994942921336872, 0.15945187334686609, 0.15898183196730642, 0.15853891134317302, 0.1581227321190156, 0.15773292892265015, 0.15736914998400833, 0.1570310567652642, 0.15671832360187318, 0.15643063735416476, 0.15616769706913614, 0.15592921365210224, 0.15571490954786296, 0.15552451843105564, 0.15535778490536797, 0.15521446421129237, 0.15509432194210968, 0.15499713376779728, 0.15492268516656174, 0.1548707711637038, 0.1548411960775288, 0.15483377327202236, 0.15484832491601627, 0.15488468174857653, 0.15494268285034996, 0.15502217542061228, 0.15512301455976585, 0.1552450630570395, 0.15538819118314978, 0.15555227648768652, 0.15573720360099097, 0.15594286404029967, 0.15616915601993123, 0.15641598426529826, 0.15668325983053052, 0.15697089991949983, 0.1572788277100409, 0.15760697218116682, 0.15795526794308093, 0.15832365506979118, 0.15871207893413625, 0.15912049004503612, 0.15954884388678364, 0.15999710076019602, 0.1604652256254494, 0.16095318794642174, 0.16146096153637324, 0.16198852440479544, 0.16253585860526404, 0.16310295008413242, 0.16368978852990637, 0.16429636722314267, 0.16492268288671735, 0.16556873553631168, 0.16623452833096714, 0.16692006742356275, 0.1676253618110711, 0.16835042318445212, 0.1690952657780461, 0.16985990621833025, 0.17064436337190597, 0.1714486581925868]]","[[0.01, 0.011673645222856313, 0.01362924433757481, 0.01580189464430657, 0.018156393671428874, 0.02067528707880218, 0.023351731824252167, 0.026185296632255616, 0.029179471241578735, 0.03234019564606418, 0.0356749975362521, 0.03919249249701774, 0.0429021002793831, 0.046813889578084744, 0.050938499104770926, 0.05528710388134128, 0.059871408300658666, 0.06470365503348037, 0.0697966433487399, 0.07516375308451707, 0.08081897209194167, 0.08677692591191752, 0.09305290899662985, 0.09966291711055957, 0.10662368073238669, 0.1139526993852692, 0.12166827688158555, 0.12978955749895324, 0.1383365631187988, 0.14733023136380033, 0.1567924547701564, 0.16674612102717312, 0.1772151543114178, 0.18822455773639582, 0.19980045693173806, 0.21197014475842224, 0.22476212715864619, 0.23820617013061676, 0.2523333478096659, 0.2671760916276873, 0.28276824051282234, 0.29914509208052686, 0.31634345475553133, 0.33440170075167985, 0.35335981982310377, 0.3732594736855709, 0.3941440509910581, 0.41605872272154415, 0.4390504978496202, 0.4631682790936944, 0.48846291857424057, 0.5149872731546425, 0.5427962592256457, 0.5719469066661882, 0.6024984116853964, 0.634512188220757, 0.6680519175358927, 0.7031835956279672, 0.7399755780195358, 0.7784986214726792, 0.8188259221245621, 0.8610331495032533, 0.905198475840832, 0.9514026000576797, 0.9997287657476024, 1.0502627724483296, 1.1030929794362903, 1.1583103012387672, 1.2160081940110095, 1.2762826318811784, 1.3392320723226907, 1.4049574095723076, 1.473561915073956, 1.545151163893648, 1.6198329460209213, 1.6977171614480608, 1.7789156979010994, 1.8635422900875491, 1.9517123593262966, 2.0435428324365876, 2.139151938787044, 2.238658984443789, 2.342184102410654, 2.449847978025778, 2.561771548669333, 2.6780756770482737, 2.7988807974574628, 2.9243065345737382, 3.0544712945216936, 3.1894918281582694, 3.3294827667584124, 3.4745561305465364, 3.6248208108082944, 3.7803820266337866, 3.941340757685771, 4.107793154753011, 4.279829930237307, 4.4575357311298, 4.640988497454052, 4.830258809585272, 5.025409228291404, 5.2264936317761155, 5.433556554428685, 5.646632532393422, 5.86574546145271, 6.090907973063798, 6.322120834690313, 6.559372380815197, 6.802637981202361, 7.051879553080205, 7.30704512394198, 7.568068451587547, 7.834868707861129, 8.10735023226451, 8.385402361240873, 8.668899338429132, 8.95770031058277, 9.251649413133684, 9.550575948566161, 9.85429465985705, 10.162606100246851, 10.475297099546285, 10.792141326070423, 11.112899942145784, 11.437323049500277, 11.76515799767361, 12.096155623898701, 12.430068298187589, 12.766648031316235, 13.105645283049533, 13.44680828328507, 13.789882737975235, 14.134611829127355, 14.480736442477498, 14.827995572457658, 15.176126864867037, 15.524867265118779, 15.873953745261831, 16.223124086931954, 16.572117700448548, 16.92067646275401, 17.26854555898756, 17.615474314323475, 17.96121700436531, 18.3055336339243, 18.648190675452472, 18.98896175976704, 19.327628313001004, 19.663980134948826, 19.997815915144457, 20.328943684109365, 20.657181198236042, 20.98235625772364, 21.30430695785271, 21.62288187467176, 21.93794018686755, 22.24935173620171, 22.556997029418763, 22.860767184965706, 23.160563828213473, 23.45629893913893, 23.747894656617223, 24.035283043593118, 24.318405817452476, 24.597214049907322, 24.871667840646786, 25.141735968898242, 25.407395526894977, 25.668631539065416, 25.92543657055072, 26.177810328428375, 26.425759258775255, 26.66929614244932, 26.908439692209804, 27.143214153535215, 27.37364891124074, 27.59977810374461, 27.82164024658943, 28.039277866591334, 28.25273714776922, 28.462067589998806, 28.667321681143513, 28.868554583236147, 29.06582383312256, 29.259189057830813, 29.448711704796754, 29.63445478695867, 29.81648264262954, 29.99486070996442, 30.169655315762235, 30.34093347827453, 30.50876272363799, 30.673210915501823, 30.83434609738437, 30.992236347265063, 31.146949643896892, 31.298553744310222, 31.44711607197048, 31.592703615048954, 31.735382834267114, 31.875219579780044, 32.01227901657285, 32.14662555785506, 32.27832280595142, 32.40743350020267, 32.53401947140662, 32.65814160234764, 32.779859793981196, 32.899232936859356, 33.01631888740256, 33.13117444864247, 33.243855355080385, 33.35441626132493, 33.462910734191624, 33.5693912479657, 33.67390918254739, 33.77651482421657, 33.877257368770316, 33.97618492680335, 34.07334453091668, 34.168782144654664, 34.262542672984914, 34.35466997414869, 34.44520687272226, 34.53419517374174, 34.62167567775524, 34.70768819667672, 34.792271570326214, 34.87546368355031, 34.95730148382567, 35.03782099925671, 35.11705735688614, 35.195044801244336, 35.2718167130702, 35.34740562814245, 35.42184325616589, 35.495160499662994, 35.567387472825395, 35.63855352028539, 35.708687235771045, 35.77781648061278, 35.84596840207295, 35.91316945147316, 35.979445402097134, 36.044821366849824, 36.10932181565597, 36.172970592583766, 36.235790932681375, 36.29780547851599, 36.35903629640707, 36.419504892346836, 36.4792322276028, 36.53823873399821, 36.59654432886781, 36.654168429687076, 36.71112996837443, 36.767447405266545, 36.82313874276781, 36.87822153867566, 36.93271291918423, 36.98662959156914, 37.039987856556955, 37.09280362038313, 37.14509240654273, 37.196869367238456, 37.2481492945309, 37.298946631196024, 37.34927548129539, 37.399149620464314, 37.448582505923795, 37.49758728622186, 37.54617681071004, 37.594363638760974, 37.64216004873293, 37.68957804668717, 37.736629374864044, 37.7833255199238, 37.82967772095779, 37.87569697727607, 37.92139405597704, 37.96677949930486, 38.01186363180027, 38.056656567250364, 38.101168215442776, 38.145408288729676, 38.18938630840679, 38.233111610912715, 38.27659335385356, 38.31984052185787, 38.362861932266696, 38.405666240663635, 38.448261946249424, 38.490657397065625, 38.53286079507183, 38.57488020108076, 38.61672353955534, 38.658398603271955, 38.6999130578538, 38.74127444617821, 38.78249019266175, 38.82356760742666, 38.86451389035232, 38.905336135015006, 38.94604133251946, 38.98663637522532, 39.0271280603718, 39.06752309360332, 39.10782809239936, 39.14804958941117, 39.18819403570818, 39.228267803936674, 39.26827719139348, 39.308228423016956, 39.34812765429782, 39.38798097411202, 39.42779440747793, 39.467573918240106, 39.507325411681414, 39.547054737065864, 39.58676769011375, 39.62647001541116, 39.66616740875546, 39.70586551943863, 39.745569952469836, 39.78528627073905, 39.82501999712304, 39.86477661653523, 39.90456157792072, 39.94438029619789, 39.984238154147725, 40.024140504252046, 40.064092670481834, 40.10409995003663, 40.144167615036054, 40.18430091416446, 40.224505074269445, 40.26478530191527, 40.30514678489182, 40.34559469367994, 40.386134182873796, 40.426770392560876, 40.46750844966032, 40.50835346922002, 40.54931055567301, 40.59038480405369, 40.631581301174165, 40.6729051267611, 40.71436135455352, 40.75595505336162, 40.79769128808703, 40.83957512070464, 40.88161161120607, 40.92380581850503, 40.96616280130458, 41.00868761892625, 41.051385332101226, 41.09426100372331, 41.13731969956375, 41.18056648894776, 41.22400644539266, 41.267644647207256, 41.31148617805253, 41.35553612746317, 41.399799591329675, 41.44428167234091, 41.48898748038649]]","[array([6.37688001e-05, 6.00799169e-05, 5.86665222e-05, 5.87302924e-05,
       5.97887599e-05, 6.15493100e-05, 6.38339618e-05, 6.65344786e-05,
       6.95852925e-05, 7.29472151e-05, 7.65975977e-05, 8.05243652e-05,
       8.47223811e-05, 8.91912169e-05, 9.39337727e-05, 9.89554144e-05,
       1.04263427e-04, 1.09866665e-04, 1.15775321e-04, 1.22000778e-04,
       1.28555506e-04, 1.35452998e-04, 1.42707724e-04, 1.50335104e-04,
       1.58351492e-04, 1.66774169e-04, 1.75621343e-04, 1.84912158e-04,
       1.94666697e-04, 2.04906005e-04, 2.15652097e-04, 2.26927983e-04,
       2.38757689e-04, 2.51166278e-04, 2.64179877e-04, 2.77825701e-04,
       2.92132081e-04, 3.07128490e-04, 3.22845571e-04, 3.39315164e-04,
       3.56570334e-04, 3.74645396e-04, 3.93575945e-04, 4.13398875e-04,
       4.34152407e-04, 4.55876107e-04, 4.78610910e-04, 5.02399134e-04,
       5.27284496e-04, 5.53312121e-04, 5.80528551e-04, 6.08981750e-04,
       6.38721097e-04, 6.69797384e-04, 7.02262801e-04, 7.36170916e-04,
       7.71576650e-04, 8.08536238e-04, 8.47107190e-04, 8.87348233e-04,
       9.29319252e-04, 9.73081208e-04, 1.01869606e-03, 1.06622664e-03,
       1.11573658e-03, 1.16729013e-03, 1.22095206e-03, 1.27678743e-03,
       1.33486149e-03, 1.39523940e-03, 1.45798603e-03, 1.52316573e-03,
       1.59084204e-03, 1.66107740e-03, 1.73393281e-03, 1.80946751e-03,
       1.88773860e-03, 1.96880064e-03, 2.05270518e-03, 2.13950038e-03,
       2.22923044e-03, 2.32193516e-03, 2.41764935e-03, 2.51640228e-03,
       2.61821709e-03, 2.72311016e-03, 2.83109051e-03, 2.94215911e-03,
       3.05630820e-03, 3.17352067e-03, 3.29376929e-03, 3.41701609e-03,
       3.54321164e-03, 3.67229438e-03, 3.80418996e-03, 3.93881061e-03,
       4.07605453e-03, 4.21580535e-03, 4.35793162e-03, 4.50228632e-03,
       4.64870657e-03, 4.79701324e-03, 4.94701082e-03, 5.09848730e-03,
       5.25121415e-03, 5.40494653e-03, 5.55942346e-03, 5.71436832e-03,
       5.86948935e-03, 6.02448037e-03, 6.17902164e-03, 6.33278090e-03,
       6.48541456e-03, 6.63656903e-03, 6.78588223e-03, 6.93298525e-03,
       7.07750413e-03, 7.21906182e-03, 7.35728019e-03, 7.49178219e-03,
       7.62219407e-03, 7.74814767e-03, 7.86928276e-03, 7.98525025e-03,
       8.09573635e-03, 8.20050722e-03, 8.29939742e-03, 8.39228177e-03,
       8.47905740e-03, 8.55963330e-03, 8.63392488e-03, 8.70185175e-03,
       8.76333745e-03, 8.81831053e-03, 8.86670616e-03, 8.90846822e-03,
       8.94355137e-03, 8.97192306e-03, 8.99356538e-03, 9.00847661e-03,
       9.01667249e-03, 9.01818723e-03, 9.01307411e-03, 9.00140589e-03,
       8.98327481e-03, 8.95879240e-03, 8.92808903e-03, 8.89131318e-03,
       8.84863057e-03, 8.80022310e-03, 8.74628761e-03, 8.68703460e-03,
       8.62268676e-03, 8.55347751e-03, 8.47964945e-03, 8.40145282e-03,
       8.31914396e-03, 8.23298373e-03, 8.14323605e-03, 8.05016643e-03,
       7.95404056e-03, 7.85512305e-03, 7.75367612e-03, 7.64995851e-03,
       7.54422439e-03, 7.43672241e-03, 7.32769488e-03, 7.21737694e-03,
       7.10599598e-03, 6.99377099e-03, 6.88091219e-03, 6.76762057e-03,
       6.65408765e-03, 6.54049522e-03, 6.42701526e-03, 6.31380986e-03,
       6.20103118e-03, 6.08882157e-03, 5.97731364e-03, 5.86663042e-03,
       5.75688560e-03, 5.64818371e-03, 5.54062043e-03, 5.43428286e-03,
       5.32924983e-03, 5.22559225e-03, 5.12337344e-03, 5.02264948e-03,
       4.92346956e-03, 4.82587636e-03, 4.72990638e-03, 4.63559032e-03,
       4.54295344e-03, 4.45201588e-03, 4.36279299e-03, 4.27529570e-03,
       4.18953081e-03, 4.10550130e-03, 4.02320664e-03, 3.94264305e-03,
       3.86380377e-03, 3.78667936e-03, 3.71125789e-03, 3.63752521e-03,
       3.56546517e-03, 3.49505977e-03, 3.42628945e-03, 3.35913318e-03,
       3.29356870e-03, 3.22957263e-03, 3.16712065e-03, 3.10618762e-03,
       3.04674771e-03, 2.98877455e-03, 2.93224128e-03, 2.87712070e-03,
       2.82338535e-03, 2.77100758e-03, 2.71995964e-03, 2.67021376e-03,
       2.62174219e-03, 2.57451728e-03, 2.52851153e-03, 2.48369761e-03,
       2.44004845e-03, 2.39753724e-03, 2.35613747e-03, 2.31582299e-03,
       2.27656798e-03, 2.23834702e-03, 2.20113511e-03, 2.16490764e-03,
       2.12964047e-03, 2.09530987e-03, 2.06189259e-03, 2.02936586e-03,
       1.99770734e-03, 1.96689520e-03, 1.93690806e-03, 1.90772505e-03,
       1.87932575e-03, 1.85169022e-03, 1.82479902e-03, 1.79863315e-03,
       1.77317410e-03, 1.74840382e-03, 1.72430471e-03, 1.70085963e-03,
       1.67805189e-03, 1.65586522e-03, 1.63428382e-03, 1.61329227e-03,
       1.59287561e-03, 1.57301927e-03, 1.55370908e-03, 1.53493127e-03,
       1.51667245e-03, 1.49891963e-03, 1.48166017e-03, 1.46488179e-03,
       1.44857257e-03, 1.43272093e-03, 1.41731565e-03, 1.40234580e-03,
       1.38780080e-03, 1.37367038e-03, 1.35994456e-03, 1.34661366e-03,
       1.33366832e-03, 1.32109941e-03, 1.30889813e-03, 1.29705589e-03,
       1.28556442e-03, 1.27441565e-03, 1.26360180e-03, 1.25311529e-03,
       1.24294881e-03, 1.23309525e-03, 1.22354774e-03, 1.21429961e-03,
       1.20534440e-03, 1.19667587e-03, 1.18828794e-03, 1.18017477e-03,
       1.17233068e-03, 1.16475015e-03, 1.15742789e-03, 1.15035872e-03,
       1.14353768e-03, 1.13695994e-03, 1.13062083e-03, 1.12451584e-03,
       1.11864061e-03, 1.11299092e-03, 1.10756268e-03, 1.10235196e-03,
       1.09735494e-03, 1.09256795e-03, 1.08798741e-03, 1.08360990e-03,
       1.07943210e-03, 1.07545081e-03, 1.07166294e-03, 1.06806550e-03,
       1.06465561e-03, 1.06143051e-03, 1.05838752e-03, 1.05552406e-03,
       1.05283765e-03, 1.05032590e-03, 1.04798651e-03, 1.04581727e-03,
       1.04381604e-03, 1.04198078e-03, 1.04030953e-03, 1.03880039e-03,
       1.03745155e-03, 1.03626127e-03, 1.03522789e-03, 1.03434981e-03,
       1.03362549e-03, 1.03305349e-03, 1.03263239e-03, 1.03236087e-03,
       1.03223764e-03, 1.03226150e-03, 1.03243129e-03, 1.03274590e-03,
       1.03320430e-03, 1.03380548e-03, 1.03454851e-03, 1.03543250e-03,
       1.03645662e-03, 1.03762005e-03, 1.03892207e-03, 1.04036197e-03,
       1.04193908e-03, 1.04365281e-03, 1.04550257e-03, 1.04748784e-03,
       1.04960812e-03, 1.05186296e-03, 1.05425193e-03, 1.05677466e-03,
       1.05943081e-03, 1.06222005e-03, 1.06514210e-03, 1.06819673e-03,
       1.07138370e-03, 1.07470283e-03, 1.07815396e-03, 1.08173696e-03,
       1.08545172e-03, 1.08929816e-03, 1.09327622e-03, 1.09738587e-03,
       1.10162710e-03, 1.10599991e-03, 1.11050435e-03, 1.11514045e-03,
       1.11990830e-03, 1.12480797e-03, 1.12983957e-03, 1.13500322e-03,
       1.14029904e-03])]","[[0, 6.376880005047202e-05, 0.00012384871691641303, 0.0001825152391396538, 0.00024124553152349328, 0.00030103429141248024, 0.000362583601369512, 0.00042641756313414794, 0.0004929520417010834, 0.0005625373341681325, 0.0006354845492428841, 0.0007120821469011703, 0.0007926065121159068, 0.0008773288931931421, 0.0009665201100472864, 0.0010604538827208773, 0.0011594092971146078, 0.0012636727243504017, 0.001373539389237366, 0.0014893147100987856, 0.001611315487680463, 0.0017398709935768392, 0.0018753239917376902, 0.0020180317160493613, 0.0021683668202541096, 0.0023267183120942495, 0.0024934924806477633, 0.0026691138238148335, 0.002854025981488467, 0.003048692678892607, 0.003253598683770602, 0.003469250780475114, 0.003696178763495485, 0.003934936452525822, 0.004186102730803058, 0.00445028260811239, 0.0047281083095554715, 0.005020240390895288, 0.005327368881023248, 0.005650214451832668, 0.005989529615523296, 0.006346099949099385, 0.006720745345555034, 0.0071143212909615524, 0.007527720166379059, 0.007961872573205431, 0.008417748680247018, 0.008896359590444625, 0.009398758724812443, 0.009926043220744293, 0.01047935534140849, 0.011059883892487382, 0.011668865642018071, 0.012307586738554815, 0.012977384122299478, 0.013679646923232007, 0.01441581783961718, 0.015187394489565182, 0.015995930727581122, 0.016843037917251818, 0.017730386150386652, 0.01865970540205359, 0.019632786610032316, 0.020651482666245276, 0.021717709306726868, 0.02283344588565392, 0.02400073601789122, 0.02522168807340963, 0.02649847550581743, 0.027833336996116145, 0.02922857639165947, 0.03068656241916903, 0.03220972814955647, 0.03380057019123278, 0.03546164758756888, 0.037195580393226506, 0.03900504790322533, 0.04089278650787569, 0.04286158714611159, 0.04491429232933441, 0.04705379270765507, 0.04928302315043325, 0.05160495831329298, 0.05402260766438031, 0.056539009943559565, 0.05915722702955942, 0.06188033719181816, 0.06471142770597928, 0.06765358681469186, 0.07070989501861322, 0.07388341568632632, 0.07717718497630267, 0.08059420106908644, 0.0841374127135649, 0.08780970709753337, 0.09161389705975828, 0.09555270766837748, 0.0996287621987268, 0.10384456755250515, 0.10820249916952987, 0.11270478549311574, 0.11735349206024114, 0.12215050529803018, 0.12709751611854875, 0.13219600341433232, 0.1374472175672634, 0.14285216409320883, 0.1484115875540071, 0.15412595587674835, 0.15999544522758777, 0.16601992559334977, 0.17219894722868262, 0.1785317281292916, 0.18501714269260042, 0.19165371172587536, 0.1984395939582304, 0.20537257920688035, 0.21245008333943494, 0.21966914516288133, 0.22702642535619427, 0.23451820754730512, 0.24214040161657344, 0.249888549288124, 0.25775783204767966, 0.26574308229333604, 0.27383881864768234, 0.2820393258722668, 0.290338723289408, 0.29873100506011085, 0.3072100624617125, 0.3157696957619548, 0.3244036206450942, 0.3331054723931737, 0.3418688098466812, 0.3506871203724376, 0.3595538265274681, 0.368462294743077, 0.37740584610819633, 0.38637776916825606, 0.3953713345501889, 0.40437981115856286, 0.4133964836503959, 0.4224146708787258, 0.43142774499171876, 0.4404291508809234, 0.44941242568629014, 0.45837121808465775, 0.46729930711099144, 0.47619062028656695, 0.48503925085461824, 0.4938394739509952, 0.5025857615645392, 0.5112727961687048, 0.519895482932056, 0.5284489604403091, 0.5369286098863362, 0.5453300627067378, 0.553649206664093, 0.5618821903926541, 0.5700254264419844, 0.5780755928677882, 0.5860296334319327, 0.593884756484425, 0.6016384326089255, 0.6092883911203243, 0.6168326155080663, 0.6242693379223948, 0.6315970328026195, 0.6388144097470372, 0.6459204057233847, 0.6529141767168325, 0.6597950889096867, 0.6665627094832981, 0.6732167971283228, 0.6797572923445899, 0.6861843076065095, 0.692498117464354, 0.698699148645941, 0.7047879702173666, 0.7107652838555474, 0.7166319142795198, 0.7223887998817753, 0.7280369835954318, 0.7335776040278078, 0.7390118868860028, 0.7443411367154281, 0.7495667289678899, 0.7546901024118188, 0.7597127518935634, 0.7646362214553303, 0.769462097812345, 0.7741920041891239, 0.7788275945123754, 0.7833705479559696, 0.7878225638316229, 0.7921853568174072, 0.7964606525149084, 0.8006501833247938, 0.8047556846296958, 0.8087788912726508, 0.8127215343188363, 0.8165853380880058, 0.8203720174448133, 0.8240832753341297, 0.8277208005484696, 0.8312862657147551, 0.8347813254878245, 0.8382076149383476, 0.841566748123109, 0.8448603168259733, 0.8480898894582299, 0.8512570101074279, 0.8543631977242452, 0.8574099454373837, 0.8603987199869405, 0.8633309612671636, 0.8662080819699656, 0.8690314673210231, 0.8718024749007425, 0.8745224345428146, 0.8771926483035133, 0.8798143904953087, 0.8823889077787748, 0.8849174193071562, 0.8874011169183383, 0.8898411653693183, 0.8922387026086184, 0.8945948400824089, 0.8969106630704153, 0.8991872310479766, 0.9014255780708986, 0.9036267131800076, 0.9057916208225533, 0.9079212612878407, 0.9100165711546904, 0.9120784637485237, 0.9141078296060642, 0.9161055369458192, 0.9180724321426754, 0.9200093402050905, 0.9219170652535099, 0.9237963909987692, 0.9256480812193648, 0.9274728802365915, 0.9292715133866475, 0.9310446874889103, 0.9327930913096715, 0.9345173960207022, 0.9362182556521021, 0.9378963075389475, 0.9395521727613226, 0.9411864565773781, 0.9427997488491093, 0.9443926244606037, 0.9459656437285432, 0.9475193528047965, 0.9490542840709656, 0.9505709565247916, 0.9520698761583496, 0.9535515363279939, 0.9550164181160374, 0.9564649906841722, 0.9578977116186592, 0.9593150272673296, 0.9607173730684613, 0.9621051738716021, 0.9634788442504303, 0.9648387888077476, 0.9661854024727139, 0.9675190707904386, 0.9688401702040534, 0.9701490683293923, 0.9714461242224163, 0.9727316886395186, 0.9740061042908535, 0.975269706086832, 0.9765228213779309, 0.9777657701879648, 0.9789988654409659, 0.9802224131818237, 0.981436712790833, 0.9826420571922978, 0.9838387330573395, 0.9850270210010555, 0.986207195774175, 0.9873795264493539, 0.9885442766022519, 0.9897017044875313, 0.9908520632099158, 0.9919956008904443, 0.9931325608280523, 0.9942631816566145, 0.9953876974975711, 0.9965063381082689, 0.9976193290261369, 0.998726891708816, 0.9998292436703616, 1.0009265986136324, 1.0020191665589766, 1.003107153969325, 1.004190763871797, 1.0052701959759214, 1.0063456467885723, 1.0074173097257202, 1.0084853752210894, 1.009550030831816, 1.0106114613411945, 1.0116698488586016, 1.0127253729166787, 1.0137782105658573, 1.0148285364663023, 1.0158765229773554, 1.016922340244547, 1.0179661562842504, 1.0190081370660484, 1.0200484465928783, 1.0210872469790189, 1.0221246985259829, 1.023160959796376, 1.0241961876857777, 1.025230537492702, 1.026264162986692, 1.0272972164745986, 1.0283298488650938, 1.0293622097314676, 1.0303944473727535, 1.0314267088732263, 1.0324591401603154, 1.033491886060975, 1.0345250903565484, 1.0355588958361632, 1.036593444348696, 1.0376288768533368, 1.0386653334687885, 1.0397029535211288, 1.0407418755903672, 1.041782237555723, 1.04282417663965, 1.0438678294506343, 1.0449133320247872, 1.0459608198662558, 1.0470104279864718, 1.0480622909422583, 1.049116542872811, 1.0501733175355732, 1.0512327483410164, 1.052294968386346, 1.0533601104881383, 1.0544283072139262, 1.0554996909127428, 1.05657439374463, 1.0576525477091236, 1.0587342846727208, 1.0598197363953359, 1.0609090345557488, 1.062002310776054, 1.063099696645106, 1.064201323740972, 1.065307323652384, 1.066417827999197, 1.0675329684518484, 1.06865287674982, 1.0697776847190936, 1.070907524288606, 1.0720425275056877, 1.0731828265504904]]"
40.0,40.0,3,120,270,I1-S0,"[[0.01, 0.009218546420913139, 0.008861068736292907, 0.008775057937429897, 0.008868440713288706, 0.009085467167016296, 0.009392266257723023, 0.00976823583158372, 0.010200869962814479, 0.01068264835219913, 0.01120916056277978, 0.011777971369096514, 0.012387931493270526, 0.013038756552040264, 0.01373076800942383, 0.014464732415211626, 0.015241760646297451, 0.0160632441025297, 0.016930813938872146, 0.01784631489289281, 0.018811788557569376, 0.01982946293134013, 0.020901746274914933, 0.02203122403142315, 0.02322065801077397, 0.024472987313022818, 0.025791330636391056, 0.027178989723744953, 0.02863945377105457, 0.030176404667230004, 0.03179372296559961, 0.033495494508515244, 0.03528601764142332, 0.037169810963250866, 0.03915162156738506, 0.04123643373267122, 0.04342947802722841, 0.04573624078981815, 0.0481624739542177, 0.05071420518169101, 0.05339774826531279, 0.05621971376764485, 0.05918701985012451, 0.06230690324852056, 0.06558693034394487, 0.06903500827316983, 0.07265939601537473, 0.07646871538490506, 0.08047196185114461, 0.08467851509713893, 0.08909814921813113, 0.09374104244963857, 0.09861778630207435, 0.10373939396516148, 0.1091173078304711, 0.11476340596430948, 0.12069000734586578, 0.12690987566700787, 0.1334362214703833, 0.14028270238157764, 0.1474634211690483, 0.15499292134246995, 0.16288617997610408, 0.17115859741898978, 0.17982598352833795, 0.18890454003673934, 0.1984108386379719, 0.2083617943506837, 0.21877463369447778, 0.22966685718946256, 0.2410561956687722, 0.25296055987462857, 0.26539798279303006, 0.27838655417106023, 0.2919443466551633, 0.3060893329897259, 0.3208392937242387, 0.33621171489561846, 0.35222367518149944, 0.36889172206210286, 0.3862317365843971, 0.404258786394474, 0.42298696679420467, 0.44242922968811865, 0.46259720041780655, 0.4835009826355877, 0.5051489515480987, 0.5275475360649435, 0.5507009906182794, 0.5746111576763697, 0.5992772222572395, 0.6246954600563697, 0.6508589811327273, 0.6777574714471207, 0.705376934911566, 0.7336994389823717, 0.7627028672059909, 0.7923606824968978, 0.8226417052809247, 0.8535099109643534, 0.8849242514760038, 0.9168385058629048, 0.9492011650853357, 0.9819553562390987, 1.0150388114167854, 1.0483838862910835, 1.0819176332485234, 1.1155619335100937, 1.1492336921371051, 1.1828450991312347, 1.216303958995709, 1.249514090133849, 1.2823757943309424, 1.3147863953108052, 1.34664084400072, 1.3778323867050801, 1.4082532909121879, 1.437795621978485, 1.466352062492421, 1.4938167647614025, 1.5200862256362682, 1.5450601718343586, 1.5686424430879014, 1.5907418598678447, 1.6112739380719878, 1.6301703257982045, 1.6473829730678333, 1.6628779441753208, 1.6766307746085882, 1.6886237394288435, 1.698844390256508, 1.7072849129099381, 1.713941992906113, 1.7188169715108763, 1.721916142791241, 1.7232510904011618, 1.7228389973255436, 1.7207028864920557, 1.7168717678270036, 1.7113806799471858, 1.7042706236363845, 1.695588390541593, 1.6853862948451754, 1.6737218185300224, 1.6606571826200747, 1.6462588577144082, 1.6305970274364465, 1.6137450182397002, 1.5957787084628703, 1.576775928701714, 1.5568158645372752, 1.535978471492056, 1.5143439108299634, 1.4919920135172342, 1.4690017783581617, 1.445450909043565, 1.4214153936282152, 1.3969691288073756, 1.37218359030875, 1.3471275497664423, 1.3218668376056504, 1.2964641507445778, 1.270978903313814, 1.2454671181006727, 1.21998135604166, 1.1945706808034606, 1.1692806553031563, 1.1441533669124293, 1.119227478058261, 1.094538298963884, 1.0701178793583521, 1.0459951161112682, 1.0221958739117287, 0.9987431162988345, 0.9756570445574909, 0.952955242210783, 0.9306528230629981, 0.9087625809703025, 0.8872951397349309, 0.8662591017301, 0.8456611940640499, 0.825506411280651, 0.8057981537695048, 0.7865383612195453, 0.767727640596392, 0.749365388255068, 0.731449905916436, 0.7139785103383105, 0.6969476366013682, 0.6803529350065031, 0.6641893616450762, 0.648451262757544, 0.6331324530401964, 0.6182262880951919, 0.6037257312466731, 0.5896234149664412, 0.5759116971673001, 0.5625827126315947, 0.5496284198474034, 0.5370406435259986, 0.5248111130721885, 0.5129314972745617, 0.5013934354759654, 0.49018856547621725, 0.4793085484094447, 0.4687450908279156, 0.45848996421304944, 0.4485350221227236, 0.4388722151722204, 0.4294936040343691, 0.4203913706327616, 0.41155782769047283, 0.40298542678558674, 0.39466676505408677, 0.38659459067036195, 0.37876180722574804, 0.37116147711618586, 0.3637868240412535, 0.3566312347085165, 0.3496882598293387, 0.3429516144850003, 0.33641517793515935, 0.3300729929343631, 0.3239192646164339, 0.3179483590011131, 0.3121548011723155, 0.30653327317270485, 0.3010786116550333, 0.29578580532675536, 0.29064999222082755, 0.28566645682230096, 0.280830627077292, 0.27613807130815654, 0.2715844950561707, 0.267165737870727, 0.2628777700619611, 0.2587166894318242, 0.2546787179968893, 0.25076019871461186, 0.24695759222334673, 0.2432674736051379, 0.23968652917913638, 0.23621155333245278, 0.23283944539430534, 0.22956720655847315, 0.22639193685829753, 0.2233108321977876, 0.22032118144176904, 0.21742036356746258, 0.21460584487938625, 0.21187517628903493, 0.20922599066039907, 0.20665600022203687, 0.20416299404610677, 0.20174483559449394, 0.199399460331926, 0.1971248734057628, 0.19491914739196142, 0.19278042010655796, 0.1907068924818698, 0.18869682650650327, 0.18674854322815063, 0.18486042081807427, 0.18303089269610523, 0.1812584457149237, 0.1795416184023419, 0.17787899926027176, 0.17626922511903162, 0.17471097954562487, 0.17320299130461048, 0.17174403287017737, 0.17033291898803274, 0.16896850528571783, 0.16764968692997115, 0.1663753973297704, 0.1651446068836983, 0.1639563217702942, 0.16280958278007293, 0.16170346418791276, 0.16063707266453828, 0.15960954622584742, 0.1586200532188576, 0.15766779134307266, 0.1567519867060984, 0.15587189291236372, 0.15502679018383028, 0.15421598451160384, 0.1534388068373874, 0.15269461226374492, 0.15198277929217296, 0.15130270908800497, 0.15065382477120115, 0.15003557073210386, 0.1494474119712657, 0.14888883346248416, 0.14835933953820177, 0.14785845329645791, 0.14738571602860187, 0.1469406866670017, 0.14652294125200785, 0.14613207241745266, 0.1457676888939901, 0.1454294150296025, 0.14511689032662076, 0.14482976899462777, 0.1445677195186323, 0.14433042424192166, 0.1441175789630202, 0.14392889254619792, 0.1437640865449926, 0.1436228948382242, 0.14350506327799867, 0.14341034934921185, 0.14333852184008186, 0.14328936052325097, 0.14326265584701384, 0.14325820863624128, 0.14327582980258285, 0.1433153400635438, 0.1433765696700437, 0.14345935814207653, 0.14356355401210247, 0.14368901457581262, 0.14383560564991849, 0.14400320133662717, 0.1441916837944737, 0.14440094301518994, 0.14463087660629917, 0.1448813895791329, 0.14515239414197512, 0.1454438094980461, 0.14575556164804634, 0.1460875831969864, 0.14643981316503676, 0.14681219680213764, 0.14720468540611392, 0.1476172361440478, 0.1480498118766659, 0.1485023809855041, 0.14897491720261705, 0.149467399442606, 0.1499798116367419, 0.15051214256896558, 0.15106438571355169, 0.15163653907422645, 0.15222860502453409, 0.15284059014924997, 0.15347250508664273, 0.15412436437139118, 0.1547961862779654, 0.1554879926642845, 0.1561998088154674, 0.15693166328749628, 0.15768358775061492, 0.1584556168322885, 0.15924778795955363, 0.1600601412005909, 0.16089271910535582, 0.16174556654510683, 0.16261873055067178, 0.16351226014929915, 0.1644262061999416, 0.1653606212268246, 0.16631555925115485, 0.16729107562082823, 0.16828722683799963]]","[[0.01, 0.011673645222856313, 0.01362924433757481, 0.01580189464430657, 0.018156393677149284, 0.02067528740978463, 0.023351735266787493, 0.026185314411009623, 0.02917953389764468, 0.03234036928545264, 0.03567540562828349, 0.03919334330045816, 0.042903719964981664, 0.04681676115311092, 0.05094330730360249, 0.05529478625306238, 0.059883212793266624, 0.06472120444147249, 0.0698220070553269, 0.07519952659132949, 0.08086836488824657, 0.08684385829267603, 0.0931421184949001, 0.09978007526545841, 0.10677552096966964, 0.11414715684408394, 0.12191464107851836, 0.1300986387794502, 0.1387208739066524, 0.1478041832818216, 0.15737257276950978, 0.1674512757291806, 0.17806681383393014, 0.18924706034700858, 0.20102130594207573, 0.21342032714723755, 0.22647645748633816, 0.24022366138364543, 0.2546976108898504, 0.26993576527804963, 0.28597745354793236, 0.302863959864563, 0.32063861194474624, 0.3393468723887728, 0.3590364329381558, 0.3797573116205472, 0.40156195272112843, 0.4245053294951435, 0.44864504950861733, 0.4740414624633969, 0.5007577703281736, 0.5288601395587862, 0.5584178151485549, 0.5895032362023312, 0.6221921526760413, 0.6565637428664277, 0.6927007311731195, 0.7306895055867814, 0.7706202342825939, 0.8125869806174301, 0.8566878157415645, 0.9030249279413817, 0.9517047277281948, 1.0028379475798632, 1.056539735126425, 1.1129297384485588, 1.172132182028606, 1.234275931758513, 1.2994945472679933, 1.3679263196902245, 1.4397142928325326, 1.5150062655670553, 1.5939547731029393, 1.6767170446491408, 1.763454934827689, 1.854334826054084, 1.9495274989674898, 2.049207967872214, 2.1535552780477834, 2.262752261702395, 2.376985249288815, 2.4964437328786357, 2.621319978306369, 2.7518085828557597, 2.8881059753740583, 3.0304098558730326, 3.178918571915791, 3.3338304294035326, 3.4953429357734564, 3.663651974105257, 3.8389509072150707, 4.021429611497807, 4.211273441065315, 4.40866212362109, 4.6137685905122385, 4.826757744503718, 5.0477851700229195, 5.276995791915618, 5.514522490124404, 5.760484679131143, 6.0149868624746015, 6.278117174137399, 6.549945920062854, 6.830524134477547, 7.119882167021369, 7.418028317881811, 7.724947539149412, 8.040600221411315, 8.36492108513471, 8.697818196617806, 9.03917212816286, 9.388835281618544, 9.74663139351963, 10.11235523870206, 10.485772547482503, 10.866620149268192, 11.2546063528228, 11.649411570389585, 12.050689189510626, 12.458066692741477, 12.871147021617709, 13.289510177268722, 13.712715046089038, 14.14030143496795, 14.571793218207802, 15.006710518887578, 15.444578925974334, 15.884927745413655, 16.327288335528564, 16.77119342268854, 17.21617715864585, 17.661775736286486, 18.107528419087025, 18.552978867720217, 18.997676668429772, 19.44117898423327, 19.88305226318682, 20.322873948834722, 20.760234147224807, 21.194737212926956, 21.626003223634473, 22.053669319337743, 22.47739088785306, 22.896842583735037, 23.31171917233834, 23.72173619504374, 24.126630455436118, 24.52616032952383, 24.92010590592671, 25.308268964342865, 25.69047280254558, 26.06656192367973, 26.436401596745156, 26.799877303901177, 27.156894088633447, 27.507375818927542, 27.851264379429686, 28.188518806182667, 28.51911437694201, 28.843041669341552, 29.16030559832369, 29.47092444331125, 29.77492887460511, 30.07236098747132, 30.363273351357265, 30.647728080668085, 30.92579593255914, 31.197555436270665, 31.46309205765741, 31.722497401756325, 31.975868455493966, 32.22330687196504, 32.46491829711513, 32.700811739133115, 32.93109898040035, 33.15589403145068, 33.37531262606454, 33.58947175634674, 33.79848924641679, 34.00248336316749, 34.2015724624173, 34.39587466868977, 34.58550758679424, 34.77058804335182, 34.951231856405116, 35.127553631265194, 35.29966658078171, 35.46768236826841, 35.631710971373764, 35.79186056525256, 35.94823742346686, 36.10094583512143, 36.250088036819, 36.39576415810131, 36.53807217912379, 36.6771078993921, 36.81296491646793, 36.94573461362857, 37.075506155538875, 37.202366491065725, 37.32640036243305, 37.44769031998003, 37.566316741846165, 37.68235785796436, 37.795889777797015, 37.906986521300404, 38.015720052649705, 38.122160316300395, 38.22637527500238, 38.32843094942032, 38.428391459048306, 38.526319064138505, 38.622274208392795, 38.71631556219277, 38.808500066168264, 38.898882974926686, 38.987517900785846, 39.0744568573715, 39.15975030295776, 39.243447183443685, 39.325594974873376, 39.40623972541932, 39.48542609676019, 39.56319740479439, 39.639595659639866, 39.71466160487927, 39.78843475601631, 39.86095343811664, 39.932254822611796, 40.00237496325054, 40.07134883118634, 40.139210349194144, 40.20599242501308, 40.271726983815206, 40.33644499980314, 40.40017652694194, 40.462950728832936, 40.524795907738884, 40.58573953277167, 40.645808267255056, 40.705027995276225, 40.763423847440826, 40.82102022584712, 40.87784082829543, 40.933908671749705, 40.98924611506837, 41.043874881022035, 41.097816077615725, 41.15109021873351, 41.20371724412345, 41.2557165387408, 41.30710695146722, 41.3579068132238, 41.408133954495355, 41.45780572228339, 41.50693899650484, 41.55555020585343, 41.60365534314012, 41.65126998012905, 41.69840928188475, 41.745088020646286, 41.791320589243504, 41.837121014070355, 41.88250296762967, 41.92747978066364, 41.97206445388374, 42.01626966931348, 42.06010780125704, 42.103590926906406, 42.146730836599374, 42.1895390437403, 42.23202679439517, 42.27420507657227, 42.31608462919923, 42.357675950807064, 42.39898930793136, 42.44003474324048, 42.480822083400334, 42.52136094668495, 42.561660750341765, 42.601730717720244, 42.6415798851722, 42.681217108731765, 42.72065107058296, 42.75989028532213, 42.79894310602269, 42.83781773010903, 42.87652220504638, 42.9150644338531, 42.953452180441666, 42.991693074794426, 43.02979461797985, 43.067764187015015, 43.10560903957954, 43.1433363185864, 43.18095305661443, 43.21846618020742, 43.25588251404448, 43.293208784986035, 43.33045162599987, 43.36761757997126, 43.40471310340116, 43.44174456999637, 43.47871827415521, 43.51564043435238, 43.55251719642617, 43.5893546367716, 43.626158765442234, 43.66293552916397, 43.69969081426351, 43.73643044951432, 43.773160208902695, 43.809885814316445, 43.8466129381587, 43.88334720588903, 43.920094198494176, 43.95685945489048, 43.99364847426001, 44.03046671832236, 44.06731961354387, 44.10421255328615, 44.14115089989541, 44.178139986734266, 44.215185120157585, 44.252291581433624, 44.28946462861192, 44.32670949833919, 44.36403140762447, 44.40143555555448, 44.43892712496045, 44.4765112840373, 44.5141931879161, 44.551977980190735, 44.58987079439947, 44.62787675546226, 44.666000981074454, 44.704248583057414, 44.74262466866679, 44.7811343418588, 44.819782704515035, 44.85857485762619, 44.897515902435046, 44.936610941539, 44.97586507995237, 45.015283426128704, 45.05487109294318, 45.094633198635236, 45.134574867711464, 45.174701231808754, 45.215017430517634, 45.25552861216575, 45.29623993456131, 45.33715656569635, 45.37828368440953, 45.419626481008336, 45.461190157850176, 45.502979929882216, 45.54500102513949, 45.58725868520084, 45.629758165602226, 45.672504736207024, 45.71550368153255, 45.75876030103252, 45.80227990933452, 45.84606783643226, 45.890129427831475]]","[array([6.37688001e-05, 6.00799169e-05, 5.86665222e-05, 5.87302924e-05,
       5.97887605e-05, 6.15493186e-05, 6.38340148e-05, 6.65346846e-05,
       6.95858961e-05, 7.29486788e-05, 7.66006978e-05, 8.05302997e-05,
       8.47328865e-05, 8.92086933e-05, 9.39614167e-05, 9.89973587e-05,
       1.04324888e-04, 1.09954098e-04, 1.15896587e-04, 1.22165315e-04,
       1.28774520e-04, 1.35739659e-04, 1.43077377e-04, 1.50805499e-04,
       1.58943028e-04, 1.67510154e-04, 1.76528276e-04, 1.86020028e-04,
       1.96009311e-04, 2.06521330e-04, 2.17582634e-04, 2.29221168e-04,
       2.41466317e-04, 2.54348961e-04, 2.67901534e-04, 2.82158079e-04,
       2.97154315e-04, 3.12927697e-04, 3.29517485e-04, 3.46964810e-04,
       3.65312748e-04, 3.84606390e-04, 4.04892910e-04, 4.26221648e-04,
       4.48644175e-04, 4.72214373e-04, 4.96988504e-04, 5.23025287e-04,
       5.50385966e-04, 5.79134383e-04, 6.09337039e-04, 6.41063162e-04,
       6.74384763e-04, 7.09376691e-04, 7.46116677e-04, 7.84685375e-04,
       8.25166392e-04, 8.67646309e-04, 9.12214686e-04, 9.58964061e-04,
       1.00798992e-03, 1.05939068e-03, 1.11326760e-03, 1.16972471e-03,
       1.22886875e-03, 1.29080896e-03, 1.35565699e-03, 1.42352665e-03,
       1.49453374e-03, 1.56879571e-03, 1.64643139e-03, 1.72756064e-03,
       1.81230390e-03, 1.90078176e-03, 1.99311441e-03, 2.08942110e-03,
       2.18981942e-03, 2.29442467e-03, 2.40334901e-03, 2.51670060e-03,
       2.63458270e-03, 2.75709260e-03, 2.88432056e-03, 3.01634862e-03,
       3.15324931e-03, 3.29508434e-03, 3.44190319e-03, 3.59374161e-03,
       3.75062003e-03, 3.91254204e-03, 4.07949264e-03, 4.25143658e-03,
       4.42831668e-03, 4.61005204e-03, 4.79653636e-03, 4.98763629e-03,
       5.18318978e-03, 5.38300456e-03, 5.58685671e-03, 5.79448942e-03,
       6.00561188e-03, 6.21989836e-03, 6.43698762e-03, 6.65648253e-03,
       6.87795003e-03, 7.10092141e-03, 7.32489304e-03, 7.54932741e-03,
       7.77365466e-03, 7.99727459e-03, 8.21955902e-03, 8.43985475e-03,
       8.65748686e-03, 8.87176260e-03, 9.08197556e-03, 9.28741037e-03,
       9.48734770e-03, 9.68106957e-03, 9.86786496e-03, 1.00470355e-02,
       1.02179015e-02, 1.03798077e-02, 1.05321291e-02, 1.06742781e-02,
       1.08057380e-02, 1.09261236e-02, 1.10351649e-02, 1.11326691e-02,
       1.12184967e-02, 1.12925477e-02, 1.13547547e-02, 1.14050806e-02,
       1.14435187e-02, 1.14700943e-02, 1.14848667e-02, 1.14879317e-02,
       1.14794233e-02, 1.14595147e-02, 1.14284196e-02, 1.13863914e-02,
       1.13337228e-02, 1.12707445e-02, 1.11978227e-02, 1.11153565e-02,
       1.10237753e-02, 1.09235348e-02, 1.08151139e-02, 1.06990100e-02,
       1.05757361e-02, 1.04458156e-02, 1.03097796e-02, 1.01681619e-02,
       1.00214962e-02, 9.87031220e-03, 9.71513246e-03, 9.55646950e-03,
       9.39482316e-03, 9.23067816e-03, 9.06450215e-03, 8.89674393e-03,
       8.72783200e-03, 8.55817347e-03, 8.38815320e-03, 8.21813314e-03,
       8.04845207e-03, 7.87942539e-03, 7.71134525e-03, 7.54448079e-03,
       7.37907852e-03, 7.21536294e-03, 7.05353714e-03, 6.89378357e-03,
       6.73626493e-03, 6.58112501e-03, 6.42848970e-03, 6.27846789e-03,
       6.13115253e-03, 5.98662159e-03, 5.84493908e-03, 5.70615602e-03,
       5.57031140e-03, 5.43743313e-03, 5.30753894e-03, 5.18063724e-03,
       5.05672798e-03, 4.93580342e-03, 4.81784891e-03, 4.70284355e-03,
       4.59076092e-03, 4.48156965e-03, 4.37523404e-03, 4.27171458e-03,
       4.17096847e-03, 4.07295007e-03, 3.97761134e-03, 3.88490220e-03,
       3.79477095e-03, 3.70716454e-03, 3.62202888e-03, 3.53930914e-03,
       3.45894996e-03, 3.38089568e-03, 3.30509055e-03, 3.23147888e-03,
       3.16000522e-03, 3.09061449e-03, 3.02325210e-03, 2.95786404e-03,
       2.89439703e-03, 2.83279852e-03, 2.77301683e-03, 2.71500117e-03,
       2.65870170e-03, 2.60406957e-03, 2.55105694e-03, 2.49961704e-03,
       2.44970415e-03, 2.40127363e-03, 2.35428196e-03, 2.30868667e-03,
       2.26444642e-03, 2.22152094e-03, 2.17987107e-03, 2.13945871e-03,
       2.10024683e-03, 2.06219946e-03, 2.02528165e-03, 1.98945950e-03,
       1.95470010e-03, 1.92097152e-03, 1.88824280e-03, 1.85648394e-03,
       1.82566585e-03, 1.79576034e-03, 1.76674013e-03, 1.73857877e-03,
       1.71125066e-03, 1.68473102e-03, 1.65899587e-03, 1.63402199e-03,
       1.60978692e-03, 1.58626894e-03, 1.56344702e-03, 1.54130084e-03,
       1.51981073e-03, 1.49895768e-03, 1.47872331e-03, 1.45908984e-03,
       1.44004011e-03, 1.42155749e-03, 1.40362593e-03, 1.38622993e-03,
       1.36935448e-03, 1.35298510e-03, 1.33710778e-03, 1.32170899e-03,
       1.30677567e-03, 1.29229518e-03, 1.27825531e-03, 1.26464428e-03,
       1.25145070e-03, 1.23866356e-03, 1.22627225e-03, 1.21426649e-03,
       1.20263638e-03, 1.19137233e-03, 1.18046509e-03, 1.16990575e-03,
       1.15968566e-03, 1.14979651e-03, 1.14023025e-03, 1.13097911e-03,
       1.12203561e-03, 1.11339250e-03, 1.10504279e-03, 1.09697975e-03,
       1.08919686e-03, 1.08168784e-03, 1.07444663e-03, 1.06746737e-03,
       1.06074443e-03, 1.05427235e-03, 1.04804588e-03, 1.04205996e-03,
       1.03630970e-03, 1.03079038e-03, 1.02549747e-03, 1.02042658e-03,
       1.01557350e-03, 1.01093414e-03, 1.00650461e-03, 1.00228112e-03,
       9.98260034e-04, 9.94437858e-04, 9.90811220e-04, 9.87376879e-04,
       9.84131717e-04, 9.81072735e-04, 9.78197050e-04, 9.75501891e-04,
       9.72984596e-04, 9.70642609e-04, 9.68473477e-04, 9.66474845e-04,
       9.64644456e-04, 9.62980146e-04, 9.61479843e-04, 9.60141562e-04,
       9.58963405e-04, 9.57943557e-04, 9.57080284e-04, 9.56371931e-04,
       9.55816918e-04, 9.55413741e-04, 9.55160968e-04, 9.55057237e-04,
       9.55101252e-04, 9.55291787e-04, 9.55627678e-04, 9.56107825e-04,
       9.56731188e-04, 9.57496786e-04, 9.58403697e-04, 9.59451054e-04,
       9.60638045e-04, 9.61963909e-04, 9.63427940e-04, 9.65029479e-04,
       9.66767918e-04, 9.68642694e-04, 9.70653292e-04, 9.72799240e-04,
       9.75080110e-04, 9.77495518e-04, 9.80045117e-04, 9.82728604e-04,
       9.85545711e-04, 9.88496210e-04, 9.91579908e-04, 9.94796646e-04,
       9.98146302e-04, 1.00162878e-03, 1.00524403e-03, 1.00899202e-03,
       1.01287275e-03, 1.01688625e-03, 1.02103258e-03, 1.02531181e-03,
       1.02972407e-03, 1.03426949e-03, 1.03894821e-03, 1.04376043e-03,
       1.04870634e-03, 1.05378617e-03, 1.05900015e-03, 1.06434854e-03,
       1.06983162e-03, 1.07544968e-03, 1.08120302e-03, 1.08709197e-03,
       1.09311686e-03, 1.09927804e-03, 1.10557585e-03, 1.11201067e-03,
       1.11858286e-03])]","[[0, 6.376880005047202e-05, 0.00012384871691641303, 0.0001825152391396538, 0.00024124553152884618, 0.00030103429201995655, 0.00036258361062505094, 0.0004264176254396335, 0.0004929523099955894, 0.0005625382060585324, 0.0006354868848182779, 0.0007120875826327699, 0.0007926178823821075, 0.000877350768858978, 0.0009665594621864588, 0.0010605208789052146, 0.0011595182375836153, 0.0012638431256868261, 0.0013737972238040198, 0.0014896938103490047, 0.0016118591254721348, 0.0017406336457489846, 0.0018763733044151996, 0.0020194506814035134, 0.002170256180750537, 0.00232919920859899, 0.0024967093621331765, 0.002673237637810525, 0.0028592576658596825, 0.0030552669770023784, 0.003261788306595069, 0.0034793709407965026, 0.003708592108896281, 0.003950058425552148, 0.0042044073863556014, 0.004472308919858866, 0.0047544669989379165, 0.0050516213141253855, 0.005364549011315136, 0.005694066496009316, 0.006041031306042068, 0.0064063440544654075, 0.00679095044401615, 0.007195843354292268, 0.007622065002447038, 0.008070709177853958, 0.008542923550798798, 0.009039912054811389, 0.009562937341752538, 0.010113323308214493, 0.010692457691169934, 0.01130179473010773, 0.01194285789211638, 0.012617242655510903, 0.013326619346638187, 0.014072736023431641, 0.014857421398110483, 0.01568258779012398, 0.01655023409901845, 0.017462448785346814, 0.01842141284603938, 0.019429402768802895, 0.020488793448106245, 0.02160206104313956, 0.022771785755794454, 0.02400065450420309, 0.025291463464691778, 0.026647120452151393, 0.028070647105805577, 0.029565180844175618, 0.03113397654970805, 0.03278040794006302, 0.034507968579478146, 0.03632027247995013, 0.038221054238247405, 0.04021416865102227, 0.04230358974657794, 0.04449340916822325, 0.0467878338406827, 0.04919118284779981, 0.051707883446868, 0.05434246614244576, 0.0570995587405757, 0.05998387930305562, 0.06300022792094162, 0.06615347722694663, 0.06944856156799202, 0.07289046476204128, 0.07648420636766695, 0.08023482640075033, 0.08414736844046317, 0.08822686107640099, 0.09247829766058673, 0.09690661434218105, 0.10151666637923827, 0.1063132027408142, 0.11130083903420594, 0.11648402881607066, 0.12186703337255791, 0.1274538900822543, 0.1332483795064571, 0.1392539913837531, 0.1454738897396758, 0.15191087735684278, 0.1585673598858333, 0.16544530991144743, 0.17254623132210095, 0.17987112436107064, 0.18742045176617153, 0.1951941064282226, 0.20319138101732862, 0.2114109400385635, 0.21985079478412173, 0.2285082816465261, 0.2373800442462801, 0.24646201980683408, 0.2557494301794965, 0.26523677788080785, 0.2749178474550184, 0.284785712415067, 0.29483274794757, 0.3050506494918017, 0.31543045722080876, 0.32596258636623654, 0.3366368644191121, 0.34744260241790587, 0.3583687260495196, 0.3694038909412555, 0.38053656002389546, 0.39175505670804406, 0.40304760437374904, 0.41440235904874145, 0.4258074396410626, 0.43725095834309974, 0.44872105261398776, 0.4602059193203145, 0.4716938510613317, 0.48317327434656265, 0.49463278907526753, 0.5060612086488251, 0.5174475999999503, 0.528781322825874, 0.540052067350854, 0.5512498900053249, 0.5623652464861886, 0.5733890217488137, 0.5843125565714199, 0.5951276704229643, 0.6058266804536063, 0.6164024165101599, 0.6268482321560601, 0.6371580117451345, 0.647326173660135, 0.6573476698801025, 0.6672179820850724, 0.6769331145424411, 0.6864895840467917, 0.6958844072045532, 0.7051150853670979, 0.7141795875214316, 0.7230763314472219, 0.7318041634432904, 0.7403623369166572, 0.7487504901135236, 0.7569686232549511, 0.7650170753211594, 0.7728965007079479, 0.780607845957357, 0.7881523267428353, 0.7955314052673363, 0.8027467682113149, 0.8098003053468514, 0.8166940889143742, 0.8234303538398517, 0.8300114788530616, 0.8364399685516861, 0.8427184364415989, 0.8488495889708171, 0.8548362105631657, 0.860681149647725, 0.8663873056715137, 0.8719576170755623, 0.8773950502084353, 0.8827025891462934, 0.8878832263846428, 0.8929399543639001, 0.8978757577887092, 0.9026936066994838, 0.9073964502538292, 0.9119872111752233, 0.9164687808265407, 0.9208440148665953, 0.9251157294488008, 0.9292866979222375, 0.933359647996809, 0.9373372593357322, 0.941222161540277, 0.9450169324934289, 0.9487240970309482, 0.9523461259101237, 0.9558854350483351, 0.9593443850053378, 0.9627252806849411, 0.9660303712334591, 0.9692618501139636, 0.9724218553369485, 0.9755124698295242, 0.9785357219266936, 0.9814935859696153, 0.9843879829970386, 0.9872207815172876, 0.9899937983493005, 0.9927087995222662, 0.9953675012243826, 0.9979715707921545, 1.0005226277324932, 1.003022244770642, 1.0054719489176704, 1.0078732225519302, 1.0102275045094653, 1.0125361911789206, 1.014800637596993, 1.0170221585409323, 1.0192020296150133, 1.021341488328281, 1.0234417351612213, 1.0255039346193162, 1.0275292162717318, 1.0295186757736392, 1.0314733758709034, 1.033394347386081, 1.0352825901848552, 1.0371390741222077, 1.0389647399677693, 1.040760500309935, 1.0425272404384431, 1.0442658192052257, 1.0459770698634303, 1.0476618008846006, 1.049320796754072, 1.0509548187447053, 1.0525646056691367, 1.0541508746107726, 1.0557143216337974, 1.0572556224725014, 1.0587754332002635, 1.060274390878554, 1.0617531141863386, 1.063212204030289, 1.0646522441362114, 1.0660738016221256, 1.0674774275534258, 1.068863657480567, 1.0702330119597225, 1.0715859970568562, 1.072923104835662, 1.0742448138298113, 1.0755515894999539, 1.0768438846759105, 1.078122139984492, 1.0793867842633726, 1.0806382349614394, 1.081876898526035, 1.0831031707774967, 1.0843174372713968, 1.085520073648869, 1.0867114459754097, 1.0878919110685215, 1.0890618168145674, 1.0902215024751902, 1.091371298983641, 1.0925115292313559, 1.093642508345107, 1.0947645439550473, 1.0958779364539573, 1.0969829792479926, 1.098079958999227, 1.0991691558602676, 1.1002508437012228, 1.1013252903292798, 1.1023927577011545, 1.1034535021286593, 1.1045077744776295, 1.105555820360439, 1.1065978803223326, 1.1076341900217896, 1.108664980405129, 1.1096904778755592, 1.1107109044568673, 1.1117264779519356, 1.1127374120962712, 1.1137439167067187, 1.1147461978255304, 1.1157444578599554, 1.1167388957175044, 1.1177297069370449, 1.118717083815869, 1.1197012155328798, 1.1206822882680267, 1.1216604853181262, 1.1226359872091896, 1.1236089718053808, 1.1245796144147209, 1.1255480878916515, 1.1265145627365647, 1.1274792071924034, 1.128442187338433, 1.129403667181278, 1.1303638087433183, 1.1313227721485326, 1.1322807157058723, 1.1332377959902513, 1.1341941679212262, 1.135149984839444, 1.1361053985809288, 1.1370605595492767, 1.1380156167858242, 1.138970718037855, 1.139926009824904, 1.140881637503216, 1.1418377453284172, 1.142794476516449, 1.1437519733028165, 1.1447103770001987, 1.145669828054467, 1.146630466099154, 1.1475924300084153, 1.1485558579485236, 1.1495208874279308, 1.150487655345934, 1.15145629803998, 1.1524269513316372, 1.1533997505712656, 1.1543748306814132, 1.1553523261989636, 1.15633237131606, 1.157315099919827, 1.1583006456309117, 1.1592891418408642, 1.160280721748374, 1.1612755183943784, 1.1622736646960596, 1.163275293479741, 1.1642805375126968, 1.1652895295338828, 1.1663024022836013, 1.1673192885321035, 1.1683403211071384, 1.1693656329204511, 1.1703953569932384, 1.171429626480558, 1.1724685746946977, 1.1735123351275032, 1.174561041471661, 1.175614827640937, 1.1766738277893676, 1.1777381763293935, 1.1788080079489391, 1.179883457627422, 1.1809646606506903, 1.1820517526248764, 1.183144869489159, 1.1842441475274208, 1.185349723378789, 1.1864617340470505, 1.1875803169089216]]"
40.0,40.0,3,120,270,I0-S1,"[[0.01, 0.009218546420913139, 0.008861068736292907, 0.008775057937429897, 0.00886844474442743, 0.009085525892256509, 0.009392538041227914, 0.009769023720849408, 0.010202639233022002, 0.010686030736514656, 0.011214949299203402, 0.011787109944897508, 0.012401498111922716, 0.013057945727240441, 0.013756870229303463, 0.014499112474690304, 0.015285834989112042, 0.01611845732648922, 0.016998614482308372, 0.017928129824215065, 0.018908997322996488, 0.019943369870193295, 0.02103355168109679, 0.02218199351919941, 0.02339128992926101, 0.024664177944372454, 0.02600353690579083, 0.02741238914380667, 0.028893901338140356, 0.03045138642225506, 0.03208830592655984, 0.03380827267627508, 0.03561505377413404, 0.03751257380820115, 0.039504918232220916, 0.04159633687091273, 0.04379124750604317, 0.04609423950130217, 0.048510077425228705, 0.05104370463184841, 0.05370024675842235, 0.05648501509885461, 0.05940350980993331, 0.062461422905739895, 0.06566464099329455, 0.06901924769984714, 0.07253152573920049, 0.07620795856109162, 0.08005523152397873, 0.08408023252760918, 0.08829005203749807, 0.09269198242895019, 0.0972935165735362, 0.10210234558601228, 0.10712635564458388, 0.11237362379219441, 0.11785241262120873, 0.12357116373850832, 0.1295384899026751, 0.13576316571967592, 0.14225411677834526, 0.1490204071020797, 0.15607122478860005, 0.16341586570551125, 0.17106371510581506, 0.17902422702463805, 0.18730690131637512, 0.19592125819037717, 0.204876810103408, 0.21418303086854903, 0.22384932184325243, 0.2338849750640465, 0.24429913320222463, 0.2551007462239375, 0.26629852464972115, 0.2779008893228842, 0.28991591761362284, 0.302351286006484, 0.31521420904312786, 0.32851137462048713, 0.3422488756766168, 0.3564321383329726, 0.37106584660271413, 0.38615386382001937, 0.40169915099537623, 0.4177036823563809, 0.4341683583926247, 0.4510929167866015, 0.46847584167992173, 0.48631427179505166, 0.5046039080067491, 0.5233389210336314, 0.5425118599980243, 0.5621135626803639, 0.5821330683717522, 0.6025575343034191, 0.6233721567032684, 0.6445600975956605, 0.6661024185192513, 0.687978022387072, 0.7101636047509918, 0.7326336157571275, 0.7553602340874372, 0.778313354173563, 0.8014605879398762, 0.8247672822817917, 0.8481965534110473, 0.871709339100498, 0.8952644697360577, 0.9188187589322591, 0.9423271142905425, 0.965742668676482, 0.9890169321650264, 1.0120999645535111, 1.0349405680734378, 1.0574864996473268, 1.0796847017405466, 1.1014815505547955, 1.1228231200053833, 1.143655459624614, 1.1639248842448031, 1.1835782730433977, 1.2025633752859577, 1.2208291198869592, 1.2383261681070439, 1.255009644921643, 1.2708405585813778, 1.2857844502300275, 1.2998104429392197, 1.3128907474507017, 1.3250004394775987, 1.3361173946446403, 1.346222310486048, 1.355298771712161, 1.3633333315591256, 1.3703155923641115, 1.3762382749720188, 1.3810972706629603, 1.3848916719066178, 1.3876237799615445, 1.3892990884891372, 1.389926243153865, 1.3895169777613703, 1.3880860279214018, 1.3856510235592279, 1.3822323618642671, 1.3778530624738639, 1.3725386068524277, 1.3663167639467246, 1.3592174042801444, 1.3512723046945105, 1.3425149459593952, 1.3329803054479652, 1.3227046470273942, 1.3117253102334219, 1.3000805006956364, 1.2878090836557154, 1.27495038227857, 1.2615439822996624, 1.2476295443842516, 1.233246625399528, 1.218434509621912, 1.2032320507224445, 1.187677525196137, 1.171808497729057, 1.155661698832133, 1.1392729149151348, 1.1226768908296791, 1.1059072447776455, 1.0889963953619997, 1.071975500451273, 1.0548744074371004, 1.0377216143862837, 1.0205442415245172, 1.0033680124377697, 0.9862172443386689, 0.9691148467182937, 0.9520823276876773, 0.9351398073070271, 0.9183060372032056, 0.9015984257863007, 0.8850330683931216, 0.8686247817081603, 0.8523871418399688, 0.8363325254620869, 0.8204721534617531, 0.8048161365758192, 0.7893735225308623, 0.774152344242777, 0.7591596686695664, 0.7444016459491423, 0.7298835584912506, 0.7156098697288225, 0.7015842722688069, 0.6878097352156531, 0.6742885504718986, 0.6610223778496608, 0.6480122888541486, 0.6352588090255655, 0.6227619587489552, 0.6105212924626764, 0.5985359362153213, 0.5868046235380829, 0.5753257296149051, 0.5640973037463145, 0.5531171001147285, 0.5423826068693695, 0.5318910735577996, 0.5216395369386324, 0.5116248452162913, 0.5018436807438745, 0.49229258124436037, 0.48296795960363786, 0.4738661222912916, 0.4649832864667694, 0.45631559582962916, 0.4478591352730594, 0.439609944399876, 0.4315640299597852, 0.4237173772659296, 0.41606596064765455, 0.4086057529951044, 0.40133273444971984, 0.394242900293007, 0.3873322680841162, 0.38059688409484416, 0.374032829088676, 0.3676362234884478, 0.36140323197514995, 0.3553300675583308, 0.34941299515651186, 0.3436483347240016, 0.33803246395851216, 0.33256182062204487, 0.32723290450562525, 0.32204227906664634, 0.3169865727658182, 0.31206248012903043, 0.30726676255781293, 0.30259624891052994, 0.298047835874964, 0.29361848815154024, 0.2893052384651077, 0.2851051874219266, 0.2810155032273191, 0.277033421278309, 0.2731562436445129, 0.2693813384495466, 0.26570613916426755, 0.2621281438222943, 0.25864491416741753, 0.2552540747417425, 0.25195331192268333, 0.24874037291625195, 0.24561306471345856, 0.24256925301605364, 0.2396068611372977, 0.236723868882938, 0.23391831141710298, 0.2311882781173886, 0.22853191142300752, 0.22594740567949856, 0.22343300598314864, 0.22098700702796054, 0.21860775195770557, 0.21629363122532863, 0.2140430814617243, 0.21185458435567198, 0.20972666554650785, 0.20765789353091677, 0.20564687858505112, 0.2036922717030196, 0.2017927635526409, 0.19994708344922194, 0.1981539983479955, 0.1964123118557401, 0.1947208632620021, 0.19307852659024693, 0.191484209669182, 0.18993685322441778, 0.18843542999056417, 0.18697894384379785, 0.18556642895487974, 0.18419694896255295, 0.18286959616720572, 0.18158349074464486, 0.18033777997979, 0.1791316375200673, 0.17796426264825438, 0.1768348795745041, 0.17574273674725394, 0.17468710618270983, 0.17366728281257832, 0.17268258384970736, 0.17173234817128571, 0.17081593571924192, 0.16993272691747682, 0.16908212210555815, 0.1682635409885016, 0.16747642210226013, 0.16672022229454186, 0.16599441622057617, 0.1652984958534483, 0.16463197000862392, 0.16399436388228708, 0.1633852186031178, 0.16280409079713876, 0.16225055216526418, 0.16172418907318836, 0.1612246021532557, 0.16075140591795922, 0.16030422838471936, 0.1598827107116007, 0.15948650684362922, 0.15911528316937923, 0.15876871818750415, 0.15844650218289177, 0.15814833691213043, 0.1578739352979784, 0.15762302113253546, 0.15739532878882032, 0.1571906029404654, 0.15700859828924485, 0.15684907930015787, 0.15671181994379643, 0.1565966034457304, 0.1565032220426503, 0.15643147674501257, 0.15638117710593777, 0.1563521409961183, 0.15634419438449626, 0.15635717112447806, 0.1563909127454572, 0.15644526824942115, 0.15652009391242386, 0.15661525309070892, 0.15673061603127394, 0.1568660596866707, 0.15702146753383958, 0.15719672939678161, 0.15739174127287478, 0.1576064051626458, 0.15784062890281178, 0.15809432600241047, 0.15836741548184066, 0.15865982171463838, 0.1589714742718178, 0.15930230776860846, 0.15965226171342456, 0.16002128035890406, 0.16040931255485952, 0.1608163116029842, 0.16124223511316102, 0.16168704486122398, 0.1621507066480244, 0.16263319015965744, 0.1631344688287066, 0.16365451969636624, 0.16419332327530517, 0.16475086341313647, 0.16532712715636125, 0.16592210461465648, 0.16653578882537917, 0.16716817561816213, 0.16781926347947812, 0.16848905341705236]]","[[0.01, 0.011673645222856313, 0.01362924433757481, 0.01580189464430657, 0.018156397918468604, 0.020675352353385322, 0.023352050848730124, 0.026186273911035694, 0.029181791210879472, 0.03234488556872361, 0.03568348659721835, 0.03920666809271564, 0.04292436225216066, 0.04684720299964385, 0.05098644610789275, 0.05535393495657774, 0.05996209340579235, 0.06482393480500091, 0.0699530806545201, 0.07536378511398849, 0.08107096314323356, 0.0870902210036064, 0.09343788840402628, 0.10013105190202931, 0.1071875893593776, 0.11462620535991734, 0.12246646755752463, 0.13072884395385537, 0.1394347411209041, 0.14860654338897714, 0.15826765302064738, 0.16844253138793608, 0.17915674116470848, 0.19043698953982757, 0.20231117244938418, 0.21480841981850637, 0.22795914179492213, 0.24179507594761224, 0.25634933539451166, 0.2716564578132433, 0.2877524552782311, 0.30467486485616957, 0.32246279987964926, 0.3411570018056784, 0.36079989255182826, 0.3814356271876931, 0.4031101468432222, 0.4258712316781944, 0.4497685537385939, 0.4748537295058594, 0.5011803719238633, 0.5288041416659903, 0.557782797380784, 0.5881762446292972, 0.6200465832004944, 0.6534581524628087, 0.6884775743802717, 0.7251737937905374, 0.7636181155096603, 0.8038842377947444, 0.8460482816606486, 0.8901888155109521, 0.936386874506511, 0.9847259740573828, 1.0352921167858968, 1.0881737922705035, 1.143461968842082, 1.201250076667007, 1.2616339813149555, 1.3247119469746447, 1.3905845884480517, 1.4593548110238117, 1.5311277373041323, 1.6060106200375166, 1.6841127399927083, 1.7655452878985112, 1.8504212294704931, 1.9388551525501687, 2.030963095396172, 2.1268623551914168, 2.226671275866496, 2.3305090143888996, 2.4384952847312675, 2.5507500788111517, 2.66739336379083, 2.788544755239795, 2.914323165795681, 3.0448464291125705, 3.1802308990595445, 3.3205910243276415, 3.4660388988202846, 3.616683788440761, 3.7726316351500784, 3.9339845394486916, 4.100840222734973, 4.273291471310064, 4.451425564130653, 4.6353236867553544, 4.825060334283214, 5.020702706440304, 5.222310098327715, 5.429933290696028, 5.643613943951743, 5.8633840004236175, 6.089265099714595, 6.321268012230628, 6.559392096203932, 6.803624783707281, 7.053941101280645, 7.310303230854373, 7.572660116647783, 7.840947123642195, 8.115085753068255, 8.394983420104793, 8.680533298657844, 8.971614237672815, 9.268090752930826, 9.569813097694208, 9.87661741490098, 10.188325972869634, 10.504747485672704, 10.825677518480344, 11.150898977275656, 11.480182681415505, 11.813288271582207, 12.149967682761156, 12.48996799153468, 12.833031407758087, 13.178895353002902, 13.527292814795905, 13.877952883464014, 14.230601411581492, 14.584961756121913, 14.940755575806199, 15.297703663801636, 15.655526800706616, 16.01394661578601, 16.37268644640115, 16.73147218693546, 17.090033119515496, 17.448102719627148, 17.805419430424276, 18.16172740017809, 18.51677717795078, 18.870326363211962, 19.22214020575662, 19.571992152928154, 19.919664341795674, 20.26494803457465, 20.60764399620754, 20.94756281362838, 21.284525156815967, 21.618361982286828, 21.948914680186927, 22.27603516660426, 22.599585923139998, 22.919439986140745, 23.235480888307062, 23.547602555653246, 23.855709163000625, 24.159714951342682, 24.459544010526884, 24.75513003075824, 25.046416026446, 25.3333540358915, 25.615904800255876, 25.894037425154984, 26.167729028110045, 26.436964374940178, 26.701735508021386, 26.962041369159753, 27.21788741963822, 27.4692852598002, 27.71625225033242, 27.958811137206926, 28.196989682040748, 28.43082029943356, 28.660339702650838, 28.885588558834154, 29.10661115474279, 29.32345507386271, 29.536170885561166, 29.744811846818145, 29.949433616930047, 30.150093985456426, 30.34685261356736, 30.53977078884698, 30.72891119351734, 30.91433768596618, 31.096115095391177, 31.274309029312157, 31.448985693650283, 31.620211725029105, 31.78805403491611, 31.952579665193962, 32.11385565472777, 32.27194891647777, 32.42692612469487, 32.578853611729585, 32.72779727398167, 32.87382248651874, 33.01699402589576, 33.15737600071393, 33.29503178946635, 33.43002398522874, 33.562414346765706, 33.69226375563692, 33.81963217890222, 33.94457863704004, 34.067161176709774, 34.18743684800484, 34.305461685859875, 34.421290695292086, 34.53497784017331, 34.64657603524541, 34.75613714110792, 34.8637119619224, 34.96935024559302, 35.07310068619787, 35.17501092845953, 35.275127574057265, 35.37349618959617, 35.47016131606123, 35.56516647959628, 35.658554203459055, 35.75036602101444, 35.840642489638334, 35.92942320541391, 36.01674681851162, 36.1026510491524, 36.18717270406199, 36.2703476933317, 36.352211047607895, 36.432796935539535, 36.512138681418804, 36.59026878295611, 36.667218929135764, 36.74302001810395, 36.81770217504503, 36.891294770006766, 36.96382643563889, 37.03532508481325, 37.10581792809716, 37.17533149105476, 37.243891631354195, 37.311523555660884, 37.37825183629994, 37.44410042767282, 37.50909268241552, 37.57325136728739, 37.63659867878164, 37.69915625844989, 37.76094520793483, 37.82198610370625, 37.8822990114969, 37.94190350043574, 38.00081865687728, 38.05906309792622, 38.11665498465783, 38.17361203503495, 38.22995153652321, 38.285690358406676, 38.340844963806546, 38.39543142140612, 38.44946541688546, 38.50296226406967, 38.55593691579501, 38.608403974497115, 38.66037770252616, 38.7118720321937, 38.76290057555614, 38.81347663394004, 38.86361320721445, 38.913323002815474, 38.96261844452856, 39.01151168103375, 39.0600145942194, 39.10813880726969, 39.15589569253138, 39.20329637916516, 39.25035176058688, 39.29707250170402, 39.34346904595255, 39.38955162213945, 39.435330251095884, 39.48081475214616, 39.52601474939733, 39.57093967785438, 39.6155987893657, 39.66000115840356, 39.70415568768427, 39.74807111363234, 39.79175601169319, 39.835218801498634, 39.8784677518894, 39.921510985798726, 39.96435648500104, 40.007012094729696, 40.04948552816748, 40.09178437081365, 40.133916084731055, 40.175888012676914, 40.21770738212058, 40.25938130915167, 40.300916802281755, 40.34232076614269, 40.38360000508471, 40.42476122667712, 40.46581104511455, 40.506755984531395, 40.54760248222728, 40.588356891806, 40.629025486230525, 40.66961446079647, 40.71012993602637, 40.75057796048708, 40.790964513532394, 40.83129550797309, 40.871576792676414, 40.91181415509695, 40.9520133237408, 40.99217997056491, 41.0323197133133, 41.07243811779186, 41.11254070008342, 41.15263292870458, 41.192720226705845, 41.232807973716575, 41.27290150793598, 41.31300612807165, 41.35312709522681, 41.39326963473753, 41.433438937961064, 41.47364016401644, 41.51387844147826, 41.55415887002492, 41.594486522041976, 41.63486644418174, 41.675303658879855, 41.71580316582974, 41.75636994341561, 41.797008950104846, 41.837725125800304, 41.878523393153365, 41.919408658838115, 41.96038581478736, 42.00145973939091, 42.0426352986566, 42.08391734733454, 42.125310730004884, 42.16682028212957, 42.20845083106829, 42.25020719705897, 42.292094194163, 42.33411663117547, 42.37627931250052, 42.41858703899198, 42.46104460875934, 42.503656817939245, 42.54642846143245, 42.58936433360623, 42.63246922896232, 42.67574794277024, 42.71920527166594, 42.76284601421567, 42.80667497144493]]","[array([6.37688001e-05, 6.00799169e-05, 5.86665222e-05, 5.87302978e-05,
       5.97889165e-05, 6.15502947e-05, 6.38373346e-05, 6.65429036e-05,
       6.96026715e-05, 7.29787653e-05, 7.66498922e-05, 8.06053505e-05,
       8.48413801e-05, 8.93589248e-05, 9.41622494e-05, 9.92580762e-05,
       1.04655041e-04, 1.10363343e-04, 1.16394523e-04, 1.22761312e-04,
       1.29477541e-04, 1.36558067e-04, 1.44018744e-04, 1.51876391e-04,
       1.60148779e-04, 1.68854630e-04, 1.78013615e-04, 1.87646363e-04,
       1.97774472e-04, 2.08420523e-04, 2.19608094e-04, 2.31361784e-04,
       2.43707230e-04, 2.56671129e-04, 2.70281266e-04, 2.84566528e-04,
       2.99556939e-04, 3.15283676e-04, 3.31779096e-04, 3.49076762e-04,
       3.67211461e-04, 3.86219229e-04, 4.06137372e-04, 4.27004485e-04,
       4.48860466e-04, 4.71746535e-04, 4.95705247e-04, 5.20780496e-04,
       5.47017526e-04, 5.74462933e-04, 6.03164658e-04, 6.33171989e-04,
       6.64535539e-04, 6.97307234e-04, 7.31540289e-04, 7.67289171e-04,
       8.04609566e-04, 8.43558326e-04, 8.84193415e-04, 9.26573839e-04,
       9.70759572e-04, 1.01681146e-03, 1.06479113e-03, 1.11476087e-03,
       1.16678347e-03, 1.22092214e-03, 1.27724028e-03, 1.33580137e-03,
       1.39666870e-03, 1.45990521e-03, 1.52557323e-03, 1.59373424e-03,
       1.66444856e-03, 1.73777510e-03, 1.81377099e-03, 1.89249125e-03,
       1.97398843e-03, 2.05831220e-03, 2.14550894e-03, 2.23562129e-03,
       2.32868768e-03, 2.42474187e-03, 2.52381239e-03, 2.62592202e-03,
       2.73108728e-03, 2.83931778e-03, 2.95061571e-03, 3.06497520e-03,
       3.18238169e-03, 3.30281138e-03, 3.42623056e-03, 3.55259501e-03,
       3.68184939e-03, 3.81392669e-03, 3.94874760e-03, 4.08622001e-03,
       4.22623849e-03, 4.36868381e-03, 4.51342255e-03, 4.66030674e-03,
       4.80917354e-03, 4.95984506e-03, 5.11212822e-03, 5.26581469e-03,
       5.42068099e-03, 5.57648865e-03, 5.73298446e-03, 5.88990096e-03,
       6.04695689e-03, 6.20385793e-03, 6.36029747e-03, 6.51595756e-03,
       6.67050999e-03, 6.82361753e-03, 6.97493526e-03, 7.12411203e-03,
       7.27079210e-03, 7.41461682e-03, 7.55522645e-03, 7.69226203e-03,
       7.82536738e-03, 7.95419108e-03, 8.07838856e-03, 8.19762447e-03,
       8.31158271e-03, 8.41998429e-03, 8.52258505e-03, 8.61916760e-03,
       8.70953655e-03, 8.79351628e-03, 8.87094995e-03, 8.94169945e-03,
       9.00564567e-03, 9.06268904e-03, 9.11275003e-03, 9.15576967e-03,
       9.19171000e-03, 9.22055427e-03, 9.24230713e-03, 9.25699459e-03,
       9.26466380e-03, 9.26538273e-03, 9.25923968e-03, 9.24634259e-03,
       9.22681829e-03, 9.20081160e-03, 9.16848427e-03, 9.13001391e-03,
       9.08559276e-03, 9.03542642e-03, 8.97973252e-03, 8.91873938e-03,
       8.85268458e-03, 8.78181359e-03, 8.70637834e-03, 8.62663585e-03,
       8.54284685e-03, 8.45527448e-03, 8.36418299e-03, 8.26983655e-03,
       8.17249805e-03, 8.07242803e-03, 7.96988367e-03, 7.86511784e-03,
       7.75837827e-03, 7.64990672e-03, 7.53993836e-03, 7.42870111e-03,
       7.31641513e-03, 7.20329236e-03, 7.08953619e-03, 6.97534112e-03,
       6.86089256e-03, 6.74636665e-03, 6.63193021e-03, 6.51774065e-03,
       6.40394603e-03, 6.29068511e-03, 6.17808743e-03, 6.06627352e-03,
       5.95535504e-03, 5.84543501e-03, 5.73660805e-03, 5.62896065e-03,
       5.52257143e-03, 5.41751148e-03, 5.31384464e-03, 5.21162781e-03,
       5.11091130e-03, 5.01173913e-03, 4.91414940e-03, 4.81817455e-03,
       4.72384175e-03, 4.63117318e-03, 4.54018634e-03, 4.45089440e-03,
       4.36330642e-03, 4.27742771e-03, 4.19326007e-03, 4.11080205e-03,
       4.03004924e-03, 3.95099448e-03, 3.87362812e-03, 3.79793822e-03,
       3.72391078e-03, 3.65152993e-03, 3.58077809e-03, 3.51163623e-03,
       3.44408393e-03, 3.37809963e-03, 3.31366071e-03, 3.25074366e-03,
       3.18932421e-03, 3.12937743e-03, 3.07087783e-03, 3.01379952e-03,
       2.95811622e-03, 2.90380143e-03, 2.85082844e-03, 2.79917045e-03,
       2.74880060e-03, 2.69969208e-03, 2.65181812e-03, 2.60515211e-03,
       2.55966757e-03, 2.51533828e-03, 2.47213822e-03, 2.43004168e-03,
       2.38902325e-03, 2.34905785e-03, 2.31012077e-03, 2.27218766e-03,
       2.23523458e-03, 2.19923797e-03, 2.16417473e-03, 2.13002214e-03,
       2.09675796e-03, 2.06436038e-03, 2.03280802e-03, 2.00207997e-03,
       1.97215576e-03, 1.94301540e-03, 1.91463932e-03, 1.88700843e-03,
       1.86010406e-03, 1.83390801e-03, 1.80840251e-03, 1.78357023e-03,
       1.75939429e-03, 1.73585821e-03, 1.71294595e-03, 1.69064188e-03,
       1.66893077e-03, 1.64779782e-03, 1.62722859e-03, 1.60720905e-03,
       1.58772554e-03, 1.56876478e-03, 1.55031386e-03, 1.53236021e-03,
       1.51489163e-03, 1.49789624e-03, 1.48136251e-03, 1.46527924e-03,
       1.44963553e-03, 1.43442082e-03, 1.41962483e-03, 1.40523758e-03,
       1.39124939e-03, 1.37765087e-03, 1.36443286e-03, 1.35158653e-03,
       1.33910327e-03, 1.32697472e-03, 1.31519281e-03, 1.30374966e-03,
       1.29263766e-03, 1.28184941e-03, 1.27137774e-03, 1.26121571e-03,
       1.25135655e-03, 1.24179374e-03, 1.23252094e-03, 1.22353199e-03,
       1.21482095e-03, 1.20638203e-03, 1.19820963e-03, 1.19029835e-03,
       1.18264291e-03, 1.17523824e-03, 1.16807939e-03, 1.16116160e-03,
       1.15448023e-03, 1.14803081e-03, 1.14180900e-03, 1.13581060e-03,
       1.13003155e-03, 1.12446791e-03, 1.11911588e-03, 1.11397179e-03,
       1.10903205e-03, 1.10429324e-03, 1.09975202e-03, 1.09540518e-03,
       1.09124959e-03, 1.08728225e-03, 1.08350027e-03, 1.07990082e-03,
       1.07648120e-03, 1.07323880e-03, 1.07017109e-03, 1.06727564e-03,
       1.06455009e-03, 1.06199218e-03, 1.05959973e-03, 1.05737062e-03,
       1.05530285e-03, 1.05339445e-03, 1.05164355e-03, 1.05004834e-03,
       1.04860708e-03, 1.04731811e-03, 1.04617983e-03, 1.04519069e-03,
       1.04434922e-03, 1.04365401e-03, 1.04310370e-03, 1.04269698e-03,
       1.04243263e-03, 1.04230945e-03, 1.04232631e-03, 1.04248212e-03,
       1.04277586e-03, 1.04320654e-03, 1.04377323e-03, 1.04447504e-03,
       1.04531113e-03, 1.04628070e-03, 1.04738299e-03, 1.04861729e-03,
       1.04998293e-03, 1.05147927e-03, 1.05310572e-03, 1.05486172e-03,
       1.05674675e-03, 1.05876031e-03, 1.06090197e-03, 1.06317129e-03,
       1.06556790e-03, 1.06809143e-03, 1.07074156e-03, 1.07351799e-03,
       1.07642045e-03, 1.07944871e-03, 1.08260254e-03, 1.08588176e-03,
       1.08928621e-03, 1.09281573e-03, 1.09647022e-03, 1.10024957e-03,
       1.10415371e-03, 1.10818259e-03, 1.11233616e-03, 1.11661441e-03,
       1.12101733e-03])]","[[0, 6.376880005047202e-05, 0.00012384871691641303, 0.0001825152391396538, 0.00024124553698808246, 0.00030103445353581333, 0.00036258474824681054, 0.00042642208286198136, 0.0004929649864378562, 0.0005625676579794532, 0.0006355464233250634, 0.0007121963155277436, 0.0007928016659802063, 0.0008776430460364521, 0.0009670019708724488, 0.0010611642203087644, 0.0011604222965371504, 0.0012650773371041992, 0.0013754406797977065, 0.0014918352023317763, 0.0016145965148113516, 0.0017440740554133265, 0.0018806321226734924, 0.00202465086708649, 0.0021765272579251055, 0.002336676036767399, 0.0025055306662787992, 0.0026835442807804847, 0.0028711906437081484, 0.003068965116018754, 0.0032773856388074673, 0.003496993732770414, 0.003728355516638295, 0.003972062746276009, 0.004228733875770473, 0.004499015141495937, 0.004783581669841009, 0.005083138608995064, 0.0053984222849164385, 0.0057302013813349305, 0.0060792781433716536, 0.0064464896040861, 0.006832708832979631, 0.007238846205193202, 0.007665850689832039, 0.00811471115552846, 0.008586457691013544, 0.009082162938106559, 0.009602943434145843, 0.010149960960474026, 0.01072442389315234, 0.01132758855161143, 0.011960760540447991, 0.012625296079046359, 0.013322603313140533, 0.014054143601834138, 0.014821432772962674, 0.01562604233901374, 0.016469600665116498, 0.01735379407987191, 0.018280367919020865, 0.01925112749113954, 0.02026793895371197, 0.021332730087061595, 0.02244749095272939, 0.023614274421970526, 0.024835196559109263, 0.02611243684354882, 0.027448238213286947, 0.02884490691184664, 0.030304812119605177, 0.03183038534960429, 0.03342411958706254, 0.03508856815100206, 0.03682634325566201, 0.03864011424871759, 0.04053260550277586, 0.04250659393619961, 0.04456490613904012, 0.046710415079764415, 0.048946036368568306, 0.05127472405340072, 0.05369946592541698, 0.056223278311457986, 0.05884920033234946, 0.06158028760736141, 0.06441960538709238, 0.06737022109937583, 0.07043519629557464, 0.07361757798785949, 0.07692038937178015, 0.08034661993265274, 0.08389921493901441, 0.08758106433164489, 0.09139499102242134, 0.09534373862354922, 0.0994299586344775, 0.103656197121031, 0.10802488092893407, 0.11253830348190211, 0.11719861022277202, 0.12200778376464677, 0.12696762882764429, 0.13207975704545594, 0.13734557173440826, 0.1427662527259438, 0.14834274137124376, 0.15407572583394244, 0.1599656267933659, 0.16601258368628866, 0.1722164416196686, 0.17857673909001853, 0.1850926966468371, 0.19176320663769567, 0.19858682417102352, 0.2055617594292335, 0.21268587145948778, 0.21995666356206267, 0.22737128038689863, 0.23492650683753302, 0.2426187688682572, 0.25044413624511547, 0.2583983273244077, 0.26647671588385824, 0.27467434035000415, 0.28298592306076653, 0.29140590734943644, 0.29992849240332625, 0.3085476600016541, 0.3172571965544209, 0.32605071283081605, 0.33492166277758073, 0.34386336222430836, 0.3528690078985465, 0.36193169694136407, 0.3710444469699354, 0.38020021664451953, 0.38939192664255057, 0.3986124809098402, 0.40785478804036257, 0.4171117826269615, 0.42637644642260825, 0.43564182915368116, 0.44490106883193203, 0.45414741141955167, 0.46337422971148984, 0.4725750413105012, 0.48174352558294165, 0.4908735394968295, 0.4999591322578546, 0.5089945586736072, 0.51797429119108, 0.5268930305672432, 0.5357457151470009, 0.5445275287369048, 0.5532339070764768, 0.561860542921689, 0.5704033897669738, 0.5788586642429502, 0.5872228472367889, 0.5954926837907313, 0.6036651818416876, 0.6117376098710597, 0.6197074935389575, 0.6275726113808426, 0.6353309896473699, 0.6429808963698661, 0.6505208347345549, 0.6579495358483775, 0.6652659509781659, 0.6724692433430773, 0.6795587795376914, 0.6865341206601018, 0.6933950132157898, 0.700141379864134, 0.7067733100701841, 0.7132910507198773, 0.7196949967522901, 0.7259856818578476, 0.7321637692867426, 0.7382300428071796, 0.7441853978485207, 0.7500308328599995, 0.7557674409114304, 0.7613964015582944, 0.766918972989756, 0.7723364844745755, 0.7776503291165318, 0.7828619569278805, 0.7879728682265352, 0.7929846073600783, 0.7978987567573773, 0.8027169313065007, 0.807440773055774, 0.8120719462332028, 0.8166121325780745, 0.8210630269773533, 0.8254263333984603, 0.8297037611091952, 0.8338970211748755, 0.8380078232222353, 0.8420378724592322, 0.8459888669396325, 0.8498624950610766, 0.853660433285258, 0.8573843440688568, 0.8610358739939625, 0.8646166520868681, 0.8681282883143224, 0.8715723722465843, 0.8749504718769086, 0.8782641325874161, 0.8815148762516481, 0.8847042004644682, 0.8878335778903543, 0.8909044557215141, 0.8939182552376453, 0.8968763714595623, 0.8997801728893009, 0.9026310013297039, 0.9054301717768729, 0.9081789723792483, 0.9108786644574416, 0.9135304825793056, 0.9161356346850631, 0.9186953022576517, 0.9212106405337571, 0.9236827787513104, 0.9261128204295183, 0.9285018436777674, 0.930850901530012, 0.9331610223014982, 0.9354332099649186, 0.937668444543311, 0.939867682517225, 0.9420318572438817, 0.9441618793862321, 0.9462586373499976, 0.9483229977269403, 0.950355805742759, 0.9523578857081536, 0.9543300414717325, 0.9562730568735595, 0.9581876961982551, 0.9600747046266717, 0.9619348086852612, 0.9637687166923482, 0.9655771192006041, 0.967360689435097, 0.9691200837263657, 0.9708559419380313, 0.9725688878885228, 0.9742595297665488, 0.9759284605399996, 0.9775762583580109, 0.9792034869459654, 0.9808106959932459, 0.9823984215335914, 0.9839671863179406, 0.9855175001796764, 0.9870498603922127, 0.9885647520188872, 0.9900626482551526, 0.9915440107630684, 0.9930092899981227, 0.9944589255284236, 0.9958933463463182, 0.997312971172504, 0.9987182087527173, 1.0001094581470842, 1.0014871090122348, 1.0028515418762851, 1.0042031284067992, 1.0055422316718496, 1.0068692063942994, 1.008184399199428, 1.0094881488560352, 1.010780786511153, 1.0120626359184974, 1.0133340136607973, 1.014595229366137, 1.0158465859184462, 1.017088379662276, 1.018320900601996, 1.0195444325955487, 1.020759253542895, 1.0219656355692854, 1.0231638452034875, 1.0243541435511012, 1.025536786463091, 1.0267120246996615, 1.0278801040895995, 1.0290412656852095, 1.0301957459129578, 1.0313437767199498, 1.0324855857163489, 1.0336213963138574, 1.034751427860366, 1.0358758957708816, 1.0369950116548403, 1.0381089834399084, 1.0392180154923714, 1.0403223087342102, 1.0414220607569613, 1.0425174659324525, 1.0436087155205072, 1.044695997773702, 1.045779498039268, 1.0468593988582162, 1.0479358800617689, 1.0490091188651762, 1.0500792899589935, 1.051146565597893, 1.0522111156870857, 1.0532731078664141, 1.0543327075921956, 1.0553900782168688, 1.056445381066517, 1.0574987755163217, 1.0585504190640094, 1.0596004674013488, 1.0606490744837505, 1.061696392598026, 1.0627425724283548, 1.0637877631205086, 1.0648321123443845, 1.0658757663548872, 1.0669188700512084, 1.0679615670345457, 1.0690039996642986, 1.0700463091127865, 1.07108863541852, 1.072131117538067, 1.0731738933965451, 1.0742170999367742, 1.0752608731671216, 1.0763053482080693, 1.0773506593375335, 1.0783969400349607, 1.079444323024232, 1.0804929403153953, 1.0815429232452514, 1.0825944025168175, 1.0836475082376866, 1.0847023699573053, 1.0857591167031873, 1.0868178770160801, 1.0878787789841036, 1.088941950275873, 1.0900075181726228, 1.091075609599343, 1.092146351154943, 1.0932198691414494, 1.0942962895922537, 1.0953757382994138, 1.0964583408400221, 1.0975442226016432, 1.0986335088068302, 1.0997263245367255, 1.1008227947537481, 1.101923044323373, 1.1030271980350042, 1.1041353806219443, 1.1052477167804615, 1.1063643311879527, 1.1074853485202043]]"
40.0,40.0,3,120,270,I1-S1,"[[0.01, 0.009218546420913139, 0.008861068736292907, 0.008775057937429897, 0.008868444749941959, 0.00908552619989715, 0.009392541128454722, 0.009769039109887728, 0.010202691607445176, 0.01068617099053327, 0.011215268031210356, 0.011787752935139503, 0.012402683425856481, 0.0130599822043612, 0.013760177226943669, 0.014504240828143842, 0.015293489221719593, 0.016129519197749506, 0.017014168001691563, 0.017949487886415393, 0.018937730139863572, 0.019981335388041515, 0.02108292818150719, 0.022245314608314935, 0.023471482126037238, 0.02476460108305197, 0.026128027572528866, 0.02756530737219907, 0.029080180793557626, 0.03067658831042663, 0.03235867686776357, 0.03413080679269757, 0.035997559244367226, 0.03796374414929184, 0.040034408576031466, 0.04221484550760348, 0.044510602973054106, 0.04692749350107752, 0.049471603858862165, 0.05214930503857435, 0.05496726245216488, 0.05793244629257038, 0.06105214201591757, 0.06433396089504781, 0.06778585058956925, 0.07141610567171162, 0.075233378040494, 0.07924668714910045, 0.08346542996187244, 0.08789939054794367, 0.09255874920823776, 0.0974540910212946, 0.10259641368116422, 0.10799713448738398, 0.11366809633282297, 0.1196215725199256, 0.12587027021961703, 0.13242733236986115, 0.13930633779261473, 0.1465212992887493, 0.15408665945048594, 0.1620172839101044, 0.17032845172227667, 0.17903584255550206, 0.18815552034599003, 0.19770391304520676, 0.2076977880704734, 0.21815422304684906, 0.22909057140847944, 0.24052442240914657, 0.2524735550755007, 0.2649558856230567, 0.27798940784525056, 0.29159212598052603, 0.30578197956250264, 0.32057675976480243, 0.33599401676622714, 0.352050957684899, 0.36876433466302394, 0.38615032272847793, 0.40422438711689074, 0.42300113980975884, 0.44249418513181715, 0.46271595435584856, 0.4836775293866354, 0.5053884557390346, 0.5278565451891646, 0.5510876686631152, 0.575085540134757, 0.5998514925330172, 0.6253842469087216, 0.6516796763804579, 0.6787305666658292, 0.7065263753060077, 0.7350529920038131, 0.7642925028137574, 0.7942229612406517, 0.8248181696144173, 0.8560474744045005, 0.8878755794085443, 0.9202623809865229, 0.9531628297023794, 0.9865268228687426, 1.020299132554589, 1.054419373598898, 1.088822016063992, 1.123436446349859, 1.158187080866325, 1.1929935357164663, 1.2277708552777415, 1.2624298018758222, 1.2968772079324313, 1.3310163910393806, 1.3647476313775049, 1.3979687097771476, 1.4305755035267507, 1.462462635802887, 1.4935241733478186, 1.5236543657917891, 1.5527484188417384, 1.580703292472355, 1.607418514295851, 1.632796997488837, 1.6567458520506213, 1.679177503056173, 1.7000136778672879, 1.7191874401710152, 1.7366413624244816, 1.7523262288190677, 1.7662004011061403, 1.778229599074977, 1.7883869223246522, 1.7966529925331487, 1.8030161332694634, 1.8074725316635945, 1.8100263459138195, 1.8106897367985753, 1.809482811596351, 1.8064334761923015, 1.8015771964437985, 1.7949566736437526, 1.7866214415549093, 1.7766273942711728, 1.7650362552937466, 1.7519149988349891, 1.7373352345873052, 1.7213725670980113, 1.7041059405363304, 1.6856169790763686, 1.66598933239335, 1.6453080349175686, 1.6236588865457955, 1.6011278615044973, 1.5778005510218132, 1.5537616444216256, 1.529094452226364, 1.5038804738654634, 1.478199011650683, 1.4521268318115743, 1.425737872594906, 1.3991029987282995, 1.3722898009353302, 1.345362438668716, 1.3183815237994454, 1.2914040426601163, 1.2644833135859885, 1.2376689769215148, 1.2110070143565885, 1.1845397944178997, 1.158306140958687, 1.1323414215567336, 1.1066776528376852, 1.0813436198809605, 1.0563650070314106, 1.0317645376247175, 1.0075621203322158, 0.9837750000359355, 0.9604179113524687, 0.937503233130714, 0.91504114245028, 0.8930397668416058, 0.8715053336335368, 0.8504423155075774, 0.82985357149921, 0.8097404828348184, 0.7901030831275523, 0.7709401825768833, 0.7522494859248514, 0.7340277040175183, 0.7162706589034974, 0.6989733824733233, 0.6821302087046345, 0.6657348596295016, 0.6497805251825832, 0.6342599371230044, 0.6191654372497616, 0.6044890401508776, 0.5902224907412519, 0.5763573168538884, 0.5628848771546384, 0.5497964046523882, 0.5370830460753213, 0.5247358973800319, 0.5127460356543047, 0.5011045476667387, 0.4898025553074391, 0.47883123815405226, 0.46818185338675866, 0.4578457532646971, 0.4478144003648865, 0.4380793807731984, 0.42863241540546754, 0.41946536962551895, 0.41057026131583674, 0.40193926754587495, 0.3935647299726738, 0.3854391590985353, 0.3775552375010648, 0.3699058221419116, 0.3624839458520652, 0.35528281808356904, 0.34829582501001566, 0.34151652905116525, 0.3349386678904755, 0.3285561530482305, 0.3223630680672908, 0.3163536663632369, 0.31052236878582395, 0.30486376093418593, 0.2993725902641025, 0.2940437630218463, 0.2888723410356478, 0.28385353839262234, 0.2789827180260856, 0.274255388235514, 0.2696671991589748, 0.26521393921563224, 0.2608915315339193, 0.2566960303791334, 0.2526236175925506, 0.24867059905264857, 0.24483340116766542, 0.24110856740749056, 0.23749275488177496, 0.23398273097014669, 0.23057537000952005, 0.22726765004267802, 0.22405664963158464, 0.22093954473823751, 0.21791360567529056, 0.21497619412816496, 0.2121247602499058, 0.2093568398296378, 0.20667005153511347, 0.2040620942295315, 0.2015307443625239, 0.19907385343496795, 0.19668934553706635, 0.19437521495895563, 0.19212952387294316, 0.18995040008633823, 0.18783603486372707, 0.18578468081744418, 0.18379464986491217, 0.18186431125145605, 0.17999208963714486, 0.17817646324617253, 0.1764159620772586, 0.17470916617352736, 0.17305470395031092, 0.17145125057931435, 0.16989752642758096, 0.1683922955497012, 0.1669343642317179, 0.16552257958519515, 0.16415582818993582, 0.16283303478385275, 0.1615531609985227, 0.1603152041389773, 0.15911819600631222, 0.1579612017617257, 0.15684331883062627, 0.1557636758454814, 0.15472143162611032, 0.1537157741961565, 0.15274591983450753, 0.15181111216046334, 0.15091062125148622, 0.15004374279239885, 0.14920979725492878, 0.14840812910653065, 0.14763810604744818, 0.14689911827501048, 0.14619057777418734, 0.1455119176334587, 0.14486259138508298, 0.14424207236887876, 0.14364985311866166, 0.14308544477050694, 0.1425483764920349, 0.14203819493194236, 0.14155446368902996, 0.14109676279999844, 0.1406646882453129, 0.1402578514724561, 0.13987587893591547, 0.13951841165326975, 0.13918510477676338, 0.1388756271797762, 0.13858966105761703, 0.13832690154208824, 0.13808705632928675, 0.1378698453201258, 0.1376750002730778, 0.13750226446865618, 0.1373513923851695, 0.1372221493852969, 0.1371143114130487, 0.13702766470068972, 0.13696200548521764, 0.13691713973400066, 0.13689288287919218, 0.13688905956055225, 0.13690550337631666, 0.13694205664176634, 0.13699857015516018, 0.13707490297070443, 0.1371709221782421, 0.13728650268935463, 0.137421527029578, 0.13757588513644264, 0.13774947416305633, 0.13794219828695617, 0.1381539685239631, 0.13838470254678076, 0.1386343245080857, 0.1389027648678642, 0.13918996022475602, 0.13949585315117163, 0.13982039203195573, 0.14016353090637457, 0.14052522931321013, 0.14090545213874933, 0.14130416946746052, 0.1417213564351549, 0.14215699308443383, 0.1426110642222281, 0.14308355927923816, 0.14357447217108862, 0.14408380116101416, 0.1446115487238963, 0.1451577214114752, 0.14572232971856242, 0.14630538795008474, 0.14690691408879136, 0.14752692966345954, 0.14816545961743688, 0.148822532177361, 0.14949817872189924, 0.1501924336503546, 0.15090533425098554, 0.15163692056889058, 0.15238723527330983, 0.15315632352419928, 0.15394423283793499, 0.154751012952007]]","[[0.01, 0.011673645222856313, 0.01362924433757481, 0.01580189464430657, 0.018156397924189226, 0.020675352684416563, 0.023352054292387205, 0.026186291699923002, 0.02918185392188431, 0.032345059424089356, 0.03568389537012468, 0.03920752072384894, 0.04292598627959992, 0.046850083945786186, 0.05099127302960103, 0.055361652435302305, 0.05997396032646481, 0.06484159034289701, 0.06997861795686841, 0.07539983322774747, 0.08112077780259115, 0.08715778495102755, 0.09352802197779886, 0.10024953468191881, 0.10734129372080141, 0.11482324284649831, 0.12271634904239258, 0.13104265462194975, 0.13982533136802333, 0.14908873679857146, 0.15885847264644523, 0.16916144563944358, 0.18002593066338243, 0.1914816363861862, 0.20355977341531956, 0.2162931250543682, 0.2297161207172576, 0.24386491205040484, 0.2587774518039227, 0.2744935754826972, 0.2910550857965858, 0.30850583991596214, 0.3268918395241804, 0.3462613236420598, 0.36666486418098754, 0.38815546416050045, 0.41078865850300383, 0.43462261729239043, 0.4597182513544874, 0.48613931998523857, 0.5139525406170561, 0.5432277001745897, 0.5740377678279899, 0.6064590088043067, 0.6405710988657004, 0.6764572390063702, 0.7142042698582771, 0.7539027852285923, 0.7956472441191345, 0.8395360804996511, 0.8856718100225149, 0.934161132776116, 0.9851150310779021, 1.038648861205664, 1.094882437857403, 1.1539401100161697, 1.2159508267769659, 1.2810481915686605, 1.349370503075527, 1.4210607810313232, 1.4962667749248721, 1.5751409535211776, 1.6578404729677985, 1.7445271211244024, 1.835367235626326, 1.9305315930731448, 2.0301952666236507, 2.1345374491825466, 2.243741239285377, 2.357993386730829, 2.4774839949781637, 2.6024061773270852, 2.7329556639332275, 2.8693303567902224, 3.0117298299349793, 3.160354772312448, 3.3154063709759134, 3.477085632604892, 3.645592641700873, 3.8211257542768573, 4.00388072639476, 4.194049777529128, 4.391820589449009, 4.597375242113381, 4.81088908896883, 5.03252957501831, 5.262455002091766, 5.500813246885117, 5.7477404385325785, 6.003359603724306, 6.267779288658957, 6.541092168407847, 6.823373655538957, 7.1146805210770845, 7.415049542029673, 7.724496190752601, 8.04301338233086, 8.370570296868944, 8.70711129408813, 9.052554937877279, 9.406793148407003, 9.769690499064897, 10.141083674778113, 10.52078110724155, 10.908562801156387, 11.304180363804871, 11.70735724815378, 12.11778921721244, 12.535145034604529, 12.95906738329029, 13.389174011151894, 13.825059098793853, 14.26629484148473, 14.712433233754153, 15.163008384259006, 15.61754230869008, 16.075549752530787, 16.53653904617198, 17.000013065340298, 17.465470612046325, 17.93240810502288, 18.400321489157744, 18.8687082886062, 19.337069740228277, 19.804912953663077, 20.27175305238556, 20.73711525695312, 21.200536877667055, 21.66156918927084, 22.1197791652347, 22.57475105372881, 23.026087781622888, 23.47341217679544, 23.91636800270084, 24.354620802523566, 24.78785855333634, 25.21579213346062, 25.63815560869205, 26.054706345191267, 26.465224958648104, 26.869515110804617, 27.267403165577065, 27.65873771785958, 28.04338900864047, 28.42124824033636, 28.79222680627434, 29.156255448055287, 29.51328335414082, 29.86327721245192, 30.206220229078262, 30.542111124402595, 30.87096311707117, 31.19280290531496, 31.507669654170023, 31.815613996179785, 32.11669705220497, 32.410989478033834, 32.69857054158885, 32.979527234675935, 33.25395342242664, 33.52194903284763, 33.78361928821875, 34.0390739794731, 34.28842678414942, 34.5317946280284, 34.769297090147596, 35.00105585053232, 35.22719417967785, 35.44783646856864, 35.66310779781788, 35.8731335443522, 36.078039023946495, 36.27794916782911, 36.47298823152328, 36.66327953406343, 36.848945225719994, 37.03010608238189, 37.206881324776425, 37.37938846075155, 37.54774314890052, 37.712059081873015, 37.87244788778684, 38.02901904822957, 38.181879831416715, 38.33113523915311, 38.4768879663238, 38.61923837172045, 38.75828445908775, 38.89412186735066, 39.026843869057686, 39.156541376146535, 39.28330295220733, 39.40721483048321, 39.52836093691032, 39.64682291755738, 39.76268016987997, 39.87600987725611, 39.986887046317854, 40.095384546638485, 40.20157315237646, 40.30552158551603, 40.40729656037999, 40.506962829123076, 40.60458322794488, 40.7002187237889, 40.79392846131995, 40.88576980999558, 40.97579841106838, 41.06406822437566, 41.15063157479052, 41.235539198224636, 41.31884028708746, 41.40058253511995, 41.48081218153266, 41.55957405438901, 41.636911613184, 41.71286699057759, 41.78748103324959, 41.86079334184991, 41.932842310024355, 42.00366516250151, 42.07329799223147, 42.141775796571096, 42.209132512514905, 42.27540105097345, 42.34061333010453, 42.40480030770485, 42.46799201267212, 42.530217575549436, 42.591505258165505, 42.65188248238567, 42.7113758579898, 42.77001120969414, 42.827813603335045, 42.884807371233144, 42.94101613675686, 42.99646283810471, 43.05116975132616, 43.10515851260055, 43.15845013979429, 43.21106505331588, 43.26302309628873, 43.31434355406136, 43.36504517307439, 43.415146179103644, 43.46466429489817, 43.51361675723204, 43.56202033338805, 43.609891337091405, 43.657245643910976, 43.70409870614534, 43.75046556721042, 43.79636087554517, 43.841798898051245, 43.88679353308238, 43.931358322998484, 43.975506466299315, 44.01925082935209, 44.06260395772683, 44.10557808715309, 44.14818515411111, 44.19043680607009, 44.2323444113859, 44.2739190688702, 44.31517161704239, 44.35611264307569, 44.396752491448076, 44.43710127230849, 44.477168869568516, 44.51696494872914, 44.55649896445214, 44.59578016788515, 44.63481761374916, 44.67362016719698, 44.7121965104508, 44.75055514922681, 44.78870441895444, 44.826652490797535, 44.864407377484675, 44.90197693895534, 44.93936888782856, 44.976590794700336, 45.01365009327608, 45.0505540853438, 45.08730994559381, 45.12392472629038, 45.16040536180065, 45.196758672985716, 45.23299137145902, 45.269110063716525, 45.30512125514323, 45.341031353900505, 45.37684667469827, 45.41257344245613, 45.44821779585729, 45.48378579079907, 45.51928340374342, 45.554716534971135, 45.59009101174275, 45.62541259136962, 45.66068696419799, 45.695919756509156, 45.73111653333839, 45.76628280121544, 45.80142401082917, 45.83654555961876, 45.87165279429395, 45.90675101328653, 45.94184546913535, 45.97694137080684, 46.012043885953126, 46.04715814310966, 46.08228923383413, 46.117442214788504, 46.15262210976576, 46.18783391166303, 46.22308258440258, 46.258373064802115, 46.293710264395756, 46.329099071207054, 46.36454435147525, 46.40005095133595, 46.435623698457285, 46.47126740363279, 46.50698686233171, 46.54278685620794, 46.57867215456828, 46.61464751580096, 46.65071768876507, 46.68688741414174, 46.72316142574761, 46.75954445181132, 46.79604121621345, 46.8326564396905, 46.86939484100338, 46.906261138070725, 46.94326004906758, 46.98039629348957, 47.01767459318295, 47.055099673340834, 47.09267626346557, 47.130409098297676, 47.16830291871121, 47.20636247257584, 47.244592515585445, 47.2829978120534, 47.32158313567439, 47.36035327025266, 47.399313010396654, 47.438467162179776, 47.4778205437671, 47.517377986007816, 47.55714433299311, 47.59712444257918, 47.63732318687495, 47.67774545269431]]","[array([6.37688001e-05, 6.00799169e-05, 5.86665222e-05, 5.87302979e-05,
       5.97889171e-05, 6.15503034e-05, 6.38373877e-05, 6.65431097e-05,
       6.96032758e-05, 7.29802313e-05, 7.66529987e-05, 8.06113004e-05,
       8.48519192e-05, 8.93764691e-05, 9.41900209e-05, 9.93002467e-05,
       1.04716884e-04, 1.10451398e-04, 1.16516763e-04, 1.22927333e-04,
       1.29698751e-04, 1.36847902e-04, 1.44392890e-04, 1.52353027e-04,
       1.60748836e-04, 1.69602070e-04, 1.78935735e-04, 1.88774112e-04,
       1.99142803e-04, 2.10068761e-04, 2.21580339e-04, 2.33707340e-04,
       2.46481060e-04, 2.59934353e-04, 2.74101681e-04, 2.89019174e-04,
       3.04724696e-04, 3.21257906e-04, 3.38660325e-04, 3.56975400e-04,
       3.76248579e-04, 3.96527374e-04, 4.17861435e-04, 4.40302619e-04,
       4.63905062e-04, 4.88725246e-04, 5.14822070e-04, 5.42256916e-04,
       5.71093715e-04, 6.01399012e-04, 6.33242019e-04, 6.66694675e-04,
       7.01831693e-04, 7.38730603e-04, 7.77471791e-04, 8.18138523e-04,
       8.60816967e-04, 9.05596194e-04, 9.52568179e-04, 1.00182778e-03,
       1.05347268e-03, 1.10760339e-03, 1.16432310e-03, 1.22373763e-03,
       1.28595531e-03, 1.35108680e-03, 1.41924493e-03, 1.49054450e-03,
       1.56510200e-03, 1.64303536e-03, 1.72446359e-03, 1.80950642e-03,
       1.89828390e-03, 1.99091587e-03, 2.08752149e-03, 2.18821861e-03,
       2.29312316e-03, 2.40234839e-03, 2.51600414e-03, 2.63419594e-03,
       2.75702415e-03, 2.88458289e-03, 3.01695906e-03, 3.15423112e-03,
       3.29646795e-03, 3.44372751e-03, 3.59605554e-03, 3.75348409e-03,
       3.91603013e-03, 4.08369397e-03, 4.25645771e-03, 4.43428368e-03,
       4.61711283e-03, 4.80486312e-03, 4.99742793e-03, 5.19467451e-03,
       5.39644250e-03, 5.60254252e-03, 5.81275481e-03, 6.02682814e-03,
       6.24447873e-03, 6.46538945e-03, 6.68920924e-03, 6.91555272e-03,
       7.14400016e-03, 7.37409770e-03, 7.60535792e-03, 7.83726084e-03,
       8.06925517e-03, 8.30076010e-03, 8.53116739e-03, 8.75984396e-03,
       8.98613486e-03, 9.20936664e-03, 9.42885114e-03, 9.64388966e-03,
       9.85377744e-03, 1.00578084e-02, 1.02552804e-02, 1.04455001e-02,
       1.06277887e-02, 1.08014873e-02, 1.09659620e-02, 1.11206104e-02,
       1.12648766e-02, 1.13982774e-02, 1.15203993e-02, 1.16308871e-02,
       1.17294383e-02, 1.18157999e-02, 1.18897678e-02, 1.19511878e-02,
       1.19999561e-02, 1.20360212e-02, 1.20593840e-02, 1.20700991e-02,
       1.20682739e-02, 1.20540688e-02, 1.20276950e-02, 1.19894133e-02,
       1.19395314e-02, 1.18784011e-02, 1.18064147e-02, 1.17240015e-02,
       1.16316238e-02, 1.15297727e-02, 1.14189637e-02, 1.12997324e-02,
       1.11726301e-02, 1.10382195e-02, 1.08970702e-02, 1.07497553e-02,
       1.05968468e-02, 1.04389127e-02, 1.02765132e-02, 1.01101979e-02,
       9.94050307e-03, 9.76794904e-03, 9.59303833e-03, 9.41625375e-03,
       9.23805690e-03, 9.05888703e-03, 8.87916010e-03, 8.69926813e-03,
       8.51957883e-03, 8.34043539e-03, 8.16215652e-03, 7.98503670e-03,
       7.80934652e-03, 7.63533324e-03, 7.46322140e-03, 7.29321362e-03,
       7.12549136e-03, 6.96021593e-03, 6.79752934e-03, 6.63755534e-03,
       6.48040046e-03, 6.32615499e-03, 6.17489402e-03, 6.02667850e-03,
       5.88155618e-03, 5.73956265e-03, 5.60072228e-03, 5.46504912e-03,
       5.33254783e-03, 5.20321447e-03, 5.07703738e-03, 4.95399787e-03,
       4.83407099e-03, 4.71722622e-03, 4.60342804e-03, 4.49263661e-03,
       4.38480825e-03, 4.27989599e-03, 4.17785005e-03, 4.07861825e-03,
       3.98214641e-03, 3.88837876e-03, 3.79725822e-03, 3.70872674e-03,
       3.62272558e-03, 3.53919551e-03, 3.45807709e-03, 3.37931087e-03,
       3.30283752e-03, 3.22859804e-03, 3.15653387e-03, 3.08658702e-03,
       3.01870022e-03, 2.95281695e-03, 2.88888156e-03, 2.82683934e-03,
       2.76663655e-03, 2.70822051e-03, 2.65153961e-03, 2.59654336e-03,
       2.54318241e-03, 2.49140854e-03, 2.44117472e-03, 2.39243510e-03,
       2.34514499e-03, 2.29926088e-03, 2.25474046e-03, 2.21154254e-03,
       2.16962711e-03, 2.12895530e-03, 2.08948936e-03, 2.05119264e-03,
       2.01402958e-03, 1.97796571e-03, 1.94296758e-03, 1.90900278e-03,
       1.87603990e-03, 1.84404853e-03, 1.81299917e-03, 1.78286331e-03,
       1.75361332e-03, 1.72522244e-03, 1.69766482e-03, 1.67091540e-03,
       1.64494996e-03, 1.61974508e-03, 1.59527808e-03, 1.57152706e-03,
       1.54847082e-03, 1.52608887e-03, 1.50436139e-03, 1.48326925e-03,
       1.46279393e-03, 1.44291753e-03, 1.42362278e-03, 1.40489294e-03,
       1.38671188e-03, 1.36906398e-03, 1.35193417e-03, 1.33530788e-03,
       1.31917101e-03, 1.30350998e-03, 1.28831163e-03, 1.27356327e-03,
       1.25925263e-03, 1.24536785e-03, 1.23189749e-03, 1.21883048e-03,
       1.20615614e-03, 1.19386415e-03, 1.18194453e-03, 1.17038764e-03,
       1.15918420e-03, 1.14832520e-03, 1.13780198e-03, 1.12760613e-03,
       1.11772958e-03, 1.10816449e-03, 1.09890331e-03, 1.08993875e-03,
       1.08126376e-03, 1.07287154e-03, 1.06475551e-03, 1.05690935e-03,
       1.04932692e-03, 1.04200231e-03, 1.03492981e-03, 1.02810391e-03,
       1.02151930e-03, 1.01517084e-03, 1.00905358e-03, 1.00316273e-03,
       9.97493689e-04, 9.92042001e-04, 9.86803375e-04, 9.81773671e-04,
       9.76948898e-04, 9.72325205e-04, 9.67898882e-04, 9.63666351e-04,
       9.59624167e-04, 9.55769008e-04, 9.52097676e-04, 9.48607091e-04,
       9.45294286e-04, 9.42156407e-04, 9.39190709e-04, 9.36394550e-04,
       9.33765389e-04, 9.31300785e-04, 9.28998392e-04, 9.26855958e-04,
       9.24871318e-04, 9.23042399e-04, 9.21367208e-04, 9.19843840e-04,
       9.18470466e-04, 9.17245336e-04, 9.16166776e-04, 9.15233186e-04,
       9.14443038e-04, 9.13794872e-04, 9.13287296e-04, 9.12918984e-04,
       9.12688676e-04, 9.12595170e-04, 9.12637328e-04, 9.12814070e-04,
       9.13124374e-04, 9.13567271e-04, 9.14141849e-04, 9.14847249e-04,
       9.15682662e-04, 9.16647329e-04, 9.17740541e-04, 9.18961636e-04,
       9.20309998e-04, 9.21785057e-04, 9.23386284e-04, 9.25113195e-04,
       9.26965347e-04, 9.28942339e-04, 9.31043805e-04, 9.33269422e-04,
       9.35618900e-04, 9.38091989e-04, 9.40688471e-04, 9.43408165e-04,
       9.46250920e-04, 9.49216620e-04, 9.52305178e-04, 9.55516540e-04,
       9.58850680e-04, 9.62307599e-04, 9.65887328e-04, 9.69589925e-04,
       9.73415471e-04, 9.77364075e-04, 9.81435867e-04, 9.85631004e-04,
       9.89949663e-04, 9.94392042e-04, 9.98958360e-04, 1.00364886e-03,
       1.00846379e-03, 1.01340344e-03, 1.01846809e-03, 1.02365805e-03,
       1.02897365e-03])]","[[0, 6.376880005047202e-05, 0.00012384871691641303, 0.0001825152391396538, 0.00024124553699343552, 0.00030103445414336136, 0.00036258475750473976, 0.0004264221451957213, 0.0004929652549204969, 0.0005625685307417165, 0.0006355487620497227, 0.0007122017607456996, 0.0007928130611361931, 0.0008776649802967528, 0.0009670414494196717, 0.0010612314703158043, 0.0011605317170063692, 0.001265248601172662, 0.001375699998835762, 0.001492216762112521, 0.0016151440951357805, 0.001744842845791844, 0.0018816907479556268, 0.0020260836382754244, 0.002178436664799068, 0.002339185500349254, 0.002508787570645809, 0.0026877233051883277, 0.002876497417518588, 0.0030756402204712924, 0.003285708981264457, 0.0035072893206947, 0.0037409966602341607, 0.003987477720438814, 0.004247412073747742, 0.004521513754461421, 0.00481053292842087, 0.005115257624657852, 0.005436515531040532, 0.005775175855691501, 0.006132151255699244, 0.00650839983437381, 0.006904927208006824, 0.0073227886427795295, 0.007763091262114758, 0.00822699632438412, 0.008715721570454797, 0.009230543640085449, 0.009772800555652331, 0.010343894271098563, 0.010945293283345925, 0.011578535302682984, 0.012245229977839625, 0.01294706167056942, 0.013685792273581231, 0.014463264064582976, 0.015281402588017145, 0.016142219554772238, 0.017047815748740775, 0.01800038392755589, 0.019002211703169583, 0.02005568438613017, 0.021163287775470788, 0.022327610874030172, 0.023551348506789943, 0.024837303817427606, 0.026188390615753048, 0.02760763554602107, 0.02909818004329993, 0.030663282042134452, 0.03230631739868497, 0.03403078098436677, 0.03584028740578046, 0.03773857130243835, 0.039729487170488915, 0.041817008657359545, 0.04400522726902399, 0.04629835042851033, 0.048700698821359814, 0.05121670296110003, 0.05385089890548761, 0.05660792305239808, 0.059492505942893764, 0.06250946499829542, 0.0656636961181388, 0.06896016406684191, 0.07240389157887658, 0.07599994711537081, 0.07975343120950949, 0.08366946134399583, 0.08775315531132565, 0.09200961301684855, 0.096443896695667, 0.10106100952746426, 0.10586587264844201, 0.11086330057674162, 0.11605797508704194, 0.12145441759144673, 0.1270569601072228, 0.13286971491729252, 0.13889654305642687, 0.1451410217845576, 0.15160641123818738, 0.1582956204811038, 0.16521117320599418, 0.1723551733685353, 0.17972927106444161, 0.18733462898708103, 0.19517188982783543, 0.20324114500258542, 0.211541905104706, 0.22007307249694713, 0.22883291646074624, 0.237819051321144, 0.2470284179579023, 0.256457269098133, 0.26610115876236085, 0.27595493620427586, 0.2860127446444867, 0.29626802505061167, 0.3067135251605074, 0.31734131388306486, 0.32814280114275035, 0.3391087631611306, 0.3502293735377358, 0.36149425015124126, 0.3728925275937602, 0.38441292685058437, 0.3960438139356163, 0.40777325223221256, 0.41958905210254294, 0.4314788199177426, 0.4434300076902091, 0.455429963817112, 0.46746598498699954, 0.47952536899926584, 0.4915954680559621, 0.5036637419758623, 0.5157178107293126, 0.5277455056828804, 0.539734918963248, 0.5516744503913759, 0.5635528514941366, 0.5753592661664179, 0.5870832676282746, 0.5987148913960787, 0.6102446640613665, 0.6216636277443044, 0.6329633601588286, 0.6441359902923313, 0.6551742097633, 0.6660712799748382, 0.6768210352300021, 0.687417882016069, 0.6978567946990839, 0.70813330789735, 0.7182435058231122, 0.7281840088958477, 0.7379519579387102, 0.7475449962722949, 0.7569612500175141, 0.7661993069126193, 0.7752581939388635, 0.7841373540355994, 0.7928366221693419, 0.8013562010030904, 0.8096966363925278, 0.8178587929151236, 0.8258438296170917, 0.8336531761420247, 0.8412885093841791, 0.8487517307891186, 0.8560449444049906, 0.8631704357692989, 0.8701306516987968, 0.8769281810341655, 0.8835657363765292, 0.8900461368396202, 0.8963722918295565, 0.9025471858537039, 0.9085738643509245, 0.9144554205276093, 0.9201949831771826, 0.9257957054551708, 0.9312607545773666, 0.9365933024049986, 0.9417965168780522, 0.946873554255885, 0.9518275521229618, 0.9566616231168059, 0.9613788493350569, 0.9659822773787587, 0.9704749139896122, 0.9748597222398475, 0.9791396182345482, 0.9833174682876373, 0.9873960865342746, 0.9913782329440648, 0.9952666117012149, 0.9990638699195595, 1.0027725966621857, 1.006395322237195, 1.0099345177429397, 1.0133925948378184, 1.016771905711445, 1.02007474323565, 1.023303341275378, 1.0264598751410674, 1.0295464621655528, 1.0325651623899108, 1.0355179793439695, 1.038406860908429, 1.0412337002466896, 1.0440003367955595, 1.0467085573050137, 1.0493600969181112, 1.05195664028304, 1.0544998226900604, 1.0569912312268508, 1.0594324059464537, 1.0618248410426252, 1.0641699860279856, 1.0664692469108776, 1.0687239873673298, 1.0709355299049557, 1.0731051570160188, 1.0752341123172562, 1.077323601674384, 1.0793747943094998, 1.081388823889877, 1.0833667895968748, 1.0853097571739176, 1.087218759952688, 1.0890947998568528, 1.090938848382804, 1.092751847557028, 1.0945347108698504, 1.0962883241854084, 1.0980135466278005, 1.0997112114434537, 1.1013821268398192, 1.1030270768005754, 1.1046468218775758, 1.1062420999598257, 1.107813627019819, 1.1093620978375938, 1.1108881867029106, 1.1123925480959636, 1.1138758173470737, 1.1153386112758188, 1.116781528810071, 1.1182051515854246, 1.1196100445255, 1.1209967564036183, 1.1223658203863411, 1.1237177545593682, 1.1250530624362884, 1.1263722334506758, 1.1276757434320126, 1.128964055065924, 1.1302376183391958, 1.131496870970045, 1.1327422388240977, 1.1339741363165292, 1.1351929668008045, 1.1363991229444517, 1.1375929870922907, 1.1387749316175293, 1.1399453192611257, 1.1411045034598133, 1.1422528286631644, 1.143390630640066, 1.1445182367749673, 1.1456359663542475, 1.146744130843045, 1.1478430341528778, 1.1489329729003703, 1.1500142366574027, 1.1510871081929759, 1.152151863707087, 1.1532087730568945, 1.1542580999754428, 1.1553001022832132, 1.1563350320927506, 1.1573631360066148, 1.158384655308892, 1.1593998261504936, 1.1604088797284695, 1.1614120424595404, 1.1624095361480635, 1.1634015781486249, 1.1643883815234521, 1.1653701551948334, 1.1663471040927176, 1.1673194292976716, 1.1682873281793587, 1.1692509945306955, 1.1702106186978456, 1.1711663877061953, 1.1721184853824542, 1.1730670924730202, 1.1740123867587395, 1.1749545431661887, 1.1758937338756053, 1.1768301284255798, 1.1777638938146269, 1.178695194599744, 1.1796241929920614, 1.1805510489496873, 1.181475920267844, 1.1823989626663869, 1.1833203298748016, 1.1842401737147596, 1.1851586441803206, 1.186075889515857, 1.186992056291781, 1.1879072894781462, 1.1888217325161938, 1.1897355273879127, 1.190648814683678, 1.1915617336680286, 1.1924744223436479, 1.1933870175135988, 1.1942996548418743, 1.1952124689123107, 1.196125593285918, 1.1970391605566715, 1.1979533024058142, 1.198868149654711, 1.1997838323162973, 1.200700479645163, 1.201618220186308, 1.2025371818226052, 1.2034574918210075, 1.2043792768775297, 1.2053026631610342, 1.2062277763558542, 1.2071547417032773, 1.2080836840419187, 1.2090147278470067, 1.209947997268603, 1.2108836161687815, 1.2118217081577838, 1.2127623966291692, 1.213705804793979, 1.2146520557139289, 1.215601272333645, 1.216553577511956, 1.2175090940522557, 1.218467944731943, 1.2194302523309524, 1.2203961396593817, 1.2213657295842246, 1.2223391450552146, 1.2233165091297833, 1.2242979449971414, 1.2252835760014793, 1.2262735256642936, 1.227267917705838, 1.2282668760656996, 1.2292705249224967, 1.2302789887126997, 1.2312923921485666, 1.2323108602351944, 1.233334518286676, 1.2343634919413589]]"
40.0,40.0,3,120,360,I0-S0,"[[0.01, 0.009218546420913139, 0.008861068736292907, 0.008775057937429897, 0.008868440707264232, 0.009085466844102054, 0.00939226306127933, 0.009768220008448712, 0.010200816338431704, 0.01068250516611678, 0.01120883586798388, 0.01177731747053257, 0.012386727798952292, 0.013036691091252862, 0.013727417761904614, 0.0144595425022947, 0.015234022361649812, 0.016052071704621328, 0.01691512008670835, 0.017824784577543985, 0.018782851361672265, 0.019791263434495793, 0.02085211241276448, 0.021967633208614182, 0.023140200761920044, 0.024372328300319393, 0.025666666767259632, 0.027026005166404826, 0.028453271640087978, 0.029951535144936953, 0.031524007618234824, 0.033174046549418267, 0.034905157885689174, 0.036720999211067785, 0.038625383145635885, 0.040622280917022496, 0.0427158260599029, 0.0449103182017648, 0.04721022689468264, 0.04962019545349852, 0.052145044760755134, 0.054789776998051334, 0.0575595792622588, 0.0604598270233009, 0.0634960873779914, 0.06667412205179284, 0.06999989009730889, 0.07347955023489369, 0.07711946277696381, 0.08092619107345395, 0.08490650241138283, 0.0890673682967111, 0.09341596404159837, 0.09795966757482462, 0.10270605738756029, 0.10766290952087965, 0.11283819349545152, 0.11824006707775375, 0.12387686977099442, 0.12975711491274466, 0.13588948025516495, 0.14228279689772128, 0.14894603643653312, 0.15588829618907982, 0.16311878234803823, 0.17064679091366952, 0.17848168625057326, 0.1866328771119542, 0.19510978997299286, 0.20392183951468557, 0.21307839610085139, 0.22258875009414283, 0.23246207286210718, 0.24270737433191497, 0.2533334569625946, 0.2643488660168057, 0.2757618360306642, 0.2875802334002335, 0.2998114950273355, 0.31246256299564323, 0.3255398152808889, 0.33904899253674603, 0.3529951210407627, 0.36738243193283954, 0.38221427693229726, 0.3974930407786313, 0.41322005070557954, 0.42939548332799715, 0.4460182693959842, 0.463085996950339, 0.4805948134971533, 0.4985393279064778, 0.5169125128295297, 0.5357056085197469, 0.5549080290337541, 0.5745072718774024, 0.5944888322476825, 0.6148361231014585, 0.635530402354402, 0.6565507085758255, 0.6778738065947671, 0.699474144467005, 0.7213238232689965, 0.7433925811803325, 0.7656477932885993, 0.7880544884971142, 0.81057538483471, 0.8331709443558076, 0.8557994486771313, 0.8784170960238684, 0.9009781204528093, 0.9234349336837443, 0.945738289704722, 0.9678374720241657, 0.989680503126728, 1.0112143753545166, 1.032385302086264, 1.053138987730301, 1.0734209146898082, 1.093176645108314, 1.1123521348678875, 1.1308940570002008, 1.1487501313900066, 1.1658694574096717, 1.1822034966349126, 1.1977128589143344, 1.212370384637009, 1.226156642486651, 1.2390565495556343, 1.2510573552120579, 1.262147519220682, 1.2723161720085736, 1.2815529476583454, 1.2898480484386894, 1.297192445397755, 1.3035781504360004, 1.3089985163205653, 1.3134485355540035, 1.3169251190066338, 1.319427342184538, 1.3209566518852487, 1.3215170294317298, 1.3211151091080415, 1.3197602521449265, 1.3174645778251286, 1.31424295413793, 1.3101129510081244, 1.3050947595247226, 1.2992110808468411, 1.2924869886022565, 1.2849497686421436, 1.2766287399912273, 1.2675550607492752, 1.257761522567947, 1.247282337155051, 1.2361529180535387, 1.224409660711642, 1.212089723609373, 1.1992308129407911, 1.1858709730761923, 1.172048384748637, 1.1578011726295383, 1.1431672236825507, 1.1281840174174917, 1.112888468909742, 1.0973167852083288, 1.0815043355299536, 1.0654855354284074, 1.049293744940366, 1.0329611805403263, 1.0165188405897785, 0.9999964438385998, 0.9834223804296786, 0.9668236747702758, 0.9502259595646008, 0.9336534602503893, 0.9171289890465665, 0.9006739477979469, 0.8843083387948377, 0.8680507827488582, 0.8519185431197206, 0.8359275560096654, 0.8200924648712475, 0.8044266593089057, 0.7889423172939262, 0.7736504501549033, 0.7585609497505391, 0.743682637277692, 0.7290233132141595, 0.7145898079420544, 0.7003880326432117, 0.6864230301023433, 0.6726990250962435, 0.6592194740879146, 0.6459871139827974, 0.6330040097401846, 0.6202716006662621, 0.6077907452460068, 0.5955617643993663, 0.583584483072784, 0.5718582701002778, 0.5603820762890114, 0.5491544707027352, 0.5381736751327248, 0.5274375967600545, 0.5169438590253392, 0.5066898307326145, 0.4966726534229277, 0.48688926706064317, 0.47733643408153986, 0.46801076185664897, 0.458908723629559, 0.4500266779877283, 0.44136088693030523, 0.4329075325961666, 0.42466273271644156, 0.4166225548557845, 0.4087830295061727, 0.4011401620961103, 0.393689943976887, 0.38642836244602197, 0.3793514098662856, 0.3724550919367672, 0.36573543517040263, 0.35918849363021554, 0.35281035497430246, 0.34659714585732554, 0.3405450367339958, 0.3346502461077526, 0.3289090442655902, 0.3233177565377603, 0.3178727661189111, 0.3125705164851049, 0.30740751343910866, 0.3023803268143708, 0.29748559186619467, 0.2927200103767904, 0.28808035149914313, 0.28356345236296643, 0.27916621846442796, 0.2748856238598287, 0.2707187111819919, 0.2666625914967722, 0.2627144440158224, 0.2588715156805596, 0.2551311206311447, 0.25149063957323153, 0.24794751905425141, 0.24449927066006685, 0.24114347014196214, 0.23787775648312498, 0.23469983091301622, 0.2316074558773184, 0.2285984539704976, 0.2256707068374004, 0.22282215404974082, 0.22005079196280475, 0.217354672557211, 0.21473190227011454, 0.21218064081982033, 0.20969910002738726, 0.2072855426384455, 0.20493828114812, 0.20265567663164877, 0.20043613758300546, 0.19827811876357695, 0.19618012006271118, 0.1941406853717329, 0.19215840147282545, 0.19023189694399503, 0.18835984108116682, 0.18654094283830958, 0.18477394978634704, 0.18305764709148706, 0.18139085651348485, 0.1797724354242513, 0.17820127584712334, 0.17667630351702637, 0.17519647696168233, 0.1737607866039459, 0.17236825388528934, 0.17101793041039956, 0.1697088971128005, 0.16844026344136917, 0.16721116656757368, 0.1660207706132257, 0.16486826589850923, 0.1637528682100199, 0.16267381808852505, 0.1616303801361346, 0.1606218423425545, 0.15964751543008016, 0.1587067322169738, 0.15779884699886013, 0.15692323494776572, 0.15607929152842076, 0.15526643193143755, 0.15448409052297565, 0.15373172031050206, 0.1530087924242534, 0.152314795614007, 0.15164923576076944, 0.15101163540299167, 0.15040153327692352, 0.14981848387072297, 0.14926205699193953, 0.14873183734799506, 0.14822742413929038, 0.147748430664571, 0.1472944839381902, 0.14686522431891436, 0.1464603051499199, 0.14607939240963855, 0.14572216437311272, 0.14538831128353, 0.14507753503361112, 0.14478954885653322, 0.14452407702607536, 0.14428085456568102, 0.1440596269661375, 0.14386014991157922, 0.1436821890135279, 0.14352551955268852, 0.14338992622822722, 0.14327520291426143, 0.14318115242330046, 0.14310758627637915, 0.14305432447963362, 0.14302119530707325, 0.1430080350893091, 0.14301468800800357, 0.1430410058958118, 0.14308684804159022, 0.14315208100065202, 0.14323657840985557, 0.14334022080731418, 0.14346289545652233, 0.1436044961746963, 0.14376492316513198, 0.14394408285338653, 0.14414188772709471, 0.1443582561792341, 0.14459311235465722, 0.14484638599971283, 0.1451180123147805, 0.14540793180954742, 0.14571609016085893, 0.1460424380729771, 0.14638693114008483, 0.1467495297108763, 0.14713019875507605, 0.14752890773173322, 0.14794563045913878, 0.1483803449862164, 0.14883303346524066, 0.1493036820257369, 0.14979228064942196, 0.15029882304604383, 0.1508233065299836, 0.1513657318974827, 0.15192610330436193, 0.15250442814409973, 0.15310071692614, 0.15371498315430077, 0.1543472432051573, 0.15499751620627544]]","[[0.01, 0.011673645222856313, 0.01362924433757481, 0.01580189464430657, 0.01815639367089653, 0.020675287062139835, 0.02335173169951044, 0.026185296111160106, 0.02917946965775497, 0.032340191705700856, 0.035674988993392054, 0.039192475744089975, 0.04290206984217973, 0.046813837503027034, 0.050938414224944537, 0.05528697094638272, 0.059871206954119974, 0.06470335861977057, 0.0697962175301247, 0.07516315424694113, 0.0808181455166099, 0.08677580368762491, 0.09305140764575508, 0.09966093489942938, 0.10662109463436892, 0.11394936166245626, 0.1216640112482816, 0.1297841548273711, 0.1383297766444021, 0.14732177134458843, 0.15678198255087886, 0.16673324245597426, 0.17719941245274845, 0.18820542482018487, 0.19977732547479302, 0.21194231778982467, 0.2247288074765283, 0.23816644851315313, 0.25228619009839687, 0.26712032459641577, 0.28270253643030613, 0.2990679518700394, 0.31625318964910193, 0.33429641233147495, 0.35323737833699786, 0.37311749451851356, 0.39397986916841055, 0.4158693653151732, 0.4388326541522596, 0.4629182684219603, 0.4881766555557966, 0.5146602303504149, 0.5424234269337851, 0.5715227497507492, 0.6020168232695697, 0.6339664400820576, 0.6674346070391132, 0.7024865890310908, 0.7391899499883274, 0.777614590641503, 0.8178327825443059, 0.8599191978222621, 0.903950934071691, 0.9500075337917692, 0.9981709976908135, 1.0485257911654426, 1.1011588432085415, 1.1561595369593474, 1.2136196910669312, 1.2736335309974103, 1.3362976493759742, 1.4017109544179363, 1.469974605469283, 1.5411919346474505, 1.6154683535482441, 1.6929112439659728, 1.7736298315621093, 1.8577350414143448, 1.9453393343840497, 2.0365565232572815, 2.131501567644018, 2.2302903466637365, 2.3330394085043293, 2.439865696017178, 2.550886247605522, 2.666217872777528, 2.785976801871054, 2.9102783096153115, 3.0392363123764903, 3.172962939140796, 3.311568076519857, 3.45515888832024, 3.60383931050075, 3.757709522647577, 3.916865397427011, 4.081397929826543, 4.251392648365299, 4.426929010840692, 4.608079787576028, 4.7949104355389265, 4.987478467107224, 5.185832817661449, 5.390013216573796, 5.60004956653537, 5.815961336507835, 6.037756973893948, 6.265433341784674, 6.498975187349492, 6.7383546475820895, 6.983530798687031, 7.234449255386104, 7.491041826328418, 7.753226231599898, 8.020905888040666, 8.293969767690024, 8.572292334187065, 8.855733561361557, 9.144139037557974, 9.437340158451267, 9.73515441024468, 10.037385744198167, 10.343825042434437, 10.654250673923274, 10.968429138471105, 11.286116479761171, 11.607066408797703, 11.931036400293593, 12.25778576852965, 12.587073802347808, 12.91865858298205, 13.252296301519719, 13.587740950680066, 13.924744302264454, 14.263056105453433, 14.602424456856156, 14.942596303823334, 15.283318049875405, 15.62433623634275, 15.965398278206367, 16.306253235136907, 16.646652601160216, 16.986351098422546, 17.325107462313746, 17.662685206812263, 17.998853360392605, 18.33338716421528, 18.666068725619965, 18.996687621173947, 19.325041444694573, 19.650936296765934, 19.974187213305473, 20.294618531701705, 20.61206419393678, 20.926367986923847, 21.237383721025928, 21.54497534837884, 21.849017023213992, 22.149393106868068, 22.44599812057676, 22.738736649480693, 23.027523201527018, 23.31228202513357, 23.592946889598785, 23.86946083229513, 24.141775876682207, 24.409852725124246, 24.673660430401267, 24.933176049670305, 25.188384284468665, 25.43927711016116, 25.685853398023262, 25.928118532927503, 26.166084029365756, 26.399767148300153, 26.62919051709353, 26.85438175453078, 27.075373102707303, 27.292201067333238, 27.50490606778378, 27.713532098018504, 27.918126399297556, 28.11873914544029, 28.31542314120371, 28.50823353420334, 28.697227540658776, 28.882464185119197, 29.064004054211097, 29.241909064349972, 29.416242243269988, 29.587067525149454, 29.75444955904483, 29.918453530291107, 30.079144994481073, 30.236589723599074, 30.39085356385617, 30.542002304751694, 30.690101558870925, 30.83521665191867, 30.977412522483966, 31.11675363103056, 31.253303877611188, 31.387126527810285, 31.51828414642893, 31.646838538437546, 31.772850696735116, 31.896380756268677, 32.017487954082895, 32.136230594886484, 32.252666021739635, 32.36685059148477, 32.47883965456086, 32.5886875388597, 32.696447537300756, 32.80217189881857, 32.905911822474565, 33.00771745442174, 33.1076378874675, 33.205721162995616, 33.30201427502382, 33.39656317618826, 33.48941278546005, 33.580606997412886, 33.670188692873175, 33.75819975079655, 33.84468106122616, 33.92967253919887, 34.01321313947594, 34.09534087198441, 34.17609281786446, 34.255505146026586, 34.33361313013055, 34.4104511659053, 34.486052788736345, 34.56045069145337, 34.633676742257045, 34.705762002729706, 34.77673674587965, 34.84663047417391, 34.915471937518575, 34.983289151150395, 35.05010941340661, 35.1159593233442, 35.18086479818249, 35.244851090546476, 35.307942805490725, 35.370163917286526, 35.43153778595711, 35.49208717354798, 35.55183426012148, 35.61080065946634, 35.66900743451467, 35.726475112460385, 35.7832236995744, 35.83927269571309, 35.894641108517696, 35.94934746730338, 36.00340983663748, 36.05684582960734, 36.10967262077888, 36.161906958847624, 36.213565178984624, 36.26466321488008, 36.315216610487994, 36.36524053147561, 36.4147497763817, 36.463758787488054, 36.51228166140884, 36.560332159402655, 36.60792371741231, 36.655069455837584, 36.701782189046185, 36.74807443462841, 36.79395842240093, 36.83944610316528, 36.88454915722659, 36.92927900267812, 36.973646803457314, 37.01766347717869, 37.06133970274937, 37.10468592777259, 37.14771237574463, 37.19042905305066, 37.23284575576469, 37.27497207625903, 37.31681740962825, 37.358390959932855, 37.39970174626766, 37.440758608659706, 37.48157021380058, 37.52214506061782, 37.56249148569004, 37.60261766851033, 37.642531636602165, 37.68224127049241, 37.72175430854533, 37.761078351661915, 37.800220867848424, 37.83918919665803, 37.87799055350944, 37.91663203388606, 37.955120617419354, 37.99346317185994, 38.03166645693969, 38.069737128128196, 38.10768174028684, 38.145506751223444, 38.183218525150615, 38.2208233360507, 38.25832737095007, 38.29573673310564, 38.33305744510609, 38.37029545189051, 38.40745662368688, 38.44454675887278, 38.481571586760694, 38.518536770310135, 38.55544790876872, 38.59231054024439, 38.629130144210706, 38.66591214394715, 38.70266190891647, 38.73938475708065, 38.77608595715749, 38.81277073081929, 38.84944425483532, 38.88611166315969, 38.922778048966016, 38.95944846663039, 38.99612793366397, 39.03282143259657, 39.06953391281246, 39.10627029233964, 39.14303545959367, 39.17983427507725, 39.21667157303652, 39.25355216307514, 39.29048083172709, 39.32746234398902, 39.36450144481321, 39.401602860561674, 39.43877130042243, 39.47601145778849, 39.513328011600365, 39.5507256276526, 39.588208959865064, 39.62578265151946, 39.6634513364616, 39.701219640269926, 39.73909218139068, 39.777073572240155, 39.81516842027438, 39.85338132902654, 39.891716899112396, 39.930179729204056, 39.96877441697219, 40.007505559996865, 40.04637775664731, 40.08539560693049, 40.124563713308724, 40.16388668148636, 40.20336912116545, 40.24301564677045, 40.282830878141944, 40.32281944119918, 40.36298596857143, 40.40333510019791]]","[array([6.37688001e-05, 6.00799169e-05, 5.86665222e-05, 5.87302924e-05,
       5.97887599e-05, 6.15493096e-05, 6.38339601e-05, 6.65344732e-05,
       6.95852784e-05, 7.29471840e-05, 7.65975363e-05, 8.05242538e-05,
       8.47221914e-05, 8.91909104e-05, 9.39332982e-05, 9.89547052e-05,
       1.04262398e-04, 1.09865209e-04, 1.15773305e-04, 1.21998039e-04,
       1.28551847e-04, 1.35448181e-04, 1.42701466e-04, 1.50327070e-04,
       1.58341285e-04, 1.66761328e-04, 1.75605329e-04, 1.84892347e-04,
       1.94642369e-04, 2.04876331e-04, 2.15616129e-04, 2.26884641e-04,
       2.38705741e-04, 2.51104330e-04, 2.64106352e-04, 2.77738819e-04,
       2.92029841e-04, 3.07008647e-04, 3.22705609e-04, 3.39152273e-04,
       3.56381382e-04, 3.74426896e-04, 3.93324024e-04, 4.13109238e-04,
       4.33820299e-04, 4.55496275e-04, 4.78177559e-04, 5.01905878e-04,
       5.26724311e-04, 5.52677293e-04, 5.79810621e-04, 6.08171450e-04,
       6.37808293e-04, 6.68771005e-04, 7.01110771e-04, 7.34880077e-04,
       7.70132686e-04, 8.06923591e-04, 8.45308974e-04, 8.85346144e-04,
       9.27093471e-04, 9.70610304e-04, 1.01595688e-03, 1.06319423e-03,
       1.11238402e-03, 1.16358849e-03, 1.21687020e-03, 1.27229198e-03,
       1.32991663e-03, 1.38980680e-03, 1.45202470e-03, 1.51663190e-03,
       1.58368903e-03, 1.65325549e-03, 1.72538913e-03, 1.80014591e-03,
       1.87757955e-03, 1.95774107e-03, 2.04067847e-03, 2.12643616e-03,
       2.21505459e-03, 2.30656970e-03, 2.40101238e-03, 2.49840796e-03,
       2.59877562e-03, 2.70212777e-03, 2.80846948e-03, 2.91779784e-03,
       3.03010128e-03, 3.14535898e-03, 3.26354019e-03, 3.38460357e-03,
       3.50849653e-03, 3.63515466e-03, 3.76450103e-03, 3.89644567e-03,
       4.03088498e-03, 4.16770123e-03, 4.30676212e-03, 4.44792035e-03,
       4.59101332e-03, 4.73586286e-03, 4.88227512e-03, 5.03004046e-03,
       5.17893356e-03, 5.32871355e-03, 5.47912431e-03, 5.62989496e-03,
       5.78074036e-03, 5.93136188e-03, 6.08144825e-03, 6.23067660e-03,
       6.37871361e-03, 6.52521685e-03, 6.66983621e-03, 6.81221560e-03,
       6.95199456e-03, 7.08881023e-03, 7.22229926e-03, 7.35209985e-03,
       7.47785392e-03, 7.59920928e-03, 7.71582178e-03, 7.82735850e-03,
       7.93352121e-03, 8.03409002e-03, 8.12891196e-03, 8.21787342e-03,
       8.30088247e-03, 8.37785856e-03, 8.44872718e-03, 8.51341756e-03,
       8.57186240e-03, 8.62399882e-03, 8.66976992e-03, 8.70912676e-03,
       8.74203032e-03, 8.76845347e-03, 8.78838269e-03, 8.80181964e-03,
       8.80878233e-03, 8.80930608e-03, 8.80344419e-03, 8.79126826e-03,
       8.77286825e-03, 8.74835233e-03, 8.71784642e-03, 8.68149356e-03,
       8.63945310e-03, 8.59189965e-03, 8.53902200e-03, 8.48102186e-03,
       8.41811250e-03, 8.35051739e-03, 8.27846874e-03, 8.20220603e-03,
       8.12197457e-03, 8.03802401e-03, 7.95060698e-03, 7.85997767e-03,
       7.76639054e-03, 7.67009905e-03, 7.57135452e-03, 7.47040501e-03,
       7.36749434e-03, 7.26286117e-03, 7.15673817e-03, 7.04935131e-03,
       6.94091922e-03, 6.83165267e-03, 6.72175407e-03, 6.61141714e-03,
       6.50082661e-03, 6.39015803e-03, 6.27957758e-03, 6.16924206e-03,
       6.05929885e-03, 5.94988596e-03, 5.84113211e-03, 5.73315691e-03,
       5.62607099e-03, 5.51997628e-03, 5.41496620e-03, 5.31112593e-03,
       5.20853277e-03, 5.10725635e-03, 5.00735903e-03, 4.90889618e-03,
       4.81191655e-03, 4.71646258e-03, 4.62257075e-03, 4.53027193e-03,
       4.43959169e-03, 4.35055066e-03, 4.26316481e-03, 4.17744580e-03,
       4.09340126e-03, 4.01103510e-03, 3.93034779e-03, 3.85133661e-03,
       3.77399595e-03, 3.69831751e-03, 3.62429059e-03, 3.55190225e-03,
       3.48113759e-03, 3.41197990e-03, 3.34441086e-03, 3.27841073e-03,
       3.21395851e-03, 3.15103209e-03, 3.08960838e-03, 3.02966348e-03,
       2.97117279e-03, 2.91411112e-03, 2.85845277e-03, 2.80417171e-03,
       2.75124158e-03, 2.69963583e-03, 2.64932777e-03, 2.60029067e-03,
       2.55249778e-03, 2.50592243e-03, 2.46053804e-03, 2.41631823e-03,
       2.37323680e-03, 2.33126778e-03, 2.29038550e-03, 2.25056458e-03,
       2.21178000e-03, 2.17400706e-03, 2.13722146e-03, 2.10139928e-03,
       2.06651703e-03, 2.03255162e-03, 1.99948040e-03, 1.96728116e-03,
       1.93593213e-03, 1.90541201e-03, 1.87569994e-03, 1.84677550e-03,
       1.81861877e-03, 1.79121025e-03, 1.76453091e-03, 1.73856216e-03,
       1.71328589e-03, 1.68868441e-03, 1.66474047e-03, 1.64143727e-03,
       1.61875844e-03, 1.59668802e-03, 1.57521048e-03, 1.55431071e-03,
       1.53397398e-03, 1.51418597e-03, 1.49493277e-03, 1.47620082e-03,
       1.45797694e-03, 1.44024835e-03, 1.42300258e-03, 1.40622756e-03,
       1.38991151e-03, 1.37404304e-03, 1.35861105e-03, 1.34360478e-03,
       1.32901376e-03, 1.31482786e-03, 1.30103721e-03, 1.28763226e-03,
       1.27460371e-03, 1.26194257e-03, 1.24964010e-03, 1.23768781e-03,
       1.22607749e-03, 1.21480116e-03, 1.20385108e-03, 1.19321975e-03,
       1.18289990e-03, 1.17288447e-03, 1.16316663e-03, 1.15373976e-03,
       1.14459742e-03, 1.13573340e-03, 1.12714167e-03, 1.11881637e-03,
       1.11075185e-03, 1.10294262e-03, 1.09538338e-03, 1.08806897e-03,
       1.08099441e-03, 1.07415488e-03, 1.06754571e-03, 1.06116237e-03,
       1.05500050e-03, 1.04905585e-03, 1.04332433e-03, 1.03780197e-03,
       1.03248494e-03, 1.02736953e-03, 1.02245216e-03, 1.01772936e-03,
       1.01319777e-03, 1.00885417e-03, 1.00469541e-03, 1.00071848e-03,
       9.96920463e-04, 9.93298534e-04, 9.89849977e-04, 9.86572166e-04,
       9.83462568e-04, 9.80518743e-04, 9.77738336e-04, 9.75119079e-04,
       9.72658785e-04, 9.70355350e-04, 9.68206748e-04, 9.66211029e-04,
       9.64366320e-04, 9.62670816e-04, 9.61122788e-04, 9.59720572e-04,
       9.58462573e-04, 9.57347261e-04, 9.56373168e-04, 9.55538892e-04,
       9.54843086e-04, 9.54284466e-04, 9.53861804e-04, 9.53573927e-04,
       9.53419718e-04, 9.53398112e-04, 9.53508095e-04, 9.53748704e-04,
       9.54119027e-04, 9.54618196e-04, 9.55245393e-04, 9.55999844e-04,
       9.56880819e-04, 9.57887632e-04, 9.59019638e-04, 9.60276233e-04,
       9.61656855e-04, 9.63160978e-04, 9.64788114e-04, 9.66537816e-04,
       9.68409666e-04, 9.70403288e-04, 9.72518335e-04, 9.74754495e-04,
       9.77111488e-04, 9.79589065e-04, 9.82187007e-04, 9.84905126e-04,
       9.87743261e-04, 9.90701280e-04, 9.93779077e-04, 9.96976572e-04,
       1.00029371e-03, 1.00373046e-03, 1.00728683e-03, 1.01096281e-03,
       1.01475846e-03, 1.01867383e-03, 1.02270901e-03, 1.02686409e-03,
       1.03113919e-03])]","[[0, 6.376880005047202e-05, 0.00012384871691641303, 0.0001825152391396538, 0.00024124553152291678, 0.0003010342913776046, 0.00036258360099301586, 0.0004264175611093869, 0.0004929520342681368, 0.0005625373127164696, 0.0006354844967638487, 0.000712082033079413, 0.0007926062868370763, 0.0008773284782279007, 0.0009665193886503879, 0.0010604526868594293, 0.001159407392012212, 0.0012636697900038766, 0.0013735349985302952, 0.0014893083031012248, 0.0016113063416866925, 0.0017398581883929648, 0.0018753063696880681, 0.0020180078361250707, 0.002168334905777893, 0.002326676191224334, 0.002493437518987583, 0.0026690428483367857, 0.0028539351949172496, 0.003048577563627311, 0.003253453894354391, 0.0034690700235469095, 0.003695954664079463, 0.003934660405431614, 0.004185764735822264, 0.004449871087605252, 0.004727609906925336, 0.005019639748347751, 0.005326648394901671, 0.00564935400371214, 0.005988506277131199, 0.006344887659012682, 0.006719314555502425, 0.007112638579433098, 0.007525747817117056, 0.007959568116018724, 0.00841506439145719, 0.008893241950137134, 0.009395147827929764, 0.009921872138922247, 0.010474549432322438, 0.011054360053342958, 0.011662531503693164, 0.012300339796777263, 0.012969110802130115, 0.01367022157301761, 0.014405101650484718, 0.015175234336450313, 0.015982157927722934, 0.01682746690204567, 0.017712813046471196, 0.01863990651752054, 0.019610516821692413, 0.020626473703965954, 0.021689667930981173, 0.022802051954591503, 0.023965640440466705, 0.025182510645386832, 0.02645480262581658, 0.027784719259291553, 0.0291745260590941, 0.03062655076165698, 0.03214318266512146, 0.03372687169650742, 0.03538012718404285, 0.03710551631036798, 0.03890566222159598, 0.0407832417666003, 0.04274098284043414, 0.04478166130549711, 0.046908097463977394, 0.04912315205524653, 0.05142972175230046, 0.05383073413206076, 0.056329142095408465, 0.058927917714257094, 0.061630045484817556, 0.06443851496850173, 0.06735631280468851, 0.07038641408286905, 0.07353177306552482, 0.07679531325750036, 0.08017991682262912, 0.08368841335396962, 0.08732356801021447, 0.09108806903764002, 0.0949845147043537, 0.09901539968153857, 0.10318310091484746, 0.10748986303800263, 0.11193778338993396, 0.11652879670634919, 0.12126465956635842, 0.1261469346845464, 0.13117697514855153, 0.13635590871160602, 0.14168462225844056, 0.1471637465712645, 0.15279364152999889, 0.15857438188735484, 0.1645057437645011, 0.17058719201674472, 0.17681786862065388, 0.1831965822341948, 0.1897217990795661, 0.19639163529435189, 0.20320385089026735, 0.21015584545006935, 0.2172446556821158, 0.2244669549386069, 0.23181905478779943, 0.23929690871257753, 0.246896117987877, 0.25461193976782936, 0.2624392982630196, 0.27037281947749, 0.27840690949757346, 0.2865358214556622, 0.2947536948777187, 0.303054577344675, 0.31143243590387093, 0.3198811630823763, 0.3283945806391196, 0.3369664430393439, 0.34559044185606225, 0.3542602117762943, 0.3629693385338918, 0.3717113688516556, 0.3804798223168761, 0.38926820501174975, 0.39807002465649255, 0.4068788069867743, 0.41568811307027786, 0.42449155726408655, 0.43328282552123304, 0.44205569376824283, 0.4508040460938139, 0.45952189251036935, 0.4682033860739669, 0.47684283917308234, 0.485434738822424, 0.4939737608236486, 0.5024547826801947, 0.5108728951780751, 0.5192234125680746, 0.5275018813071507, 0.5357040873377233, 0.5438260619028231, 0.5518640859126224, 0.5598146928936232, 0.567674670565672, 0.5754410611040006, 0.5831111601536683, 0.5906825146721463, 0.5981529196824015, 0.6055204140237899, 0.6127832751914625, 0.6199400133569322, 0.6269893646630725, 0.6339302838862553, 0.6407619365567138, 0.6474836906256857, 0.6540951077645734, 0.6605959343773993, 0.6669860924033487, 0.6732656699813088, 0.679434912043136, 0.6854942108970206, 0.6914440968568556, 0.6972852289680428, 0.7030183858747491, 0.708644456868328, 0.7141644331514926, 0.7195793993479075, 0.724890525282204, 0.7300990580510207, 0.735206314401573, 0.7402136734304489, 0.7451225696118398, 0.7499344861612312, 0.7546509487377043, 0.7592735194854224, 0.7638037914125929, 0.7682433831041858, 0.7725939337629446, 0.7768570985717275, 0.7810345443689523, 0.7851279456278613, 0.78913898072947, 0.7930693285183836, 0.7969206651301535, 0.8006946610784745, 0.8043929785902907, 0.8080172691767487, 0.8115691714279237, 0.8150503090193074, 0.8184622889181892, 0.8218066997782743, 0.8250851105111427, 0.8282990690234607, 0.8314501011092004, 0.8345397094864974, 0.8375693729691698, 0.8405405457633319, 0.8434546568799588, 0.8463131096546835, 0.8491172813665386, 0.8518685229477784, 0.8545681587773438, 0.8572174865509453, 0.8598177772211442, 0.8623702750012111, 0.8648761974269203, 0.8673367354708096, 0.8697530537037913, 0.8721262904993399, 0.8744575582758087, 0.8767479437727387, 0.8789985083573176, 0.8812102883574291, 0.8833842954179952, 0.8855215168775692, 0.8876229161623705, 0.8896894331951762, 0.8917219848166934, 0.8937214652172347, 0.8956887463766985, 0.8976246785110336, 0.8995300905235231, 0.9014057904593764, 0.9032525659622547, 0.9050711847314864, 0.9068623949788502, 0.9086269258839134, 0.9103654880470176, 0.9120787739391012, 0.9137674583476335, 0.9154321988180192, 0.9170736360899071, 0.9186923945279062, 0.9202890825462742, 0.9218642930272047, 0.9234186037323922, 0.9249525777076002, 0.926466763680008, 0.9279616964481469, 0.9294378972642776, 0.9308958742090947, 0.9323361225586695, 0.9337591251435796, 0.9351653527001883, 0.9365552642140689, 0.9379293072555815, 0.9392879183076357, 0.9406315230856807, 0.9419605368499867, 0.9432753647102894, 0.9445764019228813, 0.9458640341802466, 0.9471386378933401, 0.9484005804666239, 0.9496502205659766, 0.9508879083795995, 0.9521139858720465, 0.953328787031509, 0.9545326381104899, 0.9557258578600046, 0.9569087577574454, 0.9580816422282514, 0.959244808861523, 0.960398548619723, 0.9615431460426038, 0.9626788794455035, 0.9638060211121467, 0.964924837482095, 0.9660355893329768, 0.9671385319576398, 0.968233915336355, 0.9693219843042088, 0.9704029787138094, 0.9714771335934407, 0.972544679300785, 0.9736058416723422, 0.9746608421686633, 0.9757098980155209, 0.9767532223411295, 0.9777910243095318, 0.9788235092502608, 0.9798508787843877, 0.9808733309470595, 0.981891060306632, 0.9829042580804976, 0.9839131122477062, 0.9849178076584745, 0.9859185261406783, 0.9869154466034156, 0.9879087451377302, 0.9888985951145817, 0.9898851672801425, 0.9908686298485049, 0.9918491485918743, 0.9928268869283267, 0.9938020060072007, 0.9947746647921987, 0.9957450201422635, 0.9967132268902986, 0.9976794379197964, 0.9986438042394362, 0.9996064750557143, 1.0005675978436621, 1.0015273184157107, 1.0024857809887557, 1.0034431282494747, 1.0043995014179488, 1.005355040309637, 1.0063098833957493, 1.0072641678620677, 1.0082180296662526, 1.009171603593685, 1.0101250233118764, 1.011078421423492, 1.0120319295180211, 1.0129856782221316, 1.0139397972487423, 1.014894415444848, 1.0158496608381251, 1.0168056606823521, 1.0177625415016704, 1.018720429133716, 1.0196794487716434, 1.0206397250050732, 1.0216013818599803, 1.0225645428375505, 1.0235293309520226, 1.0244958687675394, 1.0254642784340233, 1.0264346817220968, 1.0274072000570633, 1.0283819545519632, 1.0293590660397214, 1.0303386551043974, 1.031320842111553, 1.0323057472377466, 1.0332934904991644, 1.0342841917794008, 1.0352779708563924, 1.036274947428516, 1.037275241139855, 1.0382789716046419, 1.0392862584308793, 1.0402972212431445, 1.04131197970458, 1.0423306535380723, 1.0433533625466198, 1.0443802266328897, 1.0454113658179638]]"
40.0,40.0,3,120,360,I1-S0,"[[0.01, 0.009218546420913139, 0.008861068736292907, 0.008775057937429897, 0.008868440712779299, 0.009085467151781754, 0.009392266148780675, 0.009768235397277626, 0.010200868703465076, 0.0106826453630794, 0.011209154378554584, 0.011777959791094071, 0.012387911399686634, 0.013038723690246523, 0.013730716768866724, 0.014464655578882228, 0.015241649118368651, 0.016063086609457183, 0.016930596701005024, 0.017846021263415807, 0.018811398625384047, 0.019828953084276013, 0.020901088719434836, 0.022030386264744697, 0.02321960224106921, 0.024471669823076355, 0.025789701085794384, 0.027176990384378957, 0.028637018690263888, 0.03017345875272142, 0.031790180985702285, 0.033491260001023634, 0.03528098172380425, 0.0371638510365353, 0.039144599905583485, 0.04122819594904976, 0.04341985140826334, 0.04572503248710998, 0.048149469024095476, 0.05069916446167554, 0.05338040607603744, 0.05619977542825826, 0.05916415899462691, 0.06228075892991866, 0.06555710391255806, 0.06900106001488925, 0.07262084153517767, 0.07642502172046933, 0.08042254330100507, 0.08462272874749492, 0.08903529015216562, 0.09367033862306662, 0.09853839306862029, 0.10365038823579632, 0.10901768185054875, 0.11465206069325401, 0.1205657454248144, 0.1267713939608415, 0.13328210317192024, 0.14011140866740732, 0.1472732823985917, 0.15478212779441972, 0.16265277211947765, 0.17090045571968052, 0.179540817796334, 0.1885898783241623, 0.19806401570383417, 0.20797993971484136, 0.21835465931073308, 0.22920544477621274, 0.2405497837450732, 0.2524053305600985, 0.26478984844171227, 0.2777211439222337, 0.2912169929981579, 0.30529505845507665, 0.31997279782997873, 0.3352673614951263, 0.35119548037799886, 0.36777334287455204, 0.3850164605699348, 0.40293952245359893, 0.4215562374061817, 0.4408791648453922, 0.4609195335490516, 0.48168704882695723, 0.5031896883906724, 0.5254334874726957, 0.5484223139743407, 0.5721576346751459, 0.5966382738151894, 0.6218601656639949, 0.6478161030135808, 0.6744954838753976, 0.7018840590170567, 0.7299636833392552, 0.7587120744591914, 0.7881025822257219, 0.8181039732337845, 0.8486802347201404, 0.8797904024969683, 0.9113884178008897, 0.9434230180885196, 0.9758376668810201, 1.0085705277349137, 1.0415544872805902, 1.0747172320108125, 1.1079813831081957, 1.1412646930648858, 1.1744803071646208, 1.2075370920662754, 1.2403400327528755, 1.2727906980002979, 1.304787773290516, 1.336227658766374, 1.3670051284253506, 1.397014045311098, 1.4261481260210336, 1.4543017464472134, 1.4813707793500637, 1.5072534531753385, 1.5318512205083465, 1.5550696237578923, 1.576819145112934, 1.5970168952025068, 1.6155959520085514, 1.6325094861992033, 1.647724626903994, 1.6612178557135613, 1.6729722932543645, 1.6829762422789736, 1.6912225440372115, 1.6977084384281294, 1.7024357129064347, 1.7054109921670988, 1.706646068396533, 1.7061582059981415, 1.7039703791101748, 1.700111417697124, 1.6946160504603232, 1.6875248416578372, 1.6788840251276291, 1.668745243069886, 1.6571651999647785, 1.6442052437420944, 1.629930887242542, 1.6144112833120121, 1.5977186666967684, 1.5799277753729706, 1.561115263138125, 1.5413591142881968, 1.5207380700630047, 1.4993310753155493, 1.4772167525918107, 1.4544729095335425, 1.4311760842690782, 1.407401132262184, 1.3832208569674964, 1.3587056856092425, 1.333923390469447, 1.3089388552502248, 1.2838138853658234, 1.2586070604242652, 1.2333736266733488, 1.2081654268065936, 1.183030864244764, 1.1580148988197727, 1.133159070680908, 1.108501549208752, 1.084077203749932, 1.0599176930660927, 1.0360515705136555, 1.0125044021280358, 0.9892988949686584, 0.9664550332817978, 0.9439902202502287, 0.9219194233160622, 0.900255321280946, 0.8790084516018796, 0.8581873565078538, 0.8377987267597251, 0.8178475420612098, 0.7983372073012264, 0.7792696839661523, 0.7606456162044605, 0.7424644511555747, 0.7247245532698751, 0.7074233124480479, 0.6905572459160687, 0.6741220938278094, 0.658112908651452, 0.6425241384494977, 0.6273497042061452, 0.6125830713911191, 0.5982173159766148, 0.5842451851447672, 0.5706591529378299, 0.5574514711128452, 0.5446142154677548, 0.5321393279073138, 0.5200186545154514, 0.5082439798964192, 0.4968070580406763, 0.4856996399634224, 0.47491349835437985, 0.46444044946717267, 0.45427237246575286, 0.444401226434005, 0.4348190652431405, 0.42551805045993163, 0.4164904624673745, 0.40772870995812804, 0.39922533795013015, 0.39097303446322446, 0.3829646359854835, 0.375193131848229, 0.36765166761954576, 0.3603335476173866, 0.35323223663516234, 0.3463413609650144, 0.33965470879676335, 0.3331662300638041, 0.3268700358009618, 0.32076039707351595, 0.3148317435312184, 0.3090786616361604, 0.3034958926087552, 0.29807833013187784, 0.2928210178493213, 0.2877191466911625, 0.2827680520553654, 0.2779632108719583, 0.27330023857339053, 0.26877488599217997, 0.2643830362046893, 0.26012070133779885, 0.2559840193533636, 0.2519692508236294, 0.2480727757092361, 0.24429109015002712, 0.24062080327761468, 0.23705863405749966, 0.23360140816750627, 0.23024605491835623, 0.22698960422136363, 0.2238291836074731, 0.220762015301183, 0.21778541335228496, 0.2148967808278036, 0.21209360706603234, 0.20937346499412518, 0.20673400851031612, 0.20417296993149384, 0.20168815750655375, 0.19927745299567975, 0.19693880931547145, 0.19467024824962303, 0.19246985822467919, 0.19033579215023394, 0.18826626532280225, 0.18625955339247546, 0.18431399039137175, 0.18242796682280746, 0.18059992781004375, 0.17882837130340484, 0.17711184634451585, 0.1754489513863712, 0.17383833266791543, 0.1722786826417972, 0.17076873845394366, 0.16930728047359447, 0.1678931308724322, 0.1665251522514487, 0.1652022463141933, 0.1639233525850594, 0.16268744717127948, 0.16149354156731413, 0.16034068150034078, 0.15922794581556668, 0.15815444540011456, 0.15711932214425192, 0.15612174793876046, 0.15516092370726775, 0.15423607847238974, 0.1533464684545596, 0.15249137620244604, 0.15167010975389203, 0.15088200182633188, 0.15012640903567367, 0.1494027111426604, 0.14871031032575135, 0.1480486304795926, 0.14741711653817208, 0.14681523382178127, 0.14624246740693161, 0.1456983215183998, 0.1451823189426004, 0.14469400046150988, 0.14423292430638932, 0.14379866563057667, 0.14339081600064324, 0.1430089829052297, 0.14265278928090017, 0.14232187305437302, 0.1420158867005079, 0.14173449681544822, 0.14147738370433746, 0.14124424098304658, 0.1410347751933673, 0.1408487054311441, 0.14068576298683413, 0.14054569099800032, 0.14042824411325966, 0.14033318816722232, 0.14026029986597296, 0.14020936648265944, 0.1401801855627668, 0.1401725646386688, 0.14018632095306077, 0.1402212811908897, 0.14027728121940972, 0.14035416583600108, 0.1404517885234026, 0.14057001121201707, 0.14070870404895877, 0.14086774517352235, 0.14104702049876064, 0.14124642349886804, 0.14146585500207406, 0.14170522298875984, 0.14196444239451766, 0.14224343491788116, 0.14254212883246034, 0.1428604588032227, 0.14319836570666747, 0.14355579645464664, 0.1439327038215919, 0.14432904627491216, 0.14474478780833164, 0.14517989777794363, 0.1456343507407601, 0.14610812629554115, 0.1466012089256941, 0.14711358784403464, 0.1476452568392082, 0.14819621412357217, 0.14876646218234452, 0.14935600762382728, 0.1499648610305173, 0.15059303681091957, 0.15124055305188264, 0.15190743137127752, 0.15259369677084614, 0.153299377489047, 0.15402450485372993, 0.1547691131344737, 0.15553323939442432, 0.15631692334147362, 0.15712020717862143, 0.15794313545336733, 0.15878575490598051, 0.1596481143165002, 0.1605302643503205, 0.16143225740221842, 0.16235414743868531, 0.16329598983842633]]","[[0.01, 0.011673645222856313, 0.01362924433757481, 0.01580189464430657, 0.018156393676617706, 0.02067528739321296, 0.023351735143480237, 0.026185313899937026, 0.02917953235861431, 0.03234036549612946, 0.03567539750507929, 0.03919332756010871, 0.04290369172254158, 0.04681671345106755, 0.05094323056582058, 0.05529466765630772, 0.05988303554810415, 0.06472094697337678, 0.06982164207586607, 0.07519902004827167, 0.08086767478238115, 0.08684293334802609, 0.09314089666782122, 0.09977848207686141, 0.10677346764326501, 0.11414453823211515, 0.12191133335492442, 0.13009449687876748, 0.13871572868522625, 0.14779783837604304, 0.15736480112381648, 0.1674418157644584, 0.17805536522471616, 0.18923327937352427, 0.2010048003806045, 0.21340065065970099, 0.22645310346711556, 0.24019605621871987, 0.2546651065802487, 0.26989763137627465, 0.2859328683526616, 0.302812000815315, 0.32057824515449496, 0.33927694124862967, 0.35895564572425076, 0.37966422802913086, 0.40145496925371005, 0.42438266361118887, 0.4485047224589862, 0.4738812807133282, 0.5005753054742654, 0.5286527066401122, 0.5581824492478559, 0.589236667229181, 0.6218907782200822, 0.6562235990052694, 0.6923174611164036, 0.7302583260353193, 0.7701358993795108, 0.8120437433670237, 0.8560793867712563, 0.9023444314828644, 0.9509446546958444, 1.0019901056278786, 1.0555951955712084, 1.1118787799497825, 1.1709642309314818, 1.232979499011269, 1.2980571618427452, 1.3663344584526225, 1.4379533068260857, 1.513060302702208, 1.591806697269142, 1.674348351300646, 1.760845663130957, 1.8514634677268025, 1.9463709039865993, 2.0457412472812413, 2.149751704152425, 2.258583166007805, 2.372419918602509, 2.4914493040792762, 2.6158613323607947, 2.7458482387541774, 2.881603984745832, 3.023323699142363, 3.1712030569568803, 3.3254375937574716, 3.4862219535927146, 3.653749069094595, 3.8282092729380777, 4.009789340513777, 4.198671464449353, 4.395032162498317, 4.599041121301693, 4.810859979615703, 5.030641055781628, 5.258526025483307, 5.494644557180534, 5.739112914006236, 5.992032532350737, 6.253488588802292, 6.523548568539811, 6.8022608496474595, 7.089653319104218, 7.385732037353903, 7.6904799693398305, 8.003855800649259, 8.325792857912187, 8.656198152794905, 8.994951568782096, 9.341905209418734, 9.696882925758038, 10.059680039416493, 10.430063275864612, 10.80777092038737, 11.192513206549444, 11.583972944029355, 11.981806389389503, 12.38564435978546, 12.795093585860103, 13.209738296199209, 13.629142021836806, 14.052849605488275, 14.480390309217167, 14.911289869862303, 15.345079620191378, 15.781294746397396, 16.219472625829304, 16.65915213303776, 17.09987367839613, 17.54117979830121, 17.982616154091343, 18.42373282467464, 18.864085798812745, 19.303238589263554, 19.7407639040078, 20.176245320537788, 20.60927891831777, 21.039474832463625, 21.466458698717705, 21.889872966095954, 22.309378059274287, 22.724653377929396, 23.13539812489582, 23.541331959168097, 23.942195473475405, 24.337750499393582, 24.727780245742853, 25.112089278357768, 25.49050335122253, 25.86286910045777, 26.229053613746952, 26.588943888529318, 26.942446192693158, 27.28948534161217, 27.6300039052154, 27.963961358404635, 28.291333187569695, 28.61210996523774, 28.926296404062498, 29.233910400445154, 29.534982077110307, 29.829552832964037, 30.11767440756001, 30.39940796651308, 30.674823213244704, 30.943997531533373, 31.20701516248669, 31.46396641875668, 31.714946938091497, 31.960056977657544, 32.19940074997683, 32.433085800804676, 32.66122242882041, 32.883923146615764, 33.10130218213811, 33.31347501947482, 33.520557977645616, 33.72266782589761, 33.91992143386757, 34.112435454883226, 34.30032604061549, 34.48370858526222, 34.66269749743688, 34.83740599794883, 35.00794594169283, 35.17442766190951, 35.336959835134216, 35.49564936521591, 35.65060128485828, 35.801918673210515, 35.94970258811295, 36.09405201168258, 36.23506380800293, 36.37283269176223, 36.5074512067613, 36.63900971328841, 36.76759638343134, 36.89329720346718, 37.016195982537326, 37.136374366878776, 37.25391185894299, 37.368885840790256, 37.481371601200685, 37.59144236599249, 37.69916933108478, 37.8046216978849, 37.907866710620375, 38.008969695272526, 38.10799409980257, 38.20500153539273, 38.30005181845346, 38.393203013174215, 38.48451147441975, 38.574031890795524, 38.66181732772641, 38.747919270410854, 38.83238766652965, 38.91527096860337, 38.99661617590644, 39.076468875858076, 39.15487328482173, 39.23187228825461, 39.30750748015806, 39.38181920178789, 39.45484657959082, 39.52662756234005, 39.59719895744877, 39.666596466445604, 39.73485471960082, 39.80200730969604, 39.86808682493416, 39.93312488098914, 39.997152152198396, 40.06019840190288, 40.12229251194214, 40.18346251131368, 40.24373560400722, 40.30313819602639, 40.36169592161096, 40.41943366867425, 40.47637560347079, 40.53254519451025, 40.58796523573404, 40.64265786897148, 40.696644605692725, 40.749946348075774, 40.80258340940527, 40.85457553382052, 40.90594191543046, 40.95670121681298, 41.00687158691614, 41.05647067837842, 41.10551566428514, 41.154023254377925, 41.20200971073361, 41.24949086292909, 41.29648212270796, 41.34299849816465, 41.38905460746151, 41.43466469209364, 41.47984262971627, 41.52460194654896, 41.56895582937052, 41.612917137118195, 41.65649841210444, 41.69971189086397, 41.74256951464371, 41.78508293954764, 41.827263546348426, 41.86912244997713, 41.91067050870213, 41.95191833300805, 41.992876294184846, 42.0335545326374, 42.07396296592519, 42.11411129654142, 42.154009019440885, 42.193665429325236, 42.233089627694184, 42.27229052967091, 42.311276870609646, 42.350057212492985, 42.38863995012645, 42.42703331713748, 42.46524539178553, 42.50328410259029, 42.54115723378409, 42.57887243059494, 42.616437204366036, 42.65385893751755, 42.69114488835621, 42.728302195738095, 42.76533788358964, 42.802258865291975, 42.83907194793332, 42.875783836433946, 42.91240113754826, 42.948930363748175, 42.98537793699192, 43.021750192382186, 43.05805338171748, 43.094293676940175, 43.13047717348497, 43.16660989353092, 43.20269778916041, 43.238746745428124, 43.274762583342984, 43.310751062765966, 43.34671788522644, 43.38266869665979, 43.41860909006876, 43.45454460811093, 43.49048074561469, 43.52642295202591, 43.562376633787395, 43.598347156653155, 43.63433984793951, 43.67035999871469, 43.70641286592892, 43.74250367448649, 43.7786376192615, 43.814819867058745, 43.8510555585212, 43.88734980998552, 43.92370771528679, 43.96013434751372, 43.996634760715615, 44.033213991561944, 44.06987706095576, 44.10662897560186, 44.14347472953048, 44.18041930557759, 44.21746767682228, 44.25462480798226, 44.29189565676787, 44.32928517519541, 44.36679831086018, 44.404440008169914, 44.44221520953886, 44.48012885654306, 44.518185891037085, 44.556391256232565, 44.59474989773875, 44.633266764565306, 44.67194681008749, 44.710794992973845, 44.74981627807643, 44.789015637283654, 44.82839805033567, 44.867968505602235, 44.90773200082297, 44.94769354380986, 44.98785815311179, 45.02823085864084, 45.06881670226022, 45.10962073833337, 45.150648034233924, 45.19190367081625, 45.23339274284601, 45.27512035939033, 45.3170916441672, 45.359311735853396, 45.4017857883505, 45.44451897100837]]","[array([6.37688001e-05, 6.00799169e-05, 5.86665222e-05, 5.87302924e-05,
       5.97887605e-05, 6.15493183e-05, 6.38340132e-05, 6.65346793e-05,
       6.95858825e-05, 7.29486492e-05, 7.66006401e-05, 8.05301962e-05,
       8.47327127e-05, 8.92084165e-05, 9.39609943e-05, 9.89967364e-05,
       1.04323998e-04, 1.09952857e-04, 1.15894894e-04, 1.22163049e-04,
       1.28771535e-04, 1.35735784e-04, 1.43072412e-04, 1.50799210e-04,
       1.58935143e-04, 1.67500360e-04, 1.76516214e-04, 1.86005286e-04,
       1.95991419e-04, 2.06499754e-04, 2.17556769e-04, 2.29190331e-04,
       2.41429736e-04, 2.54305770e-04, 2.67850759e-04, 2.82098632e-04,
       2.97084979e-04, 3.12847112e-04, 3.29424139e-04, 3.46857022e-04,
       3.65188652e-04, 3.84463916e-04, 4.04729770e-04, 4.26035312e-04,
       4.48431849e-04, 4.71972979e-04, 4.96714654e-04, 5.22715254e-04,
       5.50035657e-04, 5.78739308e-04, 6.08892278e-04, 6.40563329e-04,
       6.73823969e-04, 7.08748503e-04, 7.45414076e-04, 7.83900711e-04,
       8.24291335e-04, 8.66671796e-04, 9.11130870e-04, 9.57760251e-04,
       1.00665453e-03, 1.05791114e-03, 1.11163032e-03, 1.16791501e-03,
       1.22687075e-03, 1.28860555e-03, 1.35322972e-03, 1.42085567e-03,
       1.49159769e-03, 1.56557167e-03, 1.64289478e-03, 1.72368511e-03,
       1.80806126e-03, 1.89614189e-03, 1.98804517e-03, 2.08388823e-03,
       2.18378648e-03, 2.28785293e-03, 2.39619739e-03, 2.50892558e-03,
       2.62613828e-03, 2.74793022e-03, 2.87438906e-03, 3.00559422e-03,
       3.14161556e-03, 3.28251216e-03, 3.42833085e-03, 3.57910476e-03,
       3.73485181e-03, 3.89557311e-03, 4.06125132e-03, 4.23184900e-03,
       4.40730694e-03, 4.58754243e-03, 4.77244764e-03, 4.96188792e-03,
       5.15570031e-03, 5.35369197e-03, 5.55563884e-03, 5.76128443e-03,
       5.97033873e-03, 6.18247739e-03, 6.39734110e-03, 6.61453529e-03,
       6.83363010e-03, 7.05416071e-03, 7.27562806e-03, 7.49749993e-03,
       7.71921249e-03, 7.94017224e-03, 8.15975844e-03, 8.37732600e-03,
       8.59220879e-03, 8.80372340e-03, 9.01117337e-03, 9.21385375e-03,
       9.41105602e-03, 9.60207337e-03, 9.78620617e-03, 9.96276759e-03,
       1.01310894e-02, 1.02905279e-02, 1.04404692e-02, 1.05803365e-02,
       1.07096235e-02, 1.08279537e-02, 1.09350646e-02, 1.10307701e-02,
       1.11149369e-02, 1.11874700e-02, 1.12483070e-02, 1.12974146e-02,
       1.13347895e-02, 1.13604596e-02, 1.13744861e-02, 1.13769656e-02,
       1.13680323e-02, 1.13478587e-02, 1.13166567e-02, 1.12746773e-02,
       1.12222100e-02, 1.11595812e-02, 1.10871523e-02, 1.10053170e-02,
       1.09144985e-02, 1.08151459e-02, 1.07077310e-02, 1.05927438e-02,
       1.04706895e-02, 1.03420837e-02, 1.02074492e-02, 1.00673119e-02,
       9.92219734e-03, 9.77262720e-03, 9.61911621e-03, 9.46216924e-03,
       9.30227866e-03, 9.13992209e-03, 8.97556033e-03, 8.80963569e-03,
       8.64257055e-03, 8.47476628e-03, 8.30660233e-03, 8.13843570e-03,
       7.97060056e-03, 7.80340811e-03, 7.63714666e-03, 7.47208188e-03,
       7.30845719e-03, 7.14649429e-03, 6.98639382e-03, 6.82833612e-03,
       6.67248203e-03, 6.51897376e-03, 6.36793587e-03, 6.21947617e-03,
       6.07368674e-03, 5.93064488e-03, 5.79041411e-03, 5.65304514e-03,
       5.51857677e-03, 5.38703690e-03, 5.25844332e-03, 5.13280467e-03,
       5.01012118e-03, 4.89038550e-03, 4.77358340e-03, 4.65969454e-03,
       4.54869304e-03, 4.44054818e-03, 4.33522490e-03, 4.23268439e-03,
       4.13288458e-03, 4.03578056e-03, 3.94132505e-03, 3.84946876e-03,
       3.76016074e-03, 3.67334872e-03, 3.58897942e-03, 3.50699877e-03,
       3.42735218e-03, 3.34998478e-03, 3.27484156e-03, 3.20186758e-03,
       3.13100815e-03, 3.06220889e-03, 2.99541592e-03, 2.93057595e-03,
       2.86763635e-03, 2.80654526e-03, 2.74725164e-03, 2.68970533e-03,
       2.63385710e-03, 2.57965869e-03, 2.52706287e-03, 2.47602341e-03,
       2.42649513e-03, 2.37843395e-03, 2.33179682e-03, 2.28654180e-03,
       2.24262802e-03, 2.20001567e-03, 2.15866603e-03, 2.11854144e-03,
       2.07960529e-03, 2.04182200e-03, 2.00515702e-03, 1.96957682e-03,
       1.93504884e-03, 1.90154150e-03, 1.86902419e-03, 1.83746721e-03,
       1.80684178e-03, 1.77712003e-03, 1.74827492e-03, 1.72028031e-03,
       1.69311085e-03, 1.66674202e-03, 1.64115007e-03, 1.61631201e-03,
       1.59220562e-03, 1.56880937e-03, 1.54610245e-03, 1.52406473e-03,
       1.50267672e-03, 1.48191961e-03, 1.46177518e-03, 1.44222581e-03,
       1.42325450e-03, 1.40484477e-03, 1.38698072e-03, 1.36964698e-03,
       1.35282867e-03, 1.33651144e-03, 1.32068140e-03, 1.30532513e-03,
       1.29042967e-03, 1.27598249e-03, 1.26197149e-03, 1.24838497e-03,
       1.23521163e-03, 1.22244055e-03, 1.21006119e-03, 1.19806336e-03,
       1.18643721e-03, 1.17517325e-03, 1.16426227e-03, 1.15369542e-03,
       1.14346413e-03, 1.13356012e-03, 1.12397541e-03, 1.11470227e-03,
       1.10573325e-03, 1.09706117e-03, 1.08867906e-03, 1.08058023e-03,
       1.07275820e-03, 1.06520672e-03, 1.05791975e-03, 1.05089147e-03,
       1.04411626e-03, 1.03758871e-03, 1.03130356e-03, 1.02525578e-03,
       1.01944050e-03, 1.01385302e-03, 1.00848880e-03, 1.00334348e-03,
       9.98412849e-04, 9.93692846e-04, 9.89179558e-04, 9.84869215e-04,
       9.80758184e-04, 9.76842968e-04, 9.73120197e-04, 9.69586629e-04,
       9.66239142e-04, 9.63074734e-04, 9.60090516e-04, 9.57283711e-04,
       9.54651649e-04, 9.52191765e-04, 9.49901596e-04, 9.47778777e-04,
       9.45821037e-04, 9.44026201e-04, 9.42392182e-04, 9.40916979e-04,
       9.39598680e-04, 9.38435452e-04, 9.37425543e-04, 9.36567280e-04,
       9.35859065e-04, 9.35299372e-04, 9.34886748e-04, 9.34619810e-04,
       9.34497241e-04, 9.34517791e-04, 9.34680274e-04, 9.34983563e-04,
       9.35426596e-04, 9.36008366e-04, 9.36727925e-04, 9.37584380e-04,
       9.38576892e-04, 9.39704675e-04, 9.40966993e-04, 9.42363161e-04,
       9.43892542e-04, 9.45554545e-04, 9.47348627e-04, 9.49274286e-04,
       9.51331067e-04, 9.53518554e-04, 9.55836374e-04, 9.58284193e-04,
       9.60861714e-04, 9.63568679e-04, 9.66404866e-04, 9.69370088e-04,
       9.72464193e-04, 9.75687061e-04, 9.79038605e-04, 9.82518767e-04,
       9.86127521e-04, 9.89864869e-04, 9.93730843e-04, 9.97725499e-04,
       1.00184892e-03, 1.00610122e-03, 1.01048252e-03, 1.01499298e-03,
       1.01963279e-03, 1.02440213e-03, 1.02930123e-03, 1.03433032e-03,
       1.03948967e-03, 1.04477953e-03, 1.05020022e-03, 1.05575201e-03,
       1.06143525e-03, 1.06725025e-03, 1.07319737e-03, 1.07927695e-03,
       1.08548936e-03])]","[[0, 6.376880005047202e-05, 0.00012384871691641303, 0.0001825152391396538, 0.00024124553152827036, 0.00030103429198522614, 0.0003625836102519366, 0.00042641762344569856, 0.0004929523027311489, 0.0005625381852740276, 0.0006354868344551872, 0.0007120874745198607, 0.0007926176707235052, 0.0008773503833979487, 0.0009665587999208794, 0.0010605197942188441, 0.0011595165306424807, 0.0012638405289329769, 0.0013737933863600268, 0.001489688280126126, 0.001611851328753171, 0.0017406228639935083, 0.0018763586480100359, 0.0020194310600549796, 0.002170230270186904, 0.0023291654132217873, 0.0024966657732241574, 0.0026731819868672357, 0.0028591872725964263, 0.0030551786915148484, 0.0032616784451458243, 0.0034792352146346705, 0.003708425545478233, 0.003949855281480235, 0.004204161051299249, 0.004472011810666267, 0.004754110443087073, 0.005051195421600259, 0.005364042533926061, 0.005693466673106473, 0.006040323695496733, 0.006405512347715763, 0.006789976263892679, 0.007194706034252238, 0.007620741345758256, 0.008069173195175111, 0.00854114617450734, 0.009037860828330383, 0.009560576082025492, 0.010110611739372301, 0.010689351047327275, 0.011298243325118074, 0.011938806654006123, 0.012612630623204803, 0.013321379126481396, 0.014066793202909496, 0.01485069391406726, 0.015674985248687743, 0.016541657044353012, 0.017452787914275764, 0.01841054816552377, 0.01941720269320637, 0.020475113833152397, 0.0215867441534597, 0.022754659162983762, 0.02398152991235378, 0.02527013546045839, 0.0266233651765306, 0.028044220844987335, 0.02953581853704961, 0.031101390209896433, 0.03274428499070415, 0.03446797009941377, 0.03627603136047825, 0.038172173250202585, 0.04016021842264224, 0.042244106653418725, 0.0444278931373017, 0.04671574607206303, 0.049111943458006596, 0.051620869039807143, 0.054247007314952675, 0.056994937531288675, 0.059869326595033405, 0.06287492081030602, 0.06601653637182875, 0.06929904853418724, 0.07272737938402017, 0.07630648414593182, 0.08004133595894676, 0.08393690906812701, 0.08799816038570868, 0.0922300093879422, 0.09663731632786807, 0.10122485876063994, 0.10599730639679089, 0.11095919432006335, 0.1161148946300672, 0.12146858659601951, 0.12702422543600253, 0.13278550986633172, 0.13875584859743909, 0.1449383259857479, 0.15133566708484267, 0.15795020237322877, 0.1647838324694368, 0.1718379931773772, 0.1791136212348329, 0.18661112116486508, 0.1943303336527348, 0.20227050588872272, 0.21043026432898343, 0.21880759033136993, 0.22739979912015532, 0.23620352252203222, 0.24521469589511743, 0.2544285496425545, 0.2638396056625539, 0.27344167903746214, 0.28322788520611425, 0.29319065279700696, 0.30332174222573677, 0.3136122700799719, 0.32405273923052846, 0.33463307568869266, 0.34534269916503274, 0.35617065283096583, 0.36710571738943926, 0.378136487535474, 0.3892514244099585, 0.40043889444460157, 0.41168720140945464, 0.4229846159912524, 0.434319405500473, 0.4456798651076792, 0.4570543511913513, 0.4684313168314198, 0.47979934912799005, 0.49114720780832855, 0.5024638644676183, 0.5137385417418148, 0.524960751713463, 0.5361203328884261, 0.5472074851419383, 0.5582128021078891, 0.5691273005694951, 0.5799424464977506, 0.5906501774726447, 0.6012429213083088, 0.611713610784926, 0.6220556944658271, 0.6322631436466176, 0.6423304555436731, 0.6522526528814939, 0.6620252800820681, 0.6716443962946259, 0.6811065655312525, 0.6904088441931725, 0.6995487662846871, 0.7085243266173582, 0.7173339623068122, 0.7259765328592034, 0.7344512991347024, 0.7427579014620959, 0.7508963371624264, 0.758866937721255, 0.766670345829219, 0.7743074924896745, 0.7817795743708557, 0.789088031558617, 0.7962345258448158, 0.803220919666075, 0.8100492557882804, 0.8167217378139224, 0.8232407115724313, 0.8296086474380656, 0.8358281236057673, 0.8419018103426978, 0.847832455221915, 0.8536228693347986, 0.8592759144703336, 0.8647944912421301, 0.8701815281380325, 0.8754399714622353, 0.8805727761359067, 0.8855828973193048, 0.8904732828161802, 0.8952468662197778, 0.8999065607589125, 0.9044552538022879, 0.9088958019793977, 0.9132310268769089, 0.9174637112703061, 0.9215965958517257, 0.9256323764162674, 0.9295737014705829, 0.9334231702291806, 0.9371833309655987, 0.9408566796873653, 0.9444456591054505, 0.9479526578706977, 0.9513800100514896, 0.9547299948286314, 0.9580048363851125, 0.9612067039700338, 0.9643377121175406, 0.9673999210030916, 0.9703953369208024, 0.9733259128669411, 0.9761935492159114, 0.9790000944762386, 0.9817473461151844, 0.9844370514416448, 0.9870709085379479, 0.9896505672320589, 0.9921776301025271, 0.9946536535092692, 0.9970801486439862, 0.999458582594662, 1.001790379419178, 1.0040769212236278, 1.0063195492414094, 1.0085195649096301, 1.0106782309397682, 1.0127967723799176, 1.0148763776662786, 1.0169181996618717, 1.0189233566807316, 1.0208929334960892, 1.022827982331284, 1.0247295238323493, 1.0265985480214046, 1.0284360152301497, 1.030242857012908, 1.0320199770387977, 1.0337682519627296, 1.0354885322750336, 1.037181643129612, 1.0388483851505972, 1.040489535217568, 1.042105847229438, 1.0436980528471889, 1.0452668622156702, 1.0468129646647248, 1.0483370293899401, 1.0498397061133515, 1.0513216257244564, 1.0527834009019095, 1.0542256267162986, 1.055648881214403, 1.05705372598536, 1.0584407067091608, 1.0598103536879135, 1.0611631823603087, 1.0624996937997269, 1.063820375196428, 1.06512570032426, 1.0664161299923232, 1.0676921124820193, 1.0689540839699185, 1.0702024689368583, 1.0714376805636956, 1.0726601211141162, 1.0738701823049073, 1.0750682456640812, 1.0762546828772388, 1.0774298561225477, 1.0785941183947032, 1.079747813818232, 1.080891277950486, 1.082024838074671, 1.083148813483239, 1.0842635157519662, 1.0853692490050355, 1.0864663101714231, 1.0875549892328866, 1.0886355694638412, 1.089708327663405, 1.090773534379879, 1.091831454127926, 1.0928823455987, 1.0939264618631734, 1.0949640505688938, 1.0959953541304057, 1.0970206099135564, 1.0980400504138976, 1.099053903429394, 1.100062392227636, 1.101065735707752, 1.1020641485572031, 1.1030578414036447, 1.1040470209620257, 1.1050318901770928, 1.1060126483614636, 1.1069894913294218, 1.1079626115265873, 1.108932198155604, 1.1098984372979863, 1.1108615120322574, 1.1118216025485101, 1.1127788862595147, 1.1137335379084936, 1.1146857296736785, 1.1156356312697624, 1.116583410046351, 1.11752923108352, 1.1184732572845746, 1.1194156494661072, 1.1203565664454458, 1.1212961651255808, 1.1222346005776531, 1.1231720261210865, 1.1241085934014425, 1.1250444524660712, 1.12597975183763, 1.12691463858554, 1.127849258395446, 1.1287837556367413, 1.1297182734282207, 1.130652953701918, 1.1315879372651834, 1.1325233638610532, 1.1334593722269652, 1.1343961001518648, 1.135333684531748, 1.13627226142369, 1.137211966098392, 1.1381529330912965, 1.1390952962523015, 1.1400391887941104, 1.1409847433392548, 1.1419320919658194, 1.1428813662518984, 1.1438326973188164, 1.1447862158731346, 1.1457420522474722, 1.146700336440165, 1.147661198153781, 1.1486247668325174, 1.1495911716984943, 1.1505605417869653, 1.1515330059804567, 1.152508693041856, 1.1534877316464571, 1.154470250412977, 1.1554563779335534, 1.156446242802733, 1.1574399736454568, 1.1584376991440515, 1.1594395480642288, 1.1604456492801003, 1.1614561317982086, 1.1624711247805766, 1.1634907575667763, 1.1645151596950163, 1.1655444609222452, 1.1665787912432695, 1.1676182809088824, 1.1686630604429973, 1.1697132606587788, 1.1707690126737693, 1.1718304479239978, 1.172897698177064, 1.1739708955441885, 1.1750501724912181, 1.176135661848572]]"
40.0,40.0,3,120,360,I0-S1,"[[0.01, 0.009218546420913139, 0.008861068736292907, 0.008775057937429897, 0.008868444743917275, 0.009085525876936671, 0.009392537930977165, 0.009769023277673945, 0.01020263793519697, 0.010686027621390108, 0.011214942774745953, 0.011787097568587224, 0.012401476334636726, 0.01305790959902455, 0.013756813063356734, 0.014499025465403943, 0.015285706779573301, 0.01611827352045629, 0.01699835709526529, 0.01792777666771421, 0.018908521316082855, 0.019942738271274407, 0.021032725233172282, 0.022180925500893563, 0.023389925103609065, 0.02466245139679737, 0.026001372762171807, 0.027409699158984453, 0.028890583344628448, 0.030447322628331497, 0.032083361052302646, 0.0338022919154781, 0.03560786056940065, 0.03750396742586435, 0.03949467112308296, 0.04158419180213945, 0.04377691444889254, 0.04607739225871851, 0.04849034998269981, 0.05102068721430962, 0.05367348157540761, 0.05645399175954906, 0.0593676603892856, 0.06242011664235658, 0.06561717859947735, 0.06896485526386104, 0.07246934819969296, 0.07613705273353927, 0.07997455865913655, 0.08398865038220248, 0.08818630643785084, 0.09257469830891403, 0.09716118846899674, 0.10195332756943923, 0.10695885068458645, 0.11218567252488267, 0.11764188152238023, 0.12333573268831806, 0.12927563913754586, 0.1354701621698101, 0.14192799979335108, 0.14865797357197139, 0.15566901367281782, 0.16297014198868043, 0.1705704532057672, 0.17847909368579684, 0.18670523803000436, 0.19525806319243522, 0.20414672001088408, 0.2133803020261971, 0.22296781146460093, 0.23291812226345712, 0.2432399400285879, 0.2539417588213092, 0.26503181468577613, 0.27651803584243856, 0.2884079894915594, 0.30070882519210784, 0.3134272148061319, 0.3265692890271545, 0.34014057054341984, 0.35414590392310397, 0.3685893823490177, 0.383474271374957, 0.39880292992469896, 0.4145767288076625, 0.43079596708230544, 0.4474597866591919, 0.4645660855999983, 0.4821114306360742, 0.5000909694999592, 0.5184983437347476, 0.5373256027185183, 0.5565631197131842, 0.5761995108178692, 0.5962215577749624, 0.6166141356408172, 0.6373601463910412, 0.6584404595806775, 0.6798338612204605, 0.7015170120597847, 0.7234644164830842, 0.7456484032269974, 0.768039119109073, 0.7906045369230472, 0.81331047859925, 0.8361206546500934, 0.8589967208187649, 0.8818983527234978, 0.904783339139865, 0.9276076943896973, 0.9503257901083093, 0.9728905064431669, 0.9952534024990575, 1.017364905590008, 1.039174518590061, 1.0606310443976588, 1.081682826246465, 1.1022780023141592, 1.122364772805689, 1.1418916774245795, 1.1608078809012183, 1.1790634640266737, 1.1966097174504113, 1.213399672264119, 1.2293907597719709, 1.2445461894428205, 1.2588336184019147, 1.2722242107666388, 1.2846921431678884, 1.2962143757505065, 1.3067705774734792, 1.3163431368582288, 1.324917215507282, 1.3324808179373833, 1.3390248613605262, 1.3445432353568354, 1.3490328453646923, 1.3524936364589355, 1.3549285955466734, 1.3563437312194548, 1.3567480312666051, 1.3561533984030867, 1.354574565172266, 1.3520289892949375, 1.348536730977816, 1.3441203138832, 1.3388045716057748, 1.332616481607911, 1.3255849886346502, 1.3177408196661708, 1.3091162924708784, 1.2997451197983374, 1.2896622112002176, 1.2789034743916814, 1.2675056179678996, 1.2555059571735552, 1.2429422242903954, 1.2298523850623195, 1.2162744624223774, 1.202246368624581, 1.1878057467186862, 1.1729898221409478, 1.1578352650309764, 1.1423780637266163, 1.1266534097373107, 1.11069559435352, 1.094537916916841, 1.0782126046537028, 1.0617507438656755, 1.0451822221720508, 1.0285356814156879, 1.0118384807711271, 0.9951166695344571, 0.9783949690269194, 0.9616967630081942, 0.9450440959699895, 0.9284576786651657, 0.9119569002212661, 0.8955598461890764, 0.8792833218857458, 0.8631428804071333, 0.8471528547044486, 0.8313263931450652, 0.8156754980057161, 0.8002110663773717, 0.7849429329941836, 0.7698799145333153, 0.7550298549676451, 0.7403996715887119, 0.7259954013523987, 0.7118222472343296, 0.6978846243154567, 0.6841862053505579, 0.6707299656031493, 0.6575182267594579, 0.6445526997614853, 0.6318345264247528, 0.6193643197299865, 0.6071422026997902, 0.5951678457912541, 0.5834405027535201, 0.5719590449155977, 0.56072199388429, 0.5497275526450148, 0.5389736350696834, 0.5284578938457238, 0.51817774684891, 0.508130401989971, 0.4983128805711173, 0.4887220391937298, 0.4793545902625987, 0.47020712113538266, 0.4612761119684566, 0.4525579523121237, 0.44404895650935716, 0.4357453779528869, 0.427643422255624, 0.4197392593891812, 0.41202903484466763, 0.4045088798690523, 0.3971749208292621, 0.39002328775484324, 0.38305012210851225, 0.3762515838322878, 0.3696238577151591, 0.3631631591264372, 0.3568657391570776, 0.35072788920937403, 0.3447459450735278, 0.3389162905277021, 0.33323536049629765, 0.32769964379934, 0.32230568552406247, 0.3170500890480073, 0.3119295177412585, 0.3069406963737682, 0.30208041225214555, 0.29734551610874826, 0.292732922764452, 0.28823961158507383, 0.28386262675009144, 0.2795990773510329, 0.275446137335707, 0.27140104531330544, 0.26746110423432995, 0.26362368095828026, 0.2598862057210815, 0.25624617151332707, 0.2527011333795653, 0.249248707648066, 0.24588657109975498, 0.24261246008431012, 0.23942416959076038, 0.23631955227932105, 0.23329651748063127, 0.23035303016803158, 0.22748710990802853, 0.22469682979363448, 0.2219803153648487, 0.2193357435201502, 0.21676134142250947, 0.21425538540308703, 0.21181619986547573, 0.20944215619305406, 0.20713167166175175, 0.2048832083602828, 0.20269527211967556, 0.20056641145372034, 0.19849521651176394, 0.19648031804510463, 0.19452038638808047, 0.1926141304547948, 0.1907602967522894, 0.18895766841085057, 0.1872050642320225, 0.18550133775479796, 0.18384537634036455, 0.18223610027569842, 0.18067246189622208, 0.17915344472767192, 0.17767806264725938, 0.17624535906415212, 0.17485440611925163, 0.1735043039041973, 0.17219417969948686, 0.17092318723156621, 0.16969050594871013, 0.1684953403154862, 0.16733691912556964, 0.16621449483265527, 0.1651273428991924, 0.1640747611626539, 0.16305606921903537, 0.16207060782326888, 0.1611177383062261, 0.16019684200797757, 0.1593073197269679, 0.1584485911847626, 0.15762009450601797, 0.15682128571332335, 0.15605163823656346, 0.15531064243644882, 0.15459780514186164, 0.15391264920066713, 0.153254713043641, 0.15262355026116717, 0.15201872919236262, 0.15143983252628979, 0.15088645691492109, 0.15035821259752397, 0.14985472303614036, 0.14937562456183842, 0.14892056603141998, 0.14848920849427255, 0.14808122486905956, 0.14769629962994849, 0.14733412850208225, 0.14699441816600417, 0.14667688597075343, 0.14638125965535295, 0.14610727707841756, 0.14585468595561601, 0.1456232436047261, 0.1454127166980273, 0.14522288102178174, 0.1450535212425585, 0.14490443068016276, 0.14477541108693615, 0.14466627243319938, 0.1445768326986143, 0.14450691766924637, 0.1444563607401143, 0.14442500272301798, 0.14441269165944012, 0.14441928263832246, 0.1444446376185206, 0.14448862525574674, 0.14455112073381327, 0.14463200559999437, 0.14473116760432653, 0.14484850054267281, 0.14498390410337927, 0.14513728371735554, 0.14530855041141508, 0.14549762066471358, 0.14570441626812786, 0.1459288641864199, 0.14617089642303438, 0.1464304498873804, 0.1467074662644514, 0.14700189188663948, 0.14731367760760306, 0.1476427786780499, 0.14798915462329879, 0.14835276912248682, 0.1487335898892903, 0.1491315885540306, 0.1495467405470374, 0.1499790249831445, 0.15042842454719513, 0.15089492538043556, 0.15137851696767787, 0.15187919202511452, 0.152396946388669, 0.15293177890276885]]","[[0.01, 0.011673645222856313, 0.01362924433757481, 0.01580189464430657, 0.01815639791793626, 0.02067535233672274, 0.023352050723983837, 0.026186273389902717, 0.029181789626859668, 0.03234488162759014, 0.03568347805188182, 0.039206651332924655, 0.04292433179800519, 0.04684715088639196, 0.050986361148243, 0.05535380186491934, 0.05996189176751075, 0.06482363787223197, 0.06995265394802593, 0.0753631848089918, 0.08107013421509454, 0.08708909510714781, 0.09343638145810265, 0.10012906134858614, 0.107184991063752, 0.11462285011648587, 0.12246217716200253, 0.13072340680058875, 0.1394279072803693, 0.1485980191174051, 0.1582570946502226, 0.16842953854237785, 0.17914084924122473, 0.19041766139443958, 0.20228778921845367, 0.2147802708049594, 0.22792541334316016, 0.24175483922643692, 0.25630153300257585, 0.27159988911658584, 0.28768576038437593, 0.3045965071240841, 0.32237104685958606, 0.34104990449759665, 0.36067526286573254, 0.38129101348387684, 0.4029428074251014, 0.42567810610520945, 0.44954623182160197, 0.47459841784259443, 0.5008878578274774, 0.5284697543354844, 0.5574013661583802, 0.5877420541865895, 0.619553325492651, 0.6528988752883078, 0.687844626382761, 0.7244587657395526, 0.7628117776982886, 0.8029764733950239, 0.84502801588175, 0.8890439404111746, 0.935104169318051, 0.983291020892918, 1.0336892116084941, 1.0863858510234448, 1.14147042865315, 1.1990347920628468, 1.259173115405554, 1.3219818575960391, 1.3875597092833138, 1.4560075277584104, 1.5274282589121853, 1.6019268453404123, 1.679610119681294, 1.760586682264658, 1.844966762153478, 1.9328620606680016, 2.024385576501768, 2.119651411568261, 2.2187745567580452, 2.321870656840142, 2.4290557538092634, 2.5404460080635256, 2.6561573968964654, 2.776305389903648, 2.9010046010387684, 3.0303684172077374, 3.1645086034623255, 3.3035348850480215, 3.4475545067738174, 3.5966717704045945, 3.750987551029039, 3.9105987936266358, 4.075597991344909, 4.246072647300826, 4.422104722035727, 4.603770069078482, 4.791137861403167, 4.984270011901455, 5.183220591321459, 5.388035247448788, 5.598750629616413, 5.815393822921451, 6.03798179679276, 6.2665208727863835, 6.501006216679689, 6.741421360082406, 6.987737756877068, 7.239914379836076, 7.497897362731853, 7.7616196931551205, 8.031000961079918, 8.305947167959362, 8.58635060080151, 8.87208977525951, 9.163029451275719, 9.45902072424852, 9.75990119404791, 10.065495213497886, 10.375614217178729, 10.69005713059018, 11.00861085886904, 11.33105085338449, 11.657142002919247, 11.986642029163848, 12.319304268478348, 12.654877658942464, 12.993106808815655, 13.33373233146237, 13.676491355893084, 14.02111815447684, 14.367344849038911, 14.714902168685873, 15.063520240214753, 15.412929396658484, 15.762860992501933, 16.11304821605284, 16.463226890788647, 16.813136258480778, 17.16251973767845, 17.51112565180896, 17.858707921775103, 18.205026718534278, 18.549849071742816, 18.89294943114959, 19.234110178025034, 19.57312208451222, 19.909784719380003, 20.243906799238715, 20.575306484839686, 20.90381162261456, 21.22925993211373, 21.551499140469414, 21.870387065434286, 22.185791648927633, 22.497590943355203, 22.80567305325535, 23.109936035061565, 23.410287757961115, 23.706645728971864, 23.998936885456637, 24.287097358348824, 24.571072209377583, 24.850815145558876, 25.126288214163562, 25.39746148128943, 25.66431269705427, 25.926826950295847, 26.18499631551538, 26.438819494638008, 26.688301455989695, 26.93345307270875, 27.174290762624345, 27.410836131447017, 27.64311562092943, 27.871160163471796, 28.095004844467333, 28.314688573510185, 28.530253765422998, 28.74174603190455, 28.949213884450423, 29.152708449062022, 29.3522831931321, 29.547993664777664, 29.739897244784846, 29.928052911233685, 30.112521016784676, 30.293363078532156, 30.470641580262267, 30.64441978689471, 30.814761570837163, 30.981731249938818, 31.145393436694, 31.30581289831833, 31.46305442729706, 31.617182721988218, 31.768262276850862, 31.916357281861142, 32.06153153067495, 32.203848337095685, 32.34337045940833, 32.48016003214632, 32.61427850486538, 32.74578658750768, 32.87474420195105, 33.001210439350025, 33.12524352288875, 33.24690077558027, 33.36623859276085, 33.483312418943505, 33.59817672870988, 33.71088501133525, 33.82148975885645, 33.93004245730797, 34.036593580866345, 34.14119258865751, 34.24388792399616, 34.34472701584011, 34.44375628225572, 34.54102113570387, 34.63656598996788, 34.73043426855693, 34.82266841442997, 34.913309900895555, 35.00239924355379, 35.08997601315594, 35.17607884926674, 35.26074547462301, 35.34401271009056, 35.425916490128984, 35.50649187868118, 35.58577308541158, 35.66379348222303, 35.74058561998858, 35.81618124543996, 35.8906113181596, 35.963906027628205, 36.03609481028401, 36.10720636655456, 36.17726867782525, 36.24630902331297, 36.314353996815996, 36.38142952331504, 36.447560875402544, 36.51277268952054, 36.57708898198934, 36.64053316481201, 36.703128061241195, 36.76489592109709, 36.825858435826966, 36.88603675329812, 36.945451492317794, 37.00412275687468, 37.06207015009807, 37.11931278793158, 37.175869312519374, 37.2317579053041, 37.286996299835835, 37.34160179429274, 37.39559126371443, 37.44898117194964, 37.50178758332052, 37.55402617400601, 37.605712243147494, 37.65686072368003, 37.70748619289294, 37.75760288272364, 37.80722468978914, 37.85636518515934, 37.90503762387698, 37.953254954228775, 38.00102982677272, 38.04837460312638, 38.095301364521255, 38.141821920128166, 38.187947815158886, 38.23369033874894, 38.27906053162679, 38.324069193574445, 38.368726890684556, 38.41304396241904, 38.45703052847417, 38.50069649545712, 38.544051563378815, 38.58710523196789, 38.6298668068105, 38.672345405320684, 38.71454996254581, 38.75648923681166, 38.798171815211575, 38.839606118943955, 38.880800408502424, 38.921762788722766, 38.9625012136907, 39.00302349151455, 39.04333728896652, 39.083450135996614, 39.12336943012264, 39.16310244070002, 39.202656313075046, 39.242038072624666, 39.281254628686504, 39.32031277838211, 39.35921921033667, 39.39798050829821, 39.43660315465935, 39.475093533884376, 39.513457935844535, 39.55170255906425, 39.58983351388087, 39.6278568255205, 39.66577843709255, 39.703604212505134, 39.741339939303955, 39.77899133143671, 39.816564031945255, 39.8540636155878, 39.89149559139286, 39.92886540514734, 39.96617844182026, 40.00344002792432, 40.040655433816816, 40.077829875941845, 40.11496851901526, 40.15207647815415, 40.1891588209523, 40.2262205695031, 40.26326670237137, 40.30030215651553, 40.33733182916131, 40.374360579628394, 40.41139323111116, 40.44843457241471, 40.48548935964727, 40.522562317870104, 40.55965814270595, 40.596781501906925, 40.63393703688288, 40.67112936419109, 40.708363076988164, 40.74564274644489, 40.78297292312493, 40.820358138328, 40.857802905398195, 40.89531172099829, 40.93288906635041, 40.97053940844378, 41.00826720121008, 41.046076886666945, 41.08397289602996, 41.12195965079373, 41.16004156378233, 41.19822304016961, 41.23650847846953, 41.274902271497034, 41.31340880729952, 41.35203247005937, 41.39077764096758, 41.429648699068714, 41.46865002207743, 41.50778598716657, 41.54706097172693, 41.586479354098884, 41.62604551427579, 41.66576383457917]]","[array([6.37688001e-05, 6.00799169e-05, 5.86665222e-05, 5.87302978e-05,
       5.97889165e-05, 6.15502944e-05, 6.38373330e-05, 6.65428982e-05,
       6.96026575e-05, 7.29787343e-05, 7.66498308e-05, 8.06052389e-05,
       8.48411902e-05, 8.93586181e-05, 9.41617744e-05, 9.92573659e-05,
       1.04654009e-04, 1.10361883e-04, 1.16392501e-04, 1.22758565e-04,
       1.29473868e-04, 1.36553231e-04, 1.44012458e-04, 1.51868315e-04,
       1.60138513e-04, 1.68841706e-04, 1.77997487e-04, 1.87626397e-04,
       1.97749936e-04, 2.08390574e-04, 2.19571767e-04, 2.31317975e-04,
       2.43654683e-04, 2.56608419e-04, 2.70206777e-04, 2.84478439e-04,
       2.99453197e-04, 3.15161975e-04, 3.31636854e-04, 3.48911088e-04,
       3.67019131e-04, 3.85996652e-04, 4.05880555e-04, 4.26708998e-04,
       4.48521401e-04, 4.71358468e-04, 4.95262186e-04, 5.20275839e-04,
       5.46444008e-04, 5.73812570e-04, 6.02428692e-04, 6.32340822e-04,
       6.63598673e-04, 6.96253200e-04, 7.30356570e-04, 7.65962132e-04,
       8.03124369e-04, 8.41898844e-04, 8.82342147e-04, 9.24511815e-04,
       9.68466253e-04, 1.01426464e-03, 1.06196684e-03, 1.11163323e-03,
       1.16332465e-03, 1.21710216e-03, 1.27302697e-03, 1.33116017e-03,
       1.39156260e-03, 1.45429460e-03, 1.51941578e-03, 1.58698476e-03,
       1.65705890e-03, 1.72969399e-03, 1.80494393e-03, 1.88286042e-03,
       1.96349254e-03, 2.04688640e-03, 2.13308470e-03, 2.22212633e-03,
       2.31404589e-03, 2.40887321e-03, 2.50663286e-03, 2.60734364e-03,
       2.71101803e-03, 2.81766163e-03, 2.92727264e-03, 3.03984123e-03,
       3.15534900e-03, 3.27376839e-03, 3.39506206e-03, 3.51918238e-03,
       3.64607079e-03, 3.77565731e-03, 3.90785997e-03, 4.04258433e-03,
       4.17972302e-03, 4.31915530e-03, 4.46074672e-03, 4.60434879e-03,
       4.74979875e-03, 4.89691936e-03, 5.04551889e-03, 5.19539107e-03,
       5.34631518e-03, 5.49805631e-03, 5.65036564e-03, 5.80298091e-03,
       5.95562692e-03, 6.10801630e-03, 6.25985025e-03, 6.41081952e-03,
       6.56060548e-03, 6.70888129e-03, 6.85531328e-03, 6.99956234e-03,
       7.14128548e-03, 7.28013750e-03, 7.41577270e-03, 7.54784673e-03,
       7.67601844e-03, 7.79995182e-03, 7.91931795e-03, 8.03379727e-03,
       8.14308932e-03, 8.24693012e-03, 8.34508991e-03, 8.43736513e-03,
       8.52357377e-03, 8.60355304e-03, 8.67715836e-03, 8.74426325e-03,
       8.80475951e-03, 8.85855764e-03, 8.90558735e-03, 8.94579797e-03,
       8.97915879e-03, 9.00565932e-03, 9.02530931e-03, 9.03813879e-03,
       9.04419777e-03, 9.04355592e-03, 9.03630208e-03, 9.02254361e-03,
       9.00240566e-03, 8.97603023e-03, 8.94357529e-03, 8.90521363e-03,
       8.86113176e-03, 8.81152869e-03, 8.75661467e-03, 8.69660993e-03,
       8.63174330e-03, 8.56225096e-03, 8.48837506e-03, 8.41036247e-03,
       8.32846345e-03, 8.24293042e-03, 8.15401677e-03, 8.06197571e-03,
       7.96705918e-03, 7.86951682e-03, 7.76959502e-03, 7.66753604e-03,
       7.56357721e-03, 7.45795020e-03, 7.35088034e-03, 7.24258612e-03,
       7.13327860e-03, 7.02316106e-03, 6.91242863e-03, 6.80126798e-03,
       6.68985717e-03, 6.57836544e-03, 6.46695313e-03, 6.35577168e-03,
       6.24496359e-03, 6.13466253e-03, 6.02499340e-03, 5.91607249e-03,
       5.80800764e-03, 5.70089845e-03, 5.59483651e-03, 5.48990563e-03,
       5.38618212e-03, 5.28373506e-03, 5.18262660e-03, 5.08291224e-03,
       4.98464117e-03, 4.88785654e-03, 4.79259579e-03, 4.69889096e-03,
       4.60676898e-03, 4.51625198e-03, 4.42735761e-03, 4.34009926e-03,
       4.25448645e-03, 4.17052498e-03, 4.08821729e-03, 4.00756268e-03,
       3.92855754e-03, 3.85119560e-03, 3.77546815e-03, 3.70136426e-03,
       3.62887096e-03, 3.55797347e-03, 3.48865534e-03, 3.42089864e-03,
       3.35468412e-03, 3.28999137e-03, 3.22679893e-03, 3.16508446e-03,
       3.10482485e-03, 3.04599631e-03, 2.98857453e-03, 2.93253471e-03,
       2.87785172e-03, 2.82450012e-03, 2.77245431e-03, 2.72168853e-03,
       2.67217697e-03, 2.62389381e-03, 2.57681329e-03, 2.53090973e-03,
       2.48615763e-03, 2.44253164e-03, 2.40000665e-03, 2.35855780e-03,
       2.31816051e-03, 2.27879051e-03, 2.24042386e-03, 2.20303697e-03,
       2.16660663e-03, 2.13110998e-03, 2.09652459e-03, 2.06282842e-03,
       2.02999983e-03, 1.99801763e-03, 1.96686103e-03, 1.93650967e-03,
       1.90694364e-03, 1.87814345e-03, 1.85009004e-03, 1.82276478e-03,
       1.79614949e-03, 1.77022638e-03, 1.74497813e-03, 1.72038781e-03,
       1.69643891e-03, 1.67311534e-03, 1.65040140e-03, 1.62828182e-03,
       1.60674169e-03, 1.58576651e-03, 1.56534215e-03, 1.54545485e-03,
       1.52609125e-03, 1.50723830e-03, 1.48888335e-03, 1.47101406e-03,
       1.45361845e-03, 1.43668487e-03, 1.42020198e-03, 1.40415877e-03,
       1.38854455e-03, 1.37334890e-03, 1.35856172e-03, 1.34417319e-03,
       1.33017377e-03, 1.31655421e-03, 1.30330551e-03, 1.29041892e-03,
       1.27788598e-03, 1.26569843e-03, 1.25384831e-03, 1.24232783e-03,
       1.23112948e-03, 1.22024595e-03, 1.20967014e-03, 1.19939518e-03,
       1.18941438e-03, 1.17972129e-03, 1.17030961e-03, 1.16117325e-03,
       1.15230631e-03, 1.14370305e-03, 1.13535792e-03, 1.12726553e-03,
       1.11942066e-03, 1.11181825e-03, 1.10445339e-03, 1.09732133e-03,
       1.09041746e-03, 1.08373731e-03, 1.07727655e-03, 1.07103101e-03,
       1.06499661e-03, 1.05916942e-03, 1.05354564e-03, 1.04812159e-03,
       1.04289369e-03, 1.03785849e-03, 1.03301265e-03, 1.02835293e-03,
       1.02387621e-03, 1.01957946e-03, 1.01545975e-03, 1.01151425e-03,
       1.00774023e-03, 1.00413504e-03, 1.00069614e-03, 9.97421040e-04,
       9.94307375e-04, 9.91352840e-04, 9.88555214e-04, 9.85912357e-04,
       9.83422202e-04, 9.81082757e-04, 9.78892103e-04, 9.76848389e-04,
       9.74949836e-04, 9.73194728e-04, 9.71581415e-04, 9.70108311e-04,
       9.68773891e-04, 9.67576690e-04, 9.66515302e-04, 9.65588376e-04,
       9.64794618e-04, 9.64132789e-04, 9.63601701e-04, 9.63200218e-04,
       9.62927255e-04, 9.62781774e-04, 9.62762786e-04, 9.62869347e-04,
       9.63100560e-04, 9.63455571e-04, 9.63933570e-04, 9.64533787e-04,
       9.65255494e-04, 9.66098003e-04, 9.67060665e-04, 9.68142867e-04,
       9.69344035e-04, 9.70663630e-04, 9.72101147e-04, 9.73656118e-04,
       9.75328104e-04, 9.77116701e-04, 9.79021536e-04, 9.81042267e-04,
       9.83178580e-04, 9.85430191e-04, 9.87796845e-04, 9.90278313e-04,
       9.92874392e-04, 9.95584907e-04, 9.98409706e-04, 1.00134866e-03,
       1.00440167e-03, 1.00756865e-03, 1.01084954e-03, 1.01424431e-03,
       1.01775293e-03])]","[[0, 6.376880005047202e-05, 0.00012384871691641303, 0.0001825152391396538, 0.00024124553698750601, 0.0003010344535009369, 0.00036258474787030317, 0.00042642208083711096, 0.0004929649790042259, 0.0005625676365246761, 0.000635546370834698, 0.0007121962016711022, 0.0007928014406069733, 0.000877642630840712, 0.000967001248958085, 0.0010611630233640366, 0.0011604203892970771, 0.0012650743987474209, 0.0013754362818898874, 0.001491828782890328, 0.0016145873480262784, 0.001744061216516193, 0.0018806144474007894, 0.0020246269051348727, 0.002176495219743973, 0.0023366337329789235, 0.0025054754389566432, 0.002683472925755957, 0.0028710993230062574, 0.003068849259456459, 0.003277239833712209, 0.003496811600698697, 0.0037281295758915364, 0.003971784258924034, 0.004228392677801839, 0.004498599454618703, 0.004783077893357603, 0.005082531090070611, 0.005397693065451328, 0.005729329919539643, 0.006078241008025153, 0.006445260139338575, 0.006831256791436379, 0.007237137346889355, 0.007663846344578059, 0.00811236774597444, 0.008583726213646977, 0.009078988399264165, 0.00959926423798612, 0.010145708245724472, 0.01071952081531498, 0.01132194950718365, 0.01195429032959438, 0.01261788900304287, 0.013314142202806875, 0.014044498773075982, 0.01481046090546444, 0.015613585274058046, 0.016455484118460855, 0.01733782626558997, 0.018262338080218158, 0.019230804333485802, 0.020245068977798267, 0.021307035815694486, 0.022418669049421483, 0.02358199369708177, 0.02479909586034145, 0.026072122827802902, 0.027403282997264158, 0.02879484559921668, 0.030249140203083454, 0.031768555986881906, 0.03335554075022332, 0.03501259964984684, 0.036742293636247224, 0.03854723756940831, 0.040430097991218675, 0.0423935905318414, 0.044440476927159384, 0.04657356162444433, 0.04879568795362663, 0.05110973384200099, 0.05351860705091547, 0.05602523991398879, 0.05863258355770823, 0.061343601586908714, 0.06416126321964839, 0.06708853585840378, 0.07012837708733319, 0.07328372608862202, 0.07655749447464566, 0.07995255653687913, 0.08347173891715637, 0.08711780971203768, 0.09089346702667635, 0.09480132700067177, 0.0988439113349327, 0.10302363435551792, 0.10734278965772699, 0.11180353638132452, 0.11640788517562788, 0.12115768392118709, 0.12605460328284193, 0.13110012217694486, 0.13629551324336914, 0.14164182842044498, 0.1471398847280414, 0.15279025037048416, 0.15859323127671612, 0.16454885819990162, 0.1706568745023937, 0.17691672475446268, 0.18332754427627931, 0.18988814975221577, 0.19659703104445467, 0.20345234432907672, 0.21045190667215752, 0.21759319215589765, 0.2248733296554222, 0.23228910235564162, 0.2398369490845235, 0.24751296752438873, 0.25531291934655514, 0.26323223729698925, 0.271266034562471, 0.2794091238803086, 0.28765605400092287, 0.29600114391014426, 0.30443850904023434, 0.3129620828128438, 0.3215656358478593, 0.33024279420787966, 0.3389870574592387, 0.34779181696567785, 0.35665037460460713, 0.3655559619557912, 0.3745017599258468, 0.3834809187191728, 0.3924865780345381, 0.4015118873489379, 0.41055002614179226, 0.4195942239101912, 0.4286377798278447, 0.43767408190550694, 0.44669662551812694, 0.455699031173293, 0.46467506140628156, 0.4736186366988689, 0.4825238503317428, 0.4913849820936122, 0.5001965107837277, 0.5089531254582774, 0.5176497353848154, 0.5262814786823168, 0.5348437296374703, 0.5433321047002527, 0.5517424671735492, 0.5600709306224663, 0.5683138610389413, 0.5764678778062008, 0.5845298535155137, 0.5924969126944921, 0.6003664295118928, 0.6081360245284831, 0.6158035605670716, 0.6233671377773053, 0.6308250879723614, 0.638175968315258, 0.6454185544322636, 0.6525518330298625, 0.6595749940900248, 0.6664874227162081, 0.6732886906996787, 0.6799785478724647, 0.686556913309613, 0.6930238664395126, 0.69937963811693, 0.7056246017091473, 0.7117592642412708, 0.7177842576424397, 0.7237003301303588, 0.7295083377673585, 0.7352092362170801, 0.7408040727269362, 0.7462939783577132, 0.7516801604781165, 0.7569638955386887, 0.7621465221363993, 0.7672294343782993, 0.7722140755499627, 0.7771019320920082, 0.781894527885788, 0.7865934188473601, 0.7912001878271024, 0.7957164398107839, 0.800143797416561, 0.8044838966812138, 0.8087383831279509, 0.8129089081073028, 0.8169971254019521, 0.8210046880858293, 0.8249332456273974, 0.828784441226772, 0.8325599093761321, 0.8362612736327963, 0.8398901445943212, 0.8434481180650466, 0.8469367734036322, 0.8503576720413064, 0.8537123561607722, 0.857002347525968, 0.8602291464531762, 0.8633942309142825, 0.8664990557633246, 0.8695450520778143, 0.8725336266066751, 0.8754661613170032, 0.8783440130322218, 0.8811685131545693, 0.8839409674652219, 0.8866626559957094, 0.8893348329646391, 0.89195872677408, 0.8945355400602973, 0.8970664497938509, 0.8995526074243798, 0.9019951390657013, 0.9043951457171339, 0.906753703517237, 0.9090718640264164, 0.9113506545350981, 0.9135910783944124, 0.9157941153665515, 0.9179607219921806, 0.9200918319724819, 0.922188356563602, 0.9242511849814496, 0.926281184814962, 0.9282792024461102, 0.9302460634750671, 0.932182573149095, 0.9340895167938404, 0.9359676602458428, 0.937817750285177, 0.9396405150672525, 0.941436664552888, 0.9432068909358712, 0.9449518690672964, 0.9466722568760481, 0.9483686957848704, 0.9500418111215294, 0.9516922125246324, 0.9533204943437262, 0.9549272360333481, 0.9565130025407464, 0.9580783446870371, 0.9596237995415929, 0.9611498907895081, 0.962657129092005, 0.9641460124396852, 0.9656170264985523, 0.9670706449487562, 0.9685073298160367, 0.9699275317958576, 0.9713316905702447, 0.9727202351173575, 0.9740935840138347, 0.9754521457299729, 0.9767963189178029, 0.9781264926921448, 0.9794430469047241, 0.9807463524114467, 0.9820367713329332, 0.983314657308418, 0.9845803557431274, 0.9858342040492505, 0.9870765318806256, 0.9883076613612616, 0.9895279073078204, 0.9907375774461873, 0.9919369726222564, 0.9931263870070589, 0.9943061082963637, 0.9954764179048793, 0.9966375911551845, 0.9977898974615165, 0.9989336005085433, 1.0000689584252456, 1.0011962239540337, 1.0023156446152224, 1.0034274628669841, 1.004531916260902, 1.00562923759324, 1.0067196550520443, 1.0078033923601923, 1.0088806689145011, 1.0099516999210003, 1.0110166965264835, 1.0120758659464375, 1.013129411589454, 1.0141775331782257, 1.0152204268672225, 1.0162582853571434, 1.0172912980062394, 1.0183196509385966, 1.0193435271494684, 1.020363106607744, 1.0213785663556356, 1.0223900806056678, 1.0233978208350467, 1.0244019558774886, 1.02540265201258, 1.026400073052745, 1.0273943804278878, 1.028385733267783, 1.0293742884822756, 1.0303602008393578, 1.0313436230411865, 1.0323247057980995, 1.0333035979006897, 1.0342804462899968, 1.0352553961258668, 1.036228590853537, 1.0372001722684958, 1.0381702805796678, 1.0391390544709702, 1.0401066311612919, 1.0410731464629333, 1.0420387348385565, 1.0430035294566835, 1.0439676622457839, 1.0449312639469905, 1.0458944641654815, 1.0468573914205634, 1.047820173194489, 1.0487829359800462, 1.0497458053269462, 1.0507089058870434, 1.051672361458417, 1.0526362950283397, 1.0536008288151641, 1.0545660843091482, 1.0555321823122479, 1.0564992429768996, 1.0574673858438122, 1.058436729878794, 1.0594073935086303, 1.0603794946560348, 1.0613531507736889, 1.0623284788773906, 1.0633055955783242, 1.064284617114469, 1.0652656593811611, 1.0662488379608193, 1.0672342681518499, 1.0682220649967409, 1.0692123433093559, 1.0702052177014367, 1.071200802608325, 1.0721992123139104, 1.0732005609748108, 1.074204962643795, 1.0752125312924474, 1.0762233808330843, 1.0772376251399245, 1.0782553780695163]]"
40.0,40.0,3,120,360,I1-S1,"[[0.01, 0.009218546420913139, 0.008861068736292907, 0.008775057937429897, 0.008868444749432552, 0.009085526184662423, 0.009392541019508722, 0.009769038675553999, 0.010202690347963716, 0.010686168000938941, 0.011215261845583501, 0.011787741353552903, 0.012402663324066384, 0.013059949325353558, 0.013760125952755942, 0.014504163929869883, 0.015293377585217097, 0.016129361522264046, 0.01701395046835632, 0.01794919379335752, 0.01893733950042964, 0.01998082448843404, 0.021082269093894154, 0.022244474655228955, 0.023470423291617946, 0.024763279366401856, 0.026126392278148357, 0.027563300332140495, 0.02907773551558952, 0.030673629046129847, 0.03235511759408901, 0.03412655010010245, 0.035992495124213465, 0.03795774867273681, 0.04002734245616975, 0.042206552536128886, 0.04450090832220652, 0.046916201881120764, 0.04945849752080979, 0.05213414161134286, 0.05494977260279266, 0.05791233119759928, 0.061029070631498275, 0.0643075670128062, 0.06775572966476558, 0.07138181140974625, 0.07519441872737209, 0.07920252171107474, 0.08341546373915051, 0.08784297076708861, 0.09249516013772441, 0.09738254879462814, 0.1025160607720412, 0.10790703382160495, 0.11356722502207317, 0.11950881520315632, 0.12574441199861616, 0.13228705132673144, 0.13915019707832005, 0.14634773877368493, 0.15389398693022038, 0.1618036658620769, 0.17009190361236615, 0.17877421869706145, 0.1878665033182226, 0.1973850026827031, 0.20734629004138935, 0.21776723704364417, 0.2286649789824103, 0.2400568744878763, 0.25196045921229604, 0.26439339303614456, 0.2773734003170345, 0.29091820269854696, 0.30504544399728145, 0.3197726066940208, 0.3351169195700605, 0.351095256053665, 0.3677240228755653, 0.3850190386777497, 0.4029954022779063, 0.42166735036417047, 0.4410481044827091, 0.4611497072854953, 0.48198284812865555, 0.5035566782541192, 0.5258786159498748, 0.5489541422675596, 0.5727865880806366, 0.5973769134918667, 0.6227234808444055, 0.6488218228553126, 0.6756644076714012, 0.7032404029422764, 0.7315354413102304, 0.7605313900265482, 0.7902061277128268, 0.8205333315871672, 0.8514822787605304, 0.8830176654691078, 0.9150994483342799, 0.9476827119218931, 0.9807175669958839, 1.014149083916176, 1.0479172656057736, 1.081957064396093, 1.116198446842746, 1.1505665102776588, 1.1849816544209941, 1.2193598108138488, 1.253612732149265, 1.2876483427774188, 1.3213711507477528, 1.354682720737385, 1.3874822061170444, 1.4196669372431974, 1.4511330618624532, 1.4817762323001358, 1.5114923329107333, 1.5401782401277713, 1.5677326063998287, 1.5940566583732778, 1.6190549989149268, 1.642636401990398, 1.6647149112061244, 1.685213780545089, 1.7040674836881478, 1.7212198985365685, 1.7366230153257343, 1.750236300277064, 1.7620264697010548, 1.7719675033870228, 1.7800407780198777, 1.786235238730079, 1.7905475538036166, 1.7929822169866434, 1.7935515758164107, 1.792275774503076, 1.789182607154056, 1.784307282344049, 1.777692103738416, 1.769386074065728, 1.7594444314846938, 1.7479281284997479, 1.7349032641911935, 1.7204404807447369, 1.7046143351703273, 1.687502656752928, 1.6691859002281648, 1.6497465039660768, 1.6292682616136116, 1.6078357147244922, 1.5855335729240903, 1.5624461671447547, 1.538656940448802, 1.5142479799544895, 1.4892995924143058, 1.4638899250813318, 1.438094632651706, 1.411986590299727, 1.3856356521341708, 1.3591084538045097, 1.3324682574757565, 1.305774836970128, 1.2790844005401183, 1.252449548486677, 1.2259192626624138, 1.1995389247965187, 1.1733503605380824, 1.147391906130057, 1.1216984946893174, 1.096301759171446, 1.0712301492344334, 1.046509059376389, 1.0221609659020021, 0.9982055704649632, 0.9746599481334827, 0.9515386981288376, 0.9288540955885453, 0.9066162429030071, 0.884833219364586, 0.8635112280489666, 0.8426547390187137, 0.8222666280970615, 0.8023483106054412, 0.7828998695907251, 0.7639201781875965, 0.7454070158680287, 0.7273571784239894, 0.7097665816117168, 0.6926303584569247, 0.6759429502808264, 0.6596981915577301, 0.6438893887569775, 0.6285093933560115, 0.613550669238179, 0.599005354709315, 0.5848653193819555, 0.5711222161859232, 0.557767528769682, 0.5447926145588857, 0.5321887437375117, 0.5199471344133982, 0.5080589842243333, 0.49651549863350253, 0.48530791615444663, 0.47442753073601884, 0.46386571152745654, 0.4536139202328141, 0.4436637262528553, 0.4340068198012408, 0.4246350231706142, 0.4155403003130986, 0.40671476488887026, 0.39815068692594174, 0.3898404982241245, 0.3817767966263981, 0.37395234927161286, 0.3663600949336221, 0.3589931455435832, 0.35184478698429483, 0.3449084792380393, 0.33817785596247574, 0.3316467235626621, 0.3253090598212615, 0.3191590121433958, 0.3131908954674225, 0.3073991898881151, 0.30177853803430044, 0.2963237422389276, 0.2910297615357907, 0.2858917085136854, 0.28090484605561966, 0.2760645839878125, 0.2713664756605713, 0.2668062144807322, 0.2623796304131486, 0.2580826864667204, 0.25391147517863716, 0.24986221510886425, 0.2459312473554079, 0.24211503209954485, 0.2384101451889831, 0.23481327476581826, 0.23132121794516017, 0.22793087754941077, 0.22463925890237474, 0.22144346668666556, 0.21834070186722768, 0.21532825868322114, 0.2124035217100042, 0.20956396299249422, 0.2068071392507841, 0.20413068915853447, 0.2015323306943474, 0.19900985856604997, 0.19656114170757522, 0.19418412084791495, 0.19187680615143707, 0.1896372749287011, 0.18746366941677012, 0.18535419462790217, 0.18330711626540727, 0.18132075870537462, 0.1793935030429095, 0.17752378520146453, 0.17571009410381, 0.1739509699031544, 0.17224500227290604, 0.17059082875355056, 0.16898713315511282, 0.16743264401367033, 0.16592613310038984, 0.164466413981568, 0.16305234062816998, 0.1616828060733775, 0.1603567411166769, 0.15907311307304103, 0.1578309245657835, 0.15662921236168967, 0.15546704624705815, 0.15434352794331488, 0.15325779006089238, 0.1522089950900986, 0.15119633442772973, 0.15021902743821514, 0.14927632054811338, 0.1483674863728106, 0.14749182287430546, 0.14664865254899545, 0.14583732164441227, 0.14505719940388417, 0.14430767733813502, 0.14358816852285894, 0.14289810692134058, 0.14223694673121945, 0.1416041617545254, 0.14099924479014075, 0.14042170704787174, 0.13987107758333814, 0.139346902752917, 0.13884874568799999, 0.1383761857878503, 0.13792881823036737, 0.13750625350009174, 0.137108116932804, 0.13673404827609456, 0.13638370126530067, 0.13605674321422884, 0.13575285462009917, 0.13547172878216793, 0.13521307143350292, 0.1349766003854036, 0.13476204518397505, 0.13456914677838142, 0.1343976572003205, 0.13424733925427584, 0.13411796621811783, 0.13400932155363943, 0.1339211986266252, 0.13385340043606628, 0.13380573935214546, 0.13377803686262926, 0.1337701233273153, 0.13378183774019412, 0.13381302749899546, 0.13386354818179916, 0.1339332633304008, 0.1340220442401307, 0.1341297697558353, 0.13425632607373705, 0.13440160654889843, 0.13456551150802212, 0.13474794806732854, 0.13494882995525762, 0.13516807733974934, 0.13540561665986403, 0.1356613804615095, 0.13593530723704772, 0.1362273412685604, 0.13653743247455727, 0.13686553625991627, 0.13721161336885027, 0.13757562974069895, 0.13795755636834947, 0.13835736915909347, 0.13877504879773214, 0.1392105806117452, 0.1396639544383428, 0.14013516449322339, 0.14062420924086366, 0.14113109126617002, 0.14165581714732406, 0.14219839732965747, 0.14275884600039457, 0.14333718096410353, 0.14393342351869973, 0.14454759833184733, 0.14517973331760758, 0.14582985951318458, 0.14649801095562173, 0.14718422455830418, 0.14788853998712462, 0.14861099953617232, 0.14935164800280695, 0.1501105325619812]]","[[0.01, 0.011673645222856313, 0.01362924433757481, 0.01580189464430657, 0.018156397923657648, 0.020675352667844676, 0.023352054169075903, 0.02618629118881916, 0.02918185238270064, 0.032345055634200315, 0.035683887245204875, 0.03920750497899865, 0.042925958026593374, 0.04685003622102774, 0.050991196246362315, 0.05536153375282616, 0.059973782927544766, 0.06484133261055833, 0.0699782525397733, 0.07539932598290858, 0.08112008660289198, 0.08715685834390467, 0.09352679768022963, 0.10024793789557122, 0.10733923524983247, 0.11482061699902711, 0.12271303129511682, 0.13103849902571496, 0.13982016767038596, 0.14908236725751464, 0.15885066850740442, 0.1691519432456734, 0.1800144271674403, 0.1914677850279199, 0.20354317832922006, 0.21627333556648115, 0.22969262508903723, 0.24383713062393964, 0.25874472949986066, 0.2744551735989536, 0.2910101730525283, 0.3084534826832406, 0.3268309911817101, 0.3461908129888815, 0.3665833828368298, 0.3880615528798741, 0.41068069232457866, 0.43449878944126674, 0.45957655581080564, 0.48597753262839644, 0.5137681988506697, 0.5430180809332799, 0.5737998638631538, 0.6061895031423057, 0.6402663373284255, 0.6761132006810188, 0.7138165354004687, 0.7534665028807832, 0.7951570933247534, 0.8389862329926179, 0.8850558882719438, 0.9334721656672135, 0.9843454067125076, 1.0377902767097438, 1.093925846088289, 1.1528756630696648, 1.21476781620384, 1.2797349852217996, 1.347914478523324, 1.4194482554901018, 1.4944829316834989, 1.5731697648548297, 1.655664619565424, 1.742127908086027, 1.8327245051223018, 1.9276236337979986, 2.0269987202225788, 2.131027213879075, 2.2398903709943845, 2.353772998002147, 2.4728631521823243, 2.597351796566458, 2.7274324062385524, 2.8633005232441433, 3.005153257450145, 3.1531887308814674, 3.3076054633031133, 3.468601697124456, 3.636374660081241, 3.811119764605852, 3.9930297433319986, 4.182293720799943, 4.379096222135099, 4.583616120267324, 4.796025524139678, 5.016488611320951, 5.245160409480503, 5.482185532298895, 5.727696876562402, 5.981814288409468, 6.244643207944956, 6.5162733026925865, 6.79677710159283, 7.086208642445105, 7.384602146808895, 7.691970737385433, 8.008305213765205, 8.333572903111046, 8.667716602816547, 9.010653632400414, 9.362275011837484, 9.722444783158299, 10.09099949144857, 10.467747840331496, 10.852470535611497, 11.244920328998472, 11.644822271728017, 12.05187418546714, 12.465747355179143, 12.886087445659383, 13.312515640298821, 13.744629997347968, 14.182007015609967, 14.624203398164756, 15.07075833863051, 15.52119925058604, 15.975046537466435, 16.43181443133699, 16.89101193248892, 17.352144162540984, 17.81471402167749, 18.278224060940634, 18.742178495493533, 19.206085296583193, 19.669458309477083, 20.131819352571107, 20.592700259629286, 21.05164483303834, 21.508210681265904, 21.96197091854861, 22.412515709301186, 22.859453643886994, 23.30241293625228, 23.741042437511606, 24.175012462877525, 24.604015432345463, 25.027766328263006, 25.446002975320912, 25.85848615059268, 26.26499953301662, 26.665349503159856, 27.059364805233923, 27.446896084158087, 27.827815311005335, 28.20201511043767, 28.569408003765876, 28.929925581080074, 29.283517615519802, 29.630151132214024, 29.969809443751586, 30.302491163268733, 30.62820920538921, 30.946989784348858, 31.258871417702952, 31.56390394307125, 31.86214755444009, 32.15367186362809, 32.438554991644395, 32.71688269383562, 32.98874752193772, 33.254248025426726, 33.51348799390188, 33.76657574163688, 34.01362343490126, 34.25474646218259, 34.49006284702921, 34.71969270288097, 34.9437577289568, 35.16238074602115, 35.375685270650706, 35.58379512646494, 35.78683409066504, 35.98492557414023, 36.178192333345976, 36.366756212129665, 36.55073791167363, 36.73025678673871, 36.90543066642104, 37.07637569767752, 37.24320620992907, 37.4060345991127, 37.56497122962161, 37.72012435264587, 37.87160003950177, 38.01950212861613, 38.16393218490992, 38.30498947040358, 38.44277092494357, 38.577371156024455, 38.70888243675394, 38.837394711078396, 38.96299560545382, 39.085770446211065, 39.2058022819253, 39.32317191015692, 39.4379579079854, 39.55023666580825, 39.66008242392478, 39.767567311468504, 39.87276138729326, 39.97573268245619, 40.07654724397609, 40.175269179577995, 40.27196070316517, 40.36668218078682, 40.459492176895516, 40.55044750071111, 40.63960325252925, 40.72701286983178, 40.81272817307387, 40.89679941103869, 40.97927530566481, 41.06020309626465, 41.13962858306425, 41.21759617000496, 41.294148906757655, 41.36932852990846, 41.443175503282774, 41.51572905738137, 41.587027227908415, 41.65710689337685, 41.72600381178147, 41.7937526563343, 41.86038705026075, 41.92593960065834, 41.990441931422865, 42.05392471524922, 42.116417704716525, 42.17794976246909, 42.23854889050625, 42.29824225859574, 42.35705623182626, 42.41501639731595, 42.47214759009431, 42.528473918175635, 42.58401878684274, 42.63880492215985, 42.69285439373398, 42.74618863674435, 42.79882847325918, 42.850794132859484, 42.902105272589345, 42.95278099625183, 43.00283987306988, 43.052299955730966, 43.101178797834166, 43.149493470758145, 43.197260579967924, 43.24449628077826, 43.291216293590935, 43.33743591862292, 43.38317005014201, 43.42843319022607, 43.47323946206175, 43.51760262279795, 43.5615360759691, 43.60505288350265, 43.64816577732513, 43.69088717058031, 43.73322916847292, 43.77520357875077, 43.81682192183795, 43.858095440631054, 43.8990351099704, 43.93965164579745, 43.97995551400964, 44.01995693902313, 44.05966591205388, 44.09909219912696, 44.13824534882376, 44.177134699776474, 44.21576938791867, 44.25415835350084, 44.29231034787913, 44.33023394008546, 44.36793752318681, 44.405429320441144, 44.442717391257304, 44.47980963696588, 44.51671380640773, 44.55343750134678, 44.58998818171328, 44.62637317068361, 44.66259965960244, 44.69867471275296, 44.73460527198039, 44.77039816117422, 44.80606009061399, 44.841597661183584, 44.877017368458645, 44.91232560667155, 44.94752867255834, 44.98263276909167, 45.01764400910386, 45.05256841880379, 45.087411941191405, 45.12218043937342, 45.15687969978352, 45.19151543531039, 45.2260932883369, 45.26061883369314, 45.29509758152658, 45.32953498009194, 45.36393641846348, 45.39830722917238, 45.432652690771654, 45.46697803033092, 45.50128842586337, 45.53558900868715, 45.569884865723125, 45.60418104173124, 45.63848254148718, 45.67279433190132, 45.70712134408167, 45.74146847534251, 45.77584059116032, 45.81024252707852, 45.84467909056254, 45.87915506280653, 45.9136752004931, 45.94824423750738, 45.98286688660646, 46.01754784104551, 46.05229177616159, 46.08710335091609, 46.12198720939694, 46.1569479822813, 46.191990288259724, 46.22711873542252, 46.2623379226091, 46.297652440720924, 46.33306687399886, 46.36858580126534, 46.40421379713205, 46.439955433173516, 46.47581527906714, 46.51179790370008, 46.547907876243244, 46.584149767192926, 46.62052814938014, 46.65704759894807, 46.693712696297716, 46.73052802700201, 46.76749818268839, 46.804627761890046, 46.84192137086578, 46.87938362438853, 46.91701914650256, 46.95483257124915, 46.99282854336075, 47.031011718923516, 47.069386766007874, 47.10795836526709, 47.146731210503475, 47.185710009202054, 47.224899483031244]]","[array([6.37688001e-05, 6.00799169e-05, 5.86665222e-05, 5.87302979e-05,
       5.97889171e-05, 6.15503030e-05, 6.38373861e-05, 6.65431045e-05,
       6.96032623e-05, 7.29802017e-05, 7.66529409e-05, 8.06111968e-05,
       8.48517453e-05, 8.93761922e-05, 9.41895982e-05, 9.92996239e-05,
       1.04715993e-04, 1.10450155e-04, 1.16515068e-04, 1.22925063e-04,
       1.29695760e-04, 1.36844019e-04, 1.44387913e-04, 1.52346720e-04,
       1.60740927e-04, 1.69592244e-04, 1.78923628e-04, 1.88759311e-04,
       1.99124833e-04, 2.10047083e-04, 2.21554344e-04, 2.33676335e-04,
       2.46444268e-04, 2.59890897e-04, 2.74050576e-04, 2.88959318e-04,
       3.04654857e-04, 3.21176707e-04, 3.38566234e-04, 3.56866713e-04,
       3.76123404e-04, 3.96383612e-04, 4.17696764e-04, 4.40114473e-04,
       4.63690605e-04, 4.88481354e-04, 5.14545302e-04, 5.41943489e-04,
       5.70739475e-04, 6.00999399e-04, 6.32792037e-04, 6.66188856e-04,
       7.01264058e-04, 7.38094623e-04, 7.76760342e-04, 8.17343842e-04,
       8.59930601e-04, 9.04608953e-04, 9.51470077e-04, 1.00060798e-03,
       1.05211944e-03, 1.10610398e-03, 1.16266376e-03, 1.22190350e-03,
       1.28393033e-03, 1.34885366e-03, 1.41678499e-03, 1.48783770e-03,
       1.56212679e-03, 1.63976861e-03, 1.72088050e-03, 1.80558045e-03,
       1.89398665e-03, 1.98621703e-03, 2.08238873e-03, 2.18261749e-03,
       2.28701707e-03, 2.39569845e-03, 2.50876912e-03, 2.62633222e-03,
       2.74848562e-03, 2.87532092e-03, 3.00692245e-03, 3.14336606e-03,
       3.28471801e-03, 3.43103363e-03, 3.58235604e-03, 3.73871473e-03,
       3.90012413e-03, 4.06658211e-03, 4.23806845e-03, 4.41454329e-03,
       4.59594553e-03, 4.78219131e-03, 4.97317243e-03, 5.16875482e-03,
       5.36877712e-03, 5.57304928e-03, 5.78135130e-03, 5.99343212e-03,
       6.20900860e-03, 6.42776477e-03, 6.64935127e-03, 6.87338500e-03,
       7.09944914e-03, 7.32709335e-03, 7.55583444e-03, 7.78515729e-03,
       8.01451619e-03, 8.24333657e-03, 8.47101716e-03, 8.69693248e-03,
       8.92043582e-03, 9.14086259e-03, 9.35753408e-03, 9.56976151e-03,
       9.77685048e-03, 9.97810569e-03, 1.01728359e-02, 1.03603592e-02,
       1.05400079e-02, 1.07111345e-02, 1.08731164e-02, 1.10253619e-02,
       1.11673258e-02, 1.12985346e-02, 1.14185839e-02, 1.15271269e-02,
       1.16238687e-02, 1.17085634e-02, 1.17810131e-02, 1.18410691e-02,
       1.18886322e-02, 1.19236545e-02, 1.19461397e-02, 1.19561441e-02,
       1.19537760e-02, 1.19391952e-02, 1.19126120e-02, 1.18742849e-02,
       1.18245186e-02, 1.17636606e-02, 1.16920988e-02, 1.16102569e-02,
       1.15185910e-02, 1.14175855e-02, 1.13077487e-02, 1.11896086e-02,
       1.10637085e-02, 1.09306029e-02, 1.07908532e-02, 1.06450239e-02,
       1.04936788e-02, 1.03373773e-02, 1.01766715e-02, 1.00121030e-02,
       9.84420005e-03, 9.67347556e-03, 9.50042478e-03, 9.32552358e-03,
       9.14922702e-03, 8.97196819e-03, 8.79415724e-03, 8.61618083e-03,
       8.43840165e-03, 8.26115831e-03, 8.08476535e-03, 7.90951341e-03,
       7.73566968e-03, 7.56347831e-03, 7.39316114e-03, 7.22491838e-03,
       7.05892943e-03, 6.89535379e-03, 6.73433196e-03, 6.57598645e-03,
       6.42042276e-03, 6.26773038e-03, 6.11798383e-03, 5.97124362e-03,
       5.82755729e-03, 5.68696032e-03, 5.54947715e-03, 5.41512198e-03,
       5.28389975e-03, 5.15580692e-03, 5.03083226e-03, 4.90895763e-03,
       4.79015868e-03, 4.67440552e-03, 4.56166334e-03, 4.45189303e-03,
       4.34505168e-03, 4.24109310e-03, 4.13996832e-03, 4.04162597e-03,
       3.94601272e-03, 3.85307362e-03, 3.76275242e-03, 3.67499191e-03,
       3.58973416e-03, 3.50692078e-03, 3.42649314e-03, 3.34839257e-03,
       3.27256053e-03, 3.19893879e-03, 3.12746954e-03, 3.05809555e-03,
       2.99076025e-03, 2.92540783e-03, 2.86198333e-03, 2.80043269e-03,
       2.74070283e-03, 2.68274170e-03, 2.62649831e-03, 2.57192274e-03,
       2.51896621e-03, 2.46758108e-03, 2.41772085e-03, 2.36934017e-03,
       2.32239487e-03, 2.27684192e-03, 2.23263946e-03, 2.18974677e-03,
       2.14812427e-03, 2.10773350e-03, 2.06853712e-03, 2.03049886e-03,
       1.99358354e-03, 1.95775704e-03, 1.92298627e-03, 1.88923914e-03,
       1.85648457e-03, 1.82469243e-03, 1.79383356e-03, 1.76387969e-03,
       1.73480347e-03, 1.70657842e-03, 1.67917891e-03, 1.65258015e-03,
       1.62675814e-03, 1.60168967e-03, 1.57735229e-03, 1.55372428e-03,
       1.53078465e-03, 1.50851309e-03, 1.48688997e-03, 1.46589631e-03,
       1.44551376e-03, 1.42572459e-03, 1.40651165e-03, 1.38785837e-03,
       1.36974875e-03, 1.35216730e-03, 1.33509907e-03, 1.31852960e-03,
       1.30244494e-03, 1.28683157e-03, 1.27167647e-03, 1.25696703e-03,
       1.24269107e-03, 1.22883684e-03, 1.21539297e-03, 1.20234848e-03,
       1.18969275e-03, 1.17741555e-03, 1.16550696e-03, 1.15395743e-03,
       1.14275770e-03, 1.13189885e-03, 1.12137227e-03, 1.11116960e-03,
       1.10128282e-03, 1.09170413e-03, 1.08242605e-03, 1.07344130e-03,
       1.06474289e-03, 1.05632404e-03, 1.04817823e-03, 1.04029914e-03,
       1.03268069e-03, 1.02531697e-03, 1.01820232e-03, 1.01133124e-03,
       1.00469844e-03, 9.98298809e-04, 9.92127402e-04, 9.86179460e-04,
       9.80450384e-04, 9.74935736e-04, 9.69631237e-04, 9.64532754e-04,
       9.59636305e-04, 9.54938046e-04, 9.50434271e-04, 9.46121407e-04,
       9.41996010e-04, 9.38054761e-04, 9.34294461e-04, 9.30712027e-04,
       9.27304492e-04, 9.24068998e-04, 9.21002794e-04, 9.18103232e-04,
       9.15367765e-04, 9.12793944e-04, 9.10379414e-04, 9.08121911e-04,
       9.06019263e-04, 9.04069382e-04, 9.02270264e-04, 9.00619990e-04,
       8.99116716e-04, 8.97758678e-04, 8.96544186e-04, 8.95471624e-04,
       8.94539443e-04, 8.93746169e-04, 8.93090389e-04, 8.92570758e-04,
       8.92185996e-04, 8.91934881e-04, 8.91816252e-04, 8.91829009e-04,
       8.91972105e-04, 8.92244552e-04, 8.92645411e-04, 8.93173801e-04,
       8.93828888e-04, 8.94609888e-04, 8.95516068e-04, 8.96546740e-04,
       8.97701261e-04, 8.98979035e-04, 9.00379509e-04, 9.01902170e-04,
       9.03546550e-04, 9.05312218e-04, 9.07198783e-04, 9.09205894e-04,
       9.11333234e-04, 9.13580524e-04, 9.15947519e-04, 9.18434011e-04,
       9.21039821e-04, 9.23764805e-04, 9.26608850e-04, 9.29571873e-04,
       9.32653822e-04, 9.35854671e-04, 9.39174424e-04, 9.42613112e-04,
       9.46170792e-04, 9.49847546e-04, 9.53643481e-04, 9.57558726e-04,
       9.61593436e-04, 9.65747786e-04, 9.70021972e-04, 9.74416211e-04,
       9.78930740e-04, 9.83565814e-04, 9.88321706e-04, 9.93198707e-04,
       9.98197124e-04])]","[[0, 6.376880005047202e-05, 0.00012384871691641303, 0.0001825152391396538, 0.00024124553699285967, 0.00030103445410863, 0.00036258475713161505, 0.0004264221432016924, 0.0004929652476555044, 0.0005625685099548408, 0.0006355487116784771, 0.0007122016526089802, 0.0007928128494162852, 0.0008776645946928359, 0.0009670407868469188, 0.0010612303850118514, 0.0011605300088916278, 0.001265246002293358, 0.0013756961576991424, 0.001492211225702625, 0.0016151362883756453, 0.0017448320481940427, 0.0018816760671775455, 0.002026063980268631, 0.0021784107002133647, 0.002339151626821436, 0.0025087438705706107, 0.002687667498534403, 0.002876426809215493, 0.003075551641854151, 0.003285598725021181, 0.00350715306871613, 0.003740829403720178, 0.003987273671563199, 0.00424716456813118, 0.004521215143645516, 0.004810174461476125, 0.005114829317995298, 0.005436006025429895, 0.005774572259418464, 0.006131438972720408, 0.006507562376250425, 0.006903945988317193, 0.007321642752625334, 0.007761757225248424, 0.008225447830392934, 0.008713929184343031, 0.009228474486498498, 0.00977041797588715, 0.010341157450943066, 0.010942156849686895, 0.01157494888671823, 0.012241137742626303, 0.01294240180053768, 0.013680496423541619, 0.014457256765658764, 0.015274600607840324, 0.016134531209196147, 0.01703914016224502, 0.017990610239452802, 0.01899121821666814, 0.020043337657276273, 0.021149441638964712, 0.02231210540292681, 0.023534008903118606, 0.02481793923083017, 0.02616679288733638, 0.027583577874757285, 0.029071415572491266, 0.03063354236369417, 0.032273310973278, 0.03399419147581, 0.035799771928529595, 0.03769375858149298, 0.039679975613636884, 0.04176236434036305, 0.04394498183513034, 0.04623199890455609, 0.04862769735373555, 0.05113646647595836, 0.05376279869881603, 0.056511284316942516, 0.059386605240411505, 0.062393527687237604, 0.06553689374861012, 0.06882161175655449, 0.0722526453857984, 0.07583500142485446, 0.07957371615585987, 0.08347384028867497, 0.08754042240227518, 0.09177849085570473, 0.0961930341419143, 0.10078897967078052, 0.1055711709825831, 0.1105443434102443, 0.11571309822773193, 0.12108187534316184, 0.12665492461823052, 0.13243627592052892, 0.13842970804183583, 0.1446387166433947, 0.15106648141810256, 0.15771583268906317, 0.16458921769358764, 0.17168866683089204, 0.17901576017980425, 0.18657159461904918, 0.19435675190637822, 0.20237126809315775, 0.21061460466722667, 0.21908562182807503, 0.22778255430391758, 0.23670299011932777, 0.24584385271414186, 0.2552013867988385, 0.2647711483081967, 0.2745479987835588, 0.28452610447450444, 0.29469894040341876, 0.3050592995817923, 0.31559930750583637, 0.32631044199207926, 0.3371835583421914, 0.34820892019284144, 0.3593762459750899, 0.37067478061761816, 0.38209336448832293, 0.39362049135488825, 0.4052443600588035, 0.4169529234279597, 0.4287339365598344, 0.44057500564866664, 0.4524636378663149, 0.46438729235515513, 0.4763334320931031, 0.48828957620293195, 0.5002433521697472, 0.5121825473795287, 0.5240951593819368, 0.5359694443003319, 0.5477939628525006, 0.559557623500457, 0.5712497223119966, 0.5828599791866582, 0.5943785701714477, 0.6057961556647451, 0.6171039043783892, 0.628293512996481, 0.6393572215337804, 0.6502878244557466, 0.6610786776755696, 0.6717237015904934, 0.6822173803600151, 0.6925547576620485, 0.7027314291899062, 0.7127435321731368, 0.7225877322191809, 0.7322612077808394, 0.7417616325571911, 0.7510871561333652, 0.7602363831580441, 0.7692083513473532, 0.7780025085904629, 0.786618689416393, 0.7950570910637249, 0.8033182493757318, 0.8114030147233215, 0.8193125281375987, 0.8270481978131862, 0.8346116761230498, 0.8420048372657258, 0.849229755646817, 0.8562886850785685, 0.8631840388644311, 0.8699183708198508, 0.8764943572661686, 0.8829147800215056, 0.8891825104008472, 0.8953004942272133, 0.9012717378467628, 0.9070992951328853, 0.9127862554577021, 0.9183357326038684, 0.9237508545850452, 0.9290347543398162, 0.9341905612610684, 0.9392213935208579, 0.9441303511494428, 0.9489205098264253, 0.9535949153417089, 0.9581565786841768, 0.9626084717165756, 0.9669535233959691, 0.9711946165002634, 0.975334584822643, 0.9793762107972539, 0.9833222235210812, 0.9871752971386636, 0.990938049558033, 0.9946130414680395, 0.9982027756289953, 1.0017096964103294, 1.0051361895506747, 1.0084845821174915, 1.0117571426449599, 1.0149560814304475, 1.018083550971359, 1.0211416465256025, 1.0241324067802704, 1.0270578146144147, 1.0299197979429997, 1.0327202306302576, 1.0354609334617226, 1.0381436751652182, 1.0407701734719847, 1.0433420962099933, 1.0458610624222773, 1.0483286435038492, 1.050746364351437, 1.0531157045208943, 1.055438099387709, 1.057714941306551, 1.0599475807662762, 1.06213732753724, 1.0642854518081637, 1.0663931853101578, 1.0684617224258361, 1.070492221281743, 1.0724858048225847, 1.074443561866002, 1.0763665481368259, 1.078255787279966, 1.0801122718512453, 1.0819369642856564, 1.083730797842653, 1.0854946775282095, 1.0872294809935013, 1.0889360594101416, 1.09061523832201, 1.0922678184737749, 1.0938945766162784, 1.0954962662890124, 1.097073618579961, 1.0986273428631295, 1.1001581275141128, 1.1016666406040905, 1.1031535305726579, 1.1046194268799256, 1.106064940638337, 1.1074906652246623, 1.1088971768726459, 1.1102850352467808, 1.1116547839976978, 1.1130069512996528, 1.114342050370601, 1.11566057997534, 1.1169630249122087, 1.1182498564838144, 1.1195215329522668, 1.1207784999793817, 1.1220211910523157, 1.1232500278950834, 1.1244654208664007, 1.1256677693442882, 1.126857462097862, 1.1280348776467244, 1.1292003846083642, 1.13035434203396, 1.1314970997329719, 1.1326289985869014, 1.1337503708525798, 1.134861540455343, 1.1359628232724381, 1.137054527406995, 1.1381369534528905, 1.1392103947508174, 1.1402751376358664, 1.141331461676914, 1.142379639908106, 1.1434199390527124, 1.14445261973962, 1.1454779367127264, 1.1464961390334818, 1.1475074702768246, 1.1485121687207434, 1.1495104675296897, 1.1505025949320653, 1.1514887743919895, 1.1524692247755521, 1.1534441605117505, 1.1544137917482966, 1.1553783245024805, 1.1563379608072626, 1.1572928988527698, 1.1582433331233555, 1.159189454530382, 1.1601314505408795, 1.1610695053022266, 1.1620037997629953, 1.1629345117900947, 1.1638618162823469, 1.164785885280619, 1.1657068880746364, 1.1666249913065896, 1.167540359071652, 1.1684531530155151, 1.1693635324290446, 1.1702716543401601, 1.1711776736030337, 1.1720817429847006, 1.1729840132491711, 1.173884633239131, 1.174783749955312, 1.1756815086336108, 1.1765780528200351, 1.1774735244435497, 1.17836806388689, 1.179261810055416, 1.1801549004440652, 1.1810474712024723, 1.181939657198313, 1.1828315920789274, 1.1837234083312824, 1.1846152373403205, 1.1855072094457493, 1.1863994539973182, 1.1872920994086276, 1.1881852732095175, 1.1890791020970728, 1.1899737119852904, 1.1908692280534443, 1.1917657747931827, 1.1926634760543973, 1.1935624550898927, 1.194462834598889, 1.195364736769389, 1.1962682833194351, 1.197173595537286, 1.1980807943205343, 1.1989900002141922, 1.1999013334477657, 1.2008149139713384, 1.2017308614906856, 1.202649295501434, 1.2035703353222884, 1.204494100127335, 1.205420708977443, 1.2063502808507696, 1.2072829346723886, 1.2082187893430454, 1.2091579637670542, 1.2101005768793436, 1.2110467476716562, 1.2119965952179137, 1.2129502386987454, 1.213907797425191, 1.2148693908615777, 1.2158351386475732, 1.2168051606194181, 1.2177795768303359, 1.2187585075701195, 1.2197420733838957, 1.2207303950900605, 1.221723593797384, 1.2227217909212804]]"
